DateTime of fitting: 2020-02-09T16:08:54.678
DATA_STATS
nr_subjects: 1
all_subject_ids: [6]
nr_puzzles: 1
nr_episodes: 59
nr_actions: 178
max_state_id: 7
max_action_id: 2
SUBJECT_SIGNALS
subject_id: 6
algorithm_name: Forward Learner
param_string: eta=0.0855, gamma=0.9415,
                temp=0.0293,
                initTsas=nothing, initR=nothing
param_vector: [0.08546388259530438, 0.941491812661044, 0.029287616377323862]
LL: -82.247
RPE
Float64[]
SPE
[0.857, 0.857, 0.857, 0.857, 0.784, 0.784, 0.784, 0.717, 0.784, 0.656, 0.717, 0.717, 0.6, 0.857, 0.857, 0.656, 0.857, 0.656, 0.9, 0.717, 0.548, 0.6, 0.909, 0.857, 0.656, 0.501, 0.857, 0.857, 0.857, 0.6, 0.459, 0.909, 0.784, 0.665, 0.419, 0.784, 0.784, 0.784, 0.548, 0.384, 0.916, 0.587, 0.857, 0.784, 0.881, 0.784, 0.717, 0.717, 0.924, 0.717, 0.583, 0.351, 0.858, 0.656, 0.573, 0.321, 0.741, 0.891, 0.784, 0.678, 0.717, 0.845, 0.656, 0.717, 0.685, 0.6, 0.803, 0.548, 0.62, 0.627, 0.501, 0.891, 0.642, 0.293, 0.565, 0.268, 0.845, 0.656, 0.587, 0.245, 0.93, 0.685, 0.573, 0.459, 0.83, 0.537, 0.224, 0.613, 0.826, 0.419, 0.658, 0.524, 0.384, 0.78, 0.784, 0.351, 0.517, 0.205, 0.851, 0.472, 0.188, 0.432, 0.172, 0.814, 0.321, 0.447, 0.157, 0.863, 0.409, 0.144, 0.374, 0.131, 0.805, 0.293, 0.604, 0.6, 0.756, 0.268, 0.598, 0.574, 0.12, 0.736, 0.245, 0.552, 0.479, 0.224, 0.449, 0.11, 0.815, 0.411, 0.1, 0.376, 0.092, 0.75, 0.205, 0.4, 0.084, 0.841, 0.548, 0.525, 0.077, 0.745, 0.366, 0.07, 0.586, 0.916, 0.334, 0.064, 0.536, 0.838, 0.306, 0.059, 0.585, 0.742, 0.188, 0.28, 0.054, 0.839, 0.256, 0.049, 0.575, 0.678, 0.172, 0.234, 0.045, 0.832, 0.157, 0.281, 0.041, 0.781, 0.144, 0.321, 0.038, 0.824, 0.438, 0.131, 0.293, 0.0]
action_selection_prob
[0.5, 0.5, 0.5, 0.493, 0.677, 0.466, 0.492, 0.79, 0.496, 0.861, 0.439, 0.518, 0.901, 0.475, 0.497, 0.544, 0.075, 0.419, 0.556, 0.564, 0.933, 0.392, 0.539, 0.5, 0.586, 0.946, 0.638, 0.534, 0.368, 0.62, 0.956, 0.403, 0.491, 0.533, 0.964, 0.613, 0.532, 0.352, 0.664, 0.97, 0.681, 0.426, 0.418, 0.669, 0.592, 0.365, 0.524, 0.241, 0.67, 0.779, 0.644, 0.971, 0.663, 0.167, 0.657, 0.973, 0.567, 0.525, 0.024, 0.544, 0.439, 0.604, 0.835, 0.32, 0.605, 0.875, 0.704, 0.903, 0.528, 0.626, 0.92, 0.308, 0.578, 0.973, 0.707, 0.975, 0.501, 0.374, 0.607, 0.976, 0.489, 0.268, 0.637, 0.923, 0.25, 0.625, 0.976, 0.48, 0.645, 0.931, 0.24, 0.659, 0.94, 0.229, 0.366, 0.946, 0.776, 0.973, 0.539, 0.787, 0.973, 0.795, 0.975, 0.806, 0.945, 0.807, 0.975, 0.473, 0.814, 0.975, 0.819, 0.976, 0.827, 0.944, 0.533, 0.319, 0.631, 0.949, 0.483, 0.631, 0.975, 0.821, 0.951, 0.522, 0.701, 0.954, 0.819, 0.974, 0.51, 0.824, 0.974, 0.827, 0.975, 0.833, 0.954, 0.832, 0.975, 0.495, 0.291, 0.644, 0.975, 0.514, 0.835, 0.975, 0.511, 0.285, 0.839, 0.976, 0.498, 0.28, 0.843, 0.976, 0.515, 0.659, 0.952, 0.846, 0.976, 0.507, 0.848, 0.976, 0.507, 0.659, 0.953, 0.851, 0.976, 0.851, 0.955, 0.849, 0.976, 0.849, 0.956, 0.848, 0.976, 0.5, 0.733, 0.957, 0.847, 0.0]
results_dict
Dict{String,Any}("QSA_record" => [0.0, 0.0, 0.0, 0.7416711843770685, 0.7686508600447468, 0.7550597628763455, 0.7603597450637194, 0.8017173309273813, 0.7693473064378512, 0.8261783603947673, 0.7744643342389239, 0.7859031908836498, 0.849563114921954, 0.7911742398972852, 0.792883576141845, 0.8005904306243423, 0.7959424837295743, 0.7875074230649046, 0.8039315692501505, 0.8010761556301547, 0.8701228388039894, 0.7884256121649883, 0.8071013868096872, 0.8027698774841627, 0.8120149194066746, 0.887801646013643, 0.8144961831892459, 0.814832985181491, 0.8154229327037592, 0.8252726006593885, 0.9012331466341498, 0.801298513508242, 0.8137313794131795, 0.8238437710680894, 0.9121571088147565, 0.818816007684085, 0.8206665465688285, 0.8219586608797061, 0.8402347198094926, 0.9217245618775144, 0.8429354239933509, 0.8095297103307812, 0.8271997858667055, 0.842055734359609, 0.8222455556574519, 0.8272936516540521, 0.8283360591772816, 0.8260490426505042, 0.8440250177080243, 0.8591112730360019, 0.8424549133141495, 0.9326845474519314, 0.8479348356034379, 0.8298201908712607, 0.8499964442810649, 0.9402339825644632, 0.8307551451945117, 0.8387841401246532, 0.8381812740072916, 0.8306221635975779, 0.8380351748955017, 0.8553200028436647, 0.8804598096292312, 0.835607781387054, 0.8474341499691757, 0.8929363068124951, 0.8613357660998359, 0.9039728747163142, 0.8354070924236481, 0.8575435690977034, 0.9148511231951594, 0.8441387827759198, 0.8672783322111054, 0.9513690926492058, 0.8718282689032825, 0.9564361840239878, 0.844348685219858, 0.8537737080678227, 0.8772183057634431, 0.9610409722586285, 0.8455282433536931, 0.8528496185823455, 0.8717158539169733, 0.928468086829061, 0.850858379600381, 0.884190206614307, 0.9656304607050756, 0.8498035851133642, 0.8892157177675909, 0.9368574412137183, 0.8542407714070634, 0.8806187541965638, 0.9432995809537983, 0.8548284086284232, 0.8766344784813835, 0.9491192922662574, 0.8924881570567782, 0.9706091168761333, 0.861851291604981, 0.8976155026131027, 0.9735848310568257, 0.899572961904535, 0.9760750365066917, 0.9027962492642732, 0.9557172262337328, 0.9039403703495694, 0.9785732882303438, 0.8632403072575735, 0.908015832827965, 0.9807055094283033, 0.9096298842623485, 0.9824979653235444, 0.9121185305002206, 0.9611541766880904, 0.8694642460548352, 0.8767193531853591, 0.9066525099333373, 0.9648123052825728, 0.8667343301329294, 0.9078789960627264, 0.9844140442376496, 0.9147118924176856, 0.9683963311603253, 0.8708385804427223, 0.9032835530111194, 0.9713626004902659, 0.9163702644584358, 0.9861010789728959, 0.8720983704009052, 0.9190924646967384, 0.987406787494368, 0.9200863633214769, 0.9885420002482233, 0.9216935086910674, 0.9745060434654101, 0.9219600947446815, 0.9896358026198698, 0.8738756953321871, 0.8832166229978285, 0.9163804152084268, 0.9905925004611168, 0.8750575887676892, 0.9247418990044132, 0.9914473994775302, 0.8752251546620247, 0.8830792310395661, 0.926012026061902, 0.9921966895108472, 0.8740451799846785, 0.8824368091218776, 0.927188785116418, 0.9928925555913689, 0.874813526872934, 0.9197166179959579, 0.9773396742747231, 0.9282911616544857, 0.9935459288419699, 0.8751660885207884, 0.929766282715152, 0.9941326274438356, 0.8756045082591337, 0.9212045330862748, 0.9795400240416445, 0.9307052174151351, 0.9946677491626807, 0.9315368780930495, 0.9814389262624857, 0.9312239994243535, 0.9951612533561969, 0.9320932974873318, 0.9831526740126374, 0.9318245164415776, 0.9956069217523403, 0.8775004250545957, 0.9156097292075627, 0.9847365108588292, 0.932996579774283, 0.0],"final_Tsas" => Dict{Int64,Any}(1 => [0.14285714285714285 0.14285714285714285; 0.06990509858554333 0.05846696840779524; 0.004792197403893336 0.06990509858554333; 0.1194823300053793 0.9656217134819787; 0.03128359152725849 0.1194823300053793; 0.8799195892351045 0.09993219028460057; 0.03128359152725849 0.044721170337269696]

[0.14285714285714285 0.14285714285714285; 0.06990509858554333 0.05846696840779524; 0.004792197403893336 0.3638414082790607; 0.1194823300053793 0.005729714419670235; 0.03128359152725849 0.1194823300053793; 0.020013401794149264 0.09993219028460057; 0.24676637716094293 0.5098422535818165]

[0.14285714285714285 0.14285714285714285; 0.2335287885478881 0.05846696840779524; 0.004792197403893336 0.06990509858554333; 0.1194823300053793 0.005729714419670235; 0.06053811023837025 0.1194823300053793; 0.020013401794149264 0.40040685829239664; 0.19458613374527098 0.26655189473183527]

[0.14285714285714285 0.14285714285714285; 0.06990509858554333 0.10846901589095927; 0.7318594953550189 0.06990509858554333; 0.1194823300053793 0.005729714419670235; 0.43472657392773695 0.1194823300053793; 0.020013401794149264 0.09993219028460057; 0.03128359152725849 0.044721170337269696]

[0.14285714285714285 0.14285714285714285; 0.4169457185243954 0.05846696840779524; 0.004792197403893336 0.2866330987932228; 0.1194823300053793 0.005729714419670235; 0.03128359152725849 0.1194823300053793; 0.020013401794149264 0.09993219028460057; 0.4335131229847523 0.044721170337269696]

[0.14285714285714285 0.14285714285714285; 0.06990509858554333 0.5991961420700647; 0.2388214359757936 0.06990509858554333; 0.1194823300053793 0.005729714419670235; 0.379600949724859 0.2831060199677241; 0.020013401794149264 0.09993219028460057; 0.03128359152725849 0.044721170337269696]

[0.14285714285714285 0.14285714285714285; 0.06990509858554333 0.05846696840779524; 0.010150279053614299 0.06990509858554333; 0.2831060199677241 0.005729714419670235; 0.03128359152725849 0.1194823300053793; 0.020013401794149264 0.09993219028460057; 0.03128359152725849 0.044721170337269696]),"final_Reward" => Dict{Int64,Any}(1 => [1.0, 0.0, 0.0, 0.0, 0.0, 0.0, 0.0]),"final_Qsa" => [0.0 0.0; 0.8863946900744412 0.9174866756854815; 0.9337046577900638 0.8832861483009637; 0.8887365539120287 0.9960229920994351; 0.9246805962785634 0.9054083536000673; 0.9861192155785348 0.8943609340167488; 0.8771528318207091 0.8788138687677528])
POPULATION_SIGNALS
subject_id: 6
algorithm_name: Forward Learner
param_string: eta=0.1692, gamma=0.9856,
                temp=0.0118,
                initTsas=nothing, initR=nothing
param_vector: [0.16921432907904174, 0.9855564353951695, 0.011831814925089175]
LL: -84.402
RPE
Float64[]
SPE
[0.857, 0.857, 0.857, 0.857, 0.712, 0.712, 0.712, 0.592, 0.712, 0.491, 0.592, 0.592, 0.408, 0.857, 0.857, 0.491, 0.857, 0.491, 0.932, 0.592, 0.339, 0.408, 0.943, 0.857, 0.491, 0.282, 0.857, 0.857, 0.857, 0.408, 0.234, 0.943, 0.712, 0.592, 0.195, 0.712, 0.712, 0.712, 0.339, 0.162, 0.953, 0.451, 0.857, 0.712, 0.901, 0.712, 0.592, 0.592, 0.961, 0.592, 0.504, 0.134, 0.832, 0.491, 0.517, 0.112, 0.661, 0.918, 0.712, 0.549, 0.592, 0.82, 0.491, 0.592, 0.578, 0.408, 0.744, 0.339, 0.456, 0.48, 0.282, 0.918, 0.578, 0.093, 0.526, 0.077, 0.82, 0.491, 0.48, 0.064, 0.968, 0.578, 0.399, 0.234, 0.803, 0.399, 0.053, 0.568, 0.817, 0.195, 0.568, 0.331, 0.162, 0.723, 0.712, 0.134, 0.437, 0.044, 0.856, 0.363, 0.037, 0.302, 0.03, 0.818, 0.112, 0.377, 0.025, 0.837, 0.314, 0.021, 0.261, 0.017, 0.816, 0.093, 0.484, 0.408, 0.679, 0.077, 0.562, 0.538, 0.015, 0.678, 0.064, 0.402, 0.275, 0.053, 0.459, 0.012, 0.801, 0.381, 0.01, 0.317, 0.008, 0.75, 0.044, 0.388, 0.007, 0.848, 0.339, 0.447, 0.006, 0.665, 0.322, 0.005, 0.54, 0.953, 0.268, 0.004, 0.449, 0.792, 0.222, 0.003, 0.557, 0.699, 0.037, 0.185, 0.003, 0.825, 0.154, 0.002, 0.554, 0.581, 0.03, 0.128, 0.002, 0.897, 0.025, 0.257, 0.002, 0.788, 0.021, 0.347, 0.001, 0.831, 0.229, 0.017, 0.288, 0.0]
action_selection_prob
[0.5, 0.5, 0.5, 0.478, 0.759, 0.448, 0.515, 0.846, 0.513, 0.896, 0.435, 0.583, 0.909, 0.426, 0.494, 0.623, 0.085, 0.438, 0.642, 0.632, 0.926, 0.405, 0.611, 0.5, 0.681, 0.933, 0.637, 0.54, 0.36, 0.706, 0.937, 0.425, 0.49, 0.578, 0.941, 0.586, 0.526, 0.354, 0.744, 0.946, 0.76, 0.467, 0.365, 0.676, 0.54, 0.324, 0.532, 0.237, 0.71, 0.785, 0.686, 0.944, 0.704, 0.175, 0.691, 0.94, 0.534, 0.551, 0.059, 0.518, 0.398, 0.625, 0.82, 0.297, 0.651, 0.85, 0.721, 0.873, 0.512, 0.669, 0.884, 0.297, 0.592, 0.936, 0.71, 0.936, 0.507, 0.339, 0.611, 0.937, 0.503, 0.276, 0.665, 0.882, 0.264, 0.623, 0.934, 0.498, 0.635, 0.887, 0.263, 0.683, 0.893, 0.258, 0.376, 0.897, 0.742, 0.927, 0.516, 0.749, 0.927, 0.755, 0.927, 0.762, 0.892, 0.761, 0.927, 0.488, 0.764, 0.926, 0.768, 0.926, 0.771, 0.891, 0.513, 0.304, 0.599, 0.893, 0.497, 0.6, 0.925, 0.764, 0.895, 0.504, 0.706, 0.896, 0.761, 0.924, 0.501, 0.762, 0.924, 0.764, 0.924, 0.766, 0.896, 0.765, 0.924, 0.499, 0.289, 0.603, 0.923, 0.505, 0.764, 0.923, 0.506, 0.284, 0.765, 0.924, 0.499, 0.281, 0.766, 0.924, 0.506, 0.608, 0.895, 0.767, 0.924, 0.504, 0.767, 0.923, 0.506, 0.608, 0.895, 0.767, 0.923, 0.766, 0.896, 0.765, 0.923, 0.765, 0.897, 0.764, 0.923, 0.504, 0.725, 0.897, 0.762, 0.0]
results_dict
Dict{String,Any}("QSA_record" => [0.0, 0.0, 0.0, 0.9129410231546395, 0.9333301682765615, 0.9287935644379737, 0.9341395158686632, 0.9550227872596957, 0.9370716826175396, 0.9658192030516627, 0.9414793319520137, 0.9506333102813198, 0.97519154187243, 0.9493525868865021, 0.9510391383589969, 0.9590267286670813, 0.953514889714534, 0.9513663141049138, 0.9614736649536215, 0.9587205193726792, 0.9819263972329132, 0.9505554405706856, 0.9611174901190302, 0.9558200360359981, 0.962422877210473, 0.9859631753372576, 0.9591732999902276, 0.959348511303834, 0.9598545849021342, 0.9676246612184864, 0.989055497335934, 0.9543124457822831, 0.9588233357258833, 0.964910173362511, 0.9912226279403638, 0.9596037734607523, 0.961026086947864, 0.9616085785644649, 0.972089465734421, 0.9928842405324529, 0.9732086445980216, 0.9556205974775812, 0.9617541808729084, 0.9680895229083716, 0.957043989162779, 0.9601249171768405, 0.9622287751726973, 0.9609678177541584, 0.9694184842724435, 0.9746759643287165, 0.967805114291004, 0.9944337636063731, 0.9712284529905313, 0.9621026973420189, 0.9711916968329524, 0.9956063016932334, 0.961714004860663, 0.9666951748654399, 0.9635703581986403, 0.961777907978615, 0.9648521254419488, 0.9733295861526804, 0.9811468269597441, 0.9634825367586543, 0.9708575819084125, 0.9848840930472496, 0.9748900858510465, 0.9877979393652819, 0.9635591744046704, 0.9742842364199098, 0.9902850545068385, 0.9664026411648053, 0.9766173279787556, 0.996900413219468, 0.9775595376630831, 0.9974837397808451, 0.9662717956504873, 0.9688868934826426, 0.9786110855329058, 0.9979304701281467, 0.966322565733546, 0.9679383138754681, 0.9769995829248211, 0.9925197672142247, 0.9672291257252846, 0.9800957872179226, 0.9983382818489205, 0.9672681487171837, 0.9810420910763609, 0.9939757853168112, 0.9679599296394156, 0.9790533821010172, 0.9950874878323825, 0.968100711830908, 0.9755240938414407, 0.9959888714633207, 0.9809272431235488, 0.9986964657461413, 0.9694131841728885, 0.9818870462290922, 0.9989281586015157, 0.9823346647243463, 0.9991147612978282, 0.9828550892554979, 0.9967703369472471, 0.9828713177050543, 0.9992731733631415, 0.969389842594494, 0.9834631585287004, 0.9994010145035069, 0.9837250581121592, 0.999504137163645, 0.9840198753695261, 0.9973728386875563, 0.9702138837320936, 0.9719852076097364, 0.982904897230934, 0.9978287723940807, 0.9698244951757944, 0.9831605004159909, 0.9995934514559534, 0.984170161086965, 0.9982141597677192, 0.9702250385136817, 0.9823736568269057, 0.9985253634320873, 0.9842818698854318, 0.9996669027074242, 0.9704338598117934, 0.984573214322076, 0.9997242647808979, 0.9846948892469647, 0.999771296611662, 0.9848299665530545, 0.9987875397254546, 0.9847741054857962, 0.9998106646583613, 0.9706122899778815, 0.9724621451464568, 0.9839829174848189, 0.9998430429845977, 0.9706977856126223, 0.9849818603589628, 0.9998699343327443, 0.9707515448064632, 0.9722166890440322, 0.9850729518014903, 0.9998918632229782, 0.9704678095630102, 0.9719957727176962, 0.9851506162932833, 0.9999102321587491, 0.9705183245045876, 0.9842850998415185, 0.9990007543632397, 0.9852166160955498, 0.999925616430213, 0.9705623801810624, 0.9852980664053117, 0.9999383291972704, 0.970665778705442, 0.9844237560907213, 0.9991736357603971, 0.9853407707185672, 0.9999488715451889, 0.9853833733923124, 0.9993151854333007, 0.9853047677511286, 0.9999576086592404, 0.9853648327028666, 0.9994322097198841, 0.9853071935040418, 0.9999648475962106, 0.9707828346384613, 0.9835781543890438, 0.9995294009918709, 0.9853752587081318, 0.0],"final_Tsas" => Dict{Int64,Any}(1 => [0.14285714285714285 0.14285714285714285; 0.0324200693131968 0.022376488461569245; 0.00012459019352378746 0.0324200693131968; 0.09860069014394096 0.9989169285296781; 0.006112444311588641 0.09860069014394096; 0.9854851967690255 0.06805467267803018; 0.006112444311588641 0.012830953347731586]

[0.14285714285714285 0.14285714285714285; 0.0324200693131968 0.022376488461569245; 0.00012459019352378746 0.43886192719036854; 0.09860069014394096 0.000180511911720331; 0.006112444311588641 0.09860069014394096; 0.0024191338718290876 0.06805467267803018; 0.3098609766503445 0.6270492501823793]

[0.14285714285714285 0.14285714285714285; 0.34221523830561007 0.022376488461569245; 0.00012459019352378746 0.0324200693131968; 0.09860069014394096 0.000180511911720331; 0.02440629393759184 0.09860069014394096; 0.0024191338718290876 0.5916719639318189; 0.21694452375502135 0.30879598307896267]

[0.14285714285714285 0.14285714285714285; 0.0324200693131968 0.07801443855623945; 0.7606533442376833 0.0324200693131968; 0.09860069014394096 0.000180511911720331; 0.4337318309365881 0.09860069014394096; 0.0024191338718290876 0.06805467267803018; 0.006112444311588641 0.012830953347731586]

[0.14285714285714285 0.14285714285714285; 0.4956844151284059 0.022376488461569245; 0.00012459019352378746 0.3990377262436475; 0.09860069014394096 0.000180511911720331; 0.006112444311588641 0.09860069014394096; 0.0024191338718290876 0.06805467267803018; 0.44874472234827945 0.012830953347731586]

[0.14285714285714285 0.14285714285714285; 0.0324200693131968 0.8101031191359143; 0.23818345320296497 0.0324200693131968; 0.09860069014394096 0.000180511911720331; 0.5174120978794654 0.40839585913635423; 0.0024191338718290876 0.06805467267803018; 0.006112444311588641 0.012830953347731586]

[0.14285714285714285 0.14285714285714285; 0.0324200693131968 0.022376488461569245; 0.0006648417852566265 0.0324200693131968; 0.40839585913635423 0.000180511911720331; 0.006112444311588641 0.09860069014394096; 0.0024191338718290876 0.06805467267803018; 0.006112444311588641 0.012830953347731586]),"final_Reward" => Dict{Int64,Any}(1 => [1.0, 0.0, 0.0, 0.0, 0.0, 0.0, 0.0]),"final_Qsa" => [0.0 0.0; 0.9721403901897194 0.9839032457456025; 0.9854198729049423 0.9716209747376916; 0.9706900463504602 0.9999708913552462; 0.9847168095476774 0.9795103608208385; 0.9996100009667672 0.9739416113987858; 0.970673593334832 0.9707881826908514])