DateTime of fitting: 2020-02-09T16:33:29.775
DATA_STATS
nr_subjects: 1
all_subject_ids: [18]
nr_puzzles: 1
nr_episodes: 62
nr_actions: 174
max_state_id: 7
max_action_id: 2
SUBJECT_SIGNALS
subject_id: 18
algorithm_name: Sarsa-Lambda (ReplTrc)
param_string: alpha=0.1573, gamma=0.9159,
                lambda=0.6189, temp=0.1881,
                reward_magnitude=1.0,
                action_cost=0.0,
                initQSA=nothing, use_replacing_trace=true
param_vector: [0.1573115128814625, 0.9158940115542836, 0.6189278533156939, 0.18812107154247565, 1.0, 0.0, 0.0]
LL: -43.965
RPE
[0.0, 0.0, 1.0, 0.0, 0.046, 0.031, 0.055, 0.843, 0.055, 0.093, 0.71, 0.074, 0.117, 0.598, 0.087, 0.131, 0.504, 0.0, 1.0, -0.115, 0.843, 0.039, 0.138, -0.493, 0.176, 0.71, 0.341, 0.108, -0.549, 0.052, 0.277, 0.067, 0.517, -0.161, 0.188, 0.598, 0.191, 0.504, 0.189, 0.425, 0.182, 0.358, 0.292, 0.302, 0.217, 0.254, -0.026, 0.049, 0.197, 0.214, 0.0, 0.517, 0.435, 0.267, -0.01, 0.113, 0.367, 0.009, 0.233, 0.181, 0.331, 0.063, 0.309, 0.292, 0.169, 0.152, 0.225, 0.128, 0.072, 0.197, 0.108, 0.172, 0.091, -0.021, 0.586, -0.019, 0.261, 0.063, 0.067, 0.22, 0.03, 0.185, 0.064, 0.095, 0.156, 0.314, 0.139, 0.077, 0.119, 0.065, 0.034, 0.131, 0.09, 0.079, 0.111, 0.295, 0.108, 0.054, 0.095, 0.046, 0.032, 0.093, 0.104, 0.064, 0.079, 0.107, 0.069, 0.039, -0.627, 0.478, 0.151, 0.06, 0.033, 0.053, 0.027, 0.141, 0.046, 0.023, 0.04, 0.02, 0.13, 0.035, 0.016, 0.03, 0.014, 0.042, 0.109, 0.012, 0.042, 0.04, 0.066, -0.014, 0.056, 0.025, 0.01, -0.014, 0.047, 0.039, 0.053, 0.04, 0.083, 0.02, 0.008, 0.017, 0.007, -0.01, 0.033, 0.022, 0.051, 0.028, 0.066, 0.013, 0.006, 0.01, 0.062, 0.005, 0.012, 0.004, -0.008, 0.024, 0.012, 0.038, 0.02, 0.046, 0.01, 0.004, 0.005, 0.046, 0.003, 0.007, 0.026, 0.017, -0.002, 0.014]
SPE
Float64[]
action_selection_prob
[0.5, 0.5, 0.5, 0.5, 0.384, 0.567, 0.604, 0.698, 0.633, 0.673, 0.824, 0.696, 0.757, 0.894, 0.751, 0.82, 0.933, 0.472, 0.5, 0.799, 0.698, 0.843, 0.866, 0.955, 0.59, 0.824, 0.3, 0.87, 0.949, 0.5, 0.343, 0.857, 0.929, 0.85, 0.562, 0.894, 0.666, 0.933, 0.748, 0.955, 0.809, 0.968, 0.864, 0.976, 0.854, 0.981, 0.903, 0.89, 0.888, 0.985, 0.089, 0.433, 0.953, 0.088, 0.877, 0.907, 0.967, 0.891, 0.928, 0.987, 0.116, 0.944, 0.975, 0.162, 0.954, 0.989, 0.782, 0.99, 0.907, 0.821, 0.991, 0.851, 0.992, 0.079, 0.409, 0.873, 0.981, 0.897, 0.962, 0.984, 0.885, 0.987, 0.909, 0.968, 0.989, 0.104, 0.972, 0.993, 0.858, 0.993, 0.873, 0.99, 0.92, 0.976, 0.991, 0.117, 0.979, 0.993, 0.847, 0.994, 0.859, 0.992, 0.93, 0.981, 0.993, 0.938, 0.868, 0.994, 0.946, 0.017, 0.928, 0.876, 0.994, 0.883, 0.994, 0.938, 0.889, 0.994, 0.894, 0.995, 0.946, 0.898, 0.995, 0.901, 0.995, 0.953, 0.972, 0.995, 0.956, 0.974, 0.993, 0.904, 0.993, 0.905, 0.995, 0.907, 0.994, 0.959, 0.976, 0.994, 0.962, 0.908, 0.995, 0.91, 0.995, 0.911, 0.994, 0.965, 0.977, 0.994, 0.966, 0.912, 0.995, 0.968, 0.979, 0.995, 0.913, 0.995, 0.914, 0.994, 0.97, 0.98, 0.995, 0.971, 0.914, 0.995, 0.972, 0.981, 0.995, 0.973, 0.981, 0.995, 0.915, 0.995]
results_dict
Dict{String,Any}("trialByTrial_Qsa" => [0.0, 0.0, 0.0, 0.0, 0.0, 0.050551145541406654, 0.08917554139454202, 0.1573115128814625, 0.10294240350038096, 0.17295995271464804, 0.2898761136778705, 0.15581807449318294, 0.25084258833359074, 0.40158677656846836, 0.208128854894282, 0.32260687731880755, 0.4957240660747552, 0.0, 0.0, 0.25908072270582483, 0.1573115128814625, 0.31613709290745373, 0.3882504376642534, 0.5750524761502479, 0.08917554139454202, 0.2898761136778705, 0.020964410188330965, 0.3952934814730074, 0.5490596032716981, 0.0, 0.05794096895474668, 0.3738117001361174, 0.4832285152830616, 0.3263369792833967, 0.18023842951413335, 0.40158677656846836, 0.26310956553896203, 0.4957240660747552, 0.3381127380128754, 0.5750524761502479, 0.4056725847172598, 0.6419016140222837, 0.34794664219365856, 0.6982346128808482, 0.4662748504121515, 0.7457057824638221, 0.4207228339327855, 0.43043738999192516, 0.5230430634941465, 0.785709190541446, 0.0, 0.0, 0.5645226193578827, 0.13364044485444176, 0.43696946910675244, 0.4664480955830524, 0.6330282249323507, 0.46409317658509014, 0.5170024791253122, 0.8194196019739644, 0.19095179813968136, 0.5698379191211655, 0.6907571100530383, 0.26425031475668737, 0.6072975051178016, 0.8478269775841767, 0.5730773754616701, 0.8717655459601545, 0.4955269899397432, 0.6199656496026412, 0.8919383019286911, 0.6605854462152565, 0.9089376511368285, 0.06812145977281413, 0.0510466090960229, 0.6957486326684276, 0.7394045769184304, 0.5299261953780212, 0.6474882086540924, 0.7803992371733769, 0.7160720093798552, 0.8149449654035562, 0.5569535754573269, 0.6776543228794006, 0.8440562528622542, 0.33296352809899443, 0.7065700568365048, 0.9232628070030335, 0.7373458398947842, 0.9353344509276631, 0.7618830524446843, 0.8685879996488972, 0.5833667855577833, 0.7352858591859074, 0.8892606202349085, 0.39866581412375984, 0.757617440698457, 0.9455070862835429, 0.7788955563017282, 0.9540794489815977, 0.7979257166813913, 0.9066811996013099, 0.6101961103962582, 0.7795242269362885, 0.9213613212723111, 0.6362328955409816, 0.8113598066403765, 0.961303280334653, 0.6611648927788444, 0.03698259670555519, 0.605127694465361, 0.8256795920929261, 0.9673907198487586, 0.838080942097004, 0.9725205350433258, 0.635928594319584, 0.8488130701464683, 0.9768433712488334, 0.8580942567850626, 0.9804861755509138, 0.6634485108686736, 0.8661154145603537, 0.9835559247971029, 0.8730432968560726, 0.9861427671452071, 0.6877981380522881, 0.7966590970927584, 0.9883226694099453, 0.7046521414291272, 0.814774976506855, 0.9337320907939631, 0.8790233744253092, 0.9441567958466562, 0.8817574716821848, 0.9901596479514838, 0.8865872565937041, 0.9529415747761671, 0.7181503827513251, 0.8270437166418311, 0.9603444068419474, 0.7310270991118631, 0.8886137975431189, 0.9917076486195221, 0.8924499966404259, 0.9930121309605298, 0.895754340228105, 0.9665826881958525, 0.746234828882856, 0.8388435954092317, 0.9718396160721945, 0.7556991916032163, 0.8970877605043323, 0.9941114032109464, 0.7675657961623978, 0.8494183633668975, 0.9950377472805814, 0.8997228861293293, 0.9958183667631733, 0.9020371972134175, 0.9762695686712004, 0.7749771844184306, 0.8596032950164133, 0.9800026387248635, 0.781313925276204, 0.9029141111955057, 0.9964761858139739, 0.7895445358422135, 0.8673605150516595, 0.9970305223546908, 0.7945455550278552, 0.874832353252197, 0.9831484538806924, 0.90476252347778, 0.9857993960951124],"StateValue_V2_record" => [0.0, 0.0, 0.0, 1.0, 0.0, 0.08167534434037217, 0.04629949147858338, 0.08167534434037217, 0.14408067259667606, 1.0, 0.09428433090100365, 0.1584129849300582, 0.26549579661019035, 1.0, 0.14271284132022552, 0.22974522449751217, 0.36781092377844826, 1.0, 0.19062397182932334, 0.2954737070225233, 0.45403070350120833, 1.0, 0.01920117774725994, 0.0, 1.0, 0.2372904824354209, 0.14408067259667606, 1.0, 0.28954807022411705, 0.35559625084001933, 0.5266871192354745, 0.08167534434037217, 0.26549579661019035, 1.0, 0.1650792982439436, 0.36204693248757164, 0.5028804026229191, 0.0, 0.1650792982439436, 0.34237189760359554, 0.44258610336002374, 1.0, 0.29889008507437737, 0.1650792982439436, 0.36781092377844826, 1.0, 0.24098047545978463, 0.45403070350120833, 1.0, 0.30967543197621494, 0.5266871192354745, 1.0, 0.3715530909942861, 0.5879138442900389, 1.0, 0.3186822459255929, 0.6395089005974923, 1.0, 0.42705834323085895, 0.682987460540016, 1.0, 0.38533752412318556, 0.39423502784266, 0.47905200963929573, 0.719626342440074, 1.0, 0.4002177199869291, 0.046753283581199796, 0.5170428864568231, 1.0, 0.5248781363425895, 0.4002177199869291, 0.4272170174454178, 0.579786760360378, 1.0, 0.42506016123748874, 0.4735194745895919, 0.7505015063981486, 1.0, 0.5248781363425895, 0.5219111376796297, 0.632660300536121, 1.0, 0.5248781363425895, 0.5562201481692514, 0.7765196516035153, 1.0, 0.5248781363425895, 0.7984448430242561, 1.0, 0.45385020264933057, 0.5678228258404204, 0.8169209494123847, 1.0, 0.6050262543084678, 0.8324905515524378, 1.0, 0.48535622891247493, 0.11006365185841413, 0.6372320062080938, 0.6772162241154192, 1.0, 0.48535622891247493, 0.5930305728582937, 0.714762987948627, 1.0, 0.6558460652326521, 0.74640321355943, 1.0, 0.5101104444751126, 0.6206595362291161, 0.7730660674114868, 1.0, 0.6753306392040964, 0.6471432838001245, 0.8456108760248767, 1.0, 0.6753306392040964, 0.8566672224050605, 1.0, 0.6978041252387847, 0.7955345473863392, 1.0, 0.5343021454320457, 0.6734439152089188, 0.8144684767842006, 1.0, 0.7133857756429952, 0.6938972769847994, 0.8659842782092363, 1.0, 0.7133857756429952, 0.873835653869256, 1.0, 0.7308153855736463, 0.8304238811036938, 1.0, 0.5588749633856495, 0.7139615713124291, 0.8438693166310521, 1.0, 0.5827218989798272, 0.7431195881177624, 0.8804519177459974, 1.0, 0.6055569659460736, 0.7296552962775, 0.5542328315864743, 0.7562349938604946, 0.8860273671426656, 1.0, 0.7675933160644183, 0.89072573415975, 1.0, 0.5824431913134405, 0.7774228078761565, 0.8946849939533044, 1.0, 0.7859233911385625, 0.8980214165988439, 1.0, 0.6076485180792253, 0.7932699215106838, 0.9008329815504018, 1.0, 0.7996151274180856, 0.9032022549658656, 1.0, 0.6299501958002771, 0.7296552962775, 0.9051988143959129, 1.0, 0.6453866765638397, 0.7462475217469107, 0.8551996303542515, 1.0, 0.8050922446523795, 0.8647475552842327, 1.0, 0.8075963879569589, 0.9068812920414617, 1.0, 0.8120199590345146, 0.8727934816986, 1.0, 0.6577496349573554, 0.7574843873658509, 0.8795736912561902, 1.0, 0.6695433423604552, 0.8138760557542531, 0.9082990965832001, 1.0, 0.8173896075346067, 0.9094938641475072, 1.0, 0.8204160360386796, 0.8852872957906226, 1.0, 0.6834720109870434, 0.7682918256659796, 0.8901020845517371, 1.0, 0.6921403641257989, 0.8216373076845613, 0.9105006810187316, 1.0, 0.7030089161790362, 0.7779771923119819, 0.9113491140047492, 1.0, 0.8240508034641894, 0.9120640787141576, 1.0, 0.8261704671269794, 0.894159451608636, 1.0, 0.7097969623000402, 0.7873055102178631, 0.8975785481154985, 1.0, 0.7156007453044463, 0.8269736273918222, 0.9126665712434723, 1.0, 0.7231391122332899, 0.794410301594454, 0.9131742847615006, 1.0, 0.727719515757087, 0.8012537134576289, 0.900459781378179, 1.0, 0.8286665771320406, 0.9028877634773427, 1.0],"final_QSA" => Dict{Int64,Any}(1 => [0.0 0.0; 0.9880333145792206 0.0; 0.997497655375542 0.0; 0.15478108033830515 0.12017072987695894; 0.12966813391353796 0.8803665884904806; 0.45752747281313133 0.9057339486871694; 0.12356419944850003 0.7987380303172504]),"trialByTrial_Vs" => [0.0, 0.0, 0.0, 0.0, 0.08917554139454202, 0.050551145541406654, 0.08917554139454202, 0.1573115128814625, 0.10294240350038096, 0.17295995271464804, 0.2898761136778705, 0.15581807449318294, 0.25084258833359074, 0.40158677656846836, 0.208128854894282, 0.32260687731880755, 0.4957240660747552, 0.020964410188330965, 0.0, 0.25908072270582483, 0.1573115128814625, 0.31613709290745373, 0.3882504376642534, 0.5750524761502479, 0.08917554139454202, 0.2898761136778705, 0.18023842951413335, 0.3952934814730074, 0.5490596032716981, 0.0, 0.18023842951413335, 0.3738117001361174, 0.4832285152830616, 0.3263369792833967, 0.18023842951413335, 0.40158677656846836, 0.26310956553896203, 0.4957240660747552, 0.3381127380128754, 0.5750524761502479, 0.4056725847172598, 0.6419016140222837, 0.34794664219365856, 0.6982346128808482, 0.4662748504121515, 0.7457057824638221, 0.4207228339327855, 0.43043738999192516, 0.5230430634941465, 0.785709190541446, 0.43696946910675244, 0.0510466090960229, 0.5645226193578827, 0.5730773754616701, 0.43696946910675244, 0.4664480955830524, 0.6330282249323507, 0.46409317658509014, 0.5170024791253122, 0.8194196019739644, 0.5730773754616701, 0.5698379191211655, 0.6907571100530383, 0.5730773754616701, 0.6072975051178016, 0.8478269775841767, 0.5730773754616701, 0.8717655459601545, 0.4955269899397432, 0.6199656496026412, 0.8919383019286911, 0.6605854462152565, 0.9089376511368285, 0.5299261953780212, 0.12017072987695894, 0.6957486326684276, 0.7394045769184304, 0.5299261953780212, 0.6474882086540924, 0.7803992371733769, 0.7160720093798552, 0.8149449654035562, 0.5569535754573269, 0.6776543228794006, 0.8440562528622542, 0.7373458398947842, 0.7065700568365048, 0.9232628070030335, 0.7373458398947842, 0.9353344509276631, 0.7618830524446843, 0.8685879996488972, 0.5833667855577833, 0.7352858591859074, 0.8892606202349085, 0.7788955563017282, 0.757617440698457, 0.9455070862835429, 0.7788955563017282, 0.9540794489815977, 0.7979257166813913, 0.9066811996013099, 0.6101961103962582, 0.7795242269362885, 0.9213613212723111, 0.6362328955409816, 0.8113598066403765, 0.961303280334653, 0.6611648927788444, 0.7966590970927584, 0.605127694465361, 0.8256795920929261, 0.9673907198487586, 0.838080942097004, 0.9725205350433258, 0.635928594319584, 0.8488130701464683, 0.9768433712488334, 0.8580942567850626, 0.9804861755509138, 0.6634485108686736, 0.8661154145603537, 0.9835559247971029, 0.8730432968560726, 0.9861427671452071, 0.6877981380522881, 0.7966590970927584, 0.9883226694099453, 0.7046521414291272, 0.814774976506855, 0.9337320907939631, 0.8790233744253092, 0.9441567958466562, 0.8817574716821848, 0.9901596479514838, 0.8865872565937041, 0.9529415747761671, 0.7181503827513251, 0.8270437166418311, 0.9603444068419474, 0.7310270991118631, 0.8886137975431189, 0.9917076486195221, 0.8924499966404259, 0.9930121309605298, 0.895754340228105, 0.9665826881958525, 0.746234828882856, 0.8388435954092317, 0.9718396160721945, 0.7556991916032163, 0.8970877605043323, 0.9941114032109464, 0.7675657961623978, 0.8494183633668975, 0.9950377472805814, 0.8997228861293293, 0.9958183667631733, 0.9020371972134175, 0.9762695686712004, 0.7749771844184306, 0.8596032950164133, 0.9800026387248635, 0.781313925276204, 0.9029141111955057, 0.9964761858139739, 0.7895445358422135, 0.8673605150516595, 0.9970305223546908, 0.7945455550278552, 0.874832353252197, 0.9831484538806924, 0.90476252347778, 0.9857993960951124],"RPE_QV" => [0.0, 0.0, 1.0, 0.08167534434037217, 0.04629949147858338, 0.031124198798965517, 0.05490513120213404, 0.8426884871185375, 0.05547058142967724, 0.09253584389554231, 0.7101238863221295, 0.07392715000432923, 0.11696833544485752, 0.5984132234315316, 0.08734485212824128, 0.13142382618240078, 0.5042759339252447, 0.0, 1.0, -0.11500005010914877, 0.8426884871185375, 0.0394591579325656, 0.13843668157122113, -0.49337713180987575, 0.1763202552156483, 0.7101238863221295, 0.3410825222992407, 0.1075869211499117, -0.5490596032716981, 0.1650792982439436, 0.27715670160423744, 0.06701552057958604, 0.5167714847169385, -0.16125768103945312, 0.1875724942643149, 0.5984132234315316, 0.1909211379622463, 0.5042759339252447, 0.18857438122259912, 0.4249475238497521, 0.1822412595727791, 0.35809838597771626, 0.29156225840383376, 0.3017653871191518, 0.21671261012786452, 0.25429421753617787, -0.026487806090125465, 0.04861461964737057, 0.19658327894592742, 0.21429080945855405, 0.046753283581199796, 0.5170428864568231, 0.4354773806421173, 0.26657727513248736, -0.009752451661334649, 0.11333866477732563, 0.36697177506764933, 0.009426298004501787, 0.23349902727283645, 0.18058039802603565, 0.3309593395399484, 0.06282238141495544, 0.3092428899469617, 0.291969833412564, 0.16922214648571376, 0.1521730224158233, 0.22536746756258597, 0.12823445403984546, 0.07229583590067723, 0.19695529980974347, 0.10806169807130894, 0.17190510533718129, 0.09106234886317155, 0.0419421920856, 0.586185397112071, -0.018532408553008417, 0.2605954230815696, 0.06310437748027253, 0.06727477929453463, 0.2196007628266231, 0.0303312041795748, 0.1850550345964438, 0.06370596077178914, 0.09541174453208612, 0.15594374713774584, 0.3141797557011301, 0.13904081918837197, 0.07673719299696646, 0.11932138251027635, 0.0646655490723369, 0.03365149494165487, 0.1314120003511028, 0.09007712965113546, 0.07918261759829326, 0.11073937976509152, 0.2952314628610396, 0.10836683751077925, 0.05449291371645715, 0.09494009756752775, 0.04592055101840231, 0.03249816442230247, 0.09331880039869012, 0.10376546091617089, 0.0643450896947636, 0.07863867872768893, 0.10688669257678074, 0.06909211110562086, 0.038696719665347046, 0.06849040349865565, 0.4781936073400554, 0.15110729939513368, 0.06034777504973954, 0.03260928015124143, 0.05264479206274597, 0.027479464956674193, 0.14149421355657243, 0.045871923806836024, 0.02315662875116664, 0.039927159813781365, 0.019513824449086226, 0.12982141064201014, 0.03471756699004813, 0.016444075202897146, 0.030158958109792966, 0.0138572328547929, 0.041857158225211966, 0.10853971730315448, 0.011677330590054713, 0.041595380317783426, 0.04042465384739646, 0.06626790920603687, -0.014275819141076451, 0.05584320415334376, 0.02512382035927696, 0.009840352048516188, -0.013793774895104027, 0.047058425223832856, 0.03933400461452574, 0.052529974614359154, 0.03965559315805256, 0.08284895664239, 0.019685299040081206, 0.008292351380477903, 0.01704386750708131, 0.00698786903947024, -0.010467044437482365, 0.03341731180414753, 0.022056996783123672, 0.051258489142505415, 0.02816038392780551, 0.06593811608134503, 0.013412920514399351, 0.005888596789053624, 0.010411396149584085, 0.061930750637851695, 0.004962252719418636, 0.012341192584828353, 0.004181633236826743, -0.007877745604781494, 0.023730431328799595, 0.012328325799432549, 0.03797525309908523, 0.019997361275136516, 0.045659702115618206, 0.009752460047966593, 0.0035238141860260974, 0.004865765752240514, 0.04581376970984119, 0.002969477645309193, 0.006708158429773681, 0.025627428125981955, 0.016851546119307614, -0.0018747600004372922, 0.014200603904887643],"StateValue_V3_record" => [0.0, 0.0, 0.0, 0.1573115128814625, 0.0, 0.0, 0.08917554139454202, 0.055447340341695316, 0.09781275064890492, 0.2898761136778705, 0.10294240350038096, 0.11166856458549784, 0.18751690631361864, 0.40158677656846836, 0.15581807449318294, 0.1674476663033788, 0.2692430541416477, 0.4957240660747552, 0.208128854894282, 0.22186920572498328, 0.3432813582442314, 0.5750524761502479, 0.020964410188330965, 0.020964410188330965, 0.1573115128814625, 0.25908072270582483, 0.24098989084171063, 0.2898761136778705, 0.31613709290745373, 0.3223444727388542, 0.41002812148051143, 0.4974385731241196, 0.11691274749416124, 0.40158677656846836, 0.18023842951413335, 0.18023842951413335, 0.4122181428053586, 0.46268620641893166, 0.008134671991171145, 0.18023842951413335, 0.38435401306503086, 0.5645226193578827, 0.3263369792833967, 0.30096928951532403, 0.20974574236180218, 0.4957240660747552, 0.26310956553896203, 0.2931436585928534, 0.5750524761502479, 0.3381127380128754, 0.3677776592136881, 0.6419016140222837, 0.4056725847172598, 0.434341232970077, 0.6982346128808482, 0.34794664219365856, 0.39381274216230155, 0.7457057824638221, 0.4662748504121515, 0.5003662389718564, 0.785709190541446, 0.4207228339327855, 0.416555997083837, 0.4380850293568099, 0.5539678765123289, 0.8194196019739644, 0.43696946910675244, 0.43696946910675244, 0.08133679869312108, 0.6330282249323507, 0.5730773754616701, 0.5730773754616701, 0.43543529618160454, 0.4842775724071384, 0.6907571100530383, 0.46409317658509014, 0.4655760417850498, 0.5537345643619519, 0.8478269775841767, 0.5730773754616701, 0.5730773754616701, 0.5797206029843684, 0.7394045769184304, 0.5730773754616701, 0.5730773754616701, 0.6339180969945176, 0.8717655459601545, 0.5730773754616701, 0.6085302727382045, 0.8919383019286911, 0.4955269899397432, 0.5068999572603087, 0.650948985785734, 0.9089376511368285, 0.6605854462152565, 0.6876280984078956, 0.9232628070030335, 0.5299261953780212, 0.5299261953780212, 0.14326032074474365, 0.6928332714416164, 0.7803992371733769, 0.5299261953780212, 0.5398532404688858, 0.6580713059636821, 0.8149449654035562, 0.7160720093798552, 0.7208434569968606, 0.8440562528622542, 0.5569535754573269, 0.5669752565259042, 0.6926636887584027, 0.8685879996488972, 0.7373458398947842, 0.7373458398947842, 0.7284427784553055, 0.9353344509276631, 0.7373458398947842, 0.7561164670965834, 0.9455070862835429, 0.7618830524446843, 0.7671768200246789, 0.8892606202349085, 0.5833667855577833, 0.5975369550992231, 0.7477421965542093, 0.9066811996013099, 0.7788955563017282, 0.7788955563017282, 0.7746647918534574, 0.9540794489815977, 0.7788955563017282, 0.7938307266831897, 0.961303280334653, 0.7979257166813913, 0.8030380520925342, 0.9213613212723111, 0.6101961103962582, 0.6265196120378234, 0.7896464503426652, 0.9337320907939631, 0.6362328955409816, 0.6530474028571308, 0.8222287911665759, 0.9673907198487586, 0.6611648927788444, 0.5624845206394025, 0.7966590970927584, 0.6288986123406416, 0.8351729918850308, 0.9725205350433258, 0.838080942097004, 0.8463625739817245, 0.9768433712488334, 0.635928594319584, 0.6581872631181412, 0.8560292518793049, 0.9804861755509138, 0.8580942567850626, 0.8643752587004284, 0.9835559247971029, 0.6634485108686736, 0.6838709133811738, 0.8715768875471217, 0.9861427671452071, 0.8730432968560726, 0.8777876481832528, 0.9883226694099453, 0.6877981380522881, 0.6943827509376149, 0.8137336442294438, 0.9901596479514838, 0.7046521414291272, 0.7111955736357976, 0.8211342399612984, 0.9441567958466562, 0.8790233744253092, 0.8767776237186043, 0.9529415747761671, 0.8817574716821848, 0.8857097378722647, 0.9917076486195221, 0.8865872565937041, 0.884417336996609, 0.9603444068419474, 0.7181503827513251, 0.7243380745249226, 0.8353072864200407, 0.9665826881958525, 0.7310270991118631, 0.7440601938219282, 0.891710521716638, 0.9930121309605298, 0.8924499966404259, 0.895131193223316, 0.9941114032109464, 0.895754340228105, 0.8941077536322471, 0.9718396160721945, 0.746234828882856, 0.7497046484164307, 0.8469071458842572, 0.9762695686712004, 0.7556991916032163, 0.7660720164005261, 0.8991977673226113, 0.9950377472805814, 0.7675657961623978, 0.7692036286418972, 0.8591607834436226, 0.9958183667631733, 0.8997228861293293, 0.9016642978056101, 0.9964761858139739, 0.9020371972134175, 0.900797937134234, 0.9800026387248635, 0.7749771844184306, 0.7769165720012349, 0.8655772395334869, 0.9831484538806924, 0.781313925276204, 0.7884967220937288, 0.9044482854399674, 0.9970305223546908, 0.7895445358422135, 0.7903099768140253, 0.8745675484755175, 0.997497655375542, 0.7945455550278552, 0.7956008255790914, 0.8788638427419562, 0.9857993960951124, 0.90476252347778, 0.9044676021458216, 0.9880333145792206],"StateValue_V1_record" => [0.0, 0.0, 0.0, 0.0, 0.0, 0.08917554139454202, 0.050551145541406654, 0.08917554139454202, 0.1573115128814625, 0.0, 0.10294240350038096, 0.17295995271464804, 0.2898761136778705, 0.0, 0.15581807449318294, 0.25084258833359074, 0.40158677656846836, 0.0, 0.208128854894282, 0.32260687731880755, 0.4957240660747552, 0.0, 0.020964410188330965, 0.0, 0.0, 0.25908072270582483, 0.1573115128814625, 0.0, 0.31613709290745373, 0.3882504376642534, 0.5750524761502479, 0.08917554139454202, 0.2898761136778705, 0.0, 0.18023842951413335, 0.3952934814730074, 0.5490596032716981, 0.0, 0.18023842951413335, 0.3738117001361174, 0.4832285152830616, 0.0, 0.3263369792833967, 0.18023842951413335, 0.40158677656846836, 0.0, 0.26310956553896203, 0.4957240660747552, 0.0, 0.3381127380128754, 0.5750524761502479, 0.0, 0.4056725847172598, 0.6419016140222837, 0.0, 0.34794664219365856, 0.6982346128808482, 0.0, 0.4662748504121515, 0.7457057824638221, 0.0, 0.4207228339327855, 0.43043738999192516, 0.5230430634941465, 0.785709190541446, 0.0, 0.43696946910675244, 0.0510466090960229, 0.5645226193578827, 0.0, 0.5730773754616701, 0.43696946910675244, 0.4664480955830524, 0.6330282249323507, 0.0, 0.46409317658509014, 0.5170024791253122, 0.8194196019739644, 0.0, 0.5730773754616701, 0.5698379191211655, 0.6907571100530383, 0.0, 0.5730773754616701, 0.6072975051178016, 0.8478269775841767, 0.0, 0.5730773754616701, 0.8717655459601545, 0.0, 0.4955269899397432, 0.6199656496026412, 0.8919383019286911, 0.0, 0.6605854462152565, 0.9089376511368285, 0.0, 0.5299261953780212, 0.12017072987695894, 0.6957486326684276, 0.7394045769184304, 0.0, 0.5299261953780212, 0.6474882086540924, 0.7803992371733769, 0.0, 0.7160720093798552, 0.8149449654035562, 0.0, 0.5569535754573269, 0.6776543228794006, 0.8440562528622542, 0.0, 0.7373458398947842, 0.7065700568365048, 0.9232628070030335, 0.0, 0.7373458398947842, 0.9353344509276631, 0.0, 0.7618830524446843, 0.8685879996488972, 0.0, 0.5833667855577833, 0.7352858591859074, 0.8892606202349085, 0.0, 0.7788955563017282, 0.757617440698457, 0.9455070862835429, 0.0, 0.7788955563017282, 0.9540794489815977, 0.0, 0.7979257166813913, 0.9066811996013099, 0.0, 0.6101961103962582, 0.7795242269362885, 0.9213613212723111, 0.0, 0.6362328955409816, 0.8113598066403765, 0.961303280334653, 0.0, 0.6611648927788444, 0.7966590970927584, 0.605127694465361, 0.8256795920929261, 0.9673907198487586, 0.0, 0.838080942097004, 0.9725205350433258, 0.0, 0.635928594319584, 0.8488130701464683, 0.9768433712488334, 0.0, 0.8580942567850626, 0.9804861755509138, 0.0, 0.6634485108686736, 0.8661154145603537, 0.9835559247971029, 0.0, 0.8730432968560726, 0.9861427671452071, 0.0, 0.6877981380522881, 0.7966590970927584, 0.9883226694099453, 0.0, 0.7046521414291272, 0.814774976506855, 0.9337320907939631, 0.0, 0.8790233744253092, 0.9441567958466562, 0.0, 0.8817574716821848, 0.9901596479514838, 0.0, 0.8865872565937041, 0.9529415747761671, 0.0, 0.7181503827513251, 0.8270437166418311, 0.9603444068419474, 0.0, 0.7310270991118631, 0.8886137975431189, 0.9917076486195221, 0.0, 0.8924499966404259, 0.9930121309605298, 0.0, 0.895754340228105, 0.9665826881958525, 0.0, 0.746234828882856, 0.8388435954092317, 0.9718396160721945, 0.0, 0.7556991916032163, 0.8970877605043323, 0.9941114032109464, 0.0, 0.7675657961623978, 0.8494183633668975, 0.9950377472805814, 0.0, 0.8997228861293293, 0.9958183667631733, 0.0, 0.9020371972134175, 0.9762695686712004, 0.0, 0.7749771844184306, 0.8596032950164133, 0.9800026387248635, 0.0, 0.781313925276204, 0.9029141111955057, 0.9964761858139739, 0.0, 0.7895445358422135, 0.8673605150516595, 0.9970305223546908, 0.0, 0.7945455550278552, 0.874832353252197, 0.9831484538806924, 0.0, 0.90476252347778, 0.9857993960951124, 0.0])
POPULATION_SIGNALS
subject_id: 18
algorithm_name: Sarsa-Lambda (ReplTrc)
param_string: alpha=0.1974, gamma=0.9961,
                lambda=0.6128, temp=0.2507,
                reward_magnitude=1.0,
                action_cost=0.0,
                initQSA=nothing, use_replacing_trace=true
param_vector: [0.197445163350583, 0.9960525723724495, 0.6127972592361022, 0.2507274927826116, 1.0, 0.0, 0.0]
LL: -46.785
RPE
[0.0, 0.0, 1.0, 0.0, 0.073, 0.046, 0.076, 0.803, 0.08, 0.122, 0.644, 0.104, 0.147, 0.517, 0.119, 0.157, 0.415, 0.0, 1.0, -0.181, 0.803, 0.065, 0.158, -0.547, 0.234, 0.644, 0.478, 0.114, -0.635, 0.099, 0.366, 0.058, 0.449, -0.215, 0.237, 0.517, 0.229, 0.415, 0.216, 0.333, 0.198, 0.267, 0.3, 0.214, 0.222, 0.172, -0.017, 0.111, 0.191, 0.138, 0.0, 0.637, 0.361, 0.38, 0.008, 0.099, 0.289, 0.027, 0.223, 0.111, 0.405, 0.044, 0.232, 0.339, 0.15, 0.089, 0.203, 0.071, 0.094, 0.169, 0.057, 0.14, 0.046, -0.016, 0.752, -0.033, 0.186, 0.078, 0.05, 0.15, 0.017, 0.12, 0.073, 0.075, 0.096, 0.342, 0.108, 0.037, 0.089, 0.03, 0.02, 0.077, 0.094, 0.057, 0.062, 0.303, 0.076, 0.024, 0.065, 0.019, 0.019, 0.05, 0.101, 0.042, 0.04, 0.096, 0.044, 0.015, -0.801, 0.64, 0.162, 0.036, 0.012, 0.03, 0.01, 0.14, 0.025, 0.008, 0.021, 0.006, 0.12, 0.017, 0.005, 0.014, 0.004, 0.047, 0.066, 0.003, 0.043, 0.024, 0.032, -0.011, 0.026, 0.011, 0.003, -0.009, 0.021, 0.038, 0.03, 0.017, 0.062, 0.009, 0.002, 0.007, 0.002, -0.006, 0.013, 0.02, 0.028, 0.011, 0.044, 0.005, 0.001, 0.009, 0.031, 0.001, 0.005, 0.001, -0.004, 0.009, 0.01, 0.019, 0.007, 0.027, 0.004, 0.001, 0.004, 0.021, 0.001, 0.005, 0.012, 0.006, -0.001, 0.004]
SPE
Float64[]
action_selection_prob
[0.5, 0.5, 0.5, 0.5, 0.382, 0.573, 0.599, 0.687, 0.646, 0.664, 0.805, 0.714, 0.748, 0.873, 0.772, 0.81, 0.912, 0.463, 0.5, 0.819, 0.687, 0.852, 0.855, 0.935, 0.582, 0.805, 0.305, 0.86, 0.926, 0.5, 0.363, 0.845, 0.9, 0.862, 0.528, 0.873, 0.634, 0.912, 0.717, 0.935, 0.779, 0.949, 0.873, 0.958, 0.824, 0.964, 0.906, 0.877, 0.858, 0.969, 0.084, 0.413, 0.928, 0.117, 0.878, 0.899, 0.944, 0.892, 0.917, 0.972, 0.163, 0.933, 0.955, 0.227, 0.941, 0.974, 0.702, 0.976, 0.907, 0.741, 0.977, 0.771, 0.978, 0.08, 0.42, 0.793, 0.962, 0.888, 0.95, 0.967, 0.804, 0.971, 0.9, 0.955, 0.974, 0.185, 0.959, 0.979, 0.759, 0.98, 0.774, 0.975, 0.911, 0.963, 0.977, 0.217, 0.965, 0.98, 0.732, 0.98, 0.743, 0.978, 0.92, 0.968, 0.979, 0.928, 0.751, 0.981, 0.934, 0.031, 0.912, 0.759, 0.981, 0.765, 0.981, 0.923, 0.77, 0.981, 0.774, 0.981, 0.931, 0.777, 0.981, 0.78, 0.982, 0.938, 0.946, 0.982, 0.942, 0.948, 0.979, 0.782, 0.98, 0.783, 0.982, 0.785, 0.98, 0.945, 0.95, 0.981, 0.947, 0.785, 0.982, 0.787, 0.982, 0.788, 0.981, 0.95, 0.951, 0.981, 0.951, 0.788, 0.982, 0.953, 0.953, 0.982, 0.789, 0.982, 0.789, 0.981, 0.954, 0.954, 0.981, 0.955, 0.79, 0.982, 0.956, 0.955, 0.982, 0.956, 0.955, 0.981, 0.79, 0.981]
results_dict
Dict{String,Any}("trialByTrial_Qsa" => [0.0, 0.0, 0.0, 0.0, 0.0, 0.07356049633890632, 0.12051624046486566, 0.197445163350583, 0.15095133676602168, 0.2322724870326988, 0.3559057341706276, 0.22893716457058533, 0.3340297000275636, 0.48307903170048183, 0.3051848478102065, 0.42537962934859613, 0.5851425767257217, 0.0, 0.0, 0.3780779633684874, 0.197445163350583, 0.43897989348475736, 0.5064650471601797, 0.6670541684313135, 0.12051624046486566, 0.3559057341706276, 0.037663098993059724, 0.5178603410524107, 0.6346278035314524, 0.0, 0.10359366855872819, 0.487625378357263, 0.550750992392787, 0.45886521152765025, 0.24433918381876432, 0.48307903170048183, 0.35339807176364135, 0.5851425767257217, 0.44869589997081577, 0.6670541684313135, 0.5314151615074985, 0.7327927125322885, 0.4828848240044732, 0.785551499054817, 0.6028078636739305, 0.8278933183542263, 0.5678771629823727, 0.5532865944451714, 0.6673462878116955, 0.8618749502255029, 0.0, 0.0, 0.6394530360848805, 0.21588734064139176, 0.59825479895781, 0.6084813904566877, 0.710641290270658, 0.6330589638829411, 0.6629709182338852, 0.8891470732410358, 0.31216137237028985, 0.7202948824157972, 0.7677737679800819, 0.41462336307157965, 0.7570579878990294, 0.9110344474728497, 0.721729597290322, 0.9286002655241478, 0.6734375177628488, 0.7704562862369088, 0.9426977977609207, 0.8106356464716535, 0.9540118404423639, 0.10328228304075232, 0.08804280536365156, 0.843743345308053, 0.813625714295545, 0.7165175193920861, 0.7974716283359183, 0.8504244155808093, 0.8596237526828565, 0.8799573912797153, 0.7488599202738209, 0.8252903659543518, 0.9036592237675221, 0.5063129807359849, 0.8516702335976069, 0.963091980118414, 0.8774197759513382, 0.9703792901328804, 0.8985876449101188, 0.9226812440680656, 0.779409208795974, 0.8773672999754915, 0.9379474584631102, 0.5895232390832079, 0.8960758615699125, 0.9762277560311541, 0.911943837097635, 0.9809214706247927, 0.9270978791732992, 0.9501994326631803, 0.8094860393716169, 0.9140055345411363, 0.9600323138159503, 0.8374408336925051, 0.9369203604181964, 0.9846884339737695, 0.8627670589630306, 0.061704519692031064, 0.7816915532569368, 0.9474297612267991, 0.9877116286289718, 0.9560943465051253, 0.990137908121637, 0.8189660082948399, 0.9632329113523656, 0.9920851304635389, 0.9691102811485824, 0.993647883172064, 0.8502874852341707, 0.9739461955776861, 0.9949020779167778, 0.9779227884231837, 0.9959086379752481, 0.8763714312797015, 0.9271618051141034, 0.9967164576185517, 0.8938269517439299, 0.9405139137246702, 0.9679237401433048, 0.9811908713124357, 0.9742570425103858, 0.9821649283880807, 0.9973647771804253, 0.9847063055640194, 0.9793398649570498, 0.9075144348725459, 0.9490371613854127, 0.9834191086954502, 0.919868656860137, 0.985373311651334, 0.9978850891805013, 0.9873208305800696, 0.9983026680927292, 0.9889156197505201, 0.9866929254875754, 0.9332229569474408, 0.9570574999340516, 0.9893203429883994, 0.9413861900027497, 0.9893114491582135, 0.9986377980684205, 0.9508268304544683, 0.9639436376007647, 0.9989067582513177, 0.990538720305922, 0.999122613546968, 0.991560591168536, 0.9914289896115831, 0.9564842166491407, 0.970200141634751, 0.9931212941578036, 0.9612321006387231, 0.9917948327836072, 0.9992958492585085, 0.9669739567292518, 0.9747807688802004, 0.9994348804166857, 0.9702929604361584, 0.9789377500091246, 0.9944794613564567, 0.9925818821295732, 0.9955694650107143],"StateValue_V2_record" => [0.0, 0.0, 0.0, 1.0, 0.0, 0.12004051132768613, 0.0732701216033618, 0.12004051132768613, 0.19666576285784668, 1.0, 0.1503554672888558, 0.23135560820026604, 0.3545008220427588, 1.0, 0.22803345168218633, 0.3327111419612524, 0.481172112184457, 1.0, 0.3039801527104507, 0.42370047404750827, 0.5828327687522985, 1.0, 0.03751442663555535, 0.0, 1.0, 0.37658552797051864, 0.19666576285784668, 1.0, 0.4372470521252764, 0.504465813040631, 0.664421020377775, 0.12004051132768613, 0.3545008220427588, 1.0, 0.24337467257406498, 0.5158161248349278, 0.6321226562065807, 0.0, 0.24337467257406498, 0.48570051246684076, 0.5485769427095148, 1.0, 0.4570538743143442, 0.24337467257406498, 0.481172112184457, 1.0, 0.3520030584516385, 0.5828327687522985, 1.0, 0.44692470537890233, 0.664421020377775, 1.0, 0.5293174386172645, 0.7299000663335709, 1.0, 0.48097867110927306, 0.7824505913645843, 1.0, 0.6004283232587593, 0.8246252693966903, 1.0, 0.565635508980161, 0.5511025356563052, 0.6647119866380443, 0.858472761235489, 1.0, 0.5958932314360892, 0.08769526276135202, 0.636928841503718, 1.0, 0.7188806219383573, 0.5958932314360892, 0.6060794542051486, 0.7078360852081655, 1.0, 0.6305600094390411, 0.6603538885149862, 0.8856372295191685, 1.0, 0.7188806219383573, 0.7174515704969658, 0.7647430365966488, 1.0, 0.7188806219383573, 0.7540695562819391, 0.9074382049252451, 1.0, 0.7188806219383573, 0.924934683181067, 1.0, 0.6707791718998026, 0.7674149658067972, 0.9389765664296081, 1.0, 0.807435720924894, 0.9502459477463914, 1.0, 0.7136891183404138, 0.16854233840650895, 0.840412729516222, 0.8104139856724493, 1.0, 0.7136891183404138, 0.7943236667980375, 0.847067426747602, 1.0, 0.8562304501322175, 0.8764838231623104, 1.0, 0.7459038499353667, 0.8220325919630324, 0.9000920943817313, 1.0, 0.8739562248867887, 0.8483083269879412, 0.9592902442282223, 1.0, 0.8739562248867887, 0.966548788113807, 1.0, 0.8950405352148251, 0.9190390266338087, 1.0, 0.7763325473520054, 0.8739039560560588, 0.9342449787523821, 1.0, 0.9083440048003014, 0.8925386669575702, 0.9723741676162151, 1.0, 0.9083440048003014, 0.977049354111191, 1.0, 0.9234382273916071, 0.9464485891710028, 1.0, 0.8062906518156849, 0.9103975638423546, 0.956242655737052, 1.0, 0.8341350966091484, 0.933221935102667, 0.980801447644972, 1.0, 0.8593613484383394, 0.9235019009893863, 0.7786058824233876, 0.9436898508121688, 0.9838127084580689, 1.0, 0.9523202332671861, 0.9862294103880326, 1.0, 0.8157331992476721, 0.9594306191463273, 0.988168946210665, 1.0, 0.9652847884506333, 0.9897255300659735, 1.0, 0.846931036923597, 0.9701016134575151, 0.9909747739677016, 1.0, 0.9740625089905508, 0.9919773607031884, 1.0, 0.872912018479872, 0.9235019009893863, 0.9927819915369139, 1.0, 0.8902986345403666, 0.9368013031175377, 0.9641029312301012, 1.0, 0.9773176913591166, 0.9704112333444447, 1.0, 0.9782879034149504, 0.9934277519042375, 1.0, 0.9808192486884127, 0.9754739917173568, 1.0, 0.9039320873199291, 0.9452909058749879, 0.9795371329363247, 1.0, 0.9162375419103295, 0.9814836218174706, 0.9939460100103495, 1.0, 0.9834234530561817, 0.9943619405600426, 1.0, 0.9850119469118007, 0.982798026573597, 1.0, 0.9295391268645221, 0.9532795847176575, 0.9854150725339893, 1.0, 0.9376701361481383, 0.9854062138115542, 0.9946957476344089, 1.0, 0.947073510354916, 0.960138539854298, 0.9949636461164495, 1.0, 0.9866286403952279, 0.9951786493389422, 1.0, 0.987646477496567, 0.9875153954272359, 1.0, 0.9527085644270239, 0.9663703467914085, 0.9892010197237363, 1.0, 0.9574377064881734, 0.9878797944598154, 0.9953512012150488, 1.0, 0.9631568970173369, 0.9709328923423177, 0.9954896835577912, 1.0, 0.9664627991973149, 0.9750734640890865, 0.9905538256556666, 1.0, 0.9886637369854488, 0.9916395265993854, 1.0],"final_QSA" => Dict{Int64,Any}(1 => [0.0 0.0; 0.9964442527154043 0.0; 0.9995464605451259 0.0; 0.24628766377886604 0.16921028375547095; 0.21083424029364475 0.9818966025253096; 0.6602960528015842 0.9929297700081378; 0.19679392678740293 0.9730428670893628]),"trialByTrial_Vs" => [0.0, 0.0, 0.0, 0.0, 0.12051624046486566, 0.07356049633890632, 0.12051624046486566, 0.197445163350583, 0.15095133676602168, 0.2322724870326988, 0.3559057341706276, 0.22893716457058533, 0.3340297000275636, 0.48307903170048183, 0.3051848478102065, 0.42537962934859613, 0.5851425767257217, 0.037663098993059724, 0.0, 0.3780779633684874, 0.197445163350583, 0.43897989348475736, 0.5064650471601797, 0.6670541684313135, 0.12051624046486566, 0.3559057341706276, 0.24433918381876432, 0.5178603410524107, 0.6346278035314524, 0.0, 0.24433918381876432, 0.487625378357263, 0.550750992392787, 0.45886521152765025, 0.24433918381876432, 0.48307903170048183, 0.35339807176364135, 0.5851425767257217, 0.44869589997081577, 0.6670541684313135, 0.5314151615074985, 0.7327927125322885, 0.4828848240044732, 0.785551499054817, 0.6028078636739305, 0.8278933183542263, 0.5678771629823727, 0.5532865944451714, 0.6673462878116955, 0.8618749502255029, 0.59825479895781, 0.08804280536365156, 0.6394530360848805, 0.721729597290322, 0.59825479895781, 0.6084813904566877, 0.710641290270658, 0.6330589638829411, 0.6629709182338852, 0.8891470732410358, 0.721729597290322, 0.7202948824157972, 0.7677737679800819, 0.721729597290322, 0.7570579878990294, 0.9110344474728497, 0.721729597290322, 0.9286002655241478, 0.6734375177628488, 0.7704562862369088, 0.9426977977609207, 0.8106356464716535, 0.9540118404423639, 0.7165175193920861, 0.16921028375547095, 0.843743345308053, 0.813625714295545, 0.7165175193920861, 0.7974716283359183, 0.8504244155808093, 0.8596237526828565, 0.8799573912797153, 0.7488599202738209, 0.8252903659543518, 0.9036592237675221, 0.8774197759513382, 0.8516702335976069, 0.963091980118414, 0.8774197759513382, 0.9703792901328804, 0.8985876449101188, 0.9226812440680656, 0.779409208795974, 0.8773672999754915, 0.9379474584631102, 0.911943837097635, 0.8960758615699125, 0.9762277560311541, 0.911943837097635, 0.9809214706247927, 0.9270978791732992, 0.9501994326631803, 0.8094860393716169, 0.9140055345411363, 0.9600323138159503, 0.8374408336925051, 0.9369203604181964, 0.9846884339737695, 0.8627670589630306, 0.9271618051141034, 0.7816915532569368, 0.9474297612267991, 0.9877116286289718, 0.9560943465051253, 0.990137908121637, 0.8189660082948399, 0.9632329113523656, 0.9920851304635389, 0.9691102811485824, 0.993647883172064, 0.8502874852341707, 0.9739461955776861, 0.9949020779167778, 0.9779227884231837, 0.9959086379752481, 0.8763714312797015, 0.9271618051141034, 0.9967164576185517, 0.8938269517439299, 0.9405139137246702, 0.9679237401433048, 0.9811908713124357, 0.9742570425103858, 0.9821649283880807, 0.9973647771804253, 0.9847063055640194, 0.9793398649570498, 0.9075144348725459, 0.9490371613854127, 0.9834191086954502, 0.919868656860137, 0.985373311651334, 0.9978850891805013, 0.9873208305800696, 0.9983026680927292, 0.9889156197505201, 0.9866929254875754, 0.9332229569474408, 0.9570574999340516, 0.9893203429883994, 0.9413861900027497, 0.9893114491582135, 0.9986377980684205, 0.9508268304544683, 0.9639436376007647, 0.9989067582513177, 0.990538720305922, 0.999122613546968, 0.991560591168536, 0.9914289896115831, 0.9564842166491407, 0.970200141634751, 0.9931212941578036, 0.9612321006387231, 0.9917948327836072, 0.9992958492585085, 0.9669739567292518, 0.9747807688802004, 0.9994348804166857, 0.9702929604361584, 0.9789377500091246, 0.9944794613564567, 0.9925818821295732, 0.9955694650107143],"RPE_QV" => [0.0, 0.0, 1.0, 0.12004051132768613, 0.0732701216033618, 0.04648001498877981, 0.07614952239298102, 0.8025548366494171, 0.08040427143424436, 0.12222833501006, 0.6440942658293725, 0.10377397739066707, 0.1471424121568934, 0.5169209682995182, 0.11851562623730177, 0.15745313940370237, 0.4148574232742783, 0.0, 1.0, -0.18141220051064075, 0.8025548366494171, 0.06548591955587363, 0.15795597321759525, -0.5470136571036274, 0.23398458157789315, 0.6440942658293725, 0.47815302584186803, 0.11426231515416996, -0.6346278035314524, 0.24337467257406498, 0.3657496101610664, 0.058342349151705386, 0.449249007607213, -0.21549053895358528, 0.23683292836569267, 0.5169209682995182, 0.22943469698865715, 0.4148574232742783, 0.21572512040695918, 0.3329458315686865, 0.1984849048260724, 0.2672072874677115, 0.2995657673601111, 0.21444850094518297, 0.22181740572275987, 0.1721066816457737, -0.016774627326067493, 0.11142539219287295, 0.19112647342379352, 0.13812504977449713, 0.08769526276135202, 0.636928841503718, 0.36054696391511953, 0.38000589079469743, 0.007824655247338663, 0.09935469475147785, 0.28935870972934197, 0.02729492463204508, 0.22266631128528325, 0.11085292675896419, 0.405290198126676, 0.04444815418085157, 0.2322262320199181, 0.3394461932103594, 0.15038021702621562, 0.08896555252715033, 0.20320508589074493, 0.07139973447585224, 0.09397744804394847, 0.16852028019269938, 0.057302202239079336, 0.13961030127473784, 0.04598815955763613, 0.06526005536575663, 0.7523699241525705, -0.033329359635603684, 0.18637428570445502, 0.07780614740595138, 0.04959579841168371, 0.14957558441919072, 0.016860070479453926, 0.12004260872028472, 0.07317267168921149, 0.07480172842737953, 0.09634077623247794, 0.3419953462519564, 0.10762001063061544, 0.036908019881585985, 0.08912901216246871, 0.02962070986711962, 0.020451381723689877, 0.07731875593193438, 0.09449474726008478, 0.05687767877689065, 0.06205254153688977, 0.3030154278743623, 0.07629830604630261, 0.02377224396884592, 0.06510551701355594, 0.019078529375207265, 0.019350709997703608, 0.0498005673368197, 0.1009115244707377, 0.04223712119591572, 0.03996768618404967, 0.09578110141016194, 0.04388108722677564, 0.015311566026230516, 0.060734842026355707, 0.6400673506724751, 0.16199829755523198, 0.03638294723126978, 0.012288371371028228, 0.03013506388290732, 0.009862091878362955, 0.14046461085148743, 0.024936034858299427, 0.007914869536461144, 0.020615248917391082, 0.006352116827936016, 0.11981412822334436, 0.01702857839001548, 0.005097922083222239, 0.014054572280004729, 0.00409136202475191, 0.04713046970968482, 0.06562018642281053, 0.0032835423814483455, 0.04297435137360783, 0.023589017505430965, 0.032076259856695155, -0.010779637967990974, 0.025742957489614193, 0.011262823516156817, 0.002635222819574734, -0.009232313846662565, 0.020660135042950167, 0.03777647100244197, 0.030499971550911997, 0.01658089130454976, 0.06161496495733365, 0.00857269835901553, 0.002114910819498661, 0.0070411099799729815, 0.0016973319072708382, -0.006117593176923064, 0.013307074512424633, 0.020056627770216662, 0.028357572599937653, 0.010679657011600563, 0.04402002380880454, 0.0053842984761954815, 0.001362201931579543, 0.009311709399829726, 0.03102000851568476, 0.0010932417486823054, 0.004639929033020129, 0.0008773864530320363, -0.004045195741300134, 0.0085710103884169, 0.009886130142267802, 0.019000878088985318, 0.006878705842196409, 0.026647693821092333, 0.003556368431441581, 0.0007041507414915493, 0.003958935613065928, 0.02070891467759084, 0.0005651195833142886, 0.0047805036529280365, 0.01161607564654199, 0.0055205386435432935, -0.0009423555301878439, 0.004430534989285695],"StateValue_V3_record" => [0.0, 0.0, 0.0, 0.197445163350583, 0.0, 0.0, 0.12051624046486566, 0.0827377504909035, 0.13555159535281666, 0.3559057341706276, 0.15095133676602168, 0.16682677127344067, 0.2564058806048299, 0.48307903170048183, 0.22893716457058533, 0.2494268344880253, 0.3630822576316802, 0.5851425767257217, 0.3051848478102065, 0.32858518499222716, 0.45646799017822226, 0.6670541684313135, 0.037663098993059724, 0.037663098993059724, 0.197445163350583, 0.3780779633684874, 0.34225900180487523, 0.3559057341706276, 0.43897989348475736, 0.45190977156862994, 0.5376526900943281, 0.559048967549488, 0.16671536439603057, 0.48307903170048183, 0.24433918381876432, 0.24433918381876432, 0.5404208825328416, 0.5093236131963631, 0.019501186223720893, 0.24433918381876432, 0.4991447930157782, 0.6394530360848805, 0.45886521152765025, 0.41631764686345446, 0.29110070004672545, 0.5851425767257217, 0.35339807176364135, 0.39869884298885827, 0.6670541684313135, 0.44869589997081577, 0.491289781608392, 0.7327927125322885, 0.5314151615074985, 0.5706050459635073, 0.785551499054817, 0.4828848240044732, 0.5420326358751331, 0.8278933183542263, 0.6028078636739305, 0.6466046375808633, 0.8618749502255029, 0.5678771629823727, 0.5645650939498321, 0.5752869992080959, 0.7050832855774772, 0.8891470732410358, 0.59825479895781, 0.59825479895781, 0.12575851915339917, 0.710641290270658, 0.721729597290322, 0.721729597290322, 0.5997997392912827, 0.6280984943915405, 0.7677737679800819, 0.6330589638829411, 0.6384482147355571, 0.7069353044382797, 0.9110344474728497, 0.721729597290322, 0.721729597290322, 0.7290709554786673, 0.813625714295545, 0.721729597290322, 0.721729597290322, 0.7867498344144667, 0.9286002655241478, 0.721729597290322, 0.7618514586676894, 0.9426977977609207, 0.6734375177628488, 0.6919929103431571, 0.8037298004874422, 0.9540118404423639, 0.8106356464716535, 0.8382010252122682, 0.963091980118414, 0.7165175193920861, 0.7165175193920861, 0.2365946079380216, 0.8371626244504309, 0.8504244155808093, 0.7165175193920861, 0.7318799668763337, 0.8072640788548158, 0.8799573912797153, 0.8596237526828565, 0.8629526920527746, 0.9036592237675221, 0.7488599202738209, 0.7633075103882958, 0.8400596054426017, 0.9226812440680656, 0.8774197759513382, 0.8774197759513382, 0.8729192841763602, 0.9703792901328804, 0.8774197759513382, 0.895017868317033, 0.9762277560311541, 0.8985876449101188, 0.9026256713152978, 0.9379474584631102, 0.779409208795974, 0.7980667396045135, 0.8885975225525966, 0.9501994326631803, 0.911943837097635, 0.911943837097635, 0.9111405930705975, 0.9809214706247927, 0.911943837097635, 0.9247986065394007, 0.9846884339737695, 0.9270978791732992, 0.9309185832697455, 0.9600323138159503, 0.8094860393716169, 0.829410531804698, 0.9223450498351222, 0.9679237401433048, 0.8374408336925051, 0.8563523489063333, 0.9455844688536883, 0.9877116286289718, 0.8627670589630306, 0.7045530425095833, 0.9271618051141034, 0.813677333580246, 0.9546133981860528, 0.990137908121637, 0.9560943465051253, 0.9620443691160662, 0.9920851304635389, 0.8189660082948399, 0.8467000663293879, 0.9681564108282783, 0.993647883172064, 0.9691102811485824, 0.9731806623385897, 0.9949020779167778, 0.8502874852341707, 0.8739442053529367, 0.977308406019531, 0.9959086379752481, 0.9779227884231837, 0.9806977957428318, 0.9967164576185517, 0.8763714312797015, 0.88567711457032, 0.940118193541451, 0.9973647771804253, 0.8938269517439299, 0.9023120295707773, 0.9451714511393098, 0.9742570425103858, 0.9811908713124357, 0.9790624839329856, 0.9793398649570498, 0.9821649283880807, 0.984388718417017, 0.9978850891805013, 0.9847063055640194, 0.9828834298484612, 0.9834191086954502, 0.9075144348725459, 0.9149732163604316, 0.9550592332504707, 0.9866929254875754, 0.919868656860137, 0.9320342336809782, 0.9870659494791851, 0.9983026680927292, 0.9873208305800696, 0.9887110636902348, 0.9986377980684205, 0.9889156197505201, 0.9877077305663902, 0.9893203429883994, 0.9332229569474408, 0.9371830410937931, 0.9626565654882724, 0.9914289896115831, 0.9413861900027497, 0.9500777307943756, 0.9903745528503741, 0.9989067582513177, 0.9508268304544683, 0.9526653824379908, 0.9700683882492805, 0.999122613546968, 0.990538720305922, 0.9914548518517818, 0.9992958492585085, 0.991560591168536, 0.99076188683461, 0.9931212941578036, 0.9564842166491407, 0.958436185229986, 0.9739517731128352, 0.9944794613564567, 0.9612321006387231, 0.966493558898145, 0.9924970205294881, 0.9994348804166857, 0.9669739567292518, 0.967755629418068, 0.9788696439215305, 0.9995464605451259, 0.9702929604361584, 0.9712368477608089, 0.9812312879626488, 0.9955694650107143, 0.9925818821295732, 0.992395818587981, 0.9964442527154043],"StateValue_V1_record" => [0.0, 0.0, 0.0, 0.0, 0.0, 0.12051624046486566, 0.07356049633890632, 0.12051624046486566, 0.197445163350583, 0.0, 0.15095133676602168, 0.2322724870326988, 0.3559057341706276, 0.0, 0.22893716457058533, 0.3340297000275636, 0.48307903170048183, 0.0, 0.3051848478102065, 0.42537962934859613, 0.5851425767257217, 0.0, 0.037663098993059724, 0.0, 0.0, 0.3780779633684874, 0.197445163350583, 0.0, 0.43897989348475736, 0.5064650471601797, 0.6670541684313135, 0.12051624046486566, 0.3559057341706276, 0.0, 0.24433918381876432, 0.5178603410524107, 0.6346278035314524, 0.0, 0.24433918381876432, 0.487625378357263, 0.550750992392787, 0.0, 0.45886521152765025, 0.24433918381876432, 0.48307903170048183, 0.0, 0.35339807176364135, 0.5851425767257217, 0.0, 0.44869589997081577, 0.6670541684313135, 0.0, 0.5314151615074985, 0.7327927125322885, 0.0, 0.4828848240044732, 0.785551499054817, 0.0, 0.6028078636739305, 0.8278933183542263, 0.0, 0.5678771629823727, 0.5532865944451714, 0.6673462878116955, 0.8618749502255029, 0.0, 0.59825479895781, 0.08804280536365156, 0.6394530360848805, 0.0, 0.721729597290322, 0.59825479895781, 0.6084813904566877, 0.710641290270658, 0.0, 0.6330589638829411, 0.6629709182338852, 0.8891470732410358, 0.0, 0.721729597290322, 0.7202948824157972, 0.7677737679800819, 0.0, 0.721729597290322, 0.7570579878990294, 0.9110344474728497, 0.0, 0.721729597290322, 0.9286002655241478, 0.0, 0.6734375177628488, 0.7704562862369088, 0.9426977977609207, 0.0, 0.8106356464716535, 0.9540118404423639, 0.0, 0.7165175193920861, 0.16921028375547095, 0.843743345308053, 0.813625714295545, 0.0, 0.7165175193920861, 0.7974716283359183, 0.8504244155808093, 0.0, 0.8596237526828565, 0.8799573912797153, 0.0, 0.7488599202738209, 0.8252903659543518, 0.9036592237675221, 0.0, 0.8774197759513382, 0.8516702335976069, 0.963091980118414, 0.0, 0.8774197759513382, 0.9703792901328804, 0.0, 0.8985876449101188, 0.9226812440680656, 0.0, 0.779409208795974, 0.8773672999754915, 0.9379474584631102, 0.0, 0.911943837097635, 0.8960758615699125, 0.9762277560311541, 0.0, 0.911943837097635, 0.9809214706247927, 0.0, 0.9270978791732992, 0.9501994326631803, 0.0, 0.8094860393716169, 0.9140055345411363, 0.9600323138159503, 0.0, 0.8374408336925051, 0.9369203604181964, 0.9846884339737695, 0.0, 0.8627670589630306, 0.9271618051141034, 0.7816915532569368, 0.9474297612267991, 0.9877116286289718, 0.0, 0.9560943465051253, 0.990137908121637, 0.0, 0.8189660082948399, 0.9632329113523656, 0.9920851304635389, 0.0, 0.9691102811485824, 0.993647883172064, 0.0, 0.8502874852341707, 0.9739461955776861, 0.9949020779167778, 0.0, 0.9779227884231837, 0.9959086379752481, 0.0, 0.8763714312797015, 0.9271618051141034, 0.9967164576185517, 0.0, 0.8938269517439299, 0.9405139137246702, 0.9679237401433048, 0.0, 0.9811908713124357, 0.9742570425103858, 0.0, 0.9821649283880807, 0.9973647771804253, 0.0, 0.9847063055640194, 0.9793398649570498, 0.0, 0.9075144348725459, 0.9490371613854127, 0.9834191086954502, 0.0, 0.919868656860137, 0.985373311651334, 0.9978850891805013, 0.0, 0.9873208305800696, 0.9983026680927292, 0.0, 0.9889156197505201, 0.9866929254875754, 0.0, 0.9332229569474408, 0.9570574999340516, 0.9893203429883994, 0.0, 0.9413861900027497, 0.9893114491582135, 0.9986377980684205, 0.0, 0.9508268304544683, 0.9639436376007647, 0.9989067582513177, 0.0, 0.990538720305922, 0.999122613546968, 0.0, 0.991560591168536, 0.9914289896115831, 0.0, 0.9564842166491407, 0.970200141634751, 0.9931212941578036, 0.0, 0.9612321006387231, 0.9917948327836072, 0.9992958492585085, 0.0, 0.9669739567292518, 0.9747807688802004, 0.9994348804166857, 0.0, 0.9702929604361584, 0.9789377500091246, 0.9944794613564567, 0.0, 0.9925818821295732, 0.9955694650107143, 0.0])