DateTime of fitting: 2020-12-27T20:03:33.032
DATA_STATS
nr_subjects: 1
all_subject_ids: [16]
nr_puzzles: 1
nr_episodes: 51
nr_actions: 188
max_state_id: 7
max_action_id: 2
SUBJECT_SIGNALS
subject_id: 16
algorithm_name: hybrid_actorcritic_FWD
param_string: alpha=0.4334,
                eta_critic=0.0006,
                gamma=0.9655,
                lambda_actor=0.7785,
                lambda_critic=0.4178,
                eta_fwd=0.2304,
                w_MB=12.0856,
                w_MF=2.8274
param_vector: [0.4334265850379733, 0.0006324108716412313, 0.9655075014295998, 0.7785362338323415, 0.4177957564695467, 0.2304271071967039, 12.08561388318596, 2.8274063313176425]
LL: -103.731
RPE
[0.0, 0.0, 0.0, 0.0, 0.0, 0.0, 0.0, 0.0, 0.0, 0.0, 1.0, -0.0, 0.001, 0.999, 0.0, 1.0, 0.0, 0.0, 0.0, -0.0, 0.0, 0.001, 0.999, 0.0, -0.0, 0.002, -0.002, 0.0, 0.001, -0.002, 0.0, 0.001, 0.998, 0.0, -0.0, 0.0, 0.002, 0.997, 0.001, -0.001, 0.003, 0.997, 0.0, 0.0, -0.0, 0.0, 0.0, 0.999, 0.0, 0.0, 0.999, 0.001, 0.998, 0.0, 0.003, 0.996, 0.001, 0.001, 0.997, 0.0, 0.003, -0.004, 0.0, 0.002, 0.997, 0.001, 0.003, 0.996, 0.001, 0.002, 0.996, 0.001, 0.003, -0.004, 0.003, 0.995, 0.004, 0.995, 0.003, 0.995, 0.004, 0.994, 0.001, 0.0, 0.004, 0.994, 0.001, 0.004, -0.0, 0.994, 0.001, 0.005, 0.993, -0.0, 0.005, 0.993, 0.0, 0.005, 0.0, 0.992, 0.001, -0.0, -0.0, 0.0, 0.005, 0.992, 0.001, 0.006, 0.992, 0.001, 0.005, 0.992, 0.0, 0.006, 0.991, 0.007, 0.99, 0.007, 0.99, 0.001, 0.006, 0.991, 0.002, 0.006, 0.991, 0.002, 0.007, 0.989, 0.001, -0.0, 0.007, 0.99, 0.001, 0.0, 0.007, 0.989, 0.002, 0.008, 0.988, 0.001, -0.0, 0.009, 0.987, -0.0, 0.009, 0.987, 0.002, 0.009, 0.986, 0.001, 0.01, 0.985, 0.0, -0.0, 0.0, 0.007, 0.989, 0.001, 0.01, 0.985, 0.003, 0.006, 0.989, 0.003, 0.01, 0.984, 0.001, 0.0, 0.001, 0.01, -0.005, 0.988, 0.012, 0.983, 0.002, 0.001, 0.011, 0.983, 0.008, 0.987, 0.002, 0.009, 0.987, 0.001, 0.012, 0.982, 0.002, -0.0]
SPE
[0.857, 0.857, 0.857, 0.857, 0.857, 0.66, 0.857, 0.857, 0.66, 0.857, 0.857, 0.857, 0.66, 0.66, 0.857, 0.857, 0.508, 0.508, 0.66, 0.66, 0.391, 0.66, 0.508, 0.66, 0.391, 0.508, 0.66, 0.508, 0.508, 0.935, 0.301, 0.391, 0.531, 0.391, 0.95, 0.231, 0.301, 0.409, 0.301, 0.462, 0.391, 0.315, 0.961, 0.508, 0.508, 0.66, 0.391, 0.66, 0.74, 0.301, 0.508, 0.66, 0.391, 0.508, 0.961, 0.242, 0.391, 0.408, 0.301, 0.95, 0.231, 0.508, 0.545, 0.97, 0.231, 0.419, 0.367, 0.186, 0.745, 0.314, 0.178, 0.462, 0.846, 0.391, 0.508, 0.137, 0.935, 0.143, 0.531, 0.105, 0.784, 0.11, 0.178, 0.355, 0.95, 0.081, 0.355, 0.462, 0.992, 0.062, 0.137, 0.283, 0.296, 0.479, 0.85, 0.048, 0.368, 0.398, 0.818, 0.037, 0.105, 0.273, 0.97, 0.284, 0.306, 0.406, 0.273, 0.651, 0.312, 0.21, 0.551, 0.028, 0.806, 0.424, 0.022, 0.545, 0.017, 0.419, 0.013, 0.906, 0.236, 0.24, 0.355, 0.704, 0.185, 0.273, 0.482, 0.01, 0.986, 0.398, 0.181, 0.142, 0.821, 0.21, 0.371, 0.008, 0.99, 0.285, 0.006, 0.456, 0.986, 0.323, 0.005, 0.307, 0.99, 0.004, 0.392, 0.219, 0.003, 0.775, 0.169, 0.002, 0.412, 0.815, 0.317, 0.14, 0.109, 0.761, 0.13, 0.002, 0.302, 0.905, 0.084, 0.232, 0.307, 0.001, 0.998, 0.418, 0.618, 0.237, 1.0, 0.065, 0.248, 0.231, 0.871, 0.476, 0.182, 0.178, 0.861, 0.05, 0.351, 0.107, 0.038, 0.681, 0.14, 0.137, 0.27, 0.779]
action_selection_prob
[0.5, 0.5, 0.5, 0.5, 0.5, 0.5, 0.5, 0.5, 0.5, 0.5, 0.5, 0.452, 0.489, 0.738, 0.489, 0.46, 0.474, 0.382, 0.396, 0.306, 0.464, 0.627, 0.817, 0.403, 0.321, 0.563, 0.138, 0.391, 0.677, 0.869, 0.553, 0.674, 0.847, 0.431, 0.267, 0.629, 0.743, 0.863, 0.493, 0.273, 0.593, 0.889, 0.55, 0.305, 0.387, 0.306, 0.303, 0.629, 0.572, 0.48, 0.697, 0.372, 0.79, 0.416, 0.639, 0.893, 0.51, 0.709, 0.841, 0.59, 0.607, 0.094, 0.472, 0.61, 0.871, 0.562, 0.69, 0.859, 0.631, 0.77, 0.889, 0.614, 0.81, 0.12, 0.31, 0.903, 0.468, 0.798, 0.595, 0.914, 0.684, 0.833, 0.353, 0.249, 0.176, 0.921, 0.569, 0.316, 0.861, 0.929, 0.374, 0.63, 0.869, 0.253, 0.711, 0.936, 0.364, 0.764, 0.888, 0.94, 0.478, 0.213, 0.418, 0.439, 0.787, 0.894, 0.486, 0.525, 0.908, 0.568, 0.627, 0.945, 0.538, 0.706, 0.948, 0.383, 0.951, 0.528, 0.953, 0.642, 0.768, 0.916, 0.695, 0.759, 0.925, 0.735, 0.795, 0.956, 0.231, 0.365, 0.807, 0.932, 0.691, 0.165, 0.825, 0.958, 0.277, 0.847, 0.96, 0.388, 0.264, 0.527, 0.961, 0.365, 0.374, 0.963, 0.535, 0.865, 0.965, 0.471, 0.879, 0.966, 0.564, 0.541, 0.562, 0.465, 0.937, 0.634, 0.89, 0.967, 0.614, 0.9, 0.942, 0.675, 0.907, 0.968, 0.722, 0.693, 0.468, 0.914, 0.97, 0.946, 0.273, 0.969, 0.732, 0.519, 0.916, 0.97, 0.426, 0.951, 0.239, 0.398, 0.953, 0.439, 0.922, 0.971, 0.348, 0.466]
results_dict
Dict{String,Any}("finalQSA_Hybrid_record" => [0.0 0.0; 15.900269474639613 16.03735061399965; 17.096669316229516 17.23336766582101; 12.052257312534634 15.615939010898849; 16.574420277326944 14.028568062503721; 15.706401174235726 12.634746157920043; 15.834132034866755 15.206840398104347],"final_PolicyParameters_MF" => [0.0 0.0; 1.640369515842443 1.5522435924743976; 1.9360392680290874 2.120594238940092; 0.3324639508726256 1.2647253420149824; 1.7496335222126733 0.8898588683335784; 1.2859330964631517 0.47555424598166446; 1.6269824344295138 1.4005225182049625],"final_Tsas" => [0.14285714285714285 0.14285714285714285; 0.0028096251880914648 0.0021622113836925537; 0.00801031030658276 0.000449155498454222; 0.06511053224897106 0.8946458311055259; 0.0002660089471481281 0.022837591106354062; 0.9704481084878536 0.05010730065480296; 0.001280553339917255 0.0036508889727871544]

[0.14285714285714285 0.14285714285714285; 0.0028096251880914648 0.0021622113836925537; 0.00801031030658276 0.5218989668019887; 0.06511053224897106 5.525795588290599e-5; 0.0002660089471481281 0.022837591106354062; 0.0002660089471481281 0.05010730065480296; 0.3299072137850165 0.7922494826288482]

[0.14285714285714285 0.14285714285714285; 0.40045820667486975 0.0021622113836925537; 0.00801031030658276 0.000449155498454222; 0.06511053224897106 5.525795588290599e-5; 0.0002660089471481281 0.253264698303058; 0.0002660089471481281 0.6993561960711823; 0.17861100880557987 0.08447345134803941]

[0.14285714285714285 0.14285714285714285; 0.08363218756334373 0.07184507915618164; 0.6224753774550535 0.000449155498454222; 0.06511053224897106 5.525795588290599e-5; 0.8921745729842426 0.15930630270119012; 0.026998558525417053 0.05010730065480296; 0.001280553339917255 0.0036508889727871544]

[0.14285714285714285 0.14285714285714285; 0.487881859256765 0.0021622113836925537; 0.00801031030658276 0.4758552557057403; 0.06511053224897106 5.525795588290599e-5; 0.0002660089471481281 0.022837591106354062; 0.0002660089471481281 0.05010730065480296; 0.4863595640497346 0.10867351013196386]

[0.14285714285714285 0.14285714285714285; 0.0028096251880914648 0.9173438639253556; 0.3374730710120327 0.000449155498454222; 0.06511053224897106 0.10507787911505959; 0.10649538228001673 0.4960786345703357; 0.0002660089471481281 0.05010730065480296; 0.001280553339917255 0.0036508889727871544]

[0.14285714285714285 0.14285714285714285; 0.0195988709407471 0.0021622113836925537; 0.00801031030658276 0.000449155498454222; 0.6093368065061736 5.525795588290599e-5; 0.0002660089471481281 0.022837591106354062; 0.0014892971981369314 0.05010730065480296; 0.001280553339917255 0.0036508889727871544],"finalQSA_MB_record" => [0.0 0.0; 0.9312198755663983 0.9638367989980104; 0.9617057535496526 0.9298359275236072; 0.9195479527104133 0.9962296831075672; 0.9620940430349072 0.952590730002338; 0.9987534358528385 0.9341949149726785; 0.9295368047770659 0.9306085188681124])
POPULATION_SIGNALS
subject_id: 16
algorithm_name: hybrid_actorcritic_FWD
param_string: alpha=0.644,
                eta_critic=0.0002,
                gamma=0.972,
                lambda_actor=0.8563,
                lambda_critic=0.4629,
                eta_fwd=0.24,
                w_MB=12.1269,
                w_MF=2.8638
param_vector: [0.644030167544776, 0.00020351207271904898, 0.9720012726758733, 0.856341395594059, 0.4628830908282809, 0.24003847973901876, 12.126880916735841, 2.863789486249355]
LL: -106.576
RPE
[0.0, 0.0, 0.0, 0.0, 0.0, 0.0, 0.0, 0.0, 0.0, 0.0, 1.0, -0.0, 0.0, 1.0, 0.0, 1.0, 0.0, 0.0, 0.0, -0.0, 0.0, 0.0, 1.0, 0.0, -0.0, 0.0, -0.001, 0.0, 0.0, -0.0, 0.0, 0.0, 0.999, 0.0, -0.0, 0.0, 0.001, 0.999, 0.0, -0.0, 0.001, 0.999, 0.0, 0.0, -0.0, -0.0, 0.0, 1.0, 0.0, 0.0, 1.0, 0.0, 0.999, 0.0, 0.001, 0.999, 0.0, 0.0, 0.999, 0.0, 0.001, -0.001, 0.0, 0.001, 0.999, 0.0, 0.001, 0.999, 0.0, 0.001, 0.999, 0.0, 0.001, -0.001, 0.001, 0.999, 0.001, 0.998, 0.001, 0.998, 0.001, 0.998, 0.0, 0.0, 0.001, 0.998, 0.0, 0.001, -0.0, 0.998, 0.0, 0.001, 0.998, -0.0, 0.001, 0.998, 0.0, 0.002, 0.0, 0.998, 0.0, -0.0, -0.0, 0.0, 0.002, 0.998, 0.0, 0.002, 0.997, 0.0, 0.002, 0.997, 0.0, 0.002, 0.997, 0.002, 0.997, 0.002, 0.997, 0.0, 0.002, 0.997, 0.001, 0.002, 0.997, 0.001, 0.002, 0.997, 0.0, -0.0, 0.002, 0.997, 0.0, 0.0, 0.002, 0.996, 0.001, 0.002, 0.996, 0.0, -0.0, 0.003, 0.996, -0.0, 0.003, 0.996, 0.001, 0.003, 0.995, 0.0, 0.003, 0.995, -0.0, -0.0, -0.0, 0.002, 0.997, 0.0, 0.003, 0.995, 0.001, 0.002, 0.996, 0.001, 0.003, 0.995, 0.0, -0.0, 0.0, 0.003, -0.002, 0.996, 0.004, 0.995, 0.001, 0.0, 0.003, 0.994, 0.003, 0.996, 0.001, 0.003, 0.996, 0.0, 0.004, 0.994, 0.001, 0.0]
SPE
[0.857, 0.857, 0.857, 0.857, 0.857, 0.651, 0.857, 0.857, 0.651, 0.857, 0.857, 0.857, 0.651, 0.651, 0.857, 0.857, 0.495, 0.495, 0.651, 0.651, 0.376, 0.651, 0.495, 0.651, 0.376, 0.495, 0.651, 0.495, 0.495, 0.937, 0.286, 0.376, 0.526, 0.376, 0.952, 0.217, 0.286, 0.4, 0.286, 0.457, 0.376, 0.304, 0.964, 0.495, 0.495, 0.651, 0.376, 0.651, 0.732, 0.286, 0.495, 0.651, 0.376, 0.495, 0.964, 0.231, 0.376, 0.405, 0.286, 0.952, 0.217, 0.495, 0.548, 0.972, 0.217, 0.416, 0.366, 0.175, 0.744, 0.308, 0.165, 0.457, 0.845, 0.376, 0.495, 0.125, 0.937, 0.133, 0.526, 0.095, 0.781, 0.101, 0.165, 0.348, 0.952, 0.072, 0.348, 0.457, 0.993, 0.055, 0.125, 0.278, 0.299, 0.481, 0.849, 0.042, 0.365, 0.4, 0.814, 0.032, 0.095, 0.264, 0.972, 0.278, 0.304, 0.412, 0.264, 0.643, 0.313, 0.201, 0.558, 0.024, 0.809, 0.424, 0.018, 0.544, 0.014, 0.413, 0.011, 0.908, 0.231, 0.238, 0.356, 0.704, 0.181, 0.271, 0.485, 0.008, 0.988, 0.4, 0.176, 0.138, 0.821, 0.201, 0.368, 0.006, 0.991, 0.28, 0.005, 0.464, 0.988, 0.314, 0.004, 0.304, 0.991, 0.003, 0.396, 0.213, 0.002, 0.778, 0.162, 0.002, 0.416, 0.811, 0.316, 0.134, 0.105, 0.764, 0.123, 0.001, 0.301, 0.91, 0.079, 0.229, 0.311, 0.001, 0.998, 0.423, 0.628, 0.236, 1.0, 0.06, 0.239, 0.241, 0.875, 0.477, 0.18, 0.183, 0.865, 0.046, 0.353, 0.102, 0.035, 0.681, 0.137, 0.139, 0.268, 0.778]
action_selection_prob
[0.5, 0.5, 0.5, 0.5, 0.5, 0.5, 0.5, 0.5, 0.5, 0.5, 0.5, 0.376, 0.463, 0.751, 0.437, 0.391, 0.445, 0.367, 0.339, 0.279, 0.437, 0.64, 0.842, 0.358, 0.327, 0.535, 0.113, 0.348, 0.67, 0.891, 0.612, 0.666, 0.875, 0.461, 0.271, 0.723, 0.737, 0.852, 0.585, 0.33, 0.603, 0.889, 0.68, 0.252, 0.455, 0.207, 0.251, 0.559, 0.722, 0.538, 0.649, 0.216, 0.796, 0.419, 0.732, 0.9, 0.598, 0.803, 0.859, 0.71, 0.453, 0.084, 0.501, 0.455, 0.891, 0.654, 0.658, 0.807, 0.744, 0.852, 0.91, 0.749, 0.881, 0.142, 0.198, 0.924, 0.465, 0.665, 0.668, 0.933, 0.772, 0.785, 0.213, 0.233, 0.107, 0.94, 0.617, 0.324, 0.845, 0.947, 0.29, 0.542, 0.869, 0.17, 0.71, 0.952, 0.373, 0.794, 0.895, 0.956, 0.502, 0.17, 0.524, 0.533, 0.829, 0.906, 0.41, 0.368, 0.922, 0.59, 0.602, 0.96, 0.676, 0.738, 0.962, 0.24, 0.965, 0.507, 0.967, 0.711, 0.752, 0.931, 0.779, 0.808, 0.939, 0.822, 0.848, 0.969, 0.147, 0.312, 0.819, 0.946, 0.701, 0.142, 0.876, 0.97, 0.238, 0.896, 0.972, 0.453, 0.335, 0.477, 0.973, 0.328, 0.541, 0.974, 0.404, 0.91, 0.975, 0.535, 0.921, 0.976, 0.677, 0.722, 0.676, 0.282, 0.951, 0.759, 0.929, 0.977, 0.592, 0.936, 0.955, 0.709, 0.941, 0.978, 0.78, 0.812, 0.529, 0.946, 0.979, 0.959, 0.159, 0.979, 0.802, 0.635, 0.948, 0.98, 0.409, 0.963, 0.165, 0.264, 0.965, 0.365, 0.952, 0.98, 0.365, 0.475]
results_dict
Dict{String,Any}("finalQSA_Hybrid_record" => [0.0 0.0; 19.83077179116491 19.931571260556062; 21.65146322911493 21.903213742601835; 13.200933810073575 17.162001548385437; 19.346986554501427 16.283394478880677; 17.722165836764784 14.339591862409458; 19.84439391333378 19.29221172151849],"final_PolicyParameters_MF" => [0.0 0.0; 2.9250207685269176 2.849003698032179; 3.456948957825727 3.6555633400184293; 0.6559560455459735 1.7711332661431676; 2.6514753507951196 1.6146075687956978; 1.9576062046732323 1.0001867151633697; 2.9376805876650067 2.7410698449432926],"final_Tsas" => [0.14285714285714285 0.14285714285714285; 0.002326890801850721 0.0017683474712557679; 0.006976050108159249 0.0003406569257808407; 0.0627013322405922 0.894417467045743; 0.00019674351608323058 0.02091429261435137; 0.9734964557527133 0.047650599771949326; 0.0010212940727809404 0.003061853448910985]

[0.14285714285714285 0.14285714285714285; 0.002326890801850721 0.0017683474712557679; 0.006976050108159249 0.515943033397845; 0.0627013322405922 3.7900945626162436e-5; 0.00019674351608323058 0.02091429261435137; 0.00019674351608323058 0.047650599771949326; 0.3353827668892717 0.7962079093306561]

[0.14285714285714285 0.14285714285714285; 0.4085674573571257 0.0017683474712557679; 0.006976050108159249 0.0003406569257808407; 0.0627013322405922 3.7900945626162436e-5; 0.00019674351608323058 0.2609527723533701; 0.00019674351608323058 0.7140964013683042; 0.1834413020563804 0.08312769614428903]

[0.14285714285714285 0.14285714285714285; 0.08239273349722875 0.06830545415655553; 0.6221166150485086 0.0003406569257808407; 0.0627013322405922 3.7900945626162436e-5; 0.8962614619905381 0.15954647920758794; 0.024528737053620304 0.047650599771949326; 0.0010212940727809404 0.003061853448910985]

[0.14285714285714285 0.14285714285714285; 0.48430825021567664 0.0017683474712557679; 0.006976050108159249 0.4823536819732509; 0.0627013322405922 3.7900945626162436e-5; 0.00019674351608323058 0.02091429261435137; 0.00019674351608323058 0.047650599771949326; 0.47709075476322427 0.10841698072941108]

[0.14285714285714285 0.14285714285714285; 0.002326890801850721 0.9228528084871658; 0.3430031344106953 0.0003406569257808407; 0.0627013322405922 0.10539302822612626; 0.10275482042904581 0.4958435779816367; 0.00019674351608323058 0.047650599771949326; 0.0010212940727809404 0.003061853448910985]

[0.14285714285714285 0.14285714285714285; 0.017750886524417 0.0017683474712557679; 0.006976050108159249 0.0003406569257808407; 0.623792006556447 3.7900945626162436e-5; 0.00019674351608323058 0.02091429261435137; 0.0011878331293335674 0.047650599771949326; 0.0010212940727809404 0.003061853448910985],"finalQSA_MB_record" => [0.0 0.0; 0.9440010255498881 0.9707893962961193; 0.9690513328130165 0.9429043855988903; 0.9337499914693892 0.996946312187694; 0.9692286576426047 0.9614637609649899; 0.9991023976587853 0.9462783815483541; 0.9426594860921472 0.9435573383255718])