DateTime of fitting: 2020-12-27T20:11:30.83
DATA_STATS
nr_subjects: 1
all_subject_ids: [20]
nr_puzzles: 1
nr_episodes: 52
nr_actions: 201
max_state_id: 7
max_action_id: 2
SUBJECT_SIGNALS
subject_id: 20
algorithm_name: hybrid_actorcritic_FWD
param_string: alpha=0.5343,
                eta_critic=0.002,
                gamma=0.9977,
                lambda_actor=0.7963,
                lambda_critic=0.4646,
                eta_fwd=0.2642,
                w_MB=12.1378,
                w_MF=2.8534
param_vector: [0.5342594210623725, 0.001974998404820681, 0.9977243693685557, 0.7963373610906365, 0.464583089585613, 0.2642047783591067, 12.137766448550089, 2.8534424548259083]
LL: -103.791
RPE
[0.0, 0.0, 0.0, 0.0, 0.0, 1.0, 0.002, 0.998, -0.001, -0.0, 0.0, 0.0, 0.999, 0.003, -0.004, 0.003, 0.997, 0.0, 0.004, 0.995, 0.0, 0.003, -0.003, -0.001, 0.0, 0.003, 0.996, 0.005, -0.004, 0.004, -0.004, 0.005, -0.001, -0.004, 0.004, -0.004, 0.005, 0.993, 0.001, -0.001, 0.005, -0.004, 0.006, 0.991, 0.009, 0.989, 0.001, 0.01, 0.987, 0.002, 0.011, 0.985, 0.0, 0.013, -0.015, 0.001, 0.013, 0.983, 0.002, 0.014, 0.981, 0.001, -0.001, 0.003, 0.015, 0.98, 0.001, 0.018, 0.978, 0.002, -0.002, 0.003, 0.018, 0.976, 0.004, -0.002, 0.021, 0.974, 0.004, -0.001, -0.002, 0.002, 0.022, -0.021, -0.0, -0.0, -0.0, -0.004, 0.004, -0.001, 0.022, -0.021, -0.0, -0.0, -0.0, 0.02, 0.972, -0.001, 0.005, 0.0, 0.021, 0.97, 0.005, -0.001, 0.001, 0.022, 0.968, 0.002, 0.002, 0.001, 0.023, 0.966, 0.001, 0.007, 0.024, 0.964, 0.009, 0.025, 0.962, 0.005, 0.004, -0.004, 0.991, 0.002, -0.002, 0.009, -0.003, 0.989, 0.009, 0.987, 0.002, 0.008, 0.985, 0.002, 0.032, 0.96, 0.036, 0.959, 0.011, 0.983, 0.036, 0.957, 0.011, 0.981, 0.036, 0.955, 0.003, 0.038, 0.953, 0.003, 0.011, -0.006, 0.034, 0.951, 0.009, 0.035, 0.949, 0.011, 0.979, 0.003, -0.003, 0.004, 0.012, 0.977, 0.013, 0.975, 0.002, 0.017, 0.973, 0.016, 0.971, 0.039, 0.947, 0.003, 0.044, 0.945, 0.042, 0.944, 0.015, 0.969, 0.008, 0.016, 0.967, -0.006, 0.023, 0.965, 0.008, 0.001, -0.001, 0.001, 0.019, 0.963, 0.008, 0.041, 0.942, 0.003, 0.047, 0.94, 0.043, 0.938, 0.019]
SPE
[0.857, 0.857, 0.857, 0.857, 0.857, 0.857, 0.857, 0.631, 0.631, 0.631, 0.631, 0.631, 0.857, 0.631, 0.857, 0.857, 0.631, 0.857, 0.631, 0.464, 0.464, 0.923, 0.631, 0.857, 0.464, 0.679, 0.464, 0.464, 0.464, 0.923, 0.341, 0.606, 0.631, 0.251, 0.764, 0.185, 0.592, 0.341, 0.341, 0.923, 0.341, 0.136, 0.436, 0.251, 0.958, 0.185, 0.341, 0.71, 0.136, 0.958, 0.321, 0.1, 0.251, 0.522, 0.988, 0.449, 0.384, 0.318, 0.783, 0.236, 0.234, 0.507, 0.606, 0.688, 0.174, 0.172, 0.539, 0.958, 0.127, 0.185, 0.592, 0.637, 0.128, 0.093, 0.449, 0.983, 0.283, 0.069, 0.33, 0.724, 0.436, 0.556, 0.208, 0.464, 0.513, 0.93, 0.377, 0.631, 0.243, 0.747, 0.153, 0.341, 0.468, 0.685, 0.345, 0.509, 0.051, 0.996, 0.179, 0.254, 0.375, 0.037, 0.631, 0.731, 0.187, 0.467, 0.027, 0.565, 0.921, 0.137, 0.344, 0.02, 0.977, 0.464, 0.253, 0.015, 0.991, 0.186, 0.011, 0.361, 0.101, 0.865, 0.341, 0.364, 0.321, 0.341, 0.636, 0.251, 0.266, 0.185, 0.416, 0.677, 0.136, 0.306, 0.52, 0.008, 0.966, 0.006, 0.408, 0.1, 0.787, 0.004, 0.485, 0.074, 0.69, 0.003, 0.225, 0.382, 0.002, 0.922, 0.527, 0.074, 0.533, 0.002, 0.938, 0.392, 0.001, 0.388, 0.054, 0.548, 0.236, 0.826, 0.285, 0.04, 0.21, 0.029, 0.561, 0.728, 0.022, 0.154, 0.016, 0.894, 0.001, 0.413, 0.471, 0.001, 0.658, 0.001, 0.52, 0.012, 0.788, 0.383, 0.009, 0.268, 0.659, 0.006, 0.251, 0.464, 0.991, 0.341, 0.282, 0.005, 0.933, 0.288, 0.0, 0.623, 0.519, 0.0, 0.794, 0.0, 0.417]
action_selection_prob
[0.5, 0.5, 0.5, 0.5, 0.5, 0.5, 0.445, 0.696, 0.387, 0.453, 0.592, 0.547, 0.351, 0.52, 0.219, 0.5, 0.6, 0.318, 0.648, 0.736, 0.529, 0.582, 0.374, 0.261, 0.392, 0.582, 0.627, 0.465, 0.328, 0.618, 0.328, 0.618, 0.193, 0.327, 0.619, 0.327, 0.619, 0.806, 0.514, 0.302, 0.486, 0.481, 0.721, 0.792, 0.526, 0.84, 0.572, 0.602, 0.87, 0.669, 0.784, 0.891, 0.337, 0.711, 0.906, 0.735, 0.71, 0.904, 0.782, 0.825, 0.916, 0.816, 0.222, 0.816, 0.853, 0.926, 0.841, 0.34, 0.933, 0.412, 0.536, 0.86, 0.875, 0.939, 0.499, 0.606, 0.379, 0.944, 0.593, 0.692, 0.436, 0.876, 0.566, 0.052, 0.692, 0.89, 0.692, 0.11, 0.594, 0.691, 0.566, 0.05, 0.692, 0.89, 0.692, 0.89, 0.95, 0.877, 0.618, 0.751, 0.887, 0.93, 0.116, 0.9, 0.793, 0.9, 0.936, 0.817, 0.603, 0.824, 0.91, 0.942, 0.315, 0.167, 0.919, 0.946, 0.563, 0.926, 0.95, 0.663, 0.847, 0.932, 0.152, 0.282, 0.328, 0.309, 0.937, 0.361, 0.623, 0.598, 0.535, 0.553, 0.731, 0.643, 0.679, 0.953, 0.723, 0.956, 0.786, 0.803, 0.826, 0.959, 0.855, 0.846, 0.875, 0.961, 0.718, 0.757, 0.963, 0.77, 0.891, 0.126, 0.941, 0.965, 0.794, 0.945, 0.967, 0.899, 0.751, 0.825, 0.193, 0.825, 0.909, 0.814, 0.918, 0.852, 0.848, 0.695, 0.878, 0.925, 0.896, 0.931, 0.968, 0.866, 0.767, 0.969, 0.936, 0.971, 0.941, 0.91, 0.88, 0.944, 0.92, 0.052, 0.813, 0.928, 0.108, 0.052, 0.119, 0.052, 0.881, 0.935, 0.842, 0.881, 0.972, 0.861, 0.845, 0.973, 0.814, 0.974, 0.846]
results_dict
Dict{String,Any}("finalQSA_Hybrid_record" => [0.0 0.0; 17.157106226997428 13.49891418184488; 19.360217119185535 16.59884169892427; 13.724338915575492 15.869897962340675; 16.10884098994302 17.99422092950478; 16.722969965023502 18.424854688527013; 15.190958333639308 17.151010353273236],"final_PolicyParameters_MF" => [0.0 0.0; 1.7590510420979741 0.48832759704334505; 2.5311962103368484 1.5827472802710116; 0.5741473383649629 1.317638245768494; 1.41714400263465 2.062143953955096; 1.6269942451407111 2.2146058281634238; 1.0884388426579399 1.7762875421153752],"final_Tsas" => [0.14285714285714285 0.14285714285714285; 0.9998514471635059 0.04187258882524848; 0.9965748582717774 0.00042003381951150395; 0.04187258882524848 6.665397255565268e-5; 0.009030558871360601 0.0005708569547037674; 0.006644642066293909 1.953682070474569e-5; 0.0308096507753517 4.904367450983249e-5]

[0.14285714285714285 0.14285714285714285; 4.213458362217127e-6 0.04187258882524848; 0.0005708569547037674 0.00042003381951150395; 0.04187258882524848 0.7877811881774337; 0.0864711252206381 0.6178997607823312; 0.006644642066293909 0.3056991249031309; 0.0308096507753517 4.904367450983249e-5]

[0.14285714285714285 0.14285714285714285; 4.213458362217127e-6 0.7487644670485091; 0.0005708569547037674 0.00042003381951150395; 0.04187258882524848 0.21188554195978798; 0.009030558871360601 0.3792459544441499; 0.006644642066293909 0.6934263663980338; 0.0308096507753517 4.904367450983249e-5]

[0.14285714285714285 0.14285714285714285; 4.213458362217127e-6 0.04187258882524848; 0.0005708569547037674 0.9453000357167961; 0.04187258882524848 6.665397255565268e-5; 0.009030558871360601 0.0005708569547037674; 0.2708494204254006 0.000796361416016307; 0.8151420953478898 0.23058108985411177]

[0.14285714285714285 0.14285714285714285; 4.213458362217127e-6 0.04187258882524848; 0.0005708569547037674 0.05259979518564642; 0.04187258882524848 6.665397255565268e-5; 0.009030558871360601 0.0005708569547037674; 0.590679925291839 1.953682070474569e-5; 0.0308096507753517 0.5415604705247307]

[0.14285714285714285 0.14285714285714285; 4.213458362217127e-6 0.04187258882524848; 0.0005708569547037674 0.00042003381951150395; 0.7487644670485091 6.665397255565268e-5; 0.050956463948006174 0.0005708569547037674; 0.006644642066293909 1.953682070474569e-5; 0.0308096507753517 0.22766226492311817]

[0.14285714285714285 0.14285714285714285; 0.00012748554468295858 0.04187258882524848; 0.0005708569547037674 0.00042003381951150395; 0.04187258882524848 6.665397255565268e-5; 0.8264501753459134 0.0005708569547037674; 0.11189208601758467 1.953682070474569e-5; 0.0308096507753517 4.904367450983249e-5],"finalQSA_MB_record" => [0.0 0.0; 0.9999990818023458 0.9973416429993203; 0.9999858251016834 0.9954522172073867; 0.9957387290242307 0.9977200587381525; 0.9940135731794257 0.997713366881425; 0.9952766762093004 0.997712341737825; 0.9956659315162818 0.9954445927817922])
POPULATION_SIGNALS
subject_id: 20
algorithm_name: hybrid_actorcritic_FWD
param_string: alpha=0.644,
                eta_critic=0.0002,
                gamma=0.972,
                lambda_actor=0.8563,
                lambda_critic=0.4629,
                eta_fwd=0.24,
                w_MB=12.1269,
                w_MF=2.8638
param_vector: [0.644030167544776, 0.00020351207271904898, 0.9720012726758733, 0.856341395594059, 0.4628830908282809, 0.24003847973901876, 12.126880916735841, 2.863789486249355]
LL: -105.315
RPE
[0.0, 0.0, 0.0, 0.0, 0.0, 1.0, 0.0, 1.0, -0.0, -0.0, 0.0, 0.0, 1.0, 0.0, -0.0, 0.0, 1.0, 0.0, 0.0, 1.0, 0.0, 0.0, -0.0, -0.0, 0.0, 0.0, 1.0, 0.0, -0.0, 0.0, -0.0, 0.0, -0.0, -0.0, 0.0, -0.0, 0.0, 0.999, 0.0, -0.0, 0.001, -0.0, 0.001, 0.999, 0.001, 0.999, 0.0, 0.001, 0.999, 0.0, 0.001, 0.998, 0.0, 0.001, -0.002, 0.0, 0.001, 0.998, 0.0, 0.001, 0.998, 0.0, -0.0, 0.0, 0.001, 0.998, 0.0, 0.002, 0.998, 0.0, -0.0, 0.0, 0.002, 0.997, 0.0, -0.0, 0.002, 0.997, 0.0, -0.0, -0.0, 0.0, 0.002, -0.002, -0.0, 0.0, -0.0, -0.0, 0.0, -0.0, 0.002, -0.002, -0.0, 0.0, -0.0, 0.002, 0.997, -0.0, 0.0, 0.0, 0.002, 0.997, 0.001, -0.0, 0.0, 0.002, 0.997, 0.0, 0.0, 0.0, 0.002, 0.996, 0.0, 0.001, 0.003, 0.996, 0.001, 0.003, 0.996, 0.001, 0.0, -0.0, 0.999, 0.0, -0.0, 0.001, -0.0, 0.999, 0.001, 0.999, 0.0, 0.001, 0.998, 0.0, 0.003, 0.996, 0.004, 0.996, 0.001, 0.998, 0.004, 0.995, 0.001, 0.998, 0.004, 0.995, 0.0, 0.004, 0.995, 0.0, 0.001, -0.001, 0.004, 0.995, 0.001, 0.004, 0.995, 0.001, 0.998, 0.0, -0.0, 0.0, 0.001, 0.998, 0.001, 0.997, 0.0, 0.002, 0.997, 0.002, 0.997, 0.004, 0.994, 0.0, 0.005, 0.994, 0.004, 0.994, 0.002, 0.997, 0.001, 0.002, 0.997, -0.001, 0.002, 0.996, 0.001, 0.0, -0.0, 0.0, 0.002, 0.996, 0.001, 0.004, 0.994, 0.0, 0.005, 0.994, 0.005, 0.993, 0.002]
SPE
[0.857, 0.857, 0.857, 0.857, 0.857, 0.857, 0.857, 0.651, 0.651, 0.651, 0.651, 0.651, 0.857, 0.651, 0.857, 0.857, 0.651, 0.857, 0.651, 0.495, 0.495, 0.917, 0.651, 0.857, 0.495, 0.697, 0.495, 0.495, 0.495, 0.917, 0.376, 0.616, 0.651, 0.286, 0.77, 0.217, 0.596, 0.376, 0.376, 0.917, 0.376, 0.165, 0.453, 0.286, 0.952, 0.217, 0.376, 0.708, 0.165, 0.952, 0.344, 0.125, 0.286, 0.538, 0.984, 0.457, 0.409, 0.313, 0.79, 0.262, 0.237, 0.504, 0.616, 0.696, 0.199, 0.18, 0.531, 0.952, 0.137, 0.217, 0.596, 0.642, 0.151, 0.104, 0.457, 0.979, 0.311, 0.079, 0.348, 0.744, 0.453, 0.547, 0.236, 0.495, 0.495, 0.92, 0.376, 0.651, 0.264, 0.749, 0.18, 0.376, 0.457, 0.699, 0.348, 0.489, 0.06, 0.995, 0.201, 0.264, 0.371, 0.046, 0.651, 0.729, 0.201, 0.455, 0.035, 0.556, 0.909, 0.153, 0.345, 0.026, 0.972, 0.495, 0.263, 0.02, 0.988, 0.2, 0.015, 0.356, 0.116, 0.851, 0.376, 0.366, 0.344, 0.376, 0.647, 0.286, 0.271, 0.217, 0.422, 0.691, 0.165, 0.321, 0.501, 0.012, 0.96, 0.009, 0.396, 0.125, 0.794, 0.007, 0.469, 0.095, 0.699, 0.005, 0.244, 0.381, 0.004, 0.919, 0.511, 0.088, 0.51, 0.003, 0.925, 0.388, 0.002, 0.388, 0.072, 0.53, 0.262, 0.826, 0.295, 0.055, 0.224, 0.042, 0.546, 0.726, 0.032, 0.17, 0.024, 0.881, 0.002, 0.415, 0.46, 0.001, 0.67, 0.001, 0.497, 0.018, 0.785, 0.378, 0.014, 0.278, 0.659, 0.011, 0.286, 0.495, 0.988, 0.376, 0.287, 0.008, 0.925, 0.295, 0.001, 0.605, 0.506, 0.001, 0.784, 0.0, 0.406]
action_selection_prob
[0.5, 0.5, 0.5, 0.5, 0.5, 0.5, 0.431, 0.787, 0.342, 0.447, 0.609, 0.566, 0.306, 0.526, 0.141, 0.501, 0.678, 0.286, 0.688, 0.818, 0.519, 0.625, 0.34, 0.21, 0.365, 0.623, 0.669, 0.451, 0.303, 0.628, 0.297, 0.632, 0.133, 0.297, 0.635, 0.293, 0.637, 0.863, 0.508, 0.25, 0.498, 0.516, 0.759, 0.821, 0.54, 0.87, 0.579, 0.61, 0.897, 0.701, 0.826, 0.915, 0.295, 0.746, 0.927, 0.772, 0.742, 0.914, 0.82, 0.858, 0.93, 0.851, 0.182, 0.85, 0.884, 0.94, 0.874, 0.336, 0.947, 0.417, 0.608, 0.89, 0.904, 0.953, 0.456, 0.692, 0.311, 0.957, 0.592, 0.769, 0.43, 0.905, 0.581, 0.039, 0.768, 0.918, 0.768, 0.085, 0.588, 0.763, 0.587, 0.039, 0.764, 0.919, 0.763, 0.917, 0.961, 0.907, 0.624, 0.813, 0.903, 0.929, 0.09, 0.917, 0.849, 0.914, 0.938, 0.824, 0.643, 0.871, 0.926, 0.945, 0.283, 0.157, 0.935, 0.95, 0.557, 0.942, 0.954, 0.682, 0.893, 0.948, 0.107, 0.243, 0.28, 0.348, 0.949, 0.373, 0.618, 0.666, 0.456, 0.557, 0.79, 0.626, 0.71, 0.952, 0.752, 0.956, 0.82, 0.849, 0.859, 0.958, 0.885, 0.882, 0.902, 0.961, 0.732, 0.793, 0.963, 0.794, 0.915, 0.096, 0.95, 0.966, 0.821, 0.953, 0.968, 0.922, 0.746, 0.852, 0.16, 0.852, 0.93, 0.825, 0.937, 0.868, 0.874, 0.689, 0.894, 0.943, 0.911, 0.947, 0.969, 0.891, 0.781, 0.97, 0.951, 0.972, 0.955, 0.924, 0.904, 0.958, 0.933, 0.04, 0.833, 0.94, 0.086, 0.044, 0.124, 0.043, 0.875, 0.946, 0.846, 0.87, 0.973, 0.87, 0.867, 0.974, 0.77, 0.976, 0.827]
results_dict
Dict{String,Any}("finalQSA_Hybrid_record" => [0.0 0.0; 17.56494911587446 13.830332648830591; 20.207505431881724 17.238405473650445; 13.888930241231364 15.986281064667605; 16.98733527773284 19.067455341014345; 18.18406441456247 19.746049520587285; 15.7977844577502 17.86552037839619],"final_PolicyParameters_MF" => [0.0 0.0; 1.8990063030836895 0.7354747376500281; 2.8229574374004414 2.0188737300906183; 0.8325634571652795 1.4666415657410627; 1.9961067772912298 2.543119247701101; 2.356751737792705 2.7803218143710904; 1.5028769866833185 2.238472103802971],"final_Tsas" => [0.14285714285714285 0.14285714285714285; 0.9996729182063552 0.047650599771949326; 0.9938722355633144 0.0007761441961841327; 0.047650599771949326 0.00014951750158410273; 0.012078872184704168 0.0010212940727809404; 0.00917947806852586 4.987219038820114e-5; 0.03621262224403818 0.00011362754780947839]

[0.14285714285714285 0.14285714285714285; 1.2642019537074753e-5 0.047650599771949326; 0.0010212940727809404 0.0007761441961841327; 0.047650599771949326 0.7761449478171624; 0.0921447148800822 0.6156595655558157; 0.00917947806852586 0.3069128060982359; 0.03621262224403818 0.00011362754780947839]

[0.14285714285714285 0.14285714285714285; 1.2642019537074753e-5 0.7140964013683042; 0.0010212940727809404 0.0007761441961841327; 0.047650599771949326 0.2231074646749172; 0.012078872184704168 0.3792339640802799; 0.00917947806852586 0.691533701639451; 0.03621262224403818 0.00011362754780947839]

[0.14285714285714285 0.14285714285714285; 1.2642019537074753e-5 0.047650599771949326; 0.0010212940727809404 0.9330558508347474; 0.047650599771949326 0.00014951750158410273; 0.012078872184704168 0.0010212940727809404; 0.2492179578075446 0.0013540035007603146; 0.7827242665357711 0.22590047887167733]

[0.14285714285714285 0.14285714285714285; 1.2642019537074753e-5 0.047650599771949326; 0.0010212940727809404 0.06306342818433197; 0.047650599771949326 0.00014951750158410273; 0.012078872184704168 0.0010212940727809404; 0.5995295245693262 4.987219038820114e-5; 0.03621262224403818 0.5405762037185669]

[0.14285714285714285 0.14285714285714285; 1.2642019537074753e-5 0.047650599771949326; 0.0010212940727809404 0.0007761441961841327; 0.7140964013683042 0.00014951750158410273; 0.05832022005675578 0.0010212940727809404; 0.00917947806852586 4.987219038820114e-5; 0.03621262224403818 0.233068807218518]

[0.14285714285714285 0.14285714285714285; 0.0002638716959594451 0.047650599771949326; 0.0010212940727809404 0.0007761441961841327; 0.047650599771949326 0.00014951750158410273; 0.8012195763243455 0.0010212940727809404; 0.11453460534902596 4.987219038820114e-5; 0.03621262224403818 0.00011362754780947839],"finalQSA_MB_record" => [0.0 0.0; 0.9999764104586443 0.9667859967007193; 0.9996923285415233 0.9447476059946843; 0.9486922054038425 0.9719010636655822; 0.9294191090544417 0.9717665655373366; 0.9429325460485728 0.9717465749713786; 0.9477999689877976 0.9445931948632829])