DateTime of fitting: 2020-02-09T16:12:57.493
DATA_STATS
nr_subjects: 1
all_subject_ids: [10]
nr_puzzles: 1
nr_episodes: 59
nr_actions: 188
max_state_id: 7
max_action_id: 2
SUBJECT_SIGNALS
subject_id: 10
algorithm_name: Forward Learner
param_string: eta=0.1809, gamma=0.9837,
                temp=0.0102,
                initTsas=nothing, initR=nothing
param_vector: [0.1809266413328229, 0.9837131016241568, 0.01015257854963709]
LL: -94.279
RPE
Float64[]
SPE
[0.857, 0.857, 0.857, 0.857, 0.857, 0.702, 0.857, 0.857, 0.857, 0.575, 0.702, 0.702, 0.857, 0.575, 0.575, 0.702, 0.471, 0.471, 0.471, 0.386, 0.936, 0.857, 0.497, 0.575, 0.316, 0.407, 0.386, 0.259, 0.333, 0.921, 0.316, 0.212, 0.273, 0.936, 0.702, 0.645, 0.174, 0.224, 0.528, 0.976, 0.575, 0.433, 0.297, 0.183, 0.259, 0.836, 0.471, 0.354, 0.38, 0.15, 0.212, 0.742, 0.386, 0.29, 0.436, 0.987, 0.174, 0.357, 0.282, 0.238, 0.737, 0.316, 0.195, 0.421, 0.231, 0.142, 0.675, 0.259, 0.116, 0.463, 0.189, 0.984, 0.702, 0.155, 0.16, 0.634, 0.212, 0.131, 0.492, 0.127, 0.967, 0.259, 0.403, 0.104, 0.212, 0.677, 0.174, 0.174, 0.451, 0.085, 0.269, 0.635, 0.142, 0.22, 0.484, 0.07, 0.18, 0.607, 0.116, 0.148, 0.505, 0.057, 0.121, 0.588, 0.095, 0.099, 0.52, 0.047, 0.142, 0.576, 0.078, 0.117, 0.53, 0.038, 0.081, 0.567, 0.064, 0.096, 0.536, 0.031, 0.078, 0.561, 0.052, 0.066, 0.541, 0.026, 0.064, 0.558, 0.043, 0.052, 0.544, 0.021, 0.054, 0.555, 0.035, 0.045, 0.546, 0.017, 0.037, 0.553, 0.029, 0.043, 0.547, 0.014, 0.03, 0.552, 0.024, 0.035, 0.548, 0.012, 0.024, 0.551, 0.019, 0.02, 0.549, 0.009, 0.029, 0.551, 0.016, 0.024, 0.549, 0.008, 0.019, 1.0, 0.016, 0.549, 0.006, 0.013, 0.698, 0.013, 0.011, 0.549, 0.005, 0.016, 0.649, 0.011, 0.013, 0.549, 0.004, 0.993, 0.011, 0.45, 0.003, 0.999, 0.009, 0.009, 0.369, 0.0]
action_selection_prob
[0.5, 0.5, 0.5, 0.48, 0.488, 0.433, 0.499, 0.497, 0.568, 0.367, 0.558, 0.775, 0.531, 0.612, 0.882, 0.465, 0.684, 0.925, 0.376, 0.74, 0.943, 0.528, 0.895, 0.428, 0.724, 0.931, 0.379, 0.772, 0.945, 0.466, 0.42, 0.789, 0.951, 0.424, 0.744, 0.418, 0.795, 0.947, 0.405, 0.81, 0.825, 0.384, 0.765, 0.946, 0.391, 0.782, 0.872, 0.362, 0.759, 0.945, 0.377, 0.772, 0.897, 0.349, 0.76, 0.943, 0.394, 0.683, 0.907, 0.307, 0.749, 0.928, 0.315, 0.746, 0.916, 0.339, 0.758, 0.934, 0.341, 0.756, 0.92, 0.342, 0.505, 0.926, 0.322, 0.76, 0.934, 0.32, 0.757, 0.926, 0.318, 0.332, 0.758, 0.93, 0.333, 0.767, 0.936, 0.334, 0.764, 0.931, 0.288, 0.768, 0.939, 0.293, 0.767, 0.931, 0.298, 0.77, 0.941, 0.301, 0.769, 0.932, 0.305, 0.771, 0.942, 0.307, 0.771, 0.932, 0.348, 0.772, 0.944, 0.348, 0.772, 0.932, 0.311, 0.774, 0.945, 0.352, 0.773, 0.932, 0.355, 0.774, 0.946, 0.313, 0.774, 0.933, 0.357, 0.775, 0.946, 0.357, 0.775, 0.933, 0.316, 0.776, 0.947, 0.317, 0.776, 0.933, 0.319, 0.776, 0.947, 0.36, 0.776, 0.933, 0.32, 0.777, 0.947, 0.361, 0.777, 0.933, 0.321, 0.777, 0.948, 0.321, 0.777, 0.933, 0.363, 0.777, 0.948, 0.363, 0.777, 0.933, 0.364, 0.777, 0.247, 0.707, 0.938, 0.263, 0.723, 0.951, 0.273, 0.734, 0.937, 0.324, 0.742, 0.95, 0.331, 0.749, 0.936, 0.296, 0.338, 0.755, 0.935, 0.268, 0.95, 0.343, 0.759, 0.0]
results_dict
Dict{String,Any}("QSA_record" => [0.0, 0.0, 0.0, 0.9090405532900158, 0.9143153322775392, 0.9154226449510326, 0.9184740135525739, 0.9204745040264081, 0.9211704314085432, 0.9216658262474088, 0.927096593086296, 0.9425894796276294, 0.933438132779494, 0.9369833448098568, 0.9580886506007193, 0.9356367137474099, 0.9444728232301205, 0.9686564315268174, 0.9396625755994593, 0.9526472719404205, 0.976534704999146, 0.9485140260863005, 0.9679625215584431, 0.9420035966322498, 0.9533567079572602, 0.9746122157151355, 0.944266986945321, 0.9592171387100152, 0.9805737726912426, 0.9492687803311028, 0.9507422727304298, 0.9651381590590974, 0.9851353544672236, 0.9506814550062359, 0.9641524606855499, 0.951875865159473, 0.9695596489257662, 0.9889113203698895, 0.955304432621132, 0.9724011056201994, 0.9735322250446911, 0.9551997983321916, 0.9709398978164422, 0.9914794374642306, 0.958257292734531, 0.9733220858102388, 0.9797104292668166, 0.9574267146084345, 0.9729069158880976, 0.9933837281497492, 0.9598071510852052, 0.9748392528768228, 0.9843006221525683, 0.9593556791774797, 0.9748640532984211, 0.9948144452014331, 0.960937585767068, 0.9707165933684451, 0.9859194253922942, 0.9558094485608183, 0.9713100307215446, 0.9865045667549077, 0.9568564215723884, 0.972321328569598, 0.9887268943169004, 0.9580942587247401, 0.9739188098585388, 0.9895682534615183, 0.959197739958228, 0.9748703502361696, 0.9911303110283944, 0.9599806059083706, 0.9686821088770434, 0.9928907136953625, 0.9612958884427221, 0.9770141723035733, 0.9920908559643516, 0.9618165299613561, 0.9776062614829651, 0.9943752052630381, 0.9625221230939222, 0.961982973929256, 0.9784306017145298, 0.9954553398418099, 0.9622764641986026, 0.9791503756452589, 0.9938255521061568, 0.962689506466304, 0.9794050732368029, 0.9963442262260959, 0.9624119372658629, 0.9799872942238655, 0.9950620923062679, 0.962864316045757, 0.9802301940010032, 0.9970516381706427, 0.9635626224776016, 0.9806815879686216, 0.9960335054355178, 0.9638910600543082, 0.9808960438749987, 0.9976150531982959, 0.9644498060092447, 0.9812494172793303, 0.9968021932949502, 0.964690218341797, 0.9814320885653107, 0.9980661713448294, 0.9651830659808484, 0.9817110733193721, 0.9974142694164313, 0.9653640657141009, 0.9818636534568493, 0.9984289386488101, 0.9655366656522851, 0.9820854689252013, 0.9979041633733975, 0.9657871779417494, 0.982211514797105, 0.9987216785351318, 0.9660612324418677, 0.9823888982056093, 0.9982979298070411, 0.9660006677080484, 0.982492375951699, 0.9989585749933444, 0.9663599289641512, 0.9826348924945032, 0.9986155293021082, 0.9664470620007128, 0.9827195511133039, 0.9991507168333538, 0.9664694720833736, 0.9828344856435303, 0.9988724201772634, 0.9665625191218972, 0.9829036249868514, 0.9993068453846359, 0.9667336366378402, 0.9829965953674734, 0.9990806863146996, 0.9668386552060582, 0.9830530161935033, 0.9994338991220582, 0.9669085276524167, 0.9831284015353076, 0.9992498490945078, 0.9669936713933382, 0.983174434109002, 0.9995374168978524, 0.9670512728539619, 0.9832356789104613, 0.999387461151259, 0.9670969411012116, 0.9832732405261172, 0.9996218409711577, 0.9671903882813394, 0.9833230745240578, 0.9994995470678488, 0.9672241137024201, 0.9833537329916121, 0.9996907477768769, 0.9672934535485972, 0.983394332833023, 0.9630136307215054, 0.9788779051606528, 0.9997412852995182, 0.9636925114579415, 0.9797066379539076, 0.9995805883442996, 0.9643717510497679, 0.980405454024928, 0.9997896899455201, 0.9649894571648105, 0.9810016867339736, 0.9996599065105013, 0.9654391338900918, 0.9814681980126466, 0.9998287824129632, 0.9658231965735907, 0.9658607712472637, 0.9818685172595791, 0.9998600875425184, 0.9644747052327014, 0.9997236748738013, 0.9661852131096562, 0.9822126601775547, 0.0],"final_Tsas" => Dict{Int64,Any}(1 => [0.14285714285714285 0.14285714285714285; 0.11701047980959672 1.6379535154405127e-6; 0.11701047980959672 0.00016139020284237812; 0.11701047980959672 0.9928747449335066; 0.11701047980959672 0.0958401666969043; 0.9971421575480851 0.14285714285714285; 0.14285714285714285 0.00035857992046629957]

[0.14285714285714285 0.14285714285714285; 0.11701047980959672 1.6379535154405127e-6; 0.11701047980959672 0.6648244669016672; 0.11701047980959672 0.0011875425110822423; 0.11701047980959672 0.0958401666969043; 0.00010827364760562502 0.14285714285714285; 0.14285714285714285 0.9928675619568551]

[0.14285714285714285 0.14285714285714285; 0.11701047980959672 0.04474845236182194; 0.11701047980959672 0.00016139020284237812; 0.11701047980959672 0.0011875425110822423; 0.11701047980959672 0.0958401666969043; 0.00010827364760562502 0.14285714285714285; 0.14285714285714285 0.00035857992046629957]

[0.14285714285714285 0.14285714285714285; 0.11701047980959672 0.25718627937569044; 0.29793712114241966 0.18164248324601576; 0.11701047980959672 0.0011875425110822423; 0.29793712114241966 0.0958401666969043; 0.00010827364760562502 0.14285714285714285; 0.14285714285714285 0.00035857992046629957]

[0.14285714285714285 0.14285714285714285; 0.29793712114241966 1.6379535154405127e-6; 0.11701047980959672 0.00016139020284237812; 0.11701047980959672 0.0011875425110822423; 0.11701047980959672 0.0958401666969043; 0.0004802448580232246 0.14285714285714285; 0.14285714285714285 0.005339538440813558]

[0.14285714285714285 0.14285714285714285; 0.11701047980959672 0.6980587164484259; 0.11701047980959672 0.00016139020284237812; 0.11701047980959672 0.0011875425110822423; 0.11701047980959672 0.4249589998185742; 0.00010827364760562502 0.14285714285714285; 0.14285714285714285 0.00035857992046629957]

[0.14285714285714285 0.14285714285714285; 0.11701047980959672 1.6379535154405127e-6; 0.11701047980959672 0.15288748904094757; 0.29793712114241966 0.0011875425110822423; 0.11701047980959672 0.0958401666969043; 0.0019445030034691401 0.14285714285714285; 0.14285714285714285 0.00035857992046629957]),"final_Reward" => Dict{Int64,Any}(1 => [1.0, 0.0, 0.0, 0.0, 0.0, 0.0, 0.0]),"final_Qsa" => [0.0 0.0; 0.9705594531019547 0.9824646436072627; 0.9747576138046049 0.9681074864717795; 0.9699591738394312 0.9997741674355812; 0.974761465425237 0.976376938851919; 0.9998856580059341 0.9728371350754776; 0.9728371350754776 0.966449527512894])
POPULATION_SIGNALS
subject_id: 10
algorithm_name: Forward Learner
param_string: eta=0.1692, gamma=0.9856,
                temp=0.0118,
                initTsas=nothing, initR=nothing
param_vector: [0.16921432907904174, 0.9855564353951695, 0.011831814925089175]
LL: -95.39
RPE
Float64[]
SPE
[0.857, 0.857, 0.857, 0.857, 0.857, 0.712, 0.857, 0.857, 0.857, 0.592, 0.712, 0.712, 0.857, 0.592, 0.592, 0.712, 0.491, 0.491, 0.491, 0.408, 0.932, 0.857, 0.508, 0.592, 0.339, 0.422, 0.408, 0.282, 0.351, 0.918, 0.339, 0.234, 0.292, 0.932, 0.712, 0.649, 0.195, 0.242, 0.539, 0.973, 0.592, 0.448, 0.303, 0.201, 0.282, 0.841, 0.491, 0.372, 0.379, 0.167, 0.234, 0.75, 0.408, 0.309, 0.431, 0.985, 0.195, 0.358, 0.285, 0.257, 0.74, 0.339, 0.213, 0.416, 0.236, 0.162, 0.68, 0.282, 0.134, 0.456, 0.196, 0.981, 0.712, 0.163, 0.177, 0.638, 0.234, 0.147, 0.484, 0.136, 0.963, 0.262, 0.402, 0.113, 0.218, 0.676, 0.195, 0.181, 0.447, 0.094, 0.271, 0.636, 0.162, 0.225, 0.478, 0.078, 0.187, 0.608, 0.134, 0.155, 0.499, 0.065, 0.129, 0.589, 0.112, 0.107, 0.514, 0.054, 0.15, 0.576, 0.093, 0.125, 0.524, 0.045, 0.089, 0.567, 0.077, 0.104, 0.531, 0.037, 0.086, 0.56, 0.064, 0.074, 0.535, 0.031, 0.072, 0.556, 0.053, 0.059, 0.539, 0.026, 0.061, 0.553, 0.044, 0.051, 0.541, 0.021, 0.042, 0.551, 0.037, 0.049, 0.543, 0.018, 0.035, 0.549, 0.03, 0.041, 0.544, 0.015, 0.029, 0.548, 0.025, 0.024, 0.545, 0.012, 0.034, 0.548, 0.021, 0.028, 0.545, 0.01, 0.024, 1.0, 0.02, 0.545, 0.008, 0.017, 0.688, 0.017, 0.014, 0.546, 0.007, 0.02, 0.644, 0.015, 0.016, 0.546, 0.006, 0.991, 0.013, 0.453, 0.005, 0.999, 0.012, 0.011, 0.377, 0.0]
action_selection_prob
[0.5, 0.5, 0.5, 0.481, 0.488, 0.452, 0.5, 0.497, 0.549, 0.403, 0.541, 0.711, 0.513, 0.582, 0.819, 0.477, 0.632, 0.868, 0.405, 0.677, 0.892, 0.521, 0.836, 0.448, 0.666, 0.878, 0.407, 0.707, 0.896, 0.473, 0.436, 0.724, 0.904, 0.443, 0.685, 0.437, 0.73, 0.9, 0.428, 0.745, 0.757, 0.412, 0.706, 0.899, 0.416, 0.721, 0.804, 0.396, 0.701, 0.897, 0.406, 0.713, 0.833, 0.386, 0.702, 0.895, 0.418, 0.642, 0.853, 0.355, 0.694, 0.869, 0.36, 0.69, 0.863, 0.378, 0.702, 0.878, 0.378, 0.7, 0.867, 0.379, 0.506, 0.874, 0.365, 0.703, 0.879, 0.363, 0.701, 0.875, 0.362, 0.372, 0.702, 0.879, 0.372, 0.71, 0.881, 0.372, 0.707, 0.88, 0.34, 0.712, 0.885, 0.342, 0.71, 0.88, 0.346, 0.713, 0.889, 0.348, 0.712, 0.881, 0.351, 0.714, 0.891, 0.352, 0.714, 0.881, 0.384, 0.716, 0.893, 0.384, 0.715, 0.881, 0.356, 0.717, 0.895, 0.386, 0.717, 0.881, 0.389, 0.718, 0.896, 0.358, 0.718, 0.882, 0.391, 0.719, 0.897, 0.39, 0.718, 0.882, 0.36, 0.719, 0.898, 0.361, 0.719, 0.882, 0.362, 0.72, 0.899, 0.393, 0.72, 0.882, 0.363, 0.72, 0.899, 0.394, 0.72, 0.882, 0.364, 0.721, 0.9, 0.364, 0.721, 0.882, 0.396, 0.721, 0.9, 0.396, 0.721, 0.882, 0.397, 0.721, 0.306, 0.665, 0.889, 0.318, 0.677, 0.905, 0.326, 0.685, 0.887, 0.365, 0.691, 0.904, 0.37, 0.697, 0.885, 0.343, 0.375, 0.701, 0.885, 0.321, 0.903, 0.379, 0.705, 0.0]
results_dict
Dict{String,Any}("QSA_record" => [0.0, 0.0, 0.0, 0.915113203011945, 0.9208026264813269, 0.9227267865183468, 0.9253526481469854, 0.9275393634514351, 0.9283079374425219, 0.9291342451074661, 0.9336562747644793, 0.947023056771409, 0.9366299644195972, 0.9398156783707707, 0.9598240269052905, 0.9404729397556693, 0.9480670921250681, 0.9698766716567473, 0.9446929001370071, 0.9556878173683379, 0.9771852255742521, 0.9527346602566172, 0.9701981103560314, 0.9473594833022617, 0.9569552371461046, 0.9760551502882855, 0.9492941222824546, 0.9621042935743828, 0.9813954734148974, 0.9537036888229379, 0.9549423957539261, 0.9674750950776334, 0.9855693824345615, 0.95517092570385, 0.9668133038211641, 0.9562512743325675, 0.9715784510357884, 0.9890882457658351, 0.9592524383450312, 0.9742203520868795, 0.9751669886895924, 0.9592993304961768, 0.973074248844579, 0.9915127377294605, 0.9620504387801324, 0.9752605745952082, 0.9807088570172858, 0.9613736539189155, 0.9749495362600825, 0.9933273198252619, 0.9635311517134897, 0.9767337922746284, 0.9848751986371416, 0.9631598516457365, 0.976786016148964, 0.9947058168151794, 0.964597738230187, 0.9734073045994703, 0.9872815695286694, 0.960331448863463, 0.9739159983984939, 0.9868982433770166, 0.961121897919852, 0.9747424181838497, 0.9896740562929887, 0.9623364227858121, 0.9761969750006598, 0.9897184170345307, 0.9632309581541061, 0.9770134996452637, 0.9917638995045233, 0.9639784061612763, 0.9715551038911104, 0.9933106577124153, 0.9651279112097916, 0.9789874664770973, 0.9920936992229431, 0.9655640802512073, 0.9795109001835152, 0.9946363874362595, 0.9662466481767629, 0.9658370591151237, 0.9803031319976349, 0.9956071323319461, 0.9660983536661101, 0.9809795419807181, 0.9937482530633086, 0.9664332141191905, 0.9812094597708, 0.9964197726056176, 0.9663175471063274, 0.9817708426851037, 0.9949345856506859, 0.9666752055074983, 0.9819935301419115, 0.9970747907328497, 0.9673113784382509, 0.9824356487281815, 0.995877916357179, 0.9675773410244034, 0.9826353936186027, 0.9976027139397656, 0.9681000664070062, 0.9829864304185737, 0.9966333383092728, 0.9682993209575823, 0.9831593119701622, 0.9980305029151597, 0.9688068215835778, 0.9834401169533636, 0.9972420589980482, 0.9689559179126818, 0.9835867945602556, 0.9983786998795454, 0.9691226620380858, 0.9838128779113676, 0.9977351382348558, 0.9693597273161251, 0.9839358969139324, 0.9986631518601525, 0.9696278163358387, 0.98411892400988, 0.9981362882881758, 0.9695649949313636, 0.9842214103417781, 0.9988962253646178, 0.9699192749235347, 0.9843702613837988, 0.9984638295446314, 0.9699942555662224, 0.9844553153571202, 0.9990876686907353, 0.9700362783580915, 0.9845768316131455, 0.9987320696381241, 0.9701166309104124, 0.9846472717705599, 0.9992452330657269, 0.9702902330234425, 0.9847467828079792, 0.9989522886955587, 0.9703937788669031, 0.9848050615795314, 0.9993751271223041, 0.9704670085240564, 0.9848867610729074, 0.999133453293649, 0.9705519061175182, 0.9849349612585717, 0.9994823546089086, 0.9706131996844128, 0.9850021781084699, 0.999282741363503, 0.9706546723463979, 0.9850420441702787, 0.9995709690172304, 0.9707612591671718, 0.9850974407827903, 0.9994059335615412, 0.9707916175848104, 0.9851304221614463, 0.9996442681455242, 0.9708664327170995, 0.9851761415216628, 0.9672892794441614, 0.9813957790586518, 0.9996984106481345, 0.9678162702879675, 0.9820542064605814, 0.9994957017522577, 0.9683549893183756, 0.9826125369415103, 0.9997512480297577, 0.9688762510485122, 0.9831051257525726, 0.9995850883157741, 0.9692432204747237, 0.9834901588184342, 0.9997945815620345, 0.969568768725948, 0.9696100261845796, 0.9838319911599335, 0.9998297489129833, 0.9684505470300782, 0.9996581107142415, 0.9698910787907322, 0.9841354589434481, 0.0],"final_Tsas" => Dict{Int64,Any}(1 => [0.14285714285714285 0.14285714285714285; 0.1186836672744226 3.679381417340006e-6; 0.1186836672744226 0.0002615338282359064; 0.1186836672744226 0.9899818126888569; 0.1186836672744226 0.09860069014394096; 0.9959960898369928 0.14285714285714285; 0.14285714285714285 0.0005489994146182081]

[0.14285714285714285 0.14285714285714285; 0.1186836672744226 3.679381417340006e-6; 0.1186836672744226 0.6822053815111239; 0.1186836672744226 0.0016696978851905241; 0.1186836672744226 0.09860069014394096; 0.000180511911720331 0.14285714285714285; 0.14285714285714285 0.9906909556255629]

[0.14285714285714285 0.14285714285714285; 0.1186836672744226 0.0462268910794847; 0.1186836672744226 0.0002615338282359064; 0.1186836672744226 0.0016696978851905241; 0.1186836672744226 0.09860069014394096; 0.000180511911720331 0.14285714285714285; 0.14285714285714285 0.0005489994146182081]

[0.14285714285714285 0.14285714285714285; 0.1186836672744226 0.2667450774355613; 0.28789799635346436 0.17025860386686228; 0.1186836672744226 0.0016696978851905241; 0.28789799635346436 0.09860069014394096; 0.000180511911720331 0.14285714285714285; 0.14285714285714285 0.0005489994146182081]

[0.14285714285714285 0.14285714285714285; 0.28789799635346436 3.679381417340006e-6; 0.1186836672744226 0.0002615338282359064; 0.1186836672744226 0.0016696978851905241; 0.1186836672744226 0.09860069014394096; 0.0007207635034531699 0.14285714285714285; 0.14285714285714285 0.006564047301346097]

[0.14285714285714285 0.14285714285714285; 0.1186836672744226 0.6870133139592844; 0.1186836672744226 0.0002615338282359064; 0.1186836672744226 0.0016696978851905241; 0.1186836672744226 0.40839585913635423; 0.000180511911720331 0.14285714285714285; 0.14285714285714285 0.0005489994146182081]

[0.14285714285714285 0.14285714285714285; 0.1186836672744226 3.679381417340006e-6; 0.1186836672744226 0.14648987930907018; 0.28789799635346436 0.0016696978851905241; 0.1186836672744226 0.09860069014394096; 0.002561099012672668 0.14285714285714285; 0.14285714285714285 0.0005489994146182081]),"final_Reward" => Dict{Int64,Any}(1 => [1.0, 0.0, 0.0, 0.0, 0.0, 0.0, 0.0]),"final_Qsa" => [0.0 0.0; 0.9738369871413536 0.9843534102696901; 0.9773634430635262 0.9714757982194906; 0.9733650349596897 0.9997166370735604; 0.9773670373461566 0.9787489553812384; 0.9998589015086822 0.9757595014961659; 0.9757595014961659 0.9701242472114089])