DateTime of fitting: 2020-12-27T19:33:22.713
DATA_STATS
nr_subjects: 1
all_subject_ids: [1]
nr_puzzles: 1
nr_episodes: 53
nr_actions: 186
max_state_id: 7
max_action_id: 2
SUBJECT_SIGNALS
subject_id: 1
algorithm_name: hybrid_actorcritic_FWD
param_string: alpha=0.5619,
                eta_critic=0.0011,
                gamma=0.8499,
                lambda_actor=0.8687,
                lambda_critic=0.4765,
                eta_fwd=0.0373,
                w_MB=12.11,
                w_MF=2.8504
param_vector: [0.5619323047417599, 0.0010599994081242868, 0.8499147143121717, 0.8687136461753824, 0.4764795645297821, 0.037330400870548903, 12.110036164833915, 2.8503775279124524]
LL: -79.571
RPE
[0.0, 0.0, 0.0, 1.0, 0.001, -0.001, 0.0, 0.0, 0.0, 0.0, -0.001, 0.0, 1.0, 0.0, 0.001, 0.999, 0.001, 0.002, 0.997, 0.001, 0.002, 0.996, 0.001, 0.002, -0.004, -0.0, 0.001, -0.001, 0.004, -0.004, -0.0, 0.001, -0.001, 0.004, 0.995, 0.001, -0.001, 0.001, 0.0, -0.001, -0.0, 0.001, -0.0, -0.001, 0.004, 0.994, 0.001, -0.0, 0.004, 0.993, 0.001, -0.002, 0.001, 0.005, 0.992, 0.001, -0.0, 0.005, 0.991, 0.001, -0.001, 0.002, 0.006, 0.99, 0.001, -0.001, 0.002, 0.006, 0.989, 0.001, 0.008, 0.988, 0.001, 0.0, -0.002, 0.001, 0.001, -0.003, 0.002, 0.008, 0.987, 0.002, 0.008, 0.986, 0.001, -0.002, 0.003, 0.009, 0.985, 0.003, 0.009, 0.984, 0.003, 0.01, 0.983, 0.001, 0.013, 0.982, 0.0, 0.0, 0.014, 0.981, 0.003, 0.012, 0.98, 0.001, 0.015, 0.979, 0.003, -0.005, 0.003, 0.013, 0.978, 0.001, 0.016, 0.977, 0.004, 0.014, 0.975, 0.004, 0.015, 0.974, -0.0, 0.998, 0.0, 0.997, 0.02, 0.973, 0.004, 0.016, -0.021, 0.016, 0.972, 0.0, 0.996, 0.021, 0.971, 0.005, 0.018, 0.97, 0.022, 0.969, 0.005, 0.019, 0.968, -0.0, 0.995, 0.023, 0.967, -0.0, 0.994, 0.023, 0.966, -0.0, 0.993, 0.023, 0.965, -0.0, 0.992, 0.005, 0.022, 0.964, 0.0, 0.99, -0.0, 0.022, 0.963, 0.001, 0.989, 0.023, 0.962, 0.006, 0.024, 0.961, 0.001, 0.988, 0.006, 0.001, 0.987, 0.001, 0.008, 0.986, 0.003, 0.985, 0.023, 0.96]
SPE
[0.857, 0.857, 0.857, 0.857, 0.857, 0.857, 0.857, 0.825, 0.825, 0.825, 0.825, 0.857, 0.857, 0.794, 0.794, 0.825, 0.857, 0.765, 0.794, 0.765, 0.736, 0.765, 0.736, 0.709, 0.877, 0.825, 0.825, 0.794, 0.825, 0.845, 0.794, 0.794, 0.765, 0.794, 0.755, 0.825, 0.857, 0.857, 0.873, 0.736, 0.765, 0.709, 0.886, 0.709, 0.773, 0.727, 0.765, 0.886, 0.694, 0.7, 0.682, 0.825, 0.825, 0.745, 0.674, 0.736, 0.853, 0.668, 0.649, 0.794, 0.877, 0.794, 0.643, 0.625, 0.765, 0.746, 0.882, 0.619, 0.601, 0.736, 0.717, 0.579, 0.882, 0.705, 0.718, 0.72, 0.828, 0.794, 0.765, 0.596, 0.557, 0.886, 0.574, 0.536, 0.73, 0.691, 0.855, 0.552, 0.516, 0.736, 0.532, 0.497, 0.823, 0.512, 0.479, 0.703, 0.69, 0.461, 0.715, 0.862, 0.664, 0.444, 0.657, 0.493, 0.427, 0.895, 0.639, 0.411, 0.646, 0.873, 0.622, 0.474, 0.396, 0.871, 0.616, 0.381, 0.709, 0.457, 0.367, 0.864, 0.44, 0.353, 0.688, 0.832, 0.663, 0.801, 0.91, 0.34, 0.682, 0.423, 0.951, 0.407, 0.352, 0.652, 0.771, 0.88, 0.339, 0.657, 0.392, 0.326, 0.847, 0.314, 0.632, 0.378, 0.303, 0.655, 0.742, 0.823, 0.291, 0.644, 0.714, 0.8, 0.28, 0.634, 0.688, 0.778, 0.27, 0.625, 0.662, 0.832, 0.364, 0.26, 0.602, 0.637, 0.882, 0.35, 0.25, 0.595, 0.613, 0.785, 0.241, 0.609, 0.337, 0.232, 0.589, 0.591, 0.902, 0.567, 0.568, 0.7, 0.877, 0.547, 0.545, 0.527, 0.782, 0.223]
action_selection_prob
[0.5, 0.5, 0.5, 0.5, 0.43, 0.267, 0.5, 0.578, 0.599, 0.637, 0.259, 0.509, 0.37, 0.586, 0.639, 0.611, 0.501, 0.728, 0.781, 0.662, 0.787, 0.858, 0.718, 0.827, 0.9, 0.384, 0.289, 0.394, 0.625, 0.894, 0.379, 0.282, 0.385, 0.63, 0.889, 0.599, 0.172, 0.411, 0.662, 0.508, 0.344, 0.624, 0.834, 0.498, 0.664, 0.919, 0.343, 0.598, 0.836, 0.938, 0.564, 0.136, 0.414, 0.706, 0.951, 0.393, 0.674, 0.795, 0.96, 0.531, 0.22, 0.477, 0.835, 0.967, 0.473, 0.306, 0.48, 0.864, 0.972, 0.527, 0.606, 0.976, 0.62, 0.73, 0.284, 0.582, 0.725, 0.112, 0.387, 0.892, 0.979, 0.502, 0.847, 0.982, 0.602, 0.306, 0.608, 0.873, 0.984, 0.361, 0.893, 0.986, 0.678, 0.908, 0.987, 0.508, 0.61, 0.988, 0.73, 0.249, 0.719, 0.989, 0.244, 0.923, 0.99, 0.381, 0.791, 0.991, 0.508, 0.067, 0.503, 0.936, 0.991, 0.606, 0.837, 0.992, 0.391, 0.902, 0.993, 0.482, 0.915, 0.993, 0.317, 0.37, 0.511, 0.653, 0.653, 0.993, 0.409, 0.924, 0.993, 0.922, 0.992, 0.747, 0.791, 0.801, 0.993, 0.474, 0.931, 0.993, 0.841, 0.993, 0.584, 0.939, 0.994, 0.869, 0.856, 0.887, 0.994, 0.903, 0.894, 0.913, 0.994, 0.924, 0.918, 0.931, 0.994, 0.938, 0.934, 0.337, 0.944, 0.994, 0.942, 0.946, 0.947, 0.948, 0.994, 0.947, 0.954, 0.951, 0.994, 0.528, 0.952, 0.994, 0.955, 0.96, 0.624, 0.958, 0.966, 0.311, 0.867, 0.97, 0.961, 0.974, 0.964, 0.994]
results_dict
Dict{String,Any}("finalQSA_Hybrid_record" => [0.0 0.0; 14.424125721263161 9.334222798607204; 14.322331639483664 10.596338273439704; 10.42061285326065 12.422805854513246; 10.116923930928163 13.155593485089508; 11.724081371649858 15.040215069689383; 12.423229259551483 12.643914069403232],"final_PolicyParameters_MF" => [0.0 0.0; 1.1481127578448334 0.28949532023339153; 1.526431321308642 0.8358228013649143; 0.7836834774323728 1.2693857840884477; 0.6331514600106355 1.4155831235572784; 1.2305004960156611 2.260429296480158; 1.4826643407590578 1.5441808513021533],"final_Tsas" => [0.14285714285714285 0.14285714285714285; 0.7851907247128218 0.13239039386972257; 0.49282618655624394 0.09765051345027118; 0.10537073682072558 0.0904959295608343; 0.12269051472286191 0.05114320048107823; 0.0904959295608343 0.043923499141186054; 0.0904959295608343 0.09400518063795762]

[0.14285714285714285 0.14285714285714285; 0.028903255297128606 0.13239039386972257; 0.08073480799360644 0.09765051345027118; 0.10537073682072558 0.39215929884564543; 0.12269051472286191 0.6756983346933727; 0.0904959295608343 0.2473790427275635; 0.0904959295608343 0.09400518063795762]

[0.14285714285714285 0.14285714285714285; 0.028903255297128606 0.2056576367816645; 0.08073480799360644 0.09765051345027118; 0.10537073682072558 0.15536105335018274; 0.12269051472286191 0.06858566290123566; 0.0904959295608343 0.45714531859372554; 0.12020754027946047 0.09400518063795762]

[0.14285714285714285 0.14285714285714285; 0.047528033319417594 0.13239039386972257; 0.10349977347572356 0.30886736439979917; 0.10537073682072558 0.0904959295608343; 0.12269051472286191 0.05114320048107823; 0.1611301791374414 0.043923499141186054; 0.32591689701999943 0.09400518063795762]

[0.14285714285714285 0.14285714285714285; 0.051668220779245724 0.13239039386972257; 0.08073480799360644 0.20288006834884453; 0.10537073682072558 0.0904959295608343; 0.12269051472286191 0.05114320048107823; 0.38639017305838674 0.11978164211396608; 0.19189184445720242 0.398638515301705]

[0.14285714285714285 0.14285714285714285; 0.028903255297128606 0.13239039386972257; 0.08073480799360644 0.09765051345027118; 0.33447173036958794 0.0904959295608343; 0.1600209155934108 0.05114320048107823; 0.0904959295608343 0.043923499141186054; 0.0904959295608343 0.13133558150850652]

[0.14285714285714285 0.14285714285714285; 0.028903255297128606 0.13239039386972257; 0.08073480799360644 0.09765051345027118; 0.1386745855267838 0.0904959295608343; 0.22652651079227937 0.05114320048107823; 0.0904959295608343 0.043923499141186054; 0.0904959295608343 0.09400518063795762],"finalQSA_MB_record" => [0.0 0.0; 0.9247429299465797 0.7037659145278389; 0.824063591283081 0.6792054179552444; 0.6775427921141773 0.7285877007863012; 0.687613476806385 0.7552443906311219; 0.6800156958131355 0.7146524778322327; 0.6781231462581581 0.681975450694484])
POPULATION_SIGNALS
subject_id: 1
algorithm_name: hybrid_actorcritic_FWD
param_string: alpha=0.644,
                eta_critic=0.0002,
                gamma=0.972,
                lambda_actor=0.8563,
                lambda_critic=0.4629,
                eta_fwd=0.24,
                w_MB=12.1269,
                w_MF=2.8638
param_vector: [0.644030167544776, 0.00020351207271904898, 0.9720012726758733, 0.856341395594059, 0.4628830908282809, 0.24003847973901876, 12.126880916735841, 2.863789486249355]
LL: -81.991
RPE
[0.0, 0.0, 0.0, 1.0, 0.0, -0.0, 0.0, 0.0, 0.0, 0.0, -0.0, 0.0, 1.0, 0.0, 0.0, 1.0, 0.0, 0.0, 1.0, 0.0, 0.0, 0.999, 0.0, 0.001, -0.001, 0.0, 0.0, -0.0, 0.001, -0.001, 0.0, 0.0, -0.0, 0.001, 0.999, 0.0, -0.0, 0.0, 0.0, -0.0, -0.0, 0.0, -0.0, -0.0, 0.001, 0.999, 0.0, 0.0, 0.001, 0.999, 0.0, -0.0, 0.0, 0.001, 0.998, 0.0, 0.0, 0.001, 0.998, 0.0, -0.0, 0.0, 0.001, 0.998, 0.0, -0.0, 0.0, 0.001, 0.998, 0.0, 0.002, 0.998, 0.0, 0.0, -0.0, 0.0, 0.0, -0.001, 0.001, 0.002, 0.997, 0.001, 0.002, 0.997, 0.0, -0.0, 0.001, 0.002, 0.997, 0.001, 0.002, 0.997, 0.001, 0.002, 0.997, 0.0, 0.003, 0.996, 0.0, 0.0, 0.003, 0.996, 0.001, 0.003, 0.996, 0.0, 0.003, 0.996, 0.001, -0.001, 0.001, 0.003, 0.996, 0.0, 0.004, 0.995, 0.001, 0.003, 0.995, 0.001, 0.003, 0.995, -0.0, 1.0, 0.0, 0.999, 0.004, 0.995, 0.001, 0.004, -0.004, 0.004, 0.995, 0.0, 0.999, 0.005, 0.994, 0.001, 0.004, 0.994, 0.005, 0.994, 0.001, 0.004, 0.994, -0.0, 0.999, 0.005, 0.994, 0.0, 0.999, 0.005, 0.993, 0.0, 0.999, 0.005, 0.993, 0.0, 0.998, 0.001, 0.005, 0.993, 0.0, 0.998, 0.0, 0.005, 0.993, 0.0, 0.998, 0.005, 0.993, 0.001, 0.005, 0.992, 0.0, 0.998, 0.001, 0.0, 0.998, 0.0, 0.002, 0.997, 0.001, 0.997, 0.005, 0.992]
SPE
[0.857, 0.857, 0.857, 0.857, 0.857, 0.857, 0.857, 0.651, 0.651, 0.651, 0.651, 0.857, 0.857, 0.495, 0.495, 0.651, 0.857, 0.376, 0.495, 0.376, 0.286, 0.376, 0.286, 0.217, 0.952, 0.651, 0.651, 0.495, 0.651, 0.724, 0.495, 0.495, 0.376, 0.495, 0.588, 0.651, 0.857, 0.857, 0.937, 0.286, 0.376, 0.217, 0.972, 0.217, 0.526, 0.447, 0.376, 0.972, 0.366, 0.339, 0.165, 0.651, 0.651, 0.4, 0.258, 0.286, 0.739, 0.278, 0.196, 0.495, 0.952, 0.495, 0.211, 0.149, 0.376, 0.457, 0.964, 0.16, 0.113, 0.286, 0.304, 0.086, 0.964, 0.518, 0.348, 0.405, 0.667, 0.495, 0.376, 0.122, 0.065, 0.972, 0.093, 0.05, 0.548, 0.264, 0.797, 0.07, 0.038, 0.286, 0.054, 0.029, 0.605, 0.041, 0.022, 0.416, 0.231, 0.017, 0.6, 0.891, 0.175, 0.013, 0.125, 0.031, 0.01, 0.984, 0.133, 0.007, 0.313, 0.937, 0.237, 0.023, 0.006, 0.854, 0.101, 0.004, 0.217, 0.018, 0.003, 0.849, 0.014, 0.002, 0.456, 0.735, 0.347, 0.559, 0.995, 0.002, 0.165, 0.01, 1.0, 0.008, 0.241, 0.44, 0.425, 0.815, 0.183, 0.125, 0.006, 0.139, 0.619, 0.106, 0.095, 0.005, 0.08, 0.616, 0.323, 0.598, 0.061, 0.596, 0.245, 0.585, 0.046, 0.584, 0.186, 0.578, 0.035, 0.577, 0.142, 0.645, 0.003, 0.027, 0.439, 0.108, 0.991, 0.003, 0.02, 0.493, 0.082, 0.813, 0.015, 0.072, 0.002, 0.012, 0.525, 0.062, 0.991, 0.399, 0.047, 0.605, 0.958, 0.036, 0.303, 0.027, 0.832, 0.009]
action_selection_prob
[0.5, 0.5, 0.5, 0.5, 0.387, 0.216, 0.499, 0.611, 0.639, 0.685, 0.207, 0.518, 0.314, 0.606, 0.723, 0.618, 0.501, 0.812, 0.796, 0.729, 0.861, 0.862, 0.796, 0.89, 0.895, 0.37, 0.219, 0.433, 0.647, 0.879, 0.363, 0.231, 0.413, 0.65, 0.863, 0.645, 0.115, 0.365, 0.666, 0.609, 0.344, 0.629, 0.894, 0.597, 0.666, 0.906, 0.297, 0.723, 0.873, 0.927, 0.545, 0.101, 0.388, 0.698, 0.938, 0.355, 0.801, 0.787, 0.946, 0.573, 0.203, 0.431, 0.84, 0.952, 0.482, 0.37, 0.507, 0.873, 0.956, 0.59, 0.469, 0.959, 0.711, 0.848, 0.328, 0.657, 0.847, 0.106, 0.293, 0.899, 0.962, 0.524, 0.802, 0.965, 0.671, 0.423, 0.706, 0.847, 0.967, 0.27, 0.875, 0.969, 0.779, 0.895, 0.97, 0.515, 0.425, 0.972, 0.826, 0.132, 0.645, 0.974, 0.156, 0.91, 0.975, 0.352, 0.762, 0.976, 0.552, 0.079, 0.552, 0.923, 0.977, 0.686, 0.824, 0.978, 0.33, 0.836, 0.979, 0.463, 0.868, 0.98, 0.235, 0.299, 0.515, 0.641, 0.704, 0.978, 0.363, 0.884, 0.979, 0.879, 0.976, 0.809, 0.807, 0.856, 0.977, 0.497, 0.898, 0.978, 0.882, 0.979, 0.653, 0.912, 0.98, 0.902, 0.858, 0.915, 0.981, 0.926, 0.892, 0.934, 0.981, 0.94, 0.912, 0.946, 0.981, 0.95, 0.926, 0.257, 0.92, 0.982, 0.954, 0.936, 0.957, 0.929, 0.982, 0.956, 0.944, 0.96, 0.983, 0.529, 0.936, 0.983, 0.963, 0.949, 0.671, 0.965, 0.954, 0.246, 0.832, 0.958, 0.967, 0.961, 0.969, 0.984]
results_dict
Dict{String,Any}("finalQSA_Hybrid_record" => [0.0 0.0; 16.864371139374327 12.772130584931293; 17.759440010002464 14.477774370931268; 15.313123972690867 17.164277188466592; 14.55924085167774 17.333549763587946; 16.777661707244658 20.232302570003775; 18.123060739119047 18.292803119470683],"final_PolicyParameters_MF" => [0.0 0.0; 1.6668867292563931 0.38503255244121654; 1.9714749219992067 1.054922716169765; 1.361105742317673 1.8827150249122415; 1.116337982495381 1.9387600832260374; 1.8590322723541268 2.974260683869379; 2.3241675918028215 2.3880871287255556],"final_Tsas" => [0.14285714285714285 0.14285714285714285; 0.9932002338058847 0.08250593032534027; 0.979268919626949 0.00917947806852586; 0.015894057610385478 0.0053015296456134856; 0.047650599771949326 8.635256397681854e-5; 0.0053015296456134856 2.8803260257387193e-5; 0.0053015296456134856 0.006976050108159249]

[0.14285714285714285 0.14285714285714285; 1.406530907837194e-6 0.08250593032534027; 0.002326890801850721 0.00917947806852586; 0.015894057610385478 0.7014460444075312; 0.047650599771949326 0.9984907950028887; 0.0053015296456134856 0.36751741582856573; 0.0053015296456134856 0.006976050108159249]

[0.14285714285714285 0.14285714285714285; 1.406530907837194e-6 0.5049644180479584; 0.002326890801850721 0.00917947806852586; 0.015894057610385478 0.27204630736440144; 0.047650599771949326 0.0010774421772271553; 0.0053015296456134856 0.5848385964537902; 0.051542877517665085 0.006976050108159249]

[0.14285714285714285 0.14285714285714285; 2.2997977629368383e-5 0.08250593032534027; 0.009096626363797426 0.4608973379760895; 0.015894057610385478 0.0053015296456134856; 0.047650599771949326 8.635256397681854e-5; 0.35069513666513236 2.8803260257387193e-5; 0.5400503201416755 0.006976050108159249]

[0.14285714285714285 0.14285714285714285; 0.006771142092854546 0.08250593032534027; 0.002326890801850721 0.4932052716812813; 0.015894057610385478 0.0053015296456134856; 0.047650599771949326 8.635256397681854e-5; 0.6227972151068004 0.047528774676614635; 0.38720068375820565 0.7181052196120259]

[0.14285714285714285 0.14285714285714285; 1.406530907837194e-6 0.08250593032534027; 0.002326890801850721 0.00917947806852586; 0.7992805270571872 0.0053015296456134856; 0.2876890795109681 8.635256397681854e-5; 0.0053015296456134856 2.8803260257387193e-5; 0.0053015296456134856 0.24701452984717803]

[0.14285714285714285 0.14285714285714285; 1.406530907837194e-6 0.08250593032534027; 0.002326890801850721 0.00917947806852586; 0.12124918489088557 0.0053015296456134856; 0.47405792162928545 8.635256397681854e-5; 0.0053015296456134856 2.8803260257387193e-5; 0.0053015296456134856 0.006976050108159249],"finalQSA_MB_record" => [0.0 0.0; 0.9996213156344297 0.9623349101849599; 0.9989022692355646 0.9447427741637741; 0.9417196897360439 0.9708683050818373; 0.937107012809437 0.9716230834108183; 0.9445980002216304 0.9699286428080265; 0.9456854409039048 0.9445936049544253])