DateTime of fitting: 2021-01-04T19:37:56.404
DATA_STATS
nr_subjects: 1
all_subject_ids: [6]
nr_puzzles: 1
nr_episodes: 59
nr_actions: 178
max_state_id: 7
max_action_id: 2
SUBJECT_SIGNALS
subject_id: 6
algorithm_name: Actor-Critic (TD-Lambda, ReplTrc) modulated Actor
param_string: alpha(actor)=0.7166,
                surpriseprobability=0.0032,
                stochasticity=2.7871,
                eta(critic)=0.0046,
                gamma=0.9057,
                lambda_actor=0.8088,
                lambda_critic=0.3191,
                temp=0.4468,
                nparticles=15,
                init_policy=nothing,
                init_Vs=nothing,
                use_replacing_trace=true
param_vector: [0.716629184891476, 0.003236237520985558, 2.787131866838264, 0.004562911965291721, 0.9056521464782636, 0.8088128504116766, 0.31907557469690573, 0.44676141256978774, 15.0]
LL: -81.654
RPE
[0.0, 0.0, 1.0, 0.004, 0.995, 0.001, 0.007, 0.991, 0.011, 0.986, 0.002, 0.014, 0.982, -0.003, 0.004, 0.016, -0.022, 0.003, -0.002, 0.018, 0.977, 0.003, -0.004, 1.0, 0.02, 0.973, -0.002, 0.004, 0.0, 0.023, 0.969, -0.002, 0.005, 0.027, 0.964, -0.001, 0.004, 0.001, 0.03, 0.96, -0.007, 0.005, -0.002, 0.995, 0.005, -0.008, 0.008, -0.002, 0.001, 0.99, 0.031, 0.955, 0.002, -0.004, 0.033, 0.951, -0.001, 0.047, -0.051, -0.001, 0.007, 0.005, 0.985, -0.011, 0.016, 0.981, 0.009, 0.976, 0.0, 0.023, 0.972, -0.005, 0.038, 0.947, 0.038, 0.943, 0.001, 0.006, 0.045, 0.938, 0.011, -0.012, 0.025, 0.967, -0.005, 0.047, 0.934, 0.01, 0.02, 0.963, -0.011, 0.032, 0.959, -0.003, 0.026, 0.954, 0.046, 0.93, 0.013, 0.049, 0.925, 0.051, 0.921, 0.024, 0.95, 0.052, 0.917, 0.018, 0.054, 0.913, 0.057, 0.909, 0.022, 0.945, 0.002, 0.008, 0.036, 0.941, 0.012, 0.068, 0.905, 0.028, 0.937, 0.002, 0.053, 0.933, 0.06, 0.9, 0.023, 0.062, 0.896, 0.065, 0.892, 0.03, 0.928, 0.065, 0.888, 0.002, 0.009, 0.085, 0.884, 0.028, 0.071, 0.88, 0.002, 0.025, 0.073, 0.876, 0.002, 0.026, 0.076, 0.872, 0.012, 0.047, 0.924, 0.078, 0.868, 0.032, 0.08, 0.864, 0.012, 0.05, 0.92, 0.082, 0.86, 0.03, 0.916, 0.083, 0.856, 0.031, 0.911, 0.083, 0.852, 0.001, 0.073, 0.907, 0.085, 0.848]
SPE
[0.857, 0.857, 0.857, 0.857, 0.815, 0.815, 0.821, 0.777, 0.815, 0.743, 0.777, 0.781, 0.711, 0.857, 0.857, 0.746, 0.857, 0.743, 0.881, 0.777, 0.684, 0.711, 0.886, 0.857, 0.743, 0.657, 0.857, 0.857, 0.857, 0.711, 0.632, 0.886, 0.815, 0.736, 0.609, 0.818, 0.815, 0.815, 0.682, 0.588, 0.891, 0.695, 0.857, 0.815, 0.87, 0.815, 0.777, 0.777, 0.895, 0.777, 0.681, 0.568, 0.867, 0.743, 0.668, 0.549, 0.789, 0.876, 0.815, 0.755, 0.777, 0.857, 0.743, 0.78, 0.753, 0.711, 0.843, 0.682, 0.724, 0.722, 0.656, 0.876, 0.719, 0.531, 0.658, 0.515, 0.857, 0.743, 0.694, 0.5, 0.899, 0.756, 0.694, 0.631, 0.845, 0.67, 0.485, 0.691, 0.843, 0.608, 0.736, 0.668, 0.587, 0.819, 0.815, 0.567, 0.637, 0.471, 0.851, 0.618, 0.459, 0.6, 0.446, 0.837, 0.548, 0.595, 0.435, 0.874, 0.579, 0.424, 0.564, 0.413, 0.828, 0.531, 0.707, 0.711, 0.816, 0.514, 0.679, 0.67, 0.403, 0.808, 0.499, 0.681, 0.643, 0.485, 0.571, 0.394, 0.832, 0.558, 0.385, 0.545, 0.376, 0.803, 0.471, 0.543, 0.368, 0.848, 0.682, 0.649, 0.36, 0.804, 0.532, 0.352, 0.68, 0.891, 0.52, 0.345, 0.658, 0.857, 0.51, 0.338, 0.668, 0.803, 0.458, 0.499, 0.331, 0.859, 0.489, 0.325, 0.658, 0.78, 0.446, 0.48, 0.319, 0.814, 0.434, 0.481, 0.313, 0.802, 0.423, 0.481, 0.307, 0.837, 0.621, 0.413, 0.473, 0.301]
action_selection_prob
[0.5, 0.5, 0.5, 0.5, 0.69, 0.606, 0.642, 0.785, 0.643, 0.837, 0.683, 0.732, 0.869, 0.268, 0.5, 0.789, 0.109, 0.739, 0.789, 0.732, 0.893, 0.77, 0.818, 0.5, 0.766, 0.868, 0.197, 0.468, 0.31, 0.812, 0.89, 0.737, 0.447, 0.847, 0.906, 0.232, 0.433, 0.449, 0.843, 0.917, 0.866, 0.699, 0.131, 0.433, 0.25, 0.125, 0.523, 0.347, 0.876, 0.654, 0.845, 0.926, 0.868, 0.348, 0.867, 0.934, 0.3, 0.597, 0.06, 0.302, 0.401, 0.707, 0.519, 0.116, 0.505, 0.697, 0.784, 0.787, 0.402, 0.646, 0.838, 0.177, 0.773, 0.916, 0.698, 0.925, 0.471, 0.265, 0.816, 0.933, 0.555, 0.233, 0.594, 0.869, 0.367, 0.846, 0.939, 0.623, 0.868, 0.891, 0.498, 0.702, 0.906, 0.603, 0.115, 0.918, 0.32, 0.944, 0.304, 0.51, 0.948, 0.648, 0.952, 0.735, 0.927, 0.79, 0.955, 0.555, 0.828, 0.958, 0.854, 0.96, 0.874, 0.934, 0.352, 0.23, 0.733, 0.94, 0.549, 0.789, 0.962, 0.889, 0.945, 0.356, 0.632, 0.949, 0.901, 0.964, 0.491, 0.911, 0.966, 0.919, 0.968, 0.925, 0.952, 0.931, 0.969, 0.398, 0.274, 0.827, 0.97, 0.506, 0.936, 0.971, 0.614, 0.416, 0.94, 0.973, 0.671, 0.543, 0.944, 0.974, 0.284, 0.855, 0.956, 0.947, 0.975, 0.425, 0.95, 0.975, 0.552, 0.874, 0.958, 0.953, 0.976, 0.955, 0.961, 0.957, 0.977, 0.959, 0.963, 0.961, 0.978, 0.645, 0.36, 0.965, 0.963, 0.978]
results_dict
Dict{String,Any}("Surprise" => [1.0000000000000002, 1.0000000000000002, 1.0000000000000002, 1.0000000000000002, 0.7736696562777848, 0.7736696562777848, 0.7977434632428386, 0.6418971187819108, 0.7736696562777848, 0.5556644240018946, 0.6418971187819108, 0.6537484286813852, 0.4948423729140536, 1.0000000000000002, 1.0000000000000002, 0.5624628840527962, 1.0000000000000002, 0.5556644240018946, 1.200817060447199, 0.6418971187819108, 0.45239640390093167, 0.4948423729140536, 1.251910011447306, 1.0000000000000002, 0.5556644240018946, 0.41670084324873347, 1.0000000000000002, 1.0000000000000002, 1.0000000000000002, 0.4948423729140536, 0.3884199644161891, 1.2562798419351444, 0.7736696562777848, 0.5421400973203859, 0.36545286187708, 0.7855221562528599, 0.7736696562777848, 0.7736696562777848, 0.4496414907309934, 0.3464262171040665, 1.307535810322174, 0.46798677437329367, 1.0000000000000002, 0.7736696562777848, 1.0997021086471084, 0.7736696562777848, 0.6418971187819108, 0.6418971187819108, 1.358791778709202, 0.6418971187819108, 0.44724365916560155, 0.3304036044842475, 1.0754434479074053, 0.5556644240018946, 0.43073939870921335, 0.316724170354014, 0.6781364059029619, 1.1537679051610867, 0.7736696562777848, 0.583990913988603, 0.6418971187819108, 0.9970141636768481, 0.5556644240018946, 0.649269419368205, 0.5786360124998293, 0.4948423729140536, 0.9104742796954783, 0.4496414907309934, 0.5181843742543505, 0.5143718260757322, 0.4147285802929899, 1.150773544265452, 0.5085225353812645, 0.3049080167695368, 0.4172951287415158, 0.294598130022868, 1.0000000000000004, 0.5556644240018946, 0.4662454747920305, 0.28552335709180476, 1.4100477470962312, 0.5849985396432341, 0.4666131527951787, 0.38695012168684506, 0.9225598581368927, 0.43277840578748294, 0.2774740247489286, 0.4623806800677355, 0.9085579122918565, 0.36432195862710803, 0.540156438928766, 0.42972487280203864, 0.34553326445859417, 0.7896437274092789, 0.7736696562777848, 0.3296832580840559, 0.3940122819061057, 0.27028542978903186, 0.960882933317997, 0.3743710408784519, 0.2638263839241728, 0.3575790133373098, 0.25799109377744234, 0.8765734511116378, 0.31613249806874916, 0.3527190629243302, 0.2526932945763694, 1.1317476720304078, 0.3394258364005172, 0.24786193946517712, 0.32771634992583965, 0.24343798318640525, 0.8316141243046848, 0.3044145153813698, 0.48803332191797466, 0.4948423729140536, 0.7761986158737665, 0.2941810306745253, 0.4445309118927265, 0.4323668937154328, 0.2393719489376055, 0.7431660290077967, 0.28516675181988005, 0.44845555749541327, 0.4003749386116781, 0.2771660460271685, 0.3333864646694996, 0.2356220644566366, 0.8498325761772504, 0.3232449846840069, 0.23215281771362928, 0.31412856280736384, 0.22893382593142164, 0.7236218295828009, 0.2700170621310635, 0.31276164613626667, 0.22593894136085432, 0.9386197745467691, 0.4496414907309934, 0.4075693917080605, 0.2231455379126533, 0.7276424292827998, 0.3049632583393979, 0.22053393734502022, 0.4463986103869186, 1.307535810322174, 0.2978493259485395, 0.2180869441487586, 0.41810802443161277, 1.0000000000000002, 0.29133352639947874, 0.21578946583393122, 0.42976316190500446, 0.7250985200458183, 0.2635906674352748, 0.2853434673502922, 0.21362820086056816, 1.0109216002731631, 0.27981798567869987, 0.21159138055539214, 0.4176499449758951, 0.6502987252665383, 0.25778257782716796, 0.274705051471992, 0.20966855442078966, 0.7664571892140363, 0.25250765519520135, 0.2751012504858032, 0.2078504105539889, 0.72189085689936, 0.24769570637343538, 0.27546992338026094, 0.20612862465351486, 0.8753139604382695, 0.3764668662307958, 0.24328834174859593, 0.27101790762003436, 0.204495732439536],"trialByTrial_Vs" => [0.0, 0.0, 0.0, 0.0, 0.004562911965291721, 0.0003810237540294826, 0.0013185514196729286, 0.00910500376498044, 0.0013313908132916428, 0.013626370399648906, 0.0007714226565067029, 0.0026567066075108376, 0.018127106436400572, 0.0026822099069982574, 0.0, 0.004014142841207778, 0.022607306010837526, 0.0011711416827400508, 0.004061794024469042, 0.0026787287528249612, 0.022513622117049905, 0.001294795747799291, 0.0044501258630863984, 0.0, 0.0040483994830658, 0.026973806406601682, 0.0016824334921812726, 3.306576052543059e-5, 0.004562911965291721, 0.005424378916291924, 0.03141363926789126, 0.0017137847018081054, 0.00016765123707645056, 0.005748371750211596, 0.03583321356269416, 0.0018296354732396777, 0.0005932220121300466, 0.0049639222151359325, 0.006806572942799049, 0.040232621729065804, 0.008207275518068588, 0.0018631408654526057, 0.0071415234874793185, 0.005374162927045812, 0.00226012838326922, 0.008292243776453559, 0.0007295760244680074, 0.009912553060014288, 0.008267373251413976, 0.009902413852626395, 0.00957606156320416, 0.04461195578327491, 0.010976450036861934, 0.014420141975264696, 0.010980060583355763, 0.04897130732172806, 0.0022860211925726007, 0.0008732945275218144, 0.05331076752288549, 0.002322203999232345, 0.001021583016510146, 0.008442610904102933, 0.014806108402201588, 0.012386309336243542, 0.0014337409182801646, 0.0193014613983055, 0.012730544300907712, 0.023776302494435277, 0.002434933665122885, 0.0028000619067321676, 0.028230725284584743, 0.014057910544593981, 0.009764301743668474, 0.053109767744594805, 0.014445449553447277, 0.05743034451517085, 0.002835681125542838, 0.0041852741876681285, 0.011187742943685844, 0.061731206874303474, 0.0029682259499202506, 0.01585968858451775, 0.004628876839916416, 0.032664822935686566, 0.01620793157493759, 0.012628948626045232, 0.06601244477711654, 0.0031208532400600155, 0.014075625016107233, 0.03707868818956091, 0.016604212432672984, 0.006018221327536089, 0.04147241336485516, 0.016960129320096176, 0.015434284820540226, 0.045846090358974856, 0.017344474017557263, 0.0702741477682766, 0.0035573932626348816, 0.018781625714244184, 0.07451640498386577, 0.020224156930432655, 0.07873930515324609, 0.021671988651838545, 0.05019981065000577, 0.023032907914089455, 0.08294293660091531, 0.004035624966551895, 0.024479751980711076, 0.08712738724835428, 0.025931768681837004, 0.09129274461586588, 0.027388880689382424, 0.0545336652986272, 0.004537962575668992, 0.007426009681415031, 0.016811415418620197, 0.0588477449500166, 0.004675754236951094, 0.018218847121549805, 0.09543909582440555, 0.02873590913504114, 0.06314213983574546, 0.0051643121447883114, 0.007868304752194504, 0.06741693977566654, 0.03010101424716977, 0.09956652759740346, 0.005598730312548312, 0.03156238361787576, 0.10367512626257844, 0.03302864590857408, 0.10776497775374351, 0.03449972604138608, 0.07167223417979252, 0.0358625338522108, 0.11183616761260327, 0.0061273205236652825, 0.009340655592880035, 0.019722819761306073, 0.11588878099054307, 0.006279017896733497, 0.037332138960467505, 0.11992290265040997, 0.006833950772857776, 0.0098287880880634, 0.038817793326977004, 0.12393861696828562, 0.0070012154640507465, 0.010374969376488137, 0.04030796843966896, 0.12793600793525103, 0.00717140478442065, 0.021277472449146486, 0.07590811205016607, 0.04180259211143973, 0.13191515915914334, 0.007641300666251162, 0.0433015927198298, 0.13587615386630444, 0.008219786760867301, 0.022712531404687902, 0.08012466198272138, 0.04480489920337386, 0.1398190749033218, 0.046312441057972484, 0.08432197216913719, 0.04765694307673218, 0.14374400473876112, 0.049162515507696146, 0.08850013039868135, 0.05050576963827456, 0.1476510254648914, 0.008692365605324359, 0.010926102010524429, 0.09265922406004705, 0.052009336932195366, 0.15154021879940177, 0.0, 0.0, 0.0, 0.0, 0.0, 0.0, 0.0, 0.0, 0.0, 0.0, 0.0, 0.0, 0.0, 0.0, 0.0, 0.0, 0.0, 0.0, 0.0, 0.0, 0.0, 0.0, 0.0, 0.0, 0.0, 0.0, 0.0, 0.0, 0.0, 0.0, 0.0, 0.0, 0.0, 0.0, 0.0, 0.0, 0.0, 0.0, 0.0, 0.0, 0.0, 0.0, 0.0, 0.0, 0.0, 0.0, 0.0, 0.0, 0.0, 0.0, 0.0, 0.0, 0.0, 0.0, 0.0, 0.0, 0.0, 0.0, 0.0],"final_V" => Dict{Int64,Any}(1 => [0.0, 0.012455528635368147, 0.05351698722490468, 0.15541166608711077, 0.02415290709203943, 0.09679934014318053, 0.009139814924578485]),"nparticles" => 15,"trial_by_trial_p_sa_max" => [0.5, 0.5, 0.5, 0.5, 0.6898489938960408, 0.6056192256478928, 0.6423488387229881, 0.7847196457649923, 0.6425920588775107, 0.8368309279928849, 0.6831495493129668, 0.7320531969599485, 0.869042610442155, 0.2676862124126187, 0.5, 0.7891123157697943, 0.10924963851570348, 0.7391486853375989, 0.7892271721587291, 0.7321451563580994, 0.8926231532822936, 0.7696918725972641, 0.8177464117941257, 0.5, 0.7662694562626735, 0.8681215073819436, 0.19718970078527714, 0.4681329554979569, 0.31015100610395924, 0.8118138806495218, 0.8899265836360032, 0.7372482959211346, 0.44745730069275136, 0.8472633946826192, 0.9055761678471287, 0.2318028255234107, 0.4332077433285577, 0.44866905562011666, 0.843257220639218, 0.9173309605619252, 0.8660706595502916, 0.6986808856657873, 0.13094349313043843, 0.43313329369652226, 0.24978994603124757, 0.1246093327789967, 0.5231226432280109, 0.3468228748861515, 0.8758313321933674, 0.6536300421318015, 0.845277345664535, 0.9264732245974265, 0.8675143635189568, 0.3478422475659808, 0.8674852247752852, 0.9337812765578541, 0.3004817902019415, 0.5974437829417057, 0.06024628730325818, 0.3018294972557813, 0.4011469388803561, 0.7073940241487444, 0.5185974064074266, 0.11568923183614149, 0.5051263372400651, 0.6971576155524478, 0.7837714527297529, 0.7874158163599996, 0.4015731033532552, 0.646235752397517, 0.8377806012093143, 0.17675701801065807, 0.7726222565791859, 0.9161129871951558, 0.698063606057286, 0.9253900050596034, 0.4707859965904298, 0.26525997021321684, 0.8160555925948614, 0.932806631713976, 0.554926270841891, 0.23320064564295273, 0.5939924519946659, 0.8692466207976611, 0.36711468344636605, 0.8462663641840058, 0.9388682124679215, 0.6232181734531567, 0.8682725609242363, 0.8906042960638552, 0.4984633484533302, 0.7021583376560399, 0.9059948388249602, 0.6027032563415867, 0.11519609716226287, 0.9175898998025395, 0.32018938221628757, 0.9439130819101136, 0.30374362799466886, 0.5098688484535007, 0.9481760374554536, 0.6479943901584083, 0.9518250014792106, 0.7349234465940444, 0.9266288589865069, 0.7900694086361747, 0.9549831787716578, 0.5549410313362937, 0.8276225142667116, 0.9577429737004174, 0.854287944136264, 0.9601750259327271, 0.8740584500557017, 0.9338676054088285, 0.3517466549439047, 0.23010815379022942, 0.7332065248777768, 0.9397922047011088, 0.5494879798810888, 0.7893916535207746, 0.9623342480130119, 0.8890940865477521, 0.9447289367545789, 0.3557979102721145, 0.6323117844743891, 0.9489047350099058, 0.9010128244987647, 0.9642639625299169, 0.49129394624768374, 0.910739102589274, 0.9659988008269921, 0.9187536452028406, 0.9675667745721942, 0.9254657777474526, 0.9524822051480343, 0.9311110512309201, 0.9689907826610195, 0.39813869557076326, 0.2736859668238396, 0.8274886480631793, 0.9702897249849676, 0.5064135727436282, 0.9360119100218152, 0.9714793375917415, 0.6135577288254063, 0.41552075505629193, 0.9402709344847405, 0.9725728271987414, 0.670997403108678, 0.5431943271542696, 0.9440016066978812, 0.9735813590730523, 0.2837055411900275, 0.8545262578148788, 0.9555808463665346, 0.9472956325378518, 0.9745144363052066, 0.42477049189928634, 0.9502247943169847, 0.9753801976462397, 0.5516116118111676, 0.8742872341662237, 0.9582904117594413, 0.9528460535127817, 0.9761856535844448, 0.9552051689242638, 0.9606796003485741, 0.9573087375674197, 0.9769368750906876, 0.959249711065704, 0.9628018755246749, 0.9609960105339497, 0.9776391457360591, 0.6449588470186565, 0.35998676743046065, 0.9646994584654655, 0.9626203513250369, 0.9782970852078834],"final_Tsas" => Dict{Tuple{Int64,Int64},Float64}[Dict((1, 6) => 0.5971375043579776,(2, 3) => 0.10150102523170126,(2, 6) => 0.11855129677763901,(2, 2) => 0.09472202482978402,(2, 1) => 1.0,(2, 5) => 0.129574236878688,(1, 7) => 0.07644870147187095,(1, 4) => 0.129574236878688,(1, 3) => 0.04846349496154169,(2, 4) => 0.7039204110612756,(1, 1) => 1.0,(1, 2) => 0.10131369178904359,(2, 7) => 0.08581060966738782,(1, 5) => 0.07647271062029544), Dict((1, 6) => 0.06714374927367033,(2, 3) => 0.2817406484587226,(2, 6) => 0.11855129677763901,(2, 2) => 0.09472202482978402,(2, 1) => 0.0,(2, 5) => 0.129574236878688,(1, 7) => 0.18616536379627646,(1, 4) => 0.129574236878688,(1, 3) => 0.04846349496154169,(2, 4) => 0.049346598156453994,(1, 1) => 0.0,(1, 2) => 0.10131369178904359,(2, 7) => 0.3619837768969402,(1, 5) => 0.07647271062029544), Dict((1, 6) => 0.06714374927367033,(2, 3) => 0.10150102523170126,(2, 6) => 0.28869221933416545,(2, 2) => 0.09472202482978402,(2, 1) => 0.0,(2, 5) => 0.129574236878688,(1, 7) => 0.15729947303335454,(1, 4) => 0.129574236878688,(1, 3) => 0.04846349496154169,(2, 4) => 0.049346598156453994,(1, 1) => 0.0,(1, 2) => 0.17401473115821736,(2, 7) => 0.20896317476612034,(1, 5) => 0.10391049048646535), Dict((1, 6) => 0.06714374927367033,(2, 3) => 0.10150102523170126,(2, 6) => 0.11855129677763901,(2, 2) => 0.12579849707675775,(2, 1) => 0.0,(2, 5) => 0.129574236878688,(1, 7) => 0.07644870147187095,(1, 4) => 0.129574236878688,(1, 3) => 0.5353359946335898,(2, 4) => 0.049346598156453994,(1, 1) => 0.0,(1, 2) => 0.10131369178904359,(2, 7) => 0.08581060966738782,(1, 5) => 0.34909927721503764), Dict((1, 6) => 0.06714374927367033,(2, 3) => 0.21075422538277047,(2, 6) => 0.11855129677763901,(2, 2) => 0.09472202482978402,(2, 1) => 0.0,(2, 5) => 0.129574236878688,(1, 7) => 0.3507403572828848,(1, 4) => 0.129574236878688,(1, 3) => 0.04846349496154169,(2, 4) => 0.049346598156453994,(1, 1) => 0.0,(1, 2) => 0.3194168098965647,(2, 7) => 0.08581060966738782,(1, 5) => 0.07647271062029544), Dict((1, 6) => 0.06714374927367033,(2, 3) => 0.10150102523170126,(2, 6) => 0.11855129677763901,(2, 2) => 0.4005913787743228,(2, 1) => 0.0,(2, 5) => 0.2225545787278719,(1, 7) => 0.07644870147187095,(1, 4) => 0.129574236878688,(1, 3) => 0.2049582269989857,(2, 4) => 0.049346598156453994,(1, 1) => 0.0,(1, 2) => 0.10131369178904359,(2, 7) => 0.08581060966738782,(1, 5) => 0.24109938981731494), Dict((1, 6) => 0.06714374927367033,(2, 3) => 0.10150102523170126,(2, 6) => 0.11855129677763901,(2, 2) => 0.09472202482978402,(2, 1) => 0.0,(2, 5) => 0.129574236878688,(1, 7) => 0.07644870147187095,(1, 4) => 0.2225545787278719,(1, 3) => 0.06585179852125765,(2, 4) => 0.049346598156453994,(1, 1) => 0.0,(1, 2) => 0.10131369178904359,(2, 7) => 0.08581060966738782,(1, 5) => 0.07647271062029544)],"gamma_surprise" => [0.0032362375209855593, 0.0032362375209855593, 0.0032362375209855593, 0.0032362375209855593, 0.0025056140294153666, 0.0025056140294153666, 0.002583378278618604, 0.0020797417655847228, 0.0025056140294153666, 0.001800851638500343, 0.0020797417655847228, 0.002118058589665001, 0.0016040497709111016, 0.0032362375209855593, 0.0032362375209855593, 0.001822844590136415, 0.0032362375209855593, 0.001800851638500343, 0.0038836053039828645, 0.0020797417655847228, 0.0014666613977720672, 0.0016040497709111016, 0.0040481779128273485, 0.0032362375209855593, 0.001800851638500343, 0.001351093355602359, 0.0032362375209855593, 0.0032362375209855593, 0.0032362375209855593, 0.0016040497709111016, 0.0012595121121123161, 0.004062250801845002, 0.0025056140294153666, 0.001757097692481671, 0.001185125973580422, 0.0025439020011780635, 0.0025056140294153666, 0.0025056140294153666, 0.0014577430360899622, 0.0011234938463483668, 0.004227289202075532, 0.001517128430677082, 0.0032362375209855593, 0.0025056140294153666, 0.0035577492835766724, 0.0025056140294153666, 0.0020797417655847228, 0.0020797417655847228, 0.004392272913826337, 0.0020797417655847228, 0.0014499805096239691, 0.0010715866411970163, 0.0034795408977566044, 0.001800851638500343, 0.0013965478115561048, 0.001027266178923695, 0.002196898830354983, 0.0037320098271405255, 0.0025056140294153666, 0.0018924811631279277, 0.0020797417655847228, 0.0032266058237355455, 0.001800851638500343, 0.002103577716742286, 0.0018751606073043761, 0.0016040497709111016, 0.0029473649555612877, 0.0014577430360899622, 0.0016795866434905025, 0.0016672496663940823, 0.0013447071719369702, 0.003722360237373344, 0.0016483214268227806, 0.0009889794565530825, 0.0013530176348740745, 0.0009555709452123617, 0.0032362375209855597, 0.001800851638500343, 0.0015114919848978146, 0.0009261628901021699, 0.004557201964275953, 0.0018957402849983241, 0.0015126821341287493, 0.0012547518989747923, 0.0029863712567726134, 0.0014031494256967919, 0.0009000764678975126, 0.0014989817298854554, 0.0029411795840663378, 0.0011814629037730738, 0.0017506798317894366, 0.00139326308785252, 0.001120601159433595, 0.002557215516206704, 0.0025056140294153666, 0.0010692528645728863, 0.00127762290250369, 0.0008767783874364323, 0.0031100391085189974, 0.0012140115990144356, 0.0008558438329966053, 0.0011596215039813079, 0.0008369301925146745, 0.002837933469802579, 0.001025349111101754, 0.001143878811496707, 0.0008197580749628101, 0.003661043333330342, 0.001100815923996091, 0.000804097359824375, 0.0010628804244698137, 0.0007897567870996862, 0.002692768220254368, 0.000987380348611316, 0.0015820128992673193, 0.0016040497709111016, 0.0025137837537396075, 0.0009542193151215302, 0.0014411983575713134, 0.0014018170960506259, 0.0007765760813674491, 0.002407062479318915, 0.0009250072261093211, 0.0014539038164837204, 0.001298227647354323, 0.0008990783378136289, 0.001081250388754333, 0.0007644199178572283, 0.002751597283815917, 0.0010483936768038785, 0.0007531732464976615, 0.00101885613814284, 0.000742737630086194, 0.0023439085672698414, 0.0008759085926339744, 0.0010144271277903105, 0.0007330283488074243, 0.00303820004338762, 0.0014577430360899622, 0.0013215250466761116, 0.0007239720902102264, 0.0023569011366683765, 0.0009891584572164448, 0.0007155050909800626, 0.0014472447951683555, 0.004227289202075532, 0.0009661064734379416, 0.0007075716306308977, 0.001355649755645287, 0.0032362375209855593, 0.0009449917456393569, 0.0007001228017111393, 0.001393387056615952, 0.0023486805323610356, 0.00085507983055096, 0.0009255799150478215, 0.0006931154990413154, 0.0032714667839366745, 0.0009076729595648586, 0.0006865115837684924, 0.0013541665160638225, 0.00210690555409688, 0.0008362543267149878, 0.0008911024141802816, 0.0006802771879402086, 0.0024823136466351494, 0.000819156338682893, 0.0008923864780709474, 0.0006743821327833515, 0.00233831482420056, 0.0008035585107346623, 0.0008935813280331501, 0.000668799439567678, 0.002833867385555608, 0.0012207996511351955, 0.0007892717064101567, 0.0008791523819285303, 0.000663504916302432],"final_PolicyParameters" => Dict{Int64,Any}(1 => [0.0 0.0; 1.7778604016238253 1.8588087447407664; 3.2213910263885572 1.7510386323370102; 0.33000594473473543 2.04482590816592; 1.842008436096536 0.9103905067500748; 2.473099433086201 0.9721919872489679; 2.582431471923816 2.1780670241853]),"particlefilterseeds" => [1, 2, 3])
POPULATION_SIGNALS
subject_id: 6
algorithm_name: Actor-Critic (TD-Lambda, ReplTrc) modulated Actor
param_string: alpha(actor)=0.7972,
                surpriseprobability=0.0043,
                stochasticity=2.7816,
                eta(critic)=0.0,
                gamma=0.9966,
                lambda_actor=0.7939,
                lambda_critic=0.305,
                temp=0.392,
                nparticles=15,
                init_policy=nothing,
                init_Vs=nothing,
                use_replacing_trace=true
param_vector: [0.7972414808175023, 0.004336552046615557, 2.7816353998652787, 3.24411867293681e-5, 0.9966448663088217, 0.7939275473003868, 0.3049775441960644, 0.39196929107560724, 15.0]
LL: -82.616
RPE
[0.0, 0.0, 1.0, 0.0, 1.0, 0.0, 0.0, 1.0, 0.0, 1.0, 0.0, 0.0, 1.0, -0.0, 0.0, 0.0, -0.0, 0.0, -0.0, 0.0, 1.0, 0.0, -0.0, 1.0, 0.0, 1.0, -0.0, 0.0, 0.0, 0.0, 1.0, -0.0, 0.0, 0.0, 1.0, -0.0, 0.0, 0.0, 0.0, 1.0, -0.0, 0.0, -0.0, 1.0, 0.0, -0.0, 0.0, -0.0, 0.0, 1.0, 0.0, 1.0, 0.0, -0.0, 0.0, 1.0, -0.0, 0.0, -0.0, -0.0, 0.0, 0.0, 1.0, -0.0, 0.0, 1.0, 0.0, 1.0, 0.0, 0.0, 1.0, -0.0, 0.0, 1.0, 0.0, 1.0, 0.0, 0.0, 0.0, 1.0, 0.0, -0.0, 0.0, 1.0, -0.0, 0.0, 1.0, 0.0, 0.0, 1.0, -0.0, 0.0, 1.0, -0.0, 0.0, 1.0, 0.0, 0.999, 0.0, 0.0, 0.999, 0.0, 0.999, 0.0, 1.0, 0.0, 0.999, 0.0, 0.0, 0.999, 0.0, 0.999, 0.0, 1.0, 0.0, 0.0, 0.0, 1.0, 0.0, 0.001, 0.999, 0.0, 1.0, 0.0, 0.0, 1.0, 0.001, 0.999, 0.0, 0.001, 0.999, 0.001, 0.999, 0.0, 0.999, 0.001, 0.999, 0.0, 0.0, 0.001, 0.999, 0.0, 0.001, 0.999, 0.0, 0.0, 0.001, 0.999, 0.0, 0.0, 0.001, 0.999, 0.0, 0.0, 0.999, 0.001, 0.999, 0.0, 0.001, 0.999, 0.0, 0.0, 0.999, 0.001, 0.999, 0.0, 0.999, 0.001, 0.999, 0.0, 0.999, 0.001, 0.999, 0.0, 0.001, 0.999, 0.001, 0.999]
SPE
[0.857, 0.857, 0.857, 0.857, 0.815, 0.815, 0.821, 0.777, 0.815, 0.743, 0.777, 0.781, 0.713, 0.857, 0.857, 0.746, 0.857, 0.743, 0.881, 0.777, 0.686, 0.711, 0.886, 0.857, 0.743, 0.658, 0.857, 0.857, 0.857, 0.711, 0.633, 0.886, 0.815, 0.736, 0.609, 0.818, 0.815, 0.815, 0.682, 0.588, 0.891, 0.694, 0.857, 0.815, 0.87, 0.815, 0.777, 0.777, 0.895, 0.777, 0.68, 0.567, 0.867, 0.743, 0.668, 0.549, 0.789, 0.876, 0.815, 0.755, 0.777, 0.857, 0.743, 0.78, 0.753, 0.711, 0.843, 0.682, 0.724, 0.722, 0.655, 0.876, 0.719, 0.531, 0.657, 0.515, 0.859, 0.743, 0.693, 0.499, 0.899, 0.756, 0.694, 0.63, 0.845, 0.67, 0.485, 0.69, 0.843, 0.608, 0.735, 0.667, 0.586, 0.819, 0.815, 0.566, 0.637, 0.471, 0.851, 0.618, 0.458, 0.6, 0.446, 0.837, 0.548, 0.595, 0.434, 0.874, 0.579, 0.423, 0.564, 0.413, 0.828, 0.53, 0.707, 0.711, 0.816, 0.514, 0.678, 0.669, 0.403, 0.808, 0.499, 0.681, 0.643, 0.484, 0.571, 0.393, 0.832, 0.558, 0.384, 0.545, 0.376, 0.803, 0.471, 0.543, 0.367, 0.85, 0.682, 0.649, 0.359, 0.804, 0.531, 0.352, 0.68, 0.891, 0.52, 0.344, 0.658, 0.857, 0.509, 0.338, 0.667, 0.803, 0.458, 0.499, 0.331, 0.858, 0.489, 0.324, 0.657, 0.78, 0.445, 0.48, 0.318, 0.814, 0.434, 0.48, 0.312, 0.802, 0.423, 0.481, 0.307, 0.838, 0.62, 0.412, 0.473, 0.301]
action_selection_prob
[0.5, 0.5, 0.5, 0.5, 0.734, 0.653, 0.69, 0.825, 0.69, 0.871, 0.745, 0.786, 0.897, 0.214, 0.5, 0.838, 0.085, 0.802, 0.838, 0.786, 0.915, 0.832, 0.864, 0.5, 0.791, 0.861, 0.141, 0.438, 0.266, 0.841, 0.891, 0.755, 0.422, 0.888, 0.911, 0.202, 0.397, 0.48, 0.873, 0.925, 0.894, 0.676, 0.096, 0.359, 0.241, 0.097, 0.547, 0.328, 0.903, 0.672, 0.842, 0.935, 0.873, 0.371, 0.873, 0.942, 0.338, 0.655, 0.052, 0.338, 0.345, 0.689, 0.433, 0.106, 0.507, 0.707, 0.73, 0.814, 0.499, 0.694, 0.864, 0.193, 0.785, 0.896, 0.599, 0.914, 0.347, 0.212, 0.838, 0.927, 0.506, 0.26, 0.577, 0.894, 0.474, 0.87, 0.936, 0.628, 0.892, 0.912, 0.637, 0.729, 0.926, 0.736, 0.092, 0.935, 0.204, 0.944, 0.27, 0.48, 0.949, 0.68, 0.954, 0.781, 0.943, 0.835, 0.958, 0.517, 0.868, 0.961, 0.891, 0.964, 0.907, 0.949, 0.336, 0.194, 0.695, 0.954, 0.503, 0.788, 0.967, 0.919, 0.958, 0.344, 0.599, 0.961, 0.928, 0.969, 0.547, 0.935, 0.971, 0.941, 0.972, 0.946, 0.964, 0.951, 0.974, 0.317, 0.26, 0.84, 0.975, 0.52, 0.954, 0.976, 0.666, 0.474, 0.957, 0.977, 0.736, 0.638, 0.96, 0.978, 0.216, 0.871, 0.966, 0.962, 0.979, 0.427, 0.965, 0.98, 0.607, 0.893, 0.968, 0.966, 0.981, 0.968, 0.97, 0.97, 0.982, 0.971, 0.972, 0.972, 0.982, 0.718, 0.264, 0.974, 0.974, 0.983]
results_dict
Dict{String,Any}("Surprise" => [1.0000000000000002, 1.0000000000000002, 1.0000000000000002, 1.0000000000000002, 0.773340693506996, 0.773340693506996, 0.7974403297896184, 0.6414854812363958, 0.773340693506996, 0.5552420044528426, 0.6414854812363958, 0.6533400096612024, 0.4980694548224883, 1.0000000000000002, 1.0000000000000002, 0.5620390341449141, 1.0000000000000002, 0.5552420044528426, 1.2012146304287927, 0.6414854812363958, 0.4544417309636487, 0.4944329462714055, 1.2524085264304277, 1.0000000000000002, 0.5552420044528426, 0.4176752089108594, 1.0000000000000002, 1.0000000000000002, 1.0000000000000002, 0.4944329462714055, 0.3888499282353194, 1.2567862467957907, 0.773340693506996, 0.5417632335147208, 0.3655902079606032, 0.785205637862483, 0.773340693506996, 0.773340693506996, 0.44925275144753235, 0.3464003345566438, 1.308143496154949, 0.4663405586057961, 1.0000000000000002, 0.773340693506996, 1.0998993505554449, 0.773340693506996, 0.6414854812363958, 0.6414854812363958, 1.3595007455141068, 0.6414854812363958, 0.446897686367465, 0.3302847906405849, 1.0755531021643345, 0.5552420044528426, 0.4304195215142343, 0.31655230954435926, 0.677761551197844, 1.154071748077475, 0.773340693506996, 0.5835916368588462, 0.6414854812363958, 0.9970103442461482, 0.5552420044528426, 0.6488609017247907, 0.5782353152557839, 0.4944329462714055, 0.910371370309099, 0.44925275144753235, 0.5177910835403461, 0.5139780694552721, 0.4143622561537865, 1.1510714447345602, 0.5081710595400475, 0.30470650965377244, 0.4169980663793521, 0.2943810566214792, 1.0165700514286942, 0.5552420044528426, 0.46590808868584205, 0.2852993397337019, 1.4079941943389729, 0.5845999218643113, 0.46623620964322365, 0.38660563855379065, 0.9224473125069789, 0.43245710369136464, 0.2772483965221942, 0.46109758731845696, 0.9084530661672522, 0.36399789059565696, 0.5397807369781237, 0.42936771683809516, 0.34522793716957806, 0.7894019151484435, 0.773340693506996, 0.3293950028085676, 0.3937295714533129, 0.2700614939816714, 0.9608263187788998, 0.3741020026213296, 0.2636061671265515, 0.3573227994966811, 0.25777580759242785, 0.876456112348012, 0.31585975430291857, 0.35247837519278785, 0.2524836247979075, 1.1298054357330416, 0.3391957699985611, 0.24765823052449268, 0.3274961577460509, 0.24324035761511967, 0.831477648757135, 0.30415586587881666, 0.48766963890848414, 0.4944329462714055, 0.7759860686269494, 0.29393520629983216, 0.4433056270903727, 0.4320754504176346, 0.2391803857272551, 0.7429846173421818, 0.2849326234261808, 0.44810878124673625, 0.400037759588236, 0.2769426114068074, 0.3331804082973893, 0.2354364509757034, 0.8496600960619783, 0.3230469315586377, 0.2319729843602429, 0.3139379885891032, 0.22875956936842629, 0.7234488431837326, 0.26980343179358673, 0.3125798807053033, 0.22577004011629245, 0.949338315624878, 0.44925275144753235, 0.4072913406699741, 0.22298176282789328, 0.7273836118023482, 0.3047878699250101, 0.2203750585196451, 0.446086316288501, 1.308143496154949, 0.2976799198491862, 0.21793273549003478, 0.41781041462549223, 0.9999999999999998, 0.29116973775326044, 0.21563970796232784, 0.4287608350390224, 0.7248758320428677, 0.2633860509061952, 0.2851849594082071, 0.21348268288541375, 1.0094464012630944, 0.27966444783694305, 0.21144990107488454, 0.41668703824963843, 0.6500518142994522, 0.25758627116172733, 0.274556197241444, 0.20953092199188517, 0.7663259575443013, 0.2523190299193507, 0.2749578326495918, 0.20771644380312848, 0.7217490771356003, 0.24751419983841388, 0.2753315589134145, 0.20599815214760167, 0.8825832400166687, 0.3761487325550011, 0.24311344878737948, 0.2708833674599367, 0.2043685924007044],"trialByTrial_Vs" => [0.0, 0.0, 0.0, 0.0, 3.24411867293681e-5, 2.9971834568972844e-6, 9.860638325553667e-6, 6.488132102813979e-5, 9.861367334295534e-6, 9.732040293045717e-5, 5.994934430451604e-6, 1.972241475413197e-5, 0.00012975843247046124, 1.9723872700666744e-5, 0.0, 2.9585329154216933e-5, 0.00016219540968229185, 8.993252899074126e-6, 2.9588163988937093e-5, 1.972378465577837e-5, 0.00016219074027194017, 9.905104300583936e-6, 3.258593861943258e-5, 0.0, 2.9587427816459e-5, 0.00019462666534121733, 1.290269868570651e-5, 2.740597727989716e-8, 3.24411867293681e-5, 3.945147988353375e-5, 0.00022706153815059258, 1.3179631941247981e-5, 9.398817832357199e-7, 4.244551981846674e-5, 0.0002594953587342025, 1.4091060972318648e-5, 3.9397610220063504e-6, 3.543975521221286e-5, 4.931594081591081e-5, 0.0002919281271261825, 5.918153939624829e-5, 1.4368125488198204e-5, 5.231061246384722e-5, 3.843889115205786e-5, 1.7366280886538495e-5, 6.009138626870226e-5, 4.852379338261372e-6, 7.087883087818043e-5, 6.0090209499985796e-5, 7.087857837732618e-5, 6.99504911868939e-5, 0.000324359843360667, 7.981614915385342e-5, 0.00010331746572149803, 7.981666594769371e-5, 0.0003567905074717891, 1.7451465967558222e-5, 5.765379091233271e-6, 0.000389220119493681, 1.7453740036918813e-5, 5.7740749692417005e-6, 6.217041755843367e-5, 0.00010631552807283161, 8.968273261651623e-5, 8.773194358019878e-6, 0.0001387532658003013, 9.2678151544062e-5, 0.00017118995120906426, 1.8364955753097334e-5, 1.8636666093039337e-5, 0.000203625584333259, 0.0001025396302102874, 7.203142809292752e-5, 0.0003894850250260219, 0.00010553776615607865, 0.00042191357639896485, 2.1363353064985846e-5, 2.850127563686286e-5, 8.189848202562216e-5, 0.00045434107575121734, 2.2275809959511353e-5, 0.00011540446182820744, 3.150247819514926e-5, 0.00023606016520702288, 0.00011840022172030316, 9.176667328534476e-5, 0.00048676752311690817, 2.3189392714594908e-5, 0.00010163527308675527, 0.00026849369386449214, 0.00012139895108983402, 4.1367399217056994e-5, 0.0003009261703398019, 0.00012439518125405573, 0.00011149864775422002, 0.00033335759466708624, 0.00012739311170432917, 0.000519192918530165, 2.618994170940356e-5, 0.00013726128439568253, 0.0005516172620251145, 0.0001471298655820486, 0.0005840405536358821, 0.00015699885522653772, 0.0003657879668804781, 0.00016686262020178922, 0.0006164627933965922, 2.9193127779058916e-5, 0.00017673169827527225, 0.0006488839813413679, 0.00018660118474348575, 0.0006813041175043317, 0.0001964710795695456, 0.0003982172870141093, 3.21977677570366e-5, 5.1233457858879346e-5, 0.00012136316004447707, 0.0004306455551021105, 3.31106043647953e-5, 0.00013122953854448742, 0.0007137232019196043, 0.0002063342927610758, 0.00046307277117861134, 3.6114537620062896e-5, 5.423464794755624e-5, 0.0004954989352777404, 0.00021619864339150058, 0.0007461412346213059, 3.911515266506255e-5, 0.0002260690350413743, 0.0007785582156435551, 0.00023593983494882783, 0.0008109741450204699, 0.0002458110430769845, 0.0005279240474336249, 0.00025567557035345736, 0.0008433890227861668, 4.2121465177944e-5, 6.410466154211766e-5, 0.0001411019582045263, 0.0008758028489747612, 4.303532811064637e-5, 0.00026554686664847116, 0.0009082156236203676, 4.604328619073956e-5, 6.710891822761866e-5, 0.0002754192994710964, 0.0009406273467570992, 4.695814142644935e-5, 7.011653856636395e-5, 0.00028529214036692975, 0.0009730380184190684, 4.787316929315663e-5, 0.00015097769979738999, 0.0005603481076803913, 0.00029516538929910436, 0.0010054476386403863, 5.087601979931824e-5, 0.0003050390462307554, 0.0010378562074551626, 5.388549646793198e-5, 0.000160846032203941, 0.0005927711160521647, 0.00031491311112501994, 0.0010702637248975065, 0.00032478758394503707, 0.0006251930725830691, 0.00033465173492953074, 0.0011026701910015256, 0.0003445262956336775, 0.0006576139773072277, 0.00035439053482391015, 0.0011350756058013266, 5.688859514648836e-5, 7.312450457080866e-5, 0.0006900338302587622, 0.00036426518338284944, 0.0011674799693310149, 0.0, 0.0, 0.0, 0.0, 0.0, 0.0, 0.0, 0.0, 0.0, 0.0, 0.0, 0.0, 0.0, 0.0, 0.0, 0.0, 0.0, 0.0, 0.0, 0.0, 0.0, 0.0, 0.0, 0.0, 0.0, 0.0, 0.0, 0.0, 0.0, 0.0, 0.0, 0.0, 0.0, 0.0, 0.0, 0.0, 0.0, 0.0, 0.0, 0.0, 0.0, 0.0, 0.0, 0.0, 0.0, 0.0, 0.0, 0.0, 0.0, 0.0, 0.0, 0.0, 0.0, 0.0, 0.0, 0.0, 0.0, 0.0, 0.0],"final_V" => Dict{Int64,Any}(1 => [0.0, 8.299827688655944e-5, 0.00037414023977773274, 0.001199883281624695, 0.00017071477307032093, 0.0007224526314717933, 5.989028948919949e-5]),"nparticles" => 15,"trial_by_trial_p_sa_max" => [0.5, 0.5, 0.5, 0.5, 0.7335160141443056, 0.6533841547117566, 0.6902276159023754, 0.825301781459475, 0.6903975700200604, 0.8706795814363371, 0.7453775911599778, 0.7855525729444739, 0.897461327054606, 0.21432741156055082, 0.5, 0.8379007244410233, 0.08491327016667774, 0.8018111770014731, 0.8379017912083888, 0.7856684329289213, 0.9150972076224566, 0.8315929134062414, 0.8639746424160379, 0.5, 0.7914271477112527, 0.860787539887022, 0.14058097816853576, 0.4380336759771281, 0.2664839858556945, 0.8413893169846163, 0.8913307108472152, 0.7551759173923889, 0.42160503247946834, 0.8876187072109701, 0.9109255534754502, 0.20218150777825772, 0.3966988662195641, 0.4800043094053107, 0.8725195307451831, 0.9245477881306309, 0.8936201359274463, 0.6764589322684424, 0.09559054553369165, 0.3586628051268644, 0.24082457279758332, 0.0966444396424462, 0.5468119498399842, 0.32765486535295707, 0.9033571675748074, 0.6723459361309493, 0.8418463555633331, 0.9345619538119279, 0.8728257341999243, 0.37061146857648447, 0.8728258572233621, 0.942231991094261, 0.33837573406778637, 0.6554738349028408, 0.051706087952803494, 0.33839296076945025, 0.34451355184476695, 0.6892705760347776, 0.43272532200215674, 0.10616268193076395, 0.506837091070945, 0.7068491731482848, 0.7300589865988893, 0.8138155042050613, 0.4986448855818378, 0.6940949573436302, 0.8644623636770177, 0.19333810807842802, 0.7850843764231897, 0.8961943697899215, 0.5993257927280262, 0.9142281236897803, 0.34708366355126447, 0.2123591179292068, 0.8376649920312815, 0.9269344833063883, 0.5063145891097428, 0.2598714813433455, 0.5766214907784706, 0.8935912275745411, 0.4735655791778462, 0.8701040146816328, 0.936366378945795, 0.6275925628129468, 0.8919354600858257, 0.9124524595027188, 0.6373093174118281, 0.7289198929408832, 0.9256470960396018, 0.7359101619099805, 0.09243320882910862, 0.9353907447801489, 0.20414226587772064, 0.9436435788034518, 0.26984458744904677, 0.47967678566698113, 0.9494280833359486, 0.680279610833116, 0.9541361239350347, 0.7805712270441802, 0.9428789688498891, 0.8350163997941239, 0.9580424414096325, 0.5166316179813992, 0.8683909091893675, 0.9613356616637039, 0.8907436236027789, 0.964149567076611, 0.9066992244656279, 0.9488128872065923, 0.33592043022665846, 0.19391627455238777, 0.6954895263970631, 0.9536305618459077, 0.5032946271528398, 0.7884021364695415, 0.9665816700380095, 0.9186319312782215, 0.9576196903559284, 0.34408451757402503, 0.5985747464556058, 0.9609769811262397, 0.927885837956111, 0.968704720029622, 0.5471539535869554, 0.9352677577606893, 0.9705740926351168, 0.9412889696171959, 0.9722326825276438, 0.9462921797297164, 0.9638414697547592, 0.9505132302682807, 0.9737142314272722, 0.317479282191714, 0.26022100719790203, 0.8396328201243658, 0.97504564534142, 0.5195366258495485, 0.9541233788322154, 0.9762486418806672, 0.6658745967736752, 0.4741410190407868, 0.9572451226394489, 0.9773409431799015, 0.7361438687007074, 0.6377533801512877, 0.9599709188282817, 0.9783371542040984, 0.21556408558685697, 0.8713935641283129, 0.9663142026542992, 0.9623713791509235, 0.9792494191532628, 0.4270676414916006, 0.9645013057758486, 0.9800879187215016, 0.6071375048220979, 0.8928368253141898, 0.9684703775214097, 0.9664038730921107, 0.9808612514725117, 0.9681135509486077, 0.9703671093517047, 0.9696577092078622, 0.9815767296572339, 0.9710600743057651, 0.9720485561227623, 0.9723385171762731, 0.9822406110575043, 0.7181029937978468, 0.26374577223612716, 0.9735493949724046, 0.9735094183437546, 0.9828582824337329],"final_Tsas" => Dict{Tuple{Int64,Int64},Float64}[Dict((1, 6) => 0.5975589644215119,(2, 3) => 0.1014430011189373,(2, 6) => 0.11851145373218272,(2, 2) => 0.09465907307847539,(2, 1) => 1.0,(2, 5) => 0.12955043487973136,(1, 7) => 0.07648480747320571,(1, 4) => 0.12955043487973136,(1, 3) => 0.04840030147823981,(2, 4) => 0.704350632795087,(1, 1) => 1.0,(1, 2) => 0.1012555079081332,(2, 7) => 0.08574294644988374,(1, 5) => 0.07640254599782278), Dict((1, 6) => 0.0670735059297479,(2, 3) => 0.2819354896980368,(2, 6) => 0.11851145373218272,(2, 2) => 0.09465907307847539,(2, 1) => 0.0,(2, 5) => 0.12955043487973136,(1, 7) => 0.18510692873084836,(1, 4) => 0.12955043487973136,(1, 3) => 0.04840030147823981,(2, 4) => 0.04927489453415211,(1, 1) => 0.0,(1, 2) => 0.1012555079081332,(2, 7) => 0.3622437086154598,(1, 5) => 0.07640254599782278), Dict((1, 6) => 0.0670735059297479,(2, 3) => 0.1014430011189373,(2, 6) => 0.28893127760690396,(2, 2) => 0.09465907307847539,(2, 1) => 0.0,(2, 5) => 0.12955043487973136,(1, 7) => 0.15750558083191854,(1, 4) => 0.12955043487973136,(1, 3) => 0.04840030147823981,(2, 4) => 0.04927489453415211,(1, 1) => 0.0,(1, 2) => 0.17405836906890004,(2, 7) => 0.20904155913512126,(1, 5) => 0.103869318243216), Dict((1, 6) => 0.0670735059297479,(2, 3) => 0.1014430011189373,(2, 6) => 0.11851145373218272,(2, 2) => 0.12577549545667116,(2, 1) => 0.0,(2, 5) => 0.12955043487973136,(1, 7) => 0.07648480747320571,(1, 4) => 0.12955043487973136,(1, 3) => 0.5355987464852132,(2, 4) => 0.04927489453415211,(1, 1) => 0.0,(1, 2) => 0.1012555079081332,(2, 7) => 0.08574294644988374,(1, 5) => 0.349317318295311), Dict((1, 6) => 0.0670735059297479,(2, 3) => 0.21084950470727643,(2, 6) => 0.11851145373218272,(2, 2) => 0.09465907307847539,(2, 1) => 0.0,(2, 5) => 0.12955043487973136,(1, 7) => 0.3514482605444101,(1, 4) => 0.12955043487973136,(1, 3) => 0.04840030147823981,(2, 4) => 0.04927489453415211,(1, 1) => 0.0,(1, 2) => 0.3196640913904339,(2, 7) => 0.08574294644988374,(1, 5) => 0.07640254599782278), Dict((1, 6) => 0.0670735059297479,(2, 3) => 0.1014430011189373,(2, 6) => 0.11851145373218272,(2, 2) => 0.40092913915095185,(2, 1) => 0.0,(2, 5) => 0.2226973907216118,(1, 7) => 0.07648480747320571,(1, 4) => 0.12955043487973136,(1, 3) => 0.20499980165905274,(2, 4) => 0.04927489453415211,(1, 1) => 0.0,(1, 2) => 0.1012555079081332,(2, 7) => 0.08574294644988374,(1, 5) => 0.2412031794701819), Dict((1, 6) => 0.0670735059297479,(2, 3) => 0.1014430011189373,(2, 6) => 0.11851145373218272,(2, 2) => 0.09465907307847539,(2, 1) => 0.0,(2, 5) => 0.12955043487973136,(1, 7) => 0.07648480747320571,(1, 4) => 0.2226973907216118,(1, 3) => 0.06580024594277456,(2, 4) => 0.04927489453415211,(1, 1) => 0.0,(1, 2) => 0.1012555079081332,(2, 7) => 0.08574294644988374,(1, 5) => 0.07640254599782278)],"gamma_surprise" => [0.004336552046615559, 0.004336552046615559, 0.004336552046615559, 0.004336552046615559, 0.0033569317621218275, 0.0033569317621218275, 0.0034611818328487485, 0.0027861668771766786, 0.0033569317621218275, 0.0024124888571078833, 0.0027861668771766786, 0.002837508608517909, 0.0021646157199997217, 0.004336552046615559, 0.004336552046615559, 0.002441949373002832, 0.004336552046615559, 0.0024124888571078833, 0.005204588356182713, 0.0027861668771766786, 0.0019753836637763094, 0.002148845371999724, 0.005425196432267359, 0.004336552046615559, 0.0024124888571078833, 0.0018158558296366787, 0.004336552046615559, 0.004336552046615559, 0.004336552046615559, 0.002148845371999724, 0.0016907489170779123, 0.005444056649283085, 0.0033569317621218275, 0.0023540623755310183, 0.001589774674871167, 0.00340825979717903, 0.0033569317621218275, 0.0033569317621218275, 0.0019528720692374697, 0.0015064529231854184, 0.005665261977492279, 0.0020270010747470346, 0.004336552046615559, 0.0033569317621218275, 0.004767705320463579, 0.0033569317621218275, 0.0027861668771766786, 0.0027861668771766786, 0.005886368928296459, 0.0027861668771766786, 0.0019426546442822662, 0.0014364690570612107, 0.004662664331280307, 0.0024124888571078833, 0.0018711584470866938, 0.0013768262122663233, 0.0029432611663162377, 0.00500135059790562, 0.0033569317621218275, 0.002535353789600311, 0.0027861668771766786, 0.0043236433039986165, 0.0024124888571078833, 0.00281811030082648, 0.0025121422593119102, 0.002148845371999724, 0.003949407881859327, 0.0019528720692374697, 0.00225013329091705, 0.00223360031771189, 0.0018014786125220737, 0.004988413174417715, 0.0022084204597440328, 0.0013253718680452484, 0.0018129172686774033, 0.0012805170960559845, 0.004408092185254, 0.0024124888571078833, 0.002025125102954916, 0.001241061904216502, 0.0060950561949420935, 0.002539723055032054, 0.002026548429552303, 0.0016810069795292926, 0.004001586559587697, 0.0018799997545822418, 0.0012060822646310974, 0.002004257592598402, 0.003941118619722116, 0.001582861418252554, 0.002345468262633608, 0.0018665944822237243, 0.0015013619644094057, 0.003426411728256538, 0.0033569317621218275, 0.0014326047507516348, 0.00171192965298228, 0.0011748546284553703, 0.004167381288489565, 0.0016267281344482856, 0.0011468040793781934, 0.0015538795847246923, 0.0011214678677011584, 0.0038028349336955754, 0.0013738181210067933, 0.0015328450654835779, 0.001098469225662782, 0.0048967036807928965, 0.0014751673678074235, 0.0010774982189877872, 0.00142435805677931, 0.0010582975147731698, 0.0036083831272819772, 0.0013229799196472782, 0.002119513794680494, 0.002148845371999724, 0.003368376176593788, 0.0012785801881583614, 0.0019270701301920808, 0.0018783437282895328, 0.0010406516484512186, 0.0032255865745943945, 0.0012394686529482138, 0.0019479089927425023, 0.0017393098448605646, 0.0012047536449041028, 0.0014490443800344623, 0.0010243788226336544, 0.003686998992636759, 0.0014050345108261731, 0.0010093245655099557, 0.001365470898959357, 0.000995356773612095, 0.0031410405438751236, 0.0011737332923750026, 0.0013595718501247577, 0.0009823617979871492, 0.004117759675128883, 0.0019528720692374697, 0.0017707915837191688, 0.0009702413257415102, 0.003158070409138054, 0.0013257252889760092, 0.000958909874227607, 0.0019391344753188163, 0.005665261977492279, 0.0012948481166926552, 0.0009482927616837684, 0.0018164425729186627, 0.004336552046615557, 0.0012665659931859214, 0.0009383244517294431, 0.0018639610967270826, 0.0031472166866054413, 0.001145847573179261, 0.0012405649631345578, 0.000928947193651503, 0.004377337540542328, 0.0012165797521441625, 0.0009201098985324348, 0.0018115675099438528, 0.0028232680283924233, 0.0011206442030766831, 0.0011943846834638438, 0.0009117672047838319, 0.0033265833583696267, 0.0010977539161753308, 0.00119612980301528, 0.0009038786968241946, 0.00313368369580161, 0.0010768722527738938, 0.0011977536509051657, 0.0008964082483710171, 0.0038293179828325316, 0.0016356134850003274, 0.0010577459400455318, 0.0011784258298847955, 0.000889323467739971],"final_PolicyParameters" => Dict{Int64,Any}(1 => [0.0 0.0; 2.3188634756803013 2.3804610238961543; 3.623299258623009 2.193758104095899; 0.5806853239388545 2.1816120531175627; 2.0387967887608918 1.1402472367818235; 2.707560567927892 1.2730539685988138; 3.376604105946286 2.8695002350412055]),"particlefilterseeds" => [1, 2, 3])