DateTime of fitting: 2020-12-27T19:40:53.12
DATA_STATS
nr_subjects: 1
all_subject_ids: [5]
nr_puzzles: 1
nr_episodes: 54
nr_actions: 175
max_state_id: 7
max_action_id: 2
SUBJECT_SIGNALS
subject_id: 5
algorithm_name: hybrid_actorcritic_FWD
param_string: alpha=0.5956,
                eta_critic=0.0005,
                gamma=0.9467,
                lambda_actor=0.7051,
                lambda_critic=0.4495,
                eta_fwd=0.2052,
                w_MB=12.15,
                w_MF=2.8679
param_vector: [0.5956349378228704, 0.0005163543936273783, 0.946738369651285, 0.7051407326403902, 0.4495430519131503, 0.20517460028089307, 12.150043343682361, 2.8678797417624766]
LL: -77.891
RPE
[0.0, 0.0, 0.0, 0.0, 0.0, 0.0, 0.0, 0.0, 0.0, 0.0, 0.0, 0.0, 0.0, 0.0, 0.0, 1.0, 0.0, 0.0, 0.999, -0.0, 1.0, 0.0, -0.0, 0.0, -0.001, -0.0, 0.001, 0.999, 0.0, 0.001, 0.998, 0.0, 0.999, 0.001, 0.998, 0.0, 0.999, 0.001, 0.997, 0.0, 0.002, -0.002, 0.002, 0.997, -0.0, 0.003, 0.996, 0.0, 0.998, 0.0, 0.003, 0.996, -0.001, 0.001, 0.998, 0.0, 0.002, 0.997, -0.001, 0.004, 0.995, 0.001, 0.004, 0.995, 0.001, 0.002, -0.003, 0.0, 0.004, 0.994, 0.001, 0.0, -0.0, 0.005, 0.994, 0.001, 0.001, 0.997, -0.001, 0.002, -0.003, 0.001, 0.005, 0.993, 0.005, 0.993, 0.001, 0.996, 0.005, 0.992, 0.001, 0.006, 0.992, 0.002, 0.001, 0.996, 0.002, 0.995, 0.005, 0.991, 0.002, 0.995, 0.001, 0.007, 0.991, 0.002, 0.994, 0.005, 0.99, 0.0, 0.005, -0.005, 0.003, 0.002, 0.994, -0.002, 0.004, 0.993, 0.0, 0.008, -0.003, 0.993, 0.003, 0.992, 0.001, -0.001, 0.006, 0.992, 0.004, 0.991, 0.004, 0.991, 0.0, -0.0, 0.001, 0.007, 0.99, 0.003, 0.004, 0.99, 0.001, 0.007, 0.99, 0.001, 0.007, 0.989, 0.006, 0.988, 0.001, 0.008, 0.988, 0.006, 0.987, 0.005, 0.989, 0.004, 0.005, 0.989, 0.001, 0.008, 0.988, 0.001, 0.009, 0.987, 0.004, 0.006, 0.988, 0.006, 0.987, 0.004, 0.006, 0.987, 0.001, 0.009, 0.986]
SPE
[0.857, 0.857, 0.857, 0.857, 0.857, 0.681, 0.681, 0.681, 0.541, 0.541, 0.681, 0.857, 0.857, 0.857, 0.681, 0.857, 0.681, 0.541, 0.681, 0.857, 0.857, 0.541, 0.681, 0.43, 0.43, 0.541, 0.857, 0.541, 0.43, 0.43, 0.43, 0.681, 0.681, 0.91, 0.342, 0.636, 0.541, 0.78, 0.272, 0.342, 0.342, 0.964, 0.272, 0.377, 0.43, 0.943, 0.3, 0.607, 0.43, 0.342, 0.681, 0.238, 0.541, 0.964, 0.342, 0.272, 0.477, 0.272, 0.928, 0.541, 0.189, 0.216, 0.801, 0.15, 0.172, 0.507, 0.342, 0.977, 0.377, 0.12, 0.272, 0.91, 0.547, 0.3, 0.095, 0.982, 0.482, 0.216, 0.435, 0.852, 0.272, 0.216, 0.394, 0.076, 0.76, 0.06, 0.51, 0.172, 0.685, 0.048, 0.172, 0.314, 0.038, 0.977, 0.527, 0.137, 0.419, 0.109, 0.712, 0.03, 0.47, 0.086, 0.823, 0.249, 0.024, 0.374, 0.069, 0.726, 0.019, 0.566, 0.403, 0.216, 0.777, 0.441, 0.054, 0.346, 0.838, 0.043, 0.45, 0.43, 0.999, 0.034, 0.351, 0.027, 0.781, 0.636, 0.32, 0.022, 0.279, 0.017, 0.222, 0.014, 0.49, 0.943, 0.455, 0.363, 0.217, 0.696, 0.176, 0.011, 0.492, 0.735, 0.009, 0.391, 0.434, 0.173, 0.866, 0.137, 0.311, 0.345, 0.109, 0.688, 0.087, 0.457, 0.007, 0.776, 0.363, 0.005, 0.402, 0.737, 0.004, 0.319, 0.423, 0.069, 0.758, 0.288, 0.003, 0.229, 0.003, 0.602, 0.182, 0.002, 0.529, 0.671, 0.002]
action_selection_prob
[0.5, 0.5, 0.5, 0.5, 0.5, 0.5, 0.5, 0.5, 0.5, 0.5, 0.5, 0.5, 0.5, 0.5, 0.5, 0.5, 0.572, 0.665, 0.78, 0.36, 0.563, 0.528, 0.236, 0.498, 0.187, 0.485, 0.505, 0.868, 0.452, 0.759, 0.908, 0.518, 0.744, 0.668, 0.922, 0.759, 0.85, 0.813, 0.931, 0.553, 0.821, 0.941, 0.799, 0.928, 0.415, 0.419, 0.942, 0.848, 0.897, 0.524, 0.397, 0.947, 0.127, 0.852, 0.916, 0.61, 0.424, 0.933, 0.209, 0.402, 0.95, 0.676, 0.413, 0.956, 0.725, 0.583, 0.06, 0.721, 0.865, 0.96, 0.241, 0.114, 0.319, 0.89, 0.963, 0.709, 0.562, 0.909, 0.321, 0.856, 0.075, 0.247, 0.854, 0.965, 0.653, 0.967, 0.742, 0.89, 0.793, 0.968, 0.364, 0.875, 0.97, 0.481, 0.833, 0.909, 0.857, 0.924, 0.877, 0.971, 0.893, 0.933, 0.429, 0.889, 0.972, 0.904, 0.94, 0.913, 0.973, 0.536, 0.626, 0.054, 0.465, 0.921, 0.949, 0.072, 0.9, 0.926, 0.463, 0.34, 0.974, 0.935, 0.869, 0.945, 0.534, 0.094, 0.547, 0.949, 0.886, 0.953, 0.899, 0.957, 0.592, 0.326, 0.409, 0.831, 0.972, 0.482, 0.91, 0.96, 0.583, 0.857, 0.962, 0.656, 0.878, 0.974, 0.918, 0.976, 0.711, 0.894, 0.977, 0.923, 0.978, 0.928, 0.964, 0.755, 0.934, 0.966, 0.788, 0.905, 0.968, 0.814, 0.914, 0.979, 0.834, 0.938, 0.969, 0.942, 0.971, 0.851, 0.946, 0.972, 0.865, 0.922, 0.973]
results_dict
Dict{String,Any}("finalQSA_Hybrid_record" => [0.0 0.0; 12.287567984890945 14.759253634371438; 17.18361315070694 14.267628288855313; 12.368118376620785 15.969169101152703; 14.456519428456623 13.909693996362106; 15.215121140745822 11.34546239743729; 14.273360949008257 16.13562490806826],"final_PolicyParameters_MF" => [0.0 0.0; 0.4585392613437341 1.173975553953908; 1.9833464577336148 1.166476303800601; 0.6634471885814175 1.3480112231494144; 1.0450128873686908 0.9710980225623919; 1.0817716299463995 0.08860689374679628; 1.187848688099228 1.86877732684402],"final_Tsas" => [0.14285714285714285 0.14285714285714285; 0.057014971095928006 0.001149763293692858; 0.0002304149211122121 0.028628864290859594; 0.028628864290859594 0.9986175104733268; 0.014375379919169899 0.0453169471912943; 0.9452348202823453 0.11354648567415812; 0.004560138328562705 0.001149763293692858]

[0.14285714285714285 0.14285714285714285; 0.057014971095928006 0.001149763293692858; 0.0002304149211122121 0.7252027194519151; 0.028628864290859594 0.0002304149211122121; 0.014375379919169899 0.0453169471912943; 0.0018817304905197395 0.11354648567415812; 0.3012556639630414 0.5798905250181853]

[0.14285714285714285 0.14285714285714285; 0.22009295477639682 0.001149763293692858; 0.0002304149211122121 0.028628864290859594; 0.028628864290859594 0.0002304149211122121; 0.014375379919169899 0.0453169471912943; 0.0002304149211122121 0.3187210859550512; 0.06964534401003175 0.41436065851335047]

[0.14285714285714285 0.14285714285714285; 0.057014971095928006 0.46679567249359283; 0.8551398756512374 0.028628864290859594; 0.028628864290859594 0.0002304149211122121; 0.7456384200005841 0.0453169471912943; 0.05196178954268614 0.11354648567415812; 0.004560138328562705 0.001149763293692858]

[0.14285714285714285 0.14285714285714285; 0.49483218974396315 0.001149763293692858; 0.0002304149211122121 0.131652959093787; 0.028628864290859594 0.0002304149211122121; 0.014375379919169899 0.0453169471912943; 0.0002304149211122121 0.11354648567415812; 0.6108584387126761 0.001149763293692858]

[0.14285714285714285 0.14285714285714285; 0.057014971095928006 0.5274555110379429; 0.14370804974320156 0.028628864290859594; 0.028628864290859594 0.0002304149211122121; 0.18248468040356636 0.5229237165713411; 0.0002304149211122121 0.11354648567415812; 0.004560138328562705 0.001149763293692858]

[0.14285714285714285 0.14285714285714285; 0.057014971095928006 0.001149763293692858; 0.0002304149211122121 0.028628864290859594; 0.8282268142548425 0.0002304149211122121; 0.014375379919169899 0.2504915474721874; 0.0002304149211122121 0.11354648567415812; 0.004560138328562705 0.001149763293692858],"finalQSA_MB_record" => [0.0 0.0; 0.903123818020538 0.9448973615542687; 0.9461379037300609 0.8989604034304481; 0.8615363123242475 0.9998666397046069; 0.9431971045947062 0.9156696398679458; 0.9969307272425941 0.9128976137526483; 0.8943974243716075 0.8952390289535317])
POPULATION_SIGNALS
subject_id: 5
algorithm_name: hybrid_actorcritic_FWD
param_string: alpha=0.644,
                eta_critic=0.0002,
                gamma=0.972,
                lambda_actor=0.8563,
                lambda_critic=0.4629,
                eta_fwd=0.24,
                w_MB=12.1269,
                w_MF=2.8638
param_vector: [0.644030167544776, 0.00020351207271904898, 0.9720012726758733, 0.856341395594059, 0.4628830908282809, 0.24003847973901876, 12.126880916735841, 2.863789486249355]
LL: -79.765
RPE
[0.0, 0.0, 0.0, 0.0, 0.0, 0.0, 0.0, 0.0, 0.0, 0.0, 0.0, 0.0, 0.0, 0.0, 0.0, 1.0, 0.0, 0.0, 1.0, -0.0, 1.0, 0.0, -0.0, 0.0, -0.0, -0.0, 0.0, 1.0, 0.0, 0.0, 0.999, 0.0, 1.0, 0.001, 0.999, 0.0, 1.0, 0.001, 0.999, 0.0, 0.001, -0.001, 0.001, 0.999, -0.0, 0.001, 0.999, 0.0, 0.999, 0.0, 0.001, 0.998, -0.0, 0.0, 0.999, 0.0, 0.001, 0.999, -0.0, 0.001, 0.998, 0.0, 0.002, 0.998, 0.0, 0.001, -0.001, 0.0, 0.002, 0.998, 0.0, 0.0, -0.0, 0.002, 0.998, 0.0, 0.0, 0.999, -0.0, 0.001, -0.001, 0.0, 0.002, 0.997, 0.002, 0.997, 0.0, 0.999, 0.002, 0.997, 0.0, 0.002, 0.997, 0.001, 0.001, 0.998, 0.001, 0.998, 0.002, 0.997, 0.001, 0.998, 0.0, 0.003, 0.996, 0.001, 0.998, 0.002, 0.996, 0.0, 0.002, -0.002, 0.001, 0.001, 0.998, -0.001, 0.002, 0.997, -0.0, 0.003, -0.001, 0.997, 0.001, 0.997, 0.0, -0.0, 0.003, 0.997, 0.002, 0.996, 0.002, 0.996, 0.0, -0.0, 0.0, 0.003, 0.996, 0.001, 0.002, 0.996, 0.0, 0.003, 0.996, 0.0, 0.003, 0.996, 0.002, 0.995, 0.001, 0.003, 0.995, 0.003, 0.995, 0.002, 0.996, 0.002, 0.002, 0.995, 0.001, 0.003, 0.995, 0.001, 0.004, 0.995, 0.002, 0.002, 0.995, 0.002, 0.995, 0.002, 0.002, 0.995, 0.001, 0.004, 0.994]
SPE
[0.857, 0.857, 0.857, 0.857, 0.857, 0.651, 0.651, 0.651, 0.495, 0.495, 0.651, 0.857, 0.857, 0.857, 0.651, 0.857, 0.651, 0.495, 0.651, 0.857, 0.857, 0.495, 0.651, 0.376, 0.376, 0.495, 0.857, 0.495, 0.376, 0.376, 0.376, 0.651, 0.651, 0.917, 0.286, 0.616, 0.495, 0.77, 0.217, 0.286, 0.286, 0.972, 0.217, 0.366, 0.376, 0.952, 0.278, 0.596, 0.376, 0.286, 0.651, 0.211, 0.495, 0.972, 0.286, 0.217, 0.457, 0.217, 0.937, 0.495, 0.16, 0.165, 0.79, 0.122, 0.125, 0.504, 0.286, 0.984, 0.366, 0.093, 0.217, 0.917, 0.526, 0.278, 0.07, 0.988, 0.453, 0.165, 0.4, 0.849, 0.217, 0.165, 0.4, 0.054, 0.76, 0.041, 0.502, 0.125, 0.679, 0.031, 0.125, 0.304, 0.023, 0.984, 0.53, 0.095, 0.403, 0.072, 0.721, 0.018, 0.473, 0.055, 0.808, 0.231, 0.014, 0.359, 0.042, 0.739, 0.01, 0.603, 0.383, 0.165, 0.748, 0.447, 0.032, 0.304, 0.844, 0.024, 0.458, 0.376, 1.0, 0.018, 0.34, 0.014, 0.777, 0.616, 0.291, 0.011, 0.258, 0.008, 0.196, 0.006, 0.505, 0.952, 0.478, 0.374, 0.246, 0.672, 0.149, 0.005, 0.516, 0.728, 0.004, 0.392, 0.456, 0.187, 0.889, 0.142, 0.298, 0.346, 0.108, 0.675, 0.082, 0.488, 0.003, 0.785, 0.371, 0.002, 0.412, 0.742, 0.002, 0.313, 0.44, 0.062, 0.767, 0.282, 0.001, 0.214, 0.001, 0.583, 0.163, 0.001, 0.56, 0.668, 0.001]
action_selection_prob
[0.5, 0.5, 0.5, 0.5, 0.5, 0.5, 0.5, 0.5, 0.5, 0.5, 0.5, 0.5, 0.5, 0.5, 0.5, 0.5, 0.643, 0.692, 0.7, 0.263, 0.479, 0.547, 0.207, 0.558, 0.236, 0.459, 0.443, 0.818, 0.447, 0.7, 0.874, 0.52, 0.592, 0.698, 0.896, 0.797, 0.776, 0.846, 0.91, 0.618, 0.792, 0.924, 0.773, 0.915, 0.32, 0.456, 0.931, 0.877, 0.851, 0.517, 0.333, 0.938, 0.102, 0.841, 0.884, 0.665, 0.413, 0.908, 0.258, 0.36, 0.944, 0.752, 0.39, 0.95, 0.805, 0.621, 0.079, 0.804, 0.867, 0.955, 0.161, 0.109, 0.469, 0.893, 0.958, 0.713, 0.366, 0.816, 0.396, 0.793, 0.136, 0.218, 0.792, 0.961, 0.499, 0.964, 0.685, 0.723, 0.779, 0.966, 0.428, 0.84, 0.968, 0.609, 0.833, 0.815, 0.865, 0.863, 0.888, 0.969, 0.905, 0.89, 0.284, 0.87, 0.971, 0.917, 0.909, 0.926, 0.972, 0.497, 0.7, 0.078, 0.504, 0.934, 0.924, 0.06, 0.891, 0.84, 0.432, 0.246, 0.974, 0.876, 0.827, 0.902, 0.584, 0.097, 0.545, 0.917, 0.863, 0.928, 0.887, 0.936, 0.685, 0.291, 0.315, 0.748, 0.973, 0.453, 0.903, 0.942, 0.626, 0.815, 0.948, 0.729, 0.855, 0.975, 0.915, 0.976, 0.791, 0.882, 0.977, 0.924, 0.978, 0.931, 0.952, 0.832, 0.938, 0.956, 0.86, 0.899, 0.959, 0.88, 0.913, 0.979, 0.895, 0.943, 0.962, 0.947, 0.964, 0.908, 0.951, 0.966, 0.917, 0.923, 0.968]
results_dict
Dict{String,Any}("finalQSA_Hybrid_record" => [0.0 0.0; 14.250385990098064 16.735611549199966; 20.02759229239262 16.980326078582955; 15.189183405542177 18.61299799593442; 16.3894866408207 16.15216491658004; 15.985049170692776 12.09280313024454; 17.811404182850993 20.214840333969622],"final_PolicyParameters_MF" => [0.0 0.0; 0.9620368745925572 1.772089025617242; 2.878209330385414 1.924352685751389; 1.3937497444547402 2.285203233099127; 1.6123528889070609 1.5991660133352112; 1.3529761076902762 0.18570240620113934; 2.2221544991558853 3.0967228149056365],"final_Tsas" => [0.14285714285714285 0.14285714285714285; 0.047650599771949326 0.000448255492809497; 6.562462579825666e-5 0.02091429261435137; 0.02091429261435137 0.9996062522452105; 0.00917947806852586 0.03621262224403818; 0.9526117144039583 0.10856593146585447; 0.002326890801850721 0.000448255492809497]

[0.14285714285714285 0.14285714285714285; 0.047650599771949326 0.000448255492809497; 6.562462579825666e-5 0.7691591170333918; 0.02091429261435137 6.562462579825666e-5; 0.00917947806852586 0.03621262224403818; 0.0008188145949988506 0.10856593146585447; 0.3110540893528798 0.5744859130645118]

[0.14285714285714285 0.14285714285714285; 0.2300706077555488 0.000448255492809497; 6.562462579825666e-5 0.02091429261435137; 0.02091429261435137 6.562462579825666e-5; 0.00917947806852586 0.03621262224403818; 6.562462579825666e-5 0.34860441120487323; 0.06317385033760681 0.42327280947144086]

[0.14285714285714285 0.14285714285714285; 0.047650599771949326 0.4919739081558243; 0.8763067768085728 0.02091429261435137; 0.02091429261435137 6.562462579825666e-5; 0.7787210447725889 0.03621262224403818; 0.04630697249784987 0.10856593146585447; 0.002326890801850721 0.000448255492809497]

[0.14285714285714285 0.14285714285714285; 0.5316763933847047 0.000448255492809497; 6.562462579825666e-5 0.1262694198948515; 0.02091429261435137 6.562462579825666e-5; 0.00917947806852586 0.03621262224403818; 6.562462579825666e-5 0.10856593146585447; 0.6164644971021106 0.000448255492809497]

[0.14285714285714285 0.14285714285714285; 0.047650599771949326 0.5057848143801283; 0.12336510006243603 0.02091429261435137; 0.02091429261435137 6.562462579825666e-5; 0.17538156488478207 0.5426857867967524; 6.562462579825666e-5 0.10856593146585447; 0.002326890801850721 0.000448255492809497]

[0.14285714285714285 0.14285714285714285; 0.047650599771949326 0.000448255492809497; 6.562462579825666e-5 0.02091429261435137; 0.8745142443138919 6.562462579825666e-5; 0.00917947806852586 0.2762511019830569; 6.562462579825666e-5 0.10856593146585447; 0.002326890801850721 0.000448255492809497],"finalQSA_MB_record" => [0.0 0.0; 0.9479367611249855 0.9712716162707177; 0.9718085961653177 0.9457847867668471; 0.9234903331270846 0.9999798393785623; 0.970745894509039 0.9543179990133346; 0.998642114667576 0.9533503368768552; 0.9439912448443885 0.944335708512942])