DateTime of fitting: 2020-12-27T19:35:14.481
DATA_STATS
nr_subjects: 1
all_subject_ids: [2]
nr_puzzles: 1
nr_episodes: 57
nr_actions: 174
max_state_id: 7
max_action_id: 2
SUBJECT_SIGNALS
subject_id: 2
algorithm_name: hybrid_actorcritic_FWD
param_string: alpha=0.4697,
                eta_critic=0.0006,
                gamma=0.9737,
                lambda_actor=0.6538,
                lambda_critic=0.4039,
                eta_fwd=0.204,
                w_MB=12.1483,
                w_MF=2.8411
param_vector: [0.46973033859921776, 0.0006304166411709488, 0.9736692805179229, 0.6538058874236587, 0.4038523381700312, 0.20404786660891425, 12.148336820774716, 2.8410535059531514]
LL: -84.427
RPE
[0.0, 0.0, 0.0, 0.0, 1.0, 0.0, 0.0, 0.999, 0.0, 0.001, 0.999, 0.001, 0.001, 0.998, -0.0, 0.0, -0.0, 1.0, -0.0, 0.0, 0.0, 0.999, 0.001, 0.999, 0.001, 0.998, 0.0, 0.001, 0.997, 0.001, 0.001, -0.002, 0.002, 0.997, 0.001, 0.002, 0.997, 0.003, 0.996, 0.001, 0.003, 0.996, -0.0, 0.004, 0.995, 0.0, 0.001, -0.002, 0.001, 0.0, 0.001, -0.002, 0.005, 0.994, 0.002, -0.002, 0.002, 0.997, 0.002, 0.996, -0.0, 0.004, 0.994, 0.005, 0.993, -0.0, -0.001, 0.001, 0.002, 0.996, 0.001, 0.003, 0.995, 0.003, 0.994, 0.005, 0.992, 0.001, -0.001, -0.0, 0.007, 0.992, 0.0, 0.005, 0.994, 0.004, 0.993, 0.002, -0.001, 0.006, 0.991, 0.006, 0.991, 0.004, 0.992, 0.006, 0.99, 0.004, 0.992, 0.006, 0.989, 0.004, 0.991, 0.0, 0.003, 0.005, 0.99, 0.006, 0.989, 0.0, 0.004, 0.006, 0.988, 0.001, 0.01, 0.987, 0.004, 0.004, 0.99, 0.001, -0.001, 0.001, 0.01, 0.987, 0.008, 0.986, -0.0, 0.012, 0.986, -0.004, 0.013, 0.985, 0.001, -0.001, 0.0, 0.013, 0.984, 0.004, 0.989, 0.01, 0.984, 0.001, 0.004, 0.01, 0.983, 0.001, 0.014, 0.982, -0.003, 0.008, 0.989, 0.002, 0.014, 0.982, 0.005, 0.005, 0.988, 0.005, 0.987, 0.005, 0.005, 0.987, 0.006, 0.986, 0.01, 0.981, -0.004, 0.015, 0.981, 0.0, 0.017, 0.98, 0.006, 0.986]
SPE
[0.857, 0.857, 0.857, 0.857, 0.857, 0.857, 0.682, 0.682, 0.682, 0.543, 0.543, 0.682, 0.432, 0.432, 0.682, 0.682, 0.857, 0.857, 0.543, 0.543, 0.682, 0.682, 0.928, 0.543, 0.543, 0.432, 0.543, 0.943, 0.344, 0.543, 0.478, 0.943, 0.857, 0.478, 0.432, 0.38, 0.38, 0.928, 0.303, 0.344, 0.303, 0.241, 0.548, 0.682, 0.192, 0.432, 0.874, 0.857, 0.432, 0.344, 0.696, 0.682, 0.543, 0.153, 0.548, 0.909, 0.436, 0.274, 0.347, 0.218, 0.274, 0.519, 0.122, 0.868, 0.097, 0.218, 0.857, 0.954, 0.424, 0.173, 0.274, 0.645, 0.138, 0.338, 0.11, 0.804, 0.077, 0.218, 0.682, 0.971, 0.432, 0.061, 0.551, 0.943, 0.087, 0.418, 0.07, 0.977, 0.173, 0.533, 0.049, 0.714, 0.039, 0.469, 0.055, 0.656, 0.031, 0.501, 0.044, 0.62, 0.025, 0.521, 0.035, 0.819, 0.344, 0.415, 0.028, 0.679, 0.02, 0.439, 0.274, 0.54, 0.016, 0.583, 0.424, 0.012, 0.859, 0.576, 0.022, 0.574, 0.994, 0.457, 0.473, 0.01, 0.977, 0.008, 0.349, 0.478, 0.006, 0.982, 0.38, 0.005, 0.363, 0.543, 0.889, 0.303, 0.004, 0.458, 0.018, 0.639, 0.003, 0.278, 0.218, 0.823, 0.003, 0.434, 0.376, 0.002, 0.565, 0.844, 0.014, 0.346, 0.442, 0.002, 0.92, 0.494, 0.011, 0.394, 0.009, 0.904, 0.313, 0.007, 0.249, 0.006, 0.803, 0.001, 0.45, 0.352, 0.001, 0.852, 0.241, 0.001, 0.362, 0.005]
action_selection_prob
[0.5, 0.5, 0.5, 0.5, 0.5, 0.488, 0.606, 0.725, 0.546, 0.695, 0.819, 0.559, 0.76, 0.864, 0.393, 0.527, 0.385, 0.5, 0.435, 0.577, 0.511, 0.703, 0.475, 0.801, 0.631, 0.852, 0.289, 0.789, 0.881, 0.395, 0.819, 0.871, 0.362, 0.856, 0.416, 0.825, 0.886, 0.633, 0.905, 0.497, 0.852, 0.918, 0.435, 0.508, 0.927, 0.303, 0.87, 0.107, 0.381, 0.299, 0.87, 0.102, 0.624, 0.934, 0.671, 0.154, 0.672, 0.85, 0.733, 0.818, 0.222, 0.874, 0.938, 0.697, 0.943, 0.249, 0.114, 0.509, 0.752, 0.851, 0.43, 0.862, 0.876, 0.763, 0.894, 0.799, 0.947, 0.503, 0.124, 0.501, 0.672, 0.95, 0.438, 0.735, 0.906, 0.825, 0.916, 0.491, 0.154, 0.848, 0.953, 0.777, 0.956, 0.809, 0.924, 0.833, 0.958, 0.852, 0.931, 0.867, 0.96, 0.88, 0.937, 0.535, 0.223, 0.89, 0.942, 0.899, 0.962, 0.428, 0.303, 0.907, 0.964, 0.527, 0.865, 0.966, 0.591, 0.913, 0.946, 0.643, 0.878, 0.629, 0.866, 0.968, 0.075, 0.969, 0.324, 0.614, 0.97, 0.162, 0.691, 0.971, 0.591, 0.119, 0.59, 0.746, 0.972, 0.769, 0.949, 0.802, 0.973, 0.357, 0.214, 0.173, 0.974, 0.592, 0.852, 0.975, 0.312, 0.87, 0.952, 0.648, 0.883, 0.976, 0.692, 0.608, 0.955, 0.684, 0.957, 0.272, 0.739, 0.96, 0.779, 0.962, 0.81, 0.976, 0.167, 0.894, 0.977, 0.645, 0.707, 0.978, 0.764, 0.963]
results_dict
Dict{String,Any}("finalQSA_Hybrid_record" => [0.0 0.0; 15.450153244068083 11.64405791039262; 15.783241445647093 12.510932256719476; 13.515820796974076 14.651826592485303; 12.343090601742686 14.577638208043991; 16.404764513787306 17.582445634105177; 14.547404367016904 15.333725916829327],"final_PolicyParameters_MF" => [0.0 0.0; 1.1623188705495773 0.0; 1.2972702213500367 0.32985121614254914; 0.6950494407727836 1.0022775016470504; 0.3197314574530035 0.982541486281381; 1.7050237746894672 2.095536830511191; 1.0637556965154156 1.352386983040787],"final_Tsas" => [0.14285714285714285 0.14285714285714285; 0.99936167408699 0.14285714285714285; 0.996416230762739 0.07203819347478338; 0.02891416252327201 0.01831827270312194; 0.07203819347478338 0.0014881303782935775; 0.007352454143219027 0.0001518834640039203; 0.01160535479994838 0.0014881303782935775]

[0.14285714285714285 0.14285714285714285; 6.096187245928283e-5 0.14285714285714285; 0.0005972948728768512 0.07203819347478338; 0.02891416252327201 0.8081911254317906; 0.07203819347478338 0.7196833661026687; 0.21852413681903377 0.28736881353197163; 0.01160535479994838 0.0014881303782935775]

[0.14285714285714285 0.14285714285714285; 6.096187245928283e-5 0.14285714285714285; 0.0005972948728768512 0.07203819347478338; 0.02891416252327201 0.10021751105259966; 0.07203819347478338 0.2076881085184916; 0.007352454143219027 0.7118717691480086; 0.0529044670435479 0.0014881303782935775]

[0.14285714285714285 0.14285714285714285; 0.0003335165507135469 0.14285714285714285; 0.0005972948728768512 0.3637229725423854; 0.02891416252327201 0.01831827270312194; 0.07203819347478338 0.0014881303782935775; 0.11024713199344735 0.0001518834640039203; 0.6198330188604241 0.3214549987835966]

[0.14285714285714285 0.14285714285714285; 6.096187245928283e-5 0.14285714285714285; 0.0005972948728768512 0.07203819347478338; 0.02891416252327201 0.01831827270312194; 0.07203819347478338 0.0014881303782935775; 0.6418189146146427 0.0001518834640039203; 0.01160535479994838 0.4592435628690365]

[0.14285714285714285 0.14285714285714285; 6.096187245928283e-5 0.14285714285714285; 0.0005972948728768512 0.2760860600836976; 0.8265150248603679 0.01831827270312194; 0.07203819347478338 0.0014881303782935775; 0.007352454143219027 0.0001518834640039203; 0.28084109489623443 0.21334891683419244]

[0.14285714285714285 0.14285714285714285; 6.096187245928283e-5 0.14285714285714285; 0.0005972948728768512 0.07203819347478338; 0.02891416252327201 0.01831827270312194; 0.5677708391512997 0.06667600386566538; 0.007352454143219027 0.0001518834640039203; 0.01160535479994838 0.0014881303782935775],"finalQSA_MB_record" => [0.0 0.0; 0.9999675938440913 0.9584887320617865; 0.9998264387274572 0.952708207346097; 0.9500126629340375 0.9716847409921203; 0.941259764808724 0.9701980973056983; 0.9516345160228693 0.9735238123367027; 0.9487207760421198 0.9459455540357318])
POPULATION_SIGNALS
subject_id: 2
algorithm_name: hybrid_actorcritic_FWD
param_string: alpha=0.644,
                eta_critic=0.0002,
                gamma=0.972,
                lambda_actor=0.8563,
                lambda_critic=0.4629,
                eta_fwd=0.24,
                w_MB=12.1269,
                w_MF=2.8638
param_vector: [0.644030167544776, 0.00020351207271904898, 0.9720012726758733, 0.856341395594059, 0.4628830908282809, 0.24003847973901876, 12.126880916735841, 2.863789486249355]
LL: -90.077
RPE
[0.0, 0.0, 0.0, 0.0, 1.0, 0.0, 0.0, 1.0, 0.0, 0.0, 1.0, 0.0, 0.0, 0.999, -0.0, 0.0, -0.0, 1.0, -0.0, 0.0, 0.0, 1.0, 0.0, 1.0, 0.0, 0.999, -0.0, 0.0, 0.999, 0.0, 0.0, -0.001, 0.001, 0.999, 0.0, 0.001, 0.999, 0.001, 0.999, 0.0, 0.001, 0.999, -0.0, 0.001, 0.998, 0.0, 0.0, -0.001, 0.0, 0.0, 0.0, -0.001, 0.001, 0.998, 0.001, -0.001, 0.001, 0.999, 0.001, 0.999, -0.0, 0.001, 0.998, 0.001, 0.998, -0.0, -0.0, 0.0, 0.001, 0.999, 0.0, 0.001, 0.998, 0.001, 0.998, 0.001, 0.998, 0.0, -0.0, -0.0, 0.002, 0.997, -0.0, 0.002, 0.998, 0.001, 0.998, 0.001, -0.0, 0.002, 0.997, 0.002, 0.997, 0.001, 0.998, 0.002, 0.997, 0.001, 0.997, 0.002, 0.997, 0.001, 0.997, 0.0, 0.001, 0.001, 0.997, 0.002, 0.996, 0.0, 0.001, 0.002, 0.996, 0.0, 0.003, 0.996, 0.001, 0.001, 0.997, 0.0, -0.0, 0.0, 0.003, 0.996, 0.002, 0.996, -0.0, 0.004, 0.995, -0.002, 0.004, 0.995, 0.0, -0.0, 0.0, 0.004, 0.995, 0.001, 0.997, 0.003, 0.995, 0.0, 0.001, 0.003, 0.995, 0.0, 0.004, 0.994, -0.001, 0.002, 0.996, 0.0, 0.004, 0.994, 0.002, 0.001, 0.996, 0.001, 0.996, 0.002, 0.001, 0.996, 0.002, 0.995, 0.003, 0.994, -0.002, 0.005, 0.994, -0.0, 0.005, 0.994, 0.001, 0.995]
SPE
[0.857, 0.857, 0.857, 0.857, 0.857, 0.857, 0.651, 0.651, 0.651, 0.495, 0.495, 0.651, 0.376, 0.376, 0.651, 0.651, 0.857, 0.857, 0.495, 0.495, 0.651, 0.651, 0.937, 0.495, 0.495, 0.376, 0.495, 0.952, 0.286, 0.495, 0.457, 0.952, 0.857, 0.457, 0.376, 0.348, 0.348, 0.937, 0.264, 0.286, 0.264, 0.201, 0.526, 0.651, 0.153, 0.376, 0.879, 0.857, 0.376, 0.286, 0.668, 0.651, 0.495, 0.116, 0.526, 0.917, 0.4, 0.217, 0.304, 0.165, 0.217, 0.538, 0.088, 0.874, 0.067, 0.165, 0.857, 0.964, 0.415, 0.125, 0.217, 0.626, 0.095, 0.316, 0.072, 0.806, 0.051, 0.165, 0.651, 0.979, 0.376, 0.039, 0.544, 0.952, 0.055, 0.422, 0.042, 0.984, 0.125, 0.551, 0.029, 0.706, 0.022, 0.484, 0.032, 0.647, 0.017, 0.52, 0.024, 0.614, 0.013, 0.54, 0.018, 0.806, 0.286, 0.41, 0.014, 0.692, 0.01, 0.413, 0.217, 0.526, 0.007, 0.616, 0.419, 0.006, 0.854, 0.603, 0.011, 0.596, 0.997, 0.453, 0.482, 0.004, 0.984, 0.003, 0.314, 0.457, 0.002, 0.988, 0.348, 0.002, 0.344, 0.495, 0.902, 0.264, 0.001, 0.458, 0.008, 0.653, 0.001, 0.239, 0.165, 0.808, 0.001, 0.439, 0.366, 0.001, 0.603, 0.867, 0.006, 0.333, 0.452, 0.0, 0.932, 0.505, 0.005, 0.383, 0.004, 0.911, 0.291, 0.003, 0.221, 0.002, 0.832, 0.0, 0.458, 0.343, 0.0, 0.862, 0.201, 0.0, 0.368, 0.002]
action_selection_prob
[0.5, 0.5, 0.5, 0.5, 0.5, 0.41, 0.686, 0.783, 0.585, 0.794, 0.867, 0.647, 0.852, 0.901, 0.292, 0.612, 0.258, 0.5, 0.456, 0.707, 0.519, 0.759, 0.592, 0.85, 0.714, 0.891, 0.195, 0.872, 0.914, 0.248, 0.893, 0.904, 0.213, 0.89, 0.378, 0.901, 0.915, 0.604, 0.93, 0.577, 0.918, 0.94, 0.299, 0.493, 0.947, 0.269, 0.929, 0.077, 0.311, 0.265, 0.928, 0.073, 0.693, 0.952, 0.595, 0.202, 0.596, 0.803, 0.736, 0.684, 0.191, 0.933, 0.955, 0.601, 0.959, 0.262, 0.061, 0.508, 0.739, 0.794, 0.345, 0.864, 0.851, 0.69, 0.884, 0.783, 0.961, 0.546, 0.113, 0.544, 0.681, 0.964, 0.325, 0.781, 0.903, 0.834, 0.918, 0.473, 0.133, 0.767, 0.966, 0.684, 0.968, 0.779, 0.928, 0.832, 0.97, 0.865, 0.937, 0.887, 0.972, 0.904, 0.943, 0.611, 0.166, 0.916, 0.949, 0.925, 0.973, 0.299, 0.364, 0.933, 0.974, 0.531, 0.827, 0.975, 0.674, 0.939, 0.953, 0.759, 0.862, 0.744, 0.844, 0.977, 0.051, 0.978, 0.197, 0.438, 0.979, 0.202, 0.652, 0.979, 0.593, 0.123, 0.591, 0.763, 0.98, 0.59, 0.957, 0.729, 0.981, 0.289, 0.176, 0.197, 0.982, 0.538, 0.749, 0.982, 0.478, 0.818, 0.96, 0.682, 0.858, 0.983, 0.764, 0.365, 0.962, 0.603, 0.965, 0.184, 0.736, 0.967, 0.807, 0.969, 0.849, 0.983, 0.124, 0.885, 0.984, 0.612, 0.621, 0.984, 0.703, 0.971]
results_dict
Dict{String,Any}("finalQSA_Hybrid_record" => [0.0 0.0; 15.743148798210882 11.594460768148217; 17.208200430292464 13.71396933466465; 16.316875293993974 17.39743368375967; 14.21415560983857 16.437588343213264; 22.551158760438224 23.41343800028651; 19.824512962288342 20.774473637620062],"final_PolicyParameters_MF" => [0.0 0.0; 1.26279269676597 0.0; 1.7935716336644358 0.7688290449976898; 1.69009019367302 1.9647249484513973; 1.0029239563597987 1.637835248616732; 3.8567084730530183 4.218428220517067; 2.9188618388433865 3.261092603193697],"final_Tsas" => [0.14285714285714285 0.14285714285714285; 0.9998403491694433 0.14285714285714285; 0.9988195389035006 0.0627013322405922; 0.02091429261435137 0.012078872184704168; 0.0627013322405922 0.0005898397232738308; 0.004028958529189086 3.7900945626162436e-5; 0.006976050108159249 0.0005898397232738308]

[0.14285714285714285 0.14285714285714285; 1.2642019537074753e-5 0.14285714285714285; 0.00019674351608323058 0.0627013322405922; 0.02091429261435137 0.8474609241963971; 0.0627013322405922 0.739220075277044; 0.22272698781780373 0.2794240755232126; 0.006976050108159249 0.0005898397232738308]

[0.14285714285714285 0.14285714285714285; 1.2642019537074753e-5 0.14285714285714285; 0.00019674351608323058 0.0627013322405922; 0.02091429261435137 0.0921447148800822; 0.0627013322405922 0.19698376657083086; 0.004028958529189086 0.7203864197486568; 0.04211769513592048 0.0005898397232738308]

[0.14285714285714285 0.14285714285714285; 9.644073287134565e-5 0.14285714285714285; 0.00019674351608323058 0.3837535268174282; 0.02091429261435137 0.012078872184704168; 0.0627013322405922 0.0005898397232738308; 0.10938408580968918 3.7900945626162436e-5; 0.6221166150485086 0.3450261556952077]

[0.14285714285714285 0.14285714285714285; 1.2642019537074753e-5 0.14285714285714285; 0.00019674351608323058 0.0627013322405922; 0.02091429261435137 0.012078872184704168; 0.0627013322405922 0.0005898397232738308; 0.6517730922557509 3.7900945626162436e-5; 0.006976050108159249 0.43117669648723433]

[0.14285714285714285 0.14285714285714285; 1.2642019537074753e-5 0.14285714285714285; 0.00019674351608323058 0.302739811979611; 0.8745142443138919 0.012078872184704168; 0.0627013322405922 0.0005898397232738308; 0.004028958529189086 3.7900945626162436e-5; 0.3078614893829341 0.2214377889244628]

[0.14285714285714285 0.14285714285714285; 1.2642019537074753e-5 0.14285714285714285; 0.00019674351608323058 0.0627013322405922; 0.02091429261435137 0.012078872184704168; 0.623792006556447 0.061436799259029916; 0.004028958529189086 3.7900945626162436e-5; 0.006976050108159249 0.0005898397232738308],"finalQSA_MB_record" => [0.0 0.0; 0.9999913772449383 0.9560951944886561; 0.9999395340993352 0.9493128214684844; 0.9463907941462315 0.970644897177349; 0.9352773218492931 0.9686923283700609; 0.9488332575265408 0.9719523749625135; 0.9454679674136641 0.9429836946811794])