DateTime of fitting: 2020-12-27T19:57:06.539
DATA_STATS
nr_subjects: 1
all_subject_ids: [13]
nr_puzzles: 1
nr_episodes: 51
nr_actions: 194
max_state_id: 7
max_action_id: 2
SUBJECT_SIGNALS
subject_id: 13
algorithm_name: hybrid_actorcritic_FWD
param_string: alpha=0.7379,
                eta_critic=0.1008,
                gamma=0.8378,
                lambda_actor=0.9561,
                lambda_critic=0.4548,
                eta_fwd=0.1495,
                w_MB=12.1597,
                w_MF=2.8408
param_vector: [0.7378832106313735, 0.10075601561358632, 0.8377566602219408, 0.956079441091383, 0.45479067748890095, 0.14946445066201933, 12.159670792694344, 2.8407976920828]
LL: -65.365
RPE
[0.0, 0.0, 0.0, 0.0, 0.0, 0.0, 0.0, 0.0, 0.0, 1.0, 0.002, -0.001, 0.031, -0.038, 0.002, 0.082, 0.899, -0.005, 0.02, -0.026, 0.021, -0.041, 0.03, 0.118, 0.809, 0.051, 0.143, 0.727, 0.065, 0.162, 0.654, 0.117, 0.176, -0.379, 0.014, 0.081, 0.142, -0.363, 0.021, 0.016, 0.073, 0.112, 0.659, 0.083, 0.131, 0.592, -0.071, 0.037, 0.096, 0.145, 0.533, 0.198, 0.155, 0.479, 0.131, -0.256, -0.015, 0.411, 0.431, 0.026, 0.11, 0.216, 0.387, 0.177, 0.212, 0.348, -0.03, 0.451, 0.313, 0.145, 0.233, 0.282, -0.04, 0.444, 0.253, 0.129, 0.244, 0.228, -0.037, 0.43, 0.205, 0.213, 0.247, -0.429, -0.296, 0.172, 0.218, 0.235, 0.129, 0.208, 0.211, 0.198, -0.293, 0.165, 0.22, 0.19, 0.167, -0.47, 0.978, 0.146, 0.216, 0.171, 0.15, 0.202, 0.154, -0.059, -0.041, 0.154, 0.189, 0.138, -0.072, 0.441, 0.124, -0.227, 0.88, 0.006, 0.402, 0.112, 0.169, -0.382, 0.791, 0.121, 0.204, 0.1, -0.037, 0.375, 0.09, 0.047, -0.186, 0.711, 0.046, 0.333, 0.081, 0.024, 0.303, 0.073, 0.093, -0.272, 0.64, 0.082, 0.212, 0.066, 0.16, 0.194, 0.059, 0.154, -0.27, 0.08, 0.201, 0.053, -0.006, 0.291, 0.048, 0.08, -0.221, 0.062, 0.284, 0.043, 0.127, 0.191, 0.039, 0.124, -0.279, 0.575, 0.109, 0.179, 0.035, 0.018, 0.263, 0.031, 0.106, -0.244, 0.517, 0.086, 0.17, 0.028, 0.037, 0.241, 0.025, 0.085, -0.277, 0.072, 0.182, 0.023, 0.034, 0.22, 0.02, -0.033, 0.465, 0.076, 0.166, 0.018, 0.068, -0.151]
SPE
[0.857, 0.857, 0.857, 0.857, 0.857, 0.857, 0.857, 0.857, 0.857, 0.857, 0.729, 0.729, 0.729, 0.729, 0.62, 0.729, 0.729, 0.857, 0.729, 0.62, 0.527, 0.62, 0.729, 0.62, 0.62, 0.449, 0.527, 0.527, 0.382, 0.449, 0.449, 0.62, 0.382, 0.936, 0.527, 0.324, 0.324, 0.946, 0.62, 0.449, 0.276, 0.276, 0.553, 0.235, 0.235, 0.47, 0.967, 0.382, 0.319, 0.2, 0.4, 0.527, 0.17, 0.34, 0.272, 0.976, 0.62, 0.729, 0.289, 0.925, 0.231, 0.272, 0.246, 0.531, 0.232, 0.209, 0.946, 0.62, 0.178, 0.196, 0.197, 0.151, 0.907, 0.527, 0.129, 0.292, 0.168, 0.109, 0.806, 0.449, 0.093, 0.534, 0.143, 0.993, 0.527, 0.454, 0.121, 0.217, 0.36, 0.103, 0.184, 0.386, 0.945, 0.328, 0.224, 0.157, 0.279, 0.995, 0.857, 0.238, 0.312, 0.133, 0.307, 0.265, 0.113, 0.878, 0.324, 0.261, 0.225, 0.097, 0.806, 0.382, 0.082, 0.77, 0.729, 0.926, 0.324, 0.07, 0.321, 0.906, 0.62, 0.338, 0.312, 0.059, 0.733, 0.276, 0.051, 0.527, 0.961, 0.527, 0.449, 0.349, 0.043, 0.623, 0.297, 0.037, 0.485, 0.805, 0.449, 0.412, 0.376, 0.031, 0.936, 0.319, 0.026, 0.273, 0.925, 0.351, 0.272, 0.022, 0.711, 0.253, 0.019, 0.474, 0.98, 0.403, 0.332, 0.016, 0.853, 0.231, 0.014, 0.232, 0.835, 0.382, 0.198, 0.317, 0.012, 0.605, 0.283, 0.01, 0.168, 0.753, 0.324, 0.492, 0.379, 0.009, 0.905, 0.24, 0.007, 0.419, 0.985, 0.271, 0.423, 0.006, 0.649, 0.204, 0.005, 0.655, 0.276, 0.725, 0.36, 0.004, 0.452, 1.0]
action_selection_prob
[0.5, 0.5, 0.5, 0.5, 0.5, 0.5, 0.5, 0.5, 0.5, 0.5, 0.515, 0.43, 0.449, 0.317, 0.481, 0.606, 0.821, 0.373, 0.626, 0.415, 0.666, 0.308, 0.466, 0.732, 0.926, 0.66, 0.712, 0.959, 0.752, 0.821, 0.973, 0.633, 0.876, 0.98, 0.449, 0.8, 0.859, 0.969, 0.642, 0.43, 0.78, 0.833, 0.954, 0.834, 0.889, 0.97, 0.868, 0.516, 0.854, 0.916, 0.978, 0.651, 0.934, 0.983, 0.889, 0.947, 0.279, 0.402, 0.987, 0.536, 0.881, 0.937, 0.989, 0.613, 0.949, 0.99, 0.721, 0.695, 0.991, 0.909, 0.958, 0.992, 0.922, 0.814, 0.992, 0.923, 0.963, 0.992, 0.932, 0.869, 0.992, 0.758, 0.967, 0.993, 0.041, 0.753, 0.974, 0.989, 0.931, 0.962, 0.99, 0.807, 0.966, 0.773, 0.95, 0.991, 0.818, 0.958, 0.278, 0.811, 0.944, 0.991, 0.915, 0.953, 0.991, 0.075, 0.109, 0.941, 0.959, 0.991, 0.916, 0.85, 0.992, 0.08, 0.748, 0.854, 0.877, 0.991, 0.865, 0.963, 0.879, 0.786, 0.956, 0.99, 0.817, 0.891, 0.99, 0.133, 0.906, 0.93, 0.207, 0.896, 0.989, 0.826, 0.91, 0.989, 0.844, 0.963, 0.949, 0.84, 0.96, 0.988, 0.326, 0.964, 0.989, 0.579, 0.033, 0.861, 0.98, 0.989, 0.873, 0.918, 0.989, 0.396, 0.925, 0.32, 0.894, 0.99, 0.424, 0.977, 0.99, 0.49, 0.979, 0.965, 0.551, 0.977, 0.989, 0.873, 0.906, 0.989, 0.611, 0.977, 0.971, 0.871, 0.976, 0.988, 0.655, 0.914, 0.988, 0.882, 0.977, 0.648, 0.966, 0.989, 0.868, 0.925, 0.989, 0.122, 0.976, 0.31, 0.969, 0.988, 0.78, 0.972]
results_dict
Dict{String,Any}("finalQSA_Hybrid_record" => [0.0 0.0; 13.958286560317172 9.564495400596176; 13.696359672010626 9.851726990679772; 10.820252382221634 13.337258793246505; 9.408386498485035 12.959137857838211; 12.465818225267723 11.175924991089358; 12.599748652769991 13.156812503763778],"final_PolicyParameters_MF" => [0.0 0.0; 0.638328017269708 0.1895803144181069; 0.850230513796603 0.41551463561224244; 0.9835628904786924 1.2394228692952367; 0.5152244864581387 1.1575575542373304; 1.5004784261889217 0.7459437538666769; 1.5058189483789424 1.7652987014641255],"final_Tsas" => [0.14285714285714285 0.14285714285714285; 0.9962119172798877 0.12150507847685438; 0.7652568259105816 0.08789807638815199; 0.04599909125337403 0.00911326406990776; 0.06358641078701206 0.00022009023352644738; 0.0006835235452622859 0.07476043868654864; 0.028302621457422506 0.00476918133812866]

[0.14285714285714285 0.14285714285714285; 9.79632359945547e-5 0.12150507847685438; 0.03912386234823638 0.08789807638815199; 0.04599909125337403 0.8261688341282082; 0.06358641078701206 0.5900968031260239; 0.0006835235452622859 0.07476043868654864; 0.028302621457422506 0.00476918133812866]

[0.14285714285714285 0.14285714285714285; 0.0004162743341931716 0.27096952913887373; 0.03912386234823638 0.08789807638815199; 0.04599909125337403 0.05004665022549706; 0.06358641078701206 0.15990154835715886; 0.0006835235452622859 0.44331318191011154; 0.028302621457422506 0.00476918133812866]

[0.14285714285714285 0.14285714285714285; 0.0003686981407612912 0.12150507847685438; 0.03912386234823638 0.4726115416710881; 0.04599909125337403 0.00911326406990776; 0.06358641078701206 0.14968454089554575; 0.38133184603845705 0.18288462465714536; 0.4753767966463696 0.19551707213238012]

[0.14285714285714285 0.14285714285714285; 0.002709220537174298 0.12150507847685438; 0.03912386234823638 0.08789807638815199; 0.04599909125337403 0.00911326406990776; 0.06358641078701206 0.00022009023352644738; 0.6152505362352315 0.07476043868654864; 0.3831100960665179 0.7694267160191872]

[0.14285714285714285 0.14285714285714285; 9.79632359945547e-5 0.12150507847685438; 0.03912386234823638 0.08789807638815199; 0.7240054524797558 0.00911326406990776; 0.2130508614490314 0.00022009023352644738; 0.0006835235452622859 0.07476043868654864; 0.028302621457422506 0.015979486495918037]

[0.14285714285714285 0.14285714285714285; 9.79632359945547e-5 0.12150507847685438; 0.03912386234823638 0.08789807638815199; 0.04599909125337403 0.08733145936666376; 0.4690170846159083 0.09965683692069228; 0.0006835235452622859 0.07476043868654864; 0.028302621457422506 0.00476918133812866],"finalQSA_MB_record" => [0.0 0.0; 0.9987468571602733 0.7398246302052408; 0.9269464401309055 0.7112868982516287; 0.6585136866787408 0.8066668274161943; 0.6499460577823821 0.7762297346991341; 0.6603934633962841 0.7428664229466212; 0.6780569356520967 0.6575972690413372])
POPULATION_SIGNALS
subject_id: 13
algorithm_name: hybrid_actorcritic_FWD
param_string: alpha=0.644,
                eta_critic=0.0002,
                gamma=0.972,
                lambda_actor=0.8563,
                lambda_critic=0.4629,
                eta_fwd=0.24,
                w_MB=12.1269,
                w_MF=2.8638
param_vector: [0.644030167544776, 0.00020351207271904898, 0.9720012726758733, 0.856341395594059, 0.4628830908282809, 0.24003847973901876, 12.126880916735841, 2.863789486249355]
LL: -68.611
RPE
[0.0, 0.0, 0.0, 0.0, 0.0, 0.0, 0.0, 0.0, 0.0, 1.0, 0.0, -0.0, 0.0, -0.0, 0.0, 0.0, 1.0, -0.0, 0.0, -0.0, 0.0, -0.0, 0.0, 0.0, 1.0, 0.0, 0.0, 0.999, 0.0, 0.001, 0.999, 0.0, 0.001, -0.001, 0.0, 0.0, 0.001, -0.001, 0.0, 0.0, 0.0, 0.001, 0.999, 0.0, 0.001, 0.999, -0.0, 0.0, 0.0, 0.001, 0.999, 0.001, 0.001, 0.998, 0.0, -0.001, 0.0, 0.002, 0.998, 0.0, 0.0, 0.001, 0.998, 0.001, 0.001, 0.998, 0.0, 0.002, 0.998, 0.001, 0.002, 0.997, -0.0, 0.002, 0.997, 0.001, 0.002, 0.997, -0.0, 0.003, 0.997, 0.001, 0.002, -0.002, -0.001, 0.001, 0.002, 0.997, 0.001, 0.002, 0.996, 0.001, -0.001, 0.001, 0.002, 0.996, 0.001, -0.001, 1.0, 0.001, 0.002, 0.996, 0.001, 0.003, 0.996, -0.0, 0.0, 0.001, 0.003, 0.996, -0.0, 0.004, 0.995, -0.0, 1.0, 0.0, 0.004, 0.995, 0.001, -0.001, 1.0, 0.001, 0.003, 0.995, -0.0, 0.004, 0.995, 0.0, -0.0, 0.999, 0.0, 0.004, 0.995, 0.0, 0.005, 0.994, 0.001, -0.001, 0.999, 0.001, 0.004, 0.994, 0.002, 0.004, 0.994, 0.002, -0.001, 0.001, 0.004, 0.994, 0.0, 0.005, 0.994, 0.001, -0.001, 0.001, 0.005, 0.993, 0.002, 0.004, 0.993, 0.002, -0.001, 0.999, 0.002, 0.004, 0.993, 0.0, 0.006, 0.993, 0.002, -0.001, 0.999, 0.002, 0.005, 0.992, 0.0, 0.006, 0.992, 0.002, -0.002, 0.002, 0.005, 0.992, 0.0, 0.006, 0.992, 0.0, 0.999, 0.002, 0.005, 0.992, 0.002, -0.001]
SPE
[0.857, 0.857, 0.857, 0.857, 0.857, 0.857, 0.857, 0.857, 0.857, 0.857, 0.651, 0.651, 0.651, 0.651, 0.495, 0.651, 0.651, 0.857, 0.651, 0.495, 0.376, 0.495, 0.651, 0.495, 0.495, 0.286, 0.376, 0.376, 0.217, 0.286, 0.286, 0.495, 0.217, 0.964, 0.376, 0.165, 0.165, 0.972, 0.495, 0.286, 0.125, 0.125, 0.548, 0.095, 0.095, 0.416, 0.988, 0.217, 0.295, 0.072, 0.316, 0.376, 0.055, 0.24, 0.224, 0.993, 0.495, 0.651, 0.183, 0.952, 0.17, 0.272, 0.139, 0.457, 0.207, 0.106, 0.972, 0.495, 0.08, 0.13, 0.157, 0.061, 0.917, 0.376, 0.046, 0.315, 0.119, 0.035, 0.77, 0.286, 0.027, 0.504, 0.091, 0.999, 0.376, 0.383, 0.069, 0.255, 0.422, 0.052, 0.194, 0.291, 0.964, 0.221, 0.27, 0.148, 0.168, 1.0, 0.857, 0.128, 0.396, 0.112, 0.321, 0.301, 0.085, 0.891, 0.165, 0.244, 0.229, 0.065, 0.818, 0.217, 0.049, 0.735, 0.651, 0.95, 0.165, 0.037, 0.314, 0.894, 0.495, 0.381, 0.372, 0.028, 0.712, 0.125, 0.022, 0.376, 0.984, 0.376, 0.286, 0.313, 0.016, 0.541, 0.237, 0.012, 0.59, 0.757, 0.286, 0.448, 0.455, 0.009, 0.964, 0.346, 0.007, 0.239, 0.952, 0.341, 0.263, 0.005, 0.742, 0.18, 0.004, 0.405, 0.995, 0.308, 0.344, 0.003, 0.845, 0.2, 0.002, 0.181, 0.858, 0.217, 0.138, 0.355, 0.002, 0.564, 0.262, 0.001, 0.105, 0.736, 0.165, 0.572, 0.445, 0.001, 0.929, 0.199, 0.001, 0.435, 0.997, 0.3, 0.497, 0.001, 0.67, 0.151, 0.0, 0.559, 0.125, 0.643, 0.378, 0.0, 0.491, 1.0]
action_selection_prob
[0.5, 0.5, 0.5, 0.5, 0.5, 0.5, 0.5, 0.5, 0.5, 0.5, 0.546, 0.439, 0.451, 0.344, 0.533, 0.576, 0.695, 0.325, 0.64, 0.481, 0.691, 0.35, 0.441, 0.661, 0.827, 0.683, 0.645, 0.88, 0.769, 0.766, 0.905, 0.624, 0.83, 0.921, 0.57, 0.811, 0.819, 0.91, 0.682, 0.566, 0.802, 0.81, 0.9, 0.849, 0.862, 0.925, 0.877, 0.655, 0.871, 0.888, 0.936, 0.65, 0.907, 0.945, 0.895, 0.919, 0.274, 0.278, 0.954, 0.511, 0.896, 0.92, 0.958, 0.626, 0.932, 0.961, 0.738, 0.556, 0.963, 0.913, 0.939, 0.965, 0.923, 0.719, 0.967, 0.929, 0.944, 0.969, 0.935, 0.802, 0.97, 0.79, 0.949, 0.972, 0.055, 0.79, 0.949, 0.97, 0.939, 0.885, 0.972, 0.836, 0.902, 0.821, 0.888, 0.974, 0.857, 0.909, 0.244, 0.869, 0.912, 0.974, 0.936, 0.926, 0.975, 0.058, 0.152, 0.943, 0.935, 0.976, 0.887, 0.698, 0.977, 0.099, 0.612, 0.896, 0.783, 0.977, 0.908, 0.942, 0.784, 0.677, 0.944, 0.977, 0.761, 0.83, 0.978, 0.084, 0.865, 0.854, 0.223, 0.882, 0.978, 0.81, 0.9, 0.979, 0.845, 0.951, 0.891, 0.866, 0.953, 0.979, 0.437, 0.957, 0.98, 0.39, 0.039, 0.886, 0.961, 0.981, 0.9, 0.913, 0.981, 0.476, 0.923, 0.454, 0.914, 0.982, 0.628, 0.908, 0.983, 0.266, 0.919, 0.917, 0.48, 0.927, 0.983, 0.909, 0.926, 0.984, 0.64, 0.934, 0.929, 0.917, 0.939, 0.984, 0.738, 0.934, 0.984, 0.926, 0.945, 0.785, 0.938, 0.985, 0.926, 0.942, 0.985, 0.067, 0.938, 0.171, 0.944, 0.986, 0.764, 0.95]
results_dict
Dict{String,Any}("finalQSA_Hybrid_record" => [0.0 0.0; 16.353369140857417 12.110854953873194; 15.437821923411626 12.598323277682104; 14.347443267939354 17.189074682677084; 14.671271861275073 17.618221221568906; 16.776355459112537 15.606692018647715; 18.087472055434656 18.627710568514438],"final_PolicyParameters_MF" => [0.0 0.0; 1.4759091085933027 0.18570240620113934; 1.179190622385347 0.39863162340059; 1.0553948316603792 1.90796690221676; 1.199373822065291 2.074809029805035; 1.888673948170899 1.3939529917116302; 2.3415596491084045 2.5376859333480573],"final_Tsas" => [0.14285714285714285 0.14285714285714285; 0.9997325963295919 0.10856593146585447; 0.9046356543376872 0.0627013322405922; 0.02091429261435137 0.0013438760326051954; 0.03621262224403818 2.4353762940622436e-6; 1.663507848757041e-5 0.047650599771949326; 0.00917947806852586 0.000448255492809497]

[0.14285714285714285 0.14285714285714285; 6.173395323127316e-7 0.10856593146585447; 0.015894057610385478 0.0627013322405922; 0.02091429261435137 0.8851646031292216; 0.03621262224403818 0.5417330340175085; 1.663507848757041e-5 0.047650599771949326; 0.00917947806852586 0.000448255492809497]

[0.14285714285714285 0.14285714285714285; 7.702697165563994e-6 0.34860441120487323; 0.015894057610385478 0.0627013322405922; 0.02091429261435137 0.028050174012374373; 0.03621262224403818 0.11175982542038167; 1.663507848757041e-5 0.5754642147750676; 0.00917947806852586 0.000448255492809497]

[0.14285714285714285 0.14285714285714285; 6.001938690871107e-6 0.10856593146585447; 0.015894057610385478 0.623792006556447; 0.02091429261435137 0.0013438760326051954; 0.03621262224403818 0.24004091511531284; 0.3730995453245822 0.1862827863651859; 0.4423988011708488 0.22315464703359206]

[0.14285714285714285 0.14285714285714285; 0.0002518470159546831 0.10856593146585447; 0.015894057610385478 0.0627013322405922; 0.02091429261435137 0.0013438760326051954; 0.03621262224403818 2.4353762940622436e-6; 0.6268172792829801 0.047650599771949326; 0.5117038084865221 0.7716327754318066]

[0.14285714285714285 0.14285714285714285; 6.173395323127316e-7 0.10856593146585447; 0.015894057610385478 0.0627013322405922; 0.8745142443138919 0.0013438760326051954; 0.2762511019830569 2.4353762940622436e-6; 1.663507848757041e-5 0.047650599771949326; 0.00917947806852586 0.003419555563363504]

[0.14285714285714285 0.14285714285714285; 6.173395323127316e-7 0.10856593146585447; 0.015894057610385478 0.0627013322405922; 0.02091429261435137 0.08140971872798324; 0.5426857867967524 0.10645891931791489; 1.663507848757041e-5 0.047650599771949326; 0.00917947806852586 0.000448255492809497],"finalQSA_MB_record" => [0.0 0.0; 0.9999831206560811 0.9548359773488878; 0.994557843875025 0.944750113523346; 0.9338969676622658 0.9668668012383117; 0.9265961377713323 0.9573121648882149; 0.9339758145979005 0.9575119789584812; 0.9358026183782401 0.9326387977784102])