DateTime of fitting: 2020-12-27T19:59:11.832
DATA_STATS
nr_subjects: 1
all_subject_ids: [14]
nr_puzzles: 1
nr_episodes: 43
nr_actions: 193
max_state_id: 7
max_action_id: 2
SUBJECT_SIGNALS
subject_id: 14
algorithm_name: hybrid_actorcritic_FWD
param_string: alpha=0.6009,
                eta_critic=0.0202,
                gamma=0.9778,
                lambda_actor=0.8533,
                lambda_critic=0.4831,
                eta_fwd=0.2793,
                w_MB=12.1178,
                w_MF=2.8836
param_vector: [0.6008838853171125, 0.020229377515756056, 0.9778472432075457, 0.8532503661235441, 0.4830909229219016, 0.27926454884473645, 12.117754248128445, 2.883625903351329]
LL: -104.202
RPE
[0.0, 0.0, 0.0, 0.0, 0.0, 0.0, 0.0, 0.0, 0.0, 0.0, 0.0, 0.0, 0.0, 0.0, 0.0, 0.0, 0.0, 0.0, 0.0, 0.0, 0.0, 0.0, 0.0, 0.0, 0.0, 0.0, 1.0, 0.005, 0.01, 0.98, 0.01, 0.02, 0.96, 0.001, 0.011, 0.014, 0.029, 0.941, 0.019, 0.038, 0.922, 0.023, 0.047, -0.095, 0.045, 0.045, 0.904, 0.049, 0.054, 0.886, 0.053, 0.062, -0.132, 0.005, 0.122, 0.87, 0.052, 0.076, 0.852, 0.056, 0.083, -0.16, 0.995, 0.056, 0.085, 0.829, 0.06, 0.091, 0.812, -0.013, 0.076, 0.098, 0.796, 0.079, 0.104, 0.78, -0.014, -0.01, 0.02, -0.02, 0.215, 0.764, -0.013, 0.0, 0.011, -0.013, 0.0, 0.01, -0.013, 0.973, 0.071, 0.125, 0.748, 0.074, -0.077, 0.072, -0.09, 0.084, -0.087, 0.082, -0.085, -0.012, 0.022, -0.024, 0.229, 0.733, 0.064, -0.082, 0.954, -0.001, 0.02, -0.022, 0.019, 0.066, -0.091, -0.0, 0.231, 0.718, 0.005, 0.009, 0.065, -0.071, 0.934, 0.007, 0.011, -0.014, 0.011, 0.068, 0.147, 0.704, 0.226, 0.69, -0.006, 0.916, 0.004, 0.897, 0.212, 0.676, 0.098, 0.178, 0.662, 0.056, 0.002, 0.879, 0.096, -0.026, 0.861, 0.097, -0.101, 0.083, 0.844, 0.089, 0.171, 0.649, 0.232, 0.636, 0.092, 0.187, 0.623, -0.075, 0.32, -0.22, 0.827, 0.048, 0.81, 0.041, -0.123, 0.315, 0.607, 0.053, 0.794, 0.239, 0.594, 0.023, 0.213, 0.582, 0.077, 0.027, 0.215, 0.571, 0.078, 0.032, 0.217, 0.559, 0.036, -0.007, 0.777, 0.126, -0.131, 0.082, 0.037, 0.212, 0.548]
SPE
[0.857, 0.857, 0.857, 0.857, 0.618, 0.618, 0.618, 0.618, 0.857, 0.445, 0.445, 0.445, 0.445, 0.321, 0.321, 0.321, 0.321, 0.231, 0.231, 0.231, 0.231, 0.167, 0.167, 0.167, 0.167, 0.857, 0.857, 0.12, 0.618, 0.618, 0.087, 0.445, 0.445, 0.12, 0.12, 0.062, 0.321, 0.321, 0.045, 0.231, 0.231, 0.032, 0.167, 0.972, 0.618, 0.12, 0.399, 0.445, 0.087, 0.288, 0.321, 0.062, 0.99, 0.857, 0.857, 0.429, 0.231, 0.045, 0.309, 0.167, 0.032, 0.851, 0.857, 0.023, 0.023, 0.44, 0.017, 0.017, 0.317, 0.857, 0.12, 0.012, 0.228, 0.087, 0.009, 0.165, 0.897, 0.618, 0.897, 0.087, 0.725, 0.119, 0.998, 0.445, 0.087, 0.647, 0.321, 0.062, 0.719, 0.618, 0.487, 0.006, 0.086, 0.351, 0.999, 0.253, 0.12, 0.062, 0.087, 0.99, 0.062, 0.324, 0.045, 1.0, 0.522, 0.062, 0.411, 0.999, 0.445, 0.234, 0.032, 0.799, 0.023, 0.493, 0.045, 0.993, 0.376, 0.044, 0.168, 0.017, 0.355, 0.72, 0.321, 0.121, 0.012, 0.78, 0.009, 0.464, 0.627, 0.032, 0.947, 0.023, 0.615, 0.231, 0.443, 0.167, 0.835, 0.017, 0.312, 0.452, 0.012, 0.996, 0.51, 0.12, 0.441, 0.75, 0.087, 0.318, 0.032, 0.999, 0.062, 0.444, 0.514, 0.009, 0.713, 0.006, 0.32, 0.371, 0.004, 0.684, 0.271, 0.857, 0.045, 0.544, 0.032, 0.52, 0.996, 0.196, 0.003, 0.392, 0.023, 0.747, 0.002, 0.375, 0.267, 0.002, 0.945, 0.27, 0.192, 0.001, 0.681, 0.195, 0.139, 0.001, 0.14, 0.911, 0.017, 0.6, 0.296, 0.633, 0.101, 0.351, 0.001]
action_selection_prob
[0.5, 0.5, 0.5, 0.5, 0.5, 0.5, 0.5, 0.5, 0.5, 0.5, 0.5, 0.5, 0.5, 0.5, 0.5, 0.5, 0.5, 0.5, 0.5, 0.5, 0.5, 0.5, 0.5, 0.5, 0.5, 0.5, 0.5, 0.602, 0.666, 0.771, 0.723, 0.774, 0.851, 0.544, 0.568, 0.792, 0.829, 0.884, 0.838, 0.867, 0.906, 0.866, 0.889, 0.919, 0.354, 0.877, 0.906, 0.564, 0.904, 0.925, 0.693, 0.916, 0.934, 0.5, 0.324, 0.926, 0.718, 0.919, 0.937, 0.787, 0.928, 0.944, 0.363, 0.866, 0.932, 0.942, 0.889, 0.938, 0.948, 0.097, 0.816, 0.943, 0.953, 0.851, 0.947, 0.957, 0.195, 0.331, 0.589, 0.12, 0.565, 0.96, 0.707, 0.455, 0.268, 0.301, 0.449, 0.266, 0.701, 0.556, 0.663, 0.951, 0.961, 0.748, 0.953, 0.734, 0.048, 0.686, 0.046, 0.313, 0.044, 0.319, 0.459, 0.734, 0.542, 0.965, 0.788, 0.929, 0.625, 0.433, 0.42, 0.819, 0.422, 0.818, 0.065, 0.567, 0.576, 0.966, 0.371, 0.363, 0.84, 0.864, 0.763, 0.494, 0.52, 0.86, 0.521, 0.86, 0.884, 0.966, 0.119, 0.967, 0.33, 0.832, 0.549, 0.87, 0.691, 0.967, 0.442, 0.901, 0.968, 0.613, 0.775, 0.892, 0.713, 0.912, 0.909, 0.777, 0.08, 0.779, 0.92, 0.836, 0.815, 0.969, 0.823, 0.97, 0.859, 0.85, 0.971, 0.145, 0.322, 0.029, 0.927, 0.734, 0.934, 0.205, 0.127, 0.526, 0.936, 0.655, 0.939, 0.745, 0.94, 0.198, 0.737, 0.943, 0.874, 0.365, 0.795, 0.946, 0.886, 0.529, 0.833, 0.949, 0.648, 0.859, 0.944, 0.897, 0.123, 0.897, 0.723, 0.886, 0.951]
results_dict
Dict{String,Any}("finalQSA_Hybrid_record" => [0.0 0.0; 15.497559953563563 12.524410683556676; 16.204416391722482 13.305263632682914; 15.44450666607549 16.230418636833114; 14.843484423639971 16.74500922363067; 19.62817492427167 18.566142037639693; 15.038816343629128 17.241423267488923],"final_PolicyParameters_MF" => [0.0 0.0; 1.1881544794849148 0.2739178654630624; 1.4192847581465307 0.5969701236364996; 1.3409341684792255 1.5345910247638193; 1.3408289583595159 1.7302773778546854; 2.8540675785305645 2.332814570159164; 1.2102738876263195 1.9795923430711644],"final_Tsas" => [0.14285714285714285 0.14285714285714285; 0.9995465250086657 0.10296220730789478; 0.9878622075223502 0.03854832374520457; 0.00105084878510748 0.014432220349758985; 0.0020229654129416325 1.072513107512987e-5; 4.01541338034387e-6 0.0028068071435906625; 0.0020229654129416325 0.0001472975533206619]

[0.14285714285714285 0.14285714285714285; 2.894050774257021e-6 0.10296220730789478; 0.0020229654129416325 0.03854832374520457; 0.00105084878510748 0.8590947486450361; 0.0020229654129416325 0.7467844438771621; 4.01541338034387e-6 0.46127196438091334; 0.0020229654129416325 0.0001472975533206619]

[0.14285714285714285 0.14285714285714285; 0.00039864348007493213 0.38222675615263124; 0.0020229654129416325 0.03854832374520457; 0.00105084878510748 0.014432220349758985; 0.0020229654129416325 0.24767503835291885; 0.0018402152712848688 0.5170810926884406; 0.0020229654129416325 0.039291830389052027]

[0.14285714285714285 0.14285714285714285; 2.894050774257021e-6 0.10296220730789478; 0.0020229654129416325 0.7687100575287725; 0.00105084878510748 0.014432220349758985; 0.20329882601622387 1.072513107512987e-5; 0.07105005612461751 0.0028068071435906625; 0.9125059458463723 0.0077602047660133245]

[0.14285714285714285 0.14285714285714285; 2.894050774257021e-6 0.10296220730789478; 0.0020229654129416325 0.03854832374520457; 0.00105084878510748 0.014432220349758985; 0.0020229654129416325 1.072513107512987e-5; 0.9270936669505762 0.0028068071435906625; 0.0773792270889194 0.408817464625947]

[0.14285714285714285 0.14285714285714285; 2.894050774257021e-6 0.10296220730789478; 0.0020229654129416325 0.03854832374520457; 0.9936949072893552 0.014432220349758985; 0.0020229654129416325 0.005497617245618338; 4.01541338034387e-6 0.0028068071435906625; 0.0020229654129416325 0.5436886075590255]

[0.14285714285714285 0.14285714285714285; 4.32553081623418e-5 0.10296220730789478; 0.0020229654129416325 0.03854832374520457; 0.00105084878510748 0.06874414960616891; 0.7865863469190679 1.072513107512987e-5; 4.01541338034387e-6 0.010419714356283324; 0.0020229654129416325 0.0001472975533206619],"finalQSA_MB_record" => [0.0 0.0; 0.999987716889183 0.9683888486924028; 0.9995031322442052 0.9559429039490728; 0.9554375898543628 0.9742173941055042; 0.9391778589152066 0.9775936277180057; 0.9557422708845934 0.9770135557355993; 0.9530584509898907 0.956451686242554])
POPULATION_SIGNALS
subject_id: 14
algorithm_name: hybrid_actorcritic_FWD
param_string: alpha=0.644,
                eta_critic=0.0002,
                gamma=0.972,
                lambda_actor=0.8563,
                lambda_critic=0.4629,
                eta_fwd=0.24,
                w_MB=12.1269,
                w_MF=2.8638
param_vector: [0.644030167544776, 0.00020351207271904898, 0.9720012726758733, 0.856341395594059, 0.4628830908282809, 0.24003847973901876, 12.126880916735841, 2.863789486249355]
LL: -104.449
RPE
[0.0, 0.0, 0.0, 0.0, 0.0, 0.0, 0.0, 0.0, 0.0, 0.0, 0.0, 0.0, 0.0, 0.0, 0.0, 0.0, 0.0, 0.0, 0.0, 0.0, 0.0, 0.0, 0.0, 0.0, 0.0, 0.0, 1.0, 0.0, 0.0, 1.0, 0.0, 0.0, 1.0, 0.0, 0.0, 0.0, 0.0, 0.999, 0.0, 0.0, 0.999, 0.0, 0.001, -0.001, 0.0, 0.001, 0.999, 0.0, 0.001, 0.999, 0.001, 0.001, -0.001, 0.0, 0.001, 0.999, 0.001, 0.001, 0.998, 0.001, 0.001, -0.002, 1.0, 0.001, 0.001, 0.998, 0.001, 0.001, 0.998, -0.0, 0.001, 0.001, 0.998, 0.001, 0.001, 0.997, -0.0, -0.0, 0.0, -0.0, 0.003, 0.997, -0.0, -0.0, 0.0, -0.0, -0.0, 0.0, -0.0, 1.0, 0.001, 0.002, 0.997, 0.001, -0.001, 0.001, -0.001, 0.001, -0.001, 0.001, -0.001, -0.0, 0.0, -0.0, 0.003, 0.997, 0.001, -0.001, 1.0, 0.0, 0.0, -0.0, 0.0, 0.001, -0.001, 0.0, 0.003, 0.997, 0.0, 0.0, 0.001, -0.001, 0.999, 0.0, 0.0, -0.0, 0.0, 0.001, 0.002, 0.996, 0.003, 0.996, 0.0, 0.999, 0.0, 0.999, 0.003, 0.996, 0.001, 0.003, 0.996, 0.001, 0.0, 0.999, 0.001, -0.0, 0.999, 0.001, -0.001, 0.001, 0.998, 0.001, 0.002, 0.996, 0.003, 0.995, 0.001, 0.003, 0.995, -0.001, 0.004, -0.003, 0.998, 0.001, 0.998, 0.001, -0.001, 0.004, 0.995, 0.001, 0.998, 0.004, 0.995, 0.0, 0.003, 0.995, 0.001, 0.0, 0.003, 0.994, 0.001, 0.001, 0.004, 0.994, 0.001, 0.0, 0.998, 0.002, -0.002, 0.001, 0.001, 0.004, 0.994]
SPE
[0.857, 0.857, 0.857, 0.857, 0.651, 0.651, 0.651, 0.651, 0.857, 0.495, 0.495, 0.495, 0.495, 0.376, 0.376, 0.376, 0.376, 0.286, 0.286, 0.286, 0.286, 0.217, 0.217, 0.217, 0.217, 0.857, 0.857, 0.165, 0.651, 0.651, 0.125, 0.495, 0.495, 0.165, 0.165, 0.095, 0.376, 0.376, 0.072, 0.286, 0.286, 0.055, 0.217, 0.964, 0.651, 0.165, 0.405, 0.495, 0.125, 0.308, 0.376, 0.095, 0.984, 0.857, 0.857, 0.418, 0.286, 0.072, 0.318, 0.217, 0.055, 0.854, 0.857, 0.042, 0.042, 0.423, 0.032, 0.032, 0.322, 0.857, 0.165, 0.024, 0.245, 0.125, 0.018, 0.186, 0.891, 0.651, 0.891, 0.125, 0.735, 0.141, 0.996, 0.495, 0.125, 0.677, 0.376, 0.095, 0.757, 0.651, 0.436, 0.014, 0.107, 0.332, 0.998, 0.252, 0.165, 0.095, 0.125, 0.984, 0.095, 0.313, 0.072, 0.999, 0.559, 0.082, 0.386, 0.999, 0.495, 0.237, 0.055, 0.817, 0.042, 0.463, 0.072, 0.988, 0.425, 0.062, 0.18, 0.032, 0.352, 0.759, 0.376, 0.137, 0.024, 0.781, 0.018, 0.443, 0.566, 0.047, 0.937, 0.036, 0.631, 0.286, 0.48, 0.217, 0.834, 0.027, 0.295, 0.43, 0.021, 0.993, 0.517, 0.165, 0.41, 0.756, 0.125, 0.312, 0.055, 0.997, 0.095, 0.42, 0.488, 0.016, 0.722, 0.012, 0.319, 0.371, 0.009, 0.691, 0.323, 0.857, 0.072, 0.539, 0.055, 0.496, 0.993, 0.245, 0.007, 0.409, 0.042, 0.739, 0.005, 0.377, 0.282, 0.004, 0.938, 0.286, 0.214, 0.003, 0.713, 0.218, 0.163, 0.002, 0.165, 0.892, 0.032, 0.563, 0.272, 0.652, 0.126, 0.334, 0.002]
action_selection_prob
[0.5, 0.5, 0.5, 0.5, 0.5, 0.5, 0.5, 0.5, 0.5, 0.5, 0.5, 0.5, 0.5, 0.5, 0.5, 0.5, 0.5, 0.5, 0.5, 0.5, 0.5, 0.5, 0.5, 0.5, 0.5, 0.5, 0.5, 0.6, 0.676, 0.786, 0.726, 0.787, 0.867, 0.544, 0.566, 0.798, 0.842, 0.9, 0.845, 0.88, 0.92, 0.873, 0.901, 0.931, 0.354, 0.89, 0.92, 0.566, 0.914, 0.936, 0.7, 0.927, 0.945, 0.5, 0.323, 0.937, 0.724, 0.929, 0.947, 0.794, 0.937, 0.954, 0.359, 0.875, 0.94, 0.952, 0.896, 0.946, 0.957, 0.091, 0.822, 0.95, 0.962, 0.857, 0.954, 0.965, 0.19, 0.312, 0.601, 0.115, 0.576, 0.968, 0.705, 0.443, 0.256, 0.303, 0.435, 0.254, 0.699, 0.571, 0.658, 0.957, 0.969, 0.75, 0.96, 0.735, 0.042, 0.679, 0.041, 0.321, 0.04, 0.326, 0.462, 0.734, 0.54, 0.973, 0.792, 0.924, 0.639, 0.448, 0.416, 0.825, 0.417, 0.823, 0.069, 0.553, 0.583, 0.974, 0.376, 0.353, 0.846, 0.834, 0.785, 0.51, 0.528, 0.867, 0.529, 0.866, 0.868, 0.974, 0.113, 0.975, 0.35, 0.852, 0.6, 0.888, 0.74, 0.975, 0.427, 0.892, 0.976, 0.611, 0.813, 0.908, 0.72, 0.908, 0.923, 0.787, 0.081, 0.788, 0.934, 0.848, 0.765, 0.976, 0.855, 0.977, 0.87, 0.826, 0.978, 0.118, 0.301, 0.021, 0.94, 0.747, 0.946, 0.186, 0.137, 0.517, 0.907, 0.645, 0.951, 0.759, 0.92, 0.179, 0.665, 0.93, 0.883, 0.384, 0.77, 0.938, 0.894, 0.579, 0.828, 0.944, 0.703, 0.863, 0.955, 0.904, 0.115, 0.903, 0.775, 0.888, 0.95]
results_dict
Dict{String,Any}("finalQSA_Hybrid_record" => [0.0 0.0; 16.05861333179327 13.123882537103093; 16.44342444679235 13.303154680713789; 15.57517011262911 16.39013159320383; 15.530623226752013 17.60348946033278; 20.37032785696073 19.126819404487346; 15.061693768913662 17.29313911632996],"final_PolicyParameters_MF" => [0.0 0.0; 1.405492500179799 0.5217002255372678; 1.5126223612218244 0.6455102901007842; 1.444920699751677 1.631653858938664; 1.7862552916211523 2.0930438812691485; 3.215944439292075 2.570947598681676; 1.2787123288119078 2.0735480199362173],"final_Tsas" => [0.14285714285714285 0.14285714285714285; 0.9986713218911301 0.10856593146585447; 0.9758262488248656 0.047650599771949326; 0.002326890801850721 0.02091429261435137; 0.004028958529189086 4.987219038820114e-5; 2.1889369453676674e-5 0.0053015296456134856; 0.004028958529189086 0.000448255492809497]

[0.14285714285714285 0.14285714285714285; 1.663507848757041e-5 0.10856593146585447; 0.004028958529189086 0.047650599771949326; 0.002326890801850721 0.8136672847781358; 0.004028958529189086 0.7460854770709529; 2.1889369453676674e-5 0.43824839418065764; 0.004028958529189086 0.000448255492809497]

[0.14285714285714285 0.14285714285714285; 0.0011004071491820594 0.34860441120487323; 0.004028958529189086 0.047650599771949326; 0.002326890801850721 0.02091429261435137; 0.004028958529189086 0.24475716416213547; 0.003996012224401117 0.5235223143534549; 0.004028958529189086 0.0466896033648611]

[0.14285714285714285 0.14285714285714285; 1.663507848757041e-5 0.10856593146585447; 0.004028958529189086 0.7140964013683042; 0.002326890801850721 0.02091429261435137; 0.18644896651278853 4.987219038820114e-5; 0.0914609140210415 0.0053015296456134856; 0.8957604061294876 0.01216989873062984]

[0.14285714285714285 0.14285714285714285; 1.663507848757041e-5 0.10856593146585447; 0.004028958529189086 0.047650599771949326; 0.002326890801850721 0.02091429261435137; 0.004028958529189086 4.987219038820114e-5; 0.9044555162767427 0.0053015296456134856; 0.08409480122456713 0.4350259235072676]

[0.14285714285714285 0.14285714285714285; 1.663507848757041e-5 0.10856593146585447; 0.004028958529189086 0.047650599771949326; 0.9860386551888958 0.02091429261435137; 0.004028958529189086 0.008957870005359; 2.1889369453676674e-5 0.0053015296456134856; 0.004028958529189086 0.5047698079188131]

[0.14285714285714285 0.14285714285714285; 0.00016173064573750347 0.10856593146585447; 0.004028958529189086 0.047650599771949326; 0.002326890801850721 0.08176125215010743; 0.7934062408412661 4.987219038820114e-5; 2.1889369453676674e-5 0.017023172883433826; 0.004028958529189086 0.000448255492809497],"finalQSA_MB_record" => [0.0 0.0; 0.9999512732635293 0.9590409888323276; 0.9987403106863764 0.9445696218620218; 0.9431308471305182 0.9662566809683465; 0.9231643282067041 0.9714015190961246; 0.9438535575407978 0.9700985377132636; 0.9400582409940605 0.9447699044750728])