DateTime of fitting: 2020-02-09T16:31:09.202
DATA_STATS
nr_subjects: 1
all_subject_ids: [8]
nr_puzzles: 1
nr_episodes: 58
nr_actions: 185
max_state_id: 7
max_action_id: 2
SUBJECT_SIGNALS
subject_id: 8
algorithm_name: Sarsa-Lambda (ReplTrc)
param_string: alpha=0.3195, gamma=0.903,
                lambda=0.5872, temp=0.1977,
                reward_magnitude=1.0,
                action_cost=0.0,
                initQSA=nothing, use_replacing_trace=true
param_vector: [0.3195114694149788, 0.9030447330001792, 0.5871761119103545, 0.1977466297313058, 1.0, 0.0, 0.0]
LL: -41.291
RPE
[0.0, 0.0, 0.0, 0.0, 1.0, 0.0, 0.0, 1.0, 0.063, 0.119, 0.68, 0.1, 0.162, 0.463, -0.09, 0.409, 0.165, -0.554, -0.02, 0.262, 0.054, 0.469, 0.177, 0.095, 0.319, 0.682, -0.427, 0.152, 0.003, 0.328, 0.509, 0.223, -0.117, 0.373, 0.152, 0.085, 0.149, 0.103, 0.302, 0.07, 0.01, 0.214, 0.048, 0.038, 0.148, -0.269, 0.069, 0.107, 0.115, 0.073, 0.061, 0.087, 0.05, 0.065, 0.034, 0.079, 0.048, 0.023, -0.017, 0.122, 0.016, -0.727, 0.771, 0.04, 0.011, 0.029, 0.007, 0.02, 0.005, -0.4, 0.546, 0.014, 0.003, 0.01, 0.002, 0.135, 0.093, 0.002, -0.265, 0.377, 0.008, 0.001, 0.123, 0.064, 0.001, 0.006, 0.0, 0.127, 0.004, 0.0, 0.05, 0.044, 0.0, 0.003, 0.0, 0.22, 0.571, 0.002, 0.0, 0.001, 0.0, 0.001, 0.0, -0.25, 0.262, 0.001, 0.0, 0.101, 0.0, 0.0, 0.0, 0.0, 0.0, 0.0, -0.58, 0.2, 0.363, 0.03, 0.0, 0.0, 0.0, 0.168, 0.02, -0.849, 0.327, 0.153, -0.062, 0.205, 0.09, -0.02, -0.269, 0.042, -0.043, 0.222, -0.112, 0.094, -0.73, 0.469, -0.035, -0.119, -0.026, 0.193, 0.151, -0.093, 0.103, -0.051, 0.07, 0.023, -0.132, -0.027, 0.246, 0.048, -0.28, 0.68, -0.013, 0.032, -0.403, 0.463, 0.046, 0.022, 0.038, -0.082, 0.315, 0.036, 0.162, 0.015, 0.111, 0.038, 0.01, 0.027, 0.007, 0.09, 0.019, 0.005, -0.031, -0.073, 0.214, -0.016, 0.105, 0.003, 0.054, 0.015, 0.002, 0.01, 0.001]
SPE
Float64[]
action_selection_prob
[0.5, 0.5, 0.5, 0.5, 0.5, 0.468, 0.5, 0.5, 0.612, 0.702, 0.798, 0.725, 0.836, 0.922, 0.581, 0.298, 0.908, 0.962, 0.616, 0.423, 0.895, 0.92, 0.814, 0.933, 0.961, 0.309, 0.976, 0.88, 0.955, 0.959, 0.511, 0.976, 0.916, 0.742, 0.983, 0.93, 0.966, 0.987, 0.857, 0.989, 0.948, 0.912, 0.99, 0.958, 0.975, 0.991, 0.975, 0.986, 0.938, 0.988, 0.961, 0.951, 0.99, 0.959, 0.99, 0.968, 0.964, 0.991, 0.973, 0.98, 0.991, 0.975, 0.166, 0.967, 0.992, 0.969, 0.992, 0.971, 0.992, 0.96, 0.418, 0.972, 0.992, 0.973, 0.992, 0.953, 0.984, 0.992, 0.965, 0.637, 0.973, 0.992, 0.961, 0.986, 0.992, 0.974, 0.992, 0.97, 0.974, 0.992, 0.975, 0.987, 0.992, 0.974, 0.992, 0.022, 0.592, 0.974, 0.992, 0.974, 0.992, 0.974, 0.992, 0.95, 0.765, 0.974, 0.992, 0.941, 0.974, 0.992, 0.974, 0.992, 0.974, 0.992, 0.949, 0.026, 0.785, 0.988, 0.992, 0.952, 0.992, 0.912, 0.989, 0.992, 0.096, 0.871, 0.981, 0.978, 0.84, 0.983, 0.984, 0.841, 0.978, 0.976, 0.858, 0.9, 0.98, 0.017, 0.814, 0.957, 0.871, 0.948, 0.966, 0.952, 0.973, 0.949, 0.977, 0.798, 0.966, 0.891, 0.957, 0.98, 0.795, 0.167, 0.948, 0.981, 0.948, 0.377, 0.934, 0.982, 0.815, 0.972, 0.561, 0.834, 0.975, 0.983, 0.861, 0.94, 0.983, 0.944, 0.983, 0.885, 0.946, 0.984, 0.9, 0.981, 0.68, 0.899, 0.982, 0.984, 0.905, 0.948, 0.984, 0.949, 0.984]
results_dict
Dict{String,Any}("trialByTrial_Qsa" => [0.0, 0.0, 0.0, 0.0, 0.0, 0.0, 0.0, 0.0, 0.08983420693180712, 0.16941977293253277, 0.3195114694149788, 0.19132567685561302, 0.3227660752697182, 0.5369353597422387, 0.08983420693180712, 0.0, 0.45301456896031866, 0.6848898233851146, 0.11893068228092844, 0.10802884326954636, 0.42274130758962186, 0.530667699989767, 0.2923874222198657, 0.5195558168225649, 0.6806247528099483, 0.02525788745500479, 0.7826688073344138, 0.39367441111502544, 0.6040430598217406, 0.6721477770059757, 0.19269108646114402, 0.7769003225257637, 0.4720898748706496, 0.3930830679563408, 0.8481832283015648, 0.5114781701370766, 0.660455536542954, 0.8966904281087702, 0.5379382605898217, 0.9296990212283694, 0.5731927777930519, 0.646220179118877, 0.9521609902570044, 0.6169967278847689, 0.7256600152183702, 0.9674461025553465, 0.7272945376485543, 0.8929795795052339, 0.7225803037249797, 0.9271738313149255, 0.6360741237072151, 0.7715661878388492, 0.9504426274833567, 0.8076721450212421, 0.9662767763964949, 0.6746086181084573, 0.8341278937131692, 0.9770517331234607, 0.7099634514731566, 0.7673473386006074, 0.9843839675937108, 0.726530652389604, 0.0, 0.8534141687451343, 0.9893734690542763, 0.8680059412750756, 0.9927687675715282, 0.8783399005937506, 0.9950792292704305, 0.6290653500279793, 0.2539755113358158, 0.8856472482802312, 0.9966514719568894, 0.8908070897051849, 0.9977213650723209, 0.5952727739032875, 0.8088441341311188, 0.9984494150663239, 0.6543161507727003, 0.43110199928345694, 0.8944457411961431, 0.9989448447369355, 0.6341863012146824, 0.8387576104883014, 0.9992819789454982, 0.8970675345966583, 0.9995113949076929, 0.6844120392264134, 0.8989191186391562, 0.9996675098386996, 0.7257804681743012, 0.8592125575542207, 0.9997737442587027, 0.9001976957200689, 0.9998460355630682, 0.0, 0.2432158606754191, 0.9010890175609483, 0.9998952289665499, 0.9017014114431245, 0.9999287045133997, 0.9021221258415667, 0.999951484239086, 0.7492083367405046, 0.5528274091052828, 0.9024111305344042, 0.9999669855811454, 0.7137957909705287, 0.9026096413303609, 0.9999775340666255, 0.9027459821159308, 0.9999847121900097, 0.9028396154672764, 0.9999895968206438, 0.7462349457935966, 0.18406495668854056, 0.4258243755295443, 0.8731904902532804, 0.9999929207557665, 0.9029039137137959, 0.9999951826554939, 0.6288826763471019, 0.8827284199889287, 0.9999967218523157, 0.16700332678465402, 0.5467704578409986, 0.7819833082390111, 0.7948267720062702, 0.6298565726349752, 0.7970711769606016, 0.8603819715671612, 0.6310446724550871, 0.7488778664149223, 0.777742513581258, 0.6570833926099148, 0.6035990279849903, 0.7727779515596233, 0.04763425540819543, 0.5940303843680402, 0.6158602729641294, 0.5475104915301046, 0.5735859199693798, 0.8487563296553899, 0.9029483332807395, 0.897080417006911, 0.890720035042434, 0.9299644042006098, 0.5734270962540448, 0.6608366451600004, 0.5855897987682505, 0.6140934327722923, 0.9523415803258265, 0.5690160884871667, 0.3195114694149788, 0.886315741095242, 0.9675689920259174, 0.8877978790124753, 0.5369353597422387, 0.8375122308230315, 0.9779310710383254, 0.5946867848686794, 0.7007399320040026, 0.6848898233851146, 0.6212364913686432, 0.7278447990847877, 0.9849823469592849, 0.6614854861142664, 0.8558219122402899, 0.9897806593494881, 0.8696928849191238, 0.9930458558971854, 0.7044213101484562, 0.8795208513213696, 0.9952677846979993, 0.7368080703031854, 0.7820343840483766, 0.7855711389429502, 0.7339906269133358, 0.7951572327634213, 0.9967797817627295, 0.7469763126133331, 0.8864733311792266, 0.9978086784235567, 0.8915070684129963, 0.9985088308004069],"StateValue_V2_record" => [0.0, 0.0, 0.0, 0.0, 0.0, 1.0, 0.022809002232953377, 0.0, 0.0, 1.0, 0.0811243074130166, 0.15299363361281004, 0.2885331495883445, 1.0, 0.17277564477215562, 0.2914722042634584, 0.48487664857678514, 1.0, 0.0811243074130166, 0.15299363361281004, 0.4090924204719622, 0.6184861476933508, 0.10739972622591017, 0.15299363361281004, 0.3817543112404167, 0.47921667144907837, 1.0, 0.2640389216311493, 0.46918214388122315, 0.6146345981745727, 1.0, 0.16621888966749265, 0.7067849441468744, 0.35550560347437093, 0.545477903677335, 0.6069795098230253, 1.0, 0.17400867072481824, 0.7015757443230314, 1.0, 0.42631827500465375, 0.35497159414952506, 0.7659473969368166, 1.0, 0.46188766758685657, 0.596420893655922, 0.8097515682353007, 1.0, 0.4857823129049164, 0.8395598043957008, 1.0, 0.5176187189797575, 0.5835657291117342, 0.8598439672198227, 1.0, 0.5571756453946853, 0.6553034546917791, 0.8736471073741569, 0.6567795015633275, 0.8064005059489162, 1.0, 0.6525223374485127, 0.8372794449445401, 1.0, 0.574403387211505, 0.6967587820888997, 0.8582922087676966, 1.0, 0.7293640765523896, 0.8725911535452465, 1.0, 0.6092017594193716, 0.7532548010662107, 0.8823214214658379, 1.0, 0.6411287554754624, 0.6929489725049837, 0.8889427571853197, 1.0, 0.6560896790036159, 0.2885331495883445, 0.7706711701530197, 0.8934485001995799, 1.0, 0.7838481934813198, 0.8965146066425477, 1.0, 0.7931802210150873, 0.8986010569105399, 1.0, 0.5680741510556808, 0.2885331495883445, 0.7997790828555648, 0.9000208623875448, 1.0, 0.8044386504774853, 0.9009870237303084, 1.0, 0.5375579431717703, 0.7304224351451972, 0.9016444854427536, 1.0, 0.5908767536722381, 0.3893043898387728, 0.8077245155416184, 0.9020918805973713, 1.0, 0.5726985990527841, 0.7574356424152765, 0.9023963278687281, 1.0, 0.8100921122629683, 0.9026035007450542, 1.0, 0.6180546872253246, 0.8117641754802531, 0.9027444795112425, 1.0, 0.6554122290992068, 0.7759073746269523, 0.9028404139446896, 1.0, 0.8129187877789061, 0.9029056962263385, 1.0, 0.6765686424133373, 0.21963480196504262, 0.8137236912727203, 0.9029501200702511, 1.0, 0.8142767103425411, 0.9029803499865181, 1.0, 0.8146566342641517, 0.9030009210978183, 1.0, 0.6765686424133373, 0.49922788005066093, 0.8149176184298309, 0.9030149195031194, 1.0, 0.6445895294736328, 0.8150968825585633, 0.9030244452573734, 1.0, 0.8152200043868653, 0.9030309274238884, 1.0, 0.815304559491631, 0.9030353384638551, 1.0, 0.6738835373795816, 0.8153626236844916, 0.38453845950504534, 0.7885300731290692, 0.9030383401259605, 1.0, 0.8153626236844916, 0.9030403827225959, 1.0, 0.5679091885503068, 0.7971432503405721, 0.9030417726861789, 0.5506761905112642, 0.4937581821134103, 0.7061659077992946, 0.7177641301077965, 1.0, 0.5687886604635591, 0.719790928180525, 0.7769634077920349, 0.5698615677483897, 0.6762702129264073, 0.7023362805198754, 1.0, 0.5933756968382724, 0.5450769230658733, 0.6978530589345854, 0.7664649330958637, 0.5364360098456307, 0.5561493757643097, 0.49442646563860015, 0.5179737439514107, 0.7664649330958637, 1.0, 0.8154027365404622, 0.8101037456556953, 1.0, 0.804360036222805, 0.8397994570910103, 1.0, 0.5178303190318019, 0.5967650517852467, 0.5288137834763034, 0.5545538400350182, 0.8600070481303047, 1.0, 0.5138469817006998, 0.5749446477634645, 1.0, 0.8003827617712088, 0.8737580820632971, 1.0, 0.8017211986109462, 0.5749446477634645, 1.0, 0.7563110088679689, 0.8831155029383838, 1.0, 0.5370287688604716, 0.6327995047991183, 0.6184861476933508, 1.0, 0.5610043414779645, 0.6572764122550911, 0.8894831205197372, 1.0, 0.5973509841915514, 0.7728454702347354, 0.8938162112509997, 1.0, 0.7853715790539457, 0.8967648297956082, 1.0, 0.6361239539426491, 0.7942466723495964, 0.8987713308962846, 1.0, 0.6653706471193173, 0.7062120315399257, 0.709405879419383, 1.0, 0.6628263697055875, 0.7180625509540052, 0.9001367318819009, 1.0, 0.6745530247813657, 0.8005250726665241, 0.9010658715922624, 1.0, 0.8050707625627868, 0.9016981405084745, 1.0],"final_QSA" => Dict{Int64,Any}(1 => [0.0 0.0; 0.6229332640010008 0.16941977293253277; 0.8950158663803356 0.3122497522173171; 0.18644615103652962 0.9989852764625152; 0.8292449554277669 0.0; 0.8540836194242685 0.6366734966199625; 0.7667548761425159 0.30153838952982565]),"trialByTrial_Vs" => [0.0, 0.0, 0.0, 0.0, 0.0, 0.02525788745500479, 0.0, 0.0, 0.08983420693180712, 0.16941977293253277, 0.3195114694149788, 0.19132567685561302, 0.3227660752697182, 0.5369353597422387, 0.08983420693180712, 0.16941977293253277, 0.45301456896031866, 0.6848898233851146, 0.11893068228092844, 0.16941977293253277, 0.42274130758962186, 0.530667699989767, 0.2923874222198657, 0.5195558168225649, 0.6806247528099483, 0.18406495668854056, 0.7826688073344138, 0.39367441111502544, 0.6040430598217406, 0.6721477770059757, 0.19269108646114402, 0.7769003225257637, 0.4720898748706496, 0.3930830679563408, 0.8481832283015648, 0.5114781701370766, 0.660455536542954, 0.8966904281087702, 0.5379382605898217, 0.9296990212283694, 0.5731927777930519, 0.646220179118877, 0.9521609902570044, 0.6169967278847689, 0.7256600152183702, 0.9674461025553465, 0.7272945376485543, 0.8929795795052339, 0.7225803037249797, 0.9271738313149255, 0.6360741237072151, 0.7715661878388492, 0.9504426274833567, 0.8076721450212421, 0.9662767763964949, 0.6746086181084573, 0.8341278937131692, 0.9770517331234607, 0.7099634514731566, 0.7673473386006074, 0.9843839675937108, 0.726530652389604, 0.3195114694149788, 0.8534141687451343, 0.9893734690542763, 0.8680059412750756, 0.9927687675715282, 0.8783399005937506, 0.9950792292704305, 0.6290653500279793, 0.3195114694149788, 0.8856472482802312, 0.9966514719568894, 0.8908070897051849, 0.9977213650723209, 0.5952727739032875, 0.8088441341311188, 0.9984494150663239, 0.6543161507727003, 0.43110199928345694, 0.8944457411961431, 0.9989448447369355, 0.6341863012146824, 0.8387576104883014, 0.9992819789454982, 0.8970675345966583, 0.9995113949076929, 0.6844120392264134, 0.8989191186391562, 0.9996675098386996, 0.7257804681743012, 0.8592125575542207, 0.9997737442587027, 0.9001976957200689, 0.9998460355630682, 0.7492083367405046, 0.2432158606754191, 0.9010890175609483, 0.9998952289665499, 0.9017014114431245, 0.9999287045133997, 0.9021221258415667, 0.999951484239086, 0.7492083367405046, 0.5528274091052828, 0.9024111305344042, 0.9999669855811454, 0.7137957909705287, 0.9026096413303609, 0.9999775340666255, 0.9027459821159308, 0.9999847121900097, 0.9028396154672764, 0.9999895968206438, 0.7462349457935966, 0.9029039137137959, 0.4258243755295443, 0.8731904902532804, 0.9999929207557665, 0.9029039137137959, 0.9999951826554939, 0.6288826763471019, 0.8827284199889287, 0.9999967218523157, 0.609799459968895, 0.5467704578409986, 0.7819833082390111, 0.7948267720062702, 0.6298565726349752, 0.7970711769606016, 0.8603819715671612, 0.6310446724550871, 0.7488778664149223, 0.777742513581258, 0.6570833926099148, 0.6035990279849903, 0.7727779515596233, 0.8487563296553899, 0.5940303843680402, 0.6158602729641294, 0.5475104915301046, 0.5735859199693798, 0.8487563296553899, 0.9029483332807395, 0.897080417006911, 0.890720035042434, 0.9299644042006098, 0.5734270962540448, 0.6608366451600004, 0.5855897987682505, 0.6140934327722923, 0.9523415803258265, 0.5690160884871667, 0.6366734966199625, 0.886315741095242, 0.9675689920259174, 0.8877978790124753, 0.6366734966199625, 0.8375122308230315, 0.9779310710383254, 0.5946867848686794, 0.7007399320040026, 0.6848898233851146, 0.6212364913686432, 0.7278447990847877, 0.9849823469592849, 0.6614854861142664, 0.8558219122402899, 0.9897806593494881, 0.8696928849191238, 0.9930458558971854, 0.7044213101484562, 0.8795208513213696, 0.9952677846979993, 0.7368080703031854, 0.7820343840483766, 0.7855711389429502, 0.7339906269133358, 0.7951572327634213, 0.9967797817627295, 0.7469763126133331, 0.8864733311792266, 0.9978086784235567, 0.8915070684129963, 0.9985088308004069],"RPE_QV" => [0.0, 0.0, 0.0, 0.0, 1.0, 0.0, 0.0, 1.0, 0.06315942668100293, 0.1191133766558117, 0.6804885305850212, 0.10014652740784535, 0.16211057330706696, 0.4630646402577613, 0.06315942668100293, 0.4090924204719622, 0.1654715787330321, -0.5536733595261827, 0.0340629513318816, 0.2624365338641075, 0.054146217558270204, 0.46933230001023296, 0.17679472166135746, 0.09507878135200776, 0.3193752471900517, 0.6815270566918696, -0.42716320386004286, 0.15180349256230952, 0.0027161076493704694, 0.3278522229940243, 0.5088846578618873, 0.2230996774742363, -0.11711828072112451, 0.3728643289804758, 0.15181677169843522, 0.08494272351884535, 0.14929603169234673, 0.1033095718912298, 0.301621543805879, 0.07030097877163055, 0.010372951318682322, 0.21362378810094573, 0.0478390097429956, 0.038306726807010194, 0.14798709215578665, -0.2694434660654377, 0.06860919782574149, 0.10702042049476612, 0.11469914121956037, 0.07282616868507452, 0.060684658381684686, 0.0867260209288474, 0.04955737251664327, 0.06491900852400445, 0.033723223603505104, 0.07864618295775339, 0.04819352775266872, 0.02294826687653928, -0.017014478968172986, 0.12159541858471223, 0.015616032406289171, -0.43799750280125954, 0.7706711701530197, 0.04003433145444557, 0.010626530945723744, 0.028508665367472097, 0.00723123242847179, 0.020261156316789375, 0.004920770729569535, -0.3405322004396348, 0.5458035715197489, 0.014373614107313526, 0.003348528043110588, 0.010179934025123516, 0.002278634927679102, 0.13514966124190975, 0.09280035131163478, 0.0015505849336761024, -0.26501176093392753, 0.37662251625816145, 0.007646139401228269, 0.0010551552630645444, 0.12324934120059405, 0.0636387173804267, 0.0007180210545018051, 0.00553596614839591, 0.0004886050923070817, 0.1273521362538398, 0.003825360872086292, 0.00033249016130043607, 0.050126906452651054, 0.043627856390468955, 0.00022625574129730985, 0.0027080005062696255, 0.00015396443693183048, 0.21963480196504262, 0.5705078305973011, 0.0018611025093028255, 0.00010477103345007954, 0.0012789385433935596, 7.129548660034235e-5, 0.0008787952562515633, 4.851576091402521e-5, -0.24998045668984364, 0.2620902093245481, 0.0006037889687151576, 3.3014418854615535e-5, 0.10130109158803458, 0.0004148039270124304, 2.2465933374515856e-5, 0.00028494530795752926, 1.5287809990272017e-5, 0.0001957229965786622, 1.040317935618873e-5, 0.06912767789089502, 0.20047350281650478, 0.3627056975995249, 0.029847849872680077, 7.079244233487714e-6, 0.0001364690088000442, 4.817344506080623e-6, 0.16826057399347016, 0.02031335269725021, -0.3804309662961194, 0.3267548553287563, 0.15282169288396874, -0.06157066290284385, 0.20517322799372983, 0.08993435554554985, -0.020107769168566714, -0.2687206289107933, 0.04183195231225423, -0.043049245656509694, 0.222257486418742, -0.11200646954404148, 0.09425403094959506, -0.006313018463759534, 0.46864268470227455, -0.03503853196527851, -0.11872579050479615, -0.025617442037509708, 0.19287901312648392, 0.15124367034461006, -0.09284458762504422, 0.10291958299308901, -0.050920577951423684, 0.07003559579939023, 0.023337955531201993, -0.13202286168369703, -0.026917719082267255, 0.24591361535801237, 0.0476584196741735, 0.005928559276297873, 0.6804885305850212, -0.012557659031944945, 0.032431007974082604, -0.31285323124901077, 0.4630646402577613, 0.04560327211535231, 0.02206892896167456, 0.038112719930438854, -0.08225378431065189, 0.3151101766148854, 0.03603992088644792, 0.1616383214349495, 0.015017653040715118, 0.11135998412046899, 0.03799429901070983, 0.010219340650511888, 0.027071944876484455, 0.006954144102814586, 0.08982536220114024, 0.01925047957491499, 0.004732215302000742, -0.03059603876325967, -0.0726285046289935, 0.21442886105704984, -0.015928075959330656, 0.10497949911847959, 0.003220218237270478, 0.05354876005319098, 0.014592540413035815, 0.002191321576443306, 0.010191072095478204, 0.0014911691995931342],"StateValue_V3_record" => [0.0, 0.0, 0.0, 0.0, 0.0, 0.3195114694149788, 0.02525788745500479, 0.02525788745500479, 0.0, 0.3195114694149788, 0.08983420693180712, 0.11001436815806198, 0.20747786293481102, 0.5369353597422387, 0.19132567685561302, 0.22332364098450114, 0.3745622627547638, 0.6848898233851146, 0.08983420693180712, 0.06113114747129615, 0.16941977293253277, 0.5058846362277261, 0.5079848347069761, 0.11238254154937498, 0.1918803258326412, 0.4400416451249279, 0.6806247528099483, 0.2923874222198657, 0.3488753635226982, 0.5499345779625304, 0.7826688073344138, 0.18406495668854056, 0.24301359878468964, 0.6461852643890813, 0.4421773680859348, 0.6049108873678802, 0.7769003225257637, 0.19269108646114402, 0.3552855712573344, 0.8481832283015648, 0.4720898748706496, 0.4346692409020871, 0.5122174976013227, 0.8966904281087702, 0.5114781701370766, 0.5386183445446932, 0.7081573310068009, 0.9296990212283694, 0.5379382605898217, 0.6343098032584525, 0.9521609902570044, 0.5731927777930519, 0.5765070547110541, 0.7144754295570042, 0.9674461025553465, 0.6169967278847689, 0.6292361664553549, 0.7729435884875154, 0.8813558247885135, 0.74921596326124, 0.9271738313149255, 0.7225803037249797, 0.7592279948766776, 0.9504426274833567, 0.6360741237072151, 0.6554635680776931, 0.7992761462223394, 0.9662767763964949, 0.8076721450212421, 0.8284145128277103, 0.9770517331234607, 0.6746086181084573, 0.6997369755891684, 0.8495262785817159, 0.9843839675937108, 0.7099634514731566, 0.7045271302967054, 0.8061984694667382, 0.9893734690542763, 0.726530652389604, 0.4943957760695784, 0.3195114694149788, 0.8662055968151905, 0.9927687675715282, 0.8680059412750756, 0.8771147868376965, 0.9950792292704305, 0.8783399005937506, 0.8848135724205745, 0.9966514719568894, 0.6290653500279793, 0.5013521098865248, 0.4283660124840343, 0.8902397828444628, 0.9977213650723209, 0.8908070897051849, 0.8940596953840996, 0.9984494150663239, 0.5952727739032875, 0.6384546407576267, 0.8384949107409254, 0.9989448447369355, 0.6543161507727003, 0.5696418536244501, 0.5514372128678688, 0.8968887704315813, 0.9992819789454982, 0.6341863012146824, 0.6735658793261123, 0.8590909105902061, 0.9995113949076929, 0.8970675345966583, 0.8988363392753639, 0.9996675098386996, 0.6844120392264134, 0.7251025074140143, 0.900141365312439, 0.9997737442587027, 0.7257804681743012, 0.741796589712215, 0.8731521580569651, 0.9998460355630682, 0.9001976957200689, 0.9010629329410036, 0.9998952289665499, 0.7492083367405046, 0.7492083367405046, 0.4254996559423146, 0.9016836611584276, 0.9999287045133997, 0.9017014114431245, 0.9021100469764157, 0.999951484239086, 0.9021221258415667, 0.9024029110052065, 0.9999669855811454, 0.7492083367405046, 0.6693367136985051, 0.6365682370058485, 0.902604048035015, 0.9999775340666255, 0.7137957909705287, 0.746162651597163, 0.9027421759425998, 0.9999847121900097, 0.9027459821159308, 0.9028370254099792, 0.9999895968206438, 0.9028396154672764, 0.9029021512095116, 0.9999929207557665, 0.7462349457935966, 0.5609131634164644, 0.9029039137137959, 0.5417130059347535, 0.8827272206249781, 0.9999951826554939, 0.9029039137137959, 0.9029475171273271, 0.9999967218523157, 0.6288826763471019, 0.6826438595883634, 0.8892187691579718, 0.7286722957120282, 0.6253641842034928, 0.5955987414928401, 0.7623107752620691, 0.8603819715671612, 0.6298565726349752, 0.658591630726223, 0.7906465140868957, 0.7745226485617565, 0.6444104610068728, 0.7351231386780045, 0.8487563296553899, 0.6570833926099148, 0.621296040941914, 0.6337142719119804, 0.539610594466533, 0.8487563296553899, 0.5828351715336704, 0.577926021182487, 0.5393254249820468, 0.6352129768727337, 0.897080417006911, 0.9029483332807395, 0.8732834226614339, 0.9299644042006098, 0.890720035042434, 0.8744503263577147, 0.9523415803258265, 0.5734270962540448, 0.5808838407189605, 0.6186538266270718, 0.5769892787909756, 0.6926656533644808, 0.9675689920259174, 0.5690160884871667, 0.47939857253377227, 0.6366734966199625, 0.886315741095242, 0.882303425005533, 0.9779310710383254, 0.8877978790124753, 0.7590599246174766, 0.6848898233851146, 0.8375122308230315, 0.8520829993067388, 0.9849823469592849, 0.5946867848686794, 0.6068642360170555, 0.6744589045139635, 0.7855711389429502, 0.6212364913686432, 0.6327516594486718, 0.779490096680239, 0.9897806593494881, 0.6614854861142664, 0.6970662782746262, 0.8679615265465939, 0.9930458558971854, 0.8696928849191238, 0.8783426818065306, 0.9952677846979993, 0.7044213101484562, 0.7331215436160752, 0.8856716003372938, 0.9967797817627295, 0.7368080703031854, 0.7270322849996587, 0.7588287438129543, 0.8540836194242685, 0.7339906269133358, 0.7289014239586167, 0.8286993867852153, 0.9978086784235567, 0.7469763126133331, 0.7640857556232783, 0.8911358152090931, 0.9985088308004069, 0.8915070684129963, 0.8947632328331365, 0.9989852764625152],"StateValue_V1_record" => [0.0, 0.0, 0.0, 0.0, 0.0, 0.0, 0.02525788745500479, 0.0, 0.0, 0.0, 0.08983420693180712, 0.16941977293253277, 0.3195114694149788, 0.0, 0.19132567685561302, 0.3227660752697182, 0.5369353597422387, 0.0, 0.08983420693180712, 0.16941977293253277, 0.45301456896031866, 0.6848898233851146, 0.11893068228092844, 0.16941977293253277, 0.42274130758962186, 0.530667699989767, 0.0, 0.2923874222198657, 0.5195558168225649, 0.6806247528099483, 0.0, 0.18406495668854056, 0.7826688073344138, 0.39367441111502544, 0.6040430598217406, 0.6721477770059757, 0.0, 0.19269108646114402, 0.7769003225257637, 0.0, 0.4720898748706496, 0.3930830679563408, 0.8481832283015648, 0.0, 0.5114781701370766, 0.660455536542954, 0.8966904281087702, 0.0, 0.5379382605898217, 0.9296990212283694, 0.0, 0.5731927777930519, 0.646220179118877, 0.9521609902570044, 0.0, 0.6169967278847689, 0.7256600152183702, 0.9674461025553465, 0.7272945376485543, 0.8929795795052339, 0.0, 0.7225803037249797, 0.9271738313149255, 0.0, 0.6360741237072151, 0.7715661878388492, 0.9504426274833567, 0.0, 0.8076721450212421, 0.9662767763964949, 0.0, 0.6746086181084573, 0.8341278937131692, 0.9770517331234607, 0.0, 0.7099634514731566, 0.7673473386006074, 0.9843839675937108, 0.0, 0.726530652389604, 0.3195114694149788, 0.8534141687451343, 0.9893734690542763, 0.0, 0.8680059412750756, 0.9927687675715282, 0.0, 0.8783399005937506, 0.9950792292704305, 0.0, 0.6290653500279793, 0.3195114694149788, 0.8856472482802312, 0.9966514719568894, 0.0, 0.8908070897051849, 0.9977213650723209, 0.0, 0.5952727739032875, 0.8088441341311188, 0.9984494150663239, 0.0, 0.6543161507727003, 0.43110199928345694, 0.8944457411961431, 0.9989448447369355, 0.0, 0.6341863012146824, 0.8387576104883014, 0.9992819789454982, 0.0, 0.8970675345966583, 0.9995113949076929, 0.0, 0.6844120392264134, 0.8989191186391562, 0.9996675098386996, 0.0, 0.7257804681743012, 0.8592125575542207, 0.9997737442587027, 0.0, 0.9001976957200689, 0.9998460355630682, 0.0, 0.7492083367405046, 0.2432158606754191, 0.9010890175609483, 0.9998952289665499, 0.0, 0.9017014114431245, 0.9999287045133997, 0.0, 0.9021221258415667, 0.999951484239086, 0.0, 0.7492083367405046, 0.5528274091052828, 0.9024111305344042, 0.9999669855811454, 0.0, 0.7137957909705287, 0.9026096413303609, 0.9999775340666255, 0.0, 0.9027459821159308, 0.9999847121900097, 0.0, 0.9028396154672764, 0.9999895968206438, 0.0, 0.7462349457935966, 0.9029039137137959, 0.4258243755295443, 0.8731904902532804, 0.9999929207557665, 0.0, 0.9029039137137959, 0.9999951826554939, 0.0, 0.6288826763471019, 0.8827284199889287, 0.9999967218523157, 0.609799459968895, 0.5467704578409986, 0.7819833082390111, 0.7948267720062702, 0.0, 0.6298565726349752, 0.7970711769606016, 0.8603819715671612, 0.6310446724550871, 0.7488778664149223, 0.777742513581258, 0.0, 0.6570833926099148, 0.6035990279849903, 0.7727779515596233, 0.8487563296553899, 0.5940303843680402, 0.6158602729641294, 0.5475104915301046, 0.5735859199693798, 0.8487563296553899, 0.0, 0.9029483332807395, 0.897080417006911, 0.0, 0.890720035042434, 0.9299644042006098, 0.0, 0.5734270962540448, 0.6608366451600004, 0.5855897987682505, 0.6140934327722923, 0.9523415803258265, 0.0, 0.5690160884871667, 0.6366734966199625, 0.0, 0.886315741095242, 0.9675689920259174, 0.0, 0.8877978790124753, 0.6366734966199625, 0.0, 0.8375122308230315, 0.9779310710383254, 0.0, 0.5946867848686794, 0.7007399320040026, 0.6848898233851146, 0.0, 0.6212364913686432, 0.7278447990847877, 0.9849823469592849, 0.0, 0.6614854861142664, 0.8558219122402899, 0.9897806593494881, 0.0, 0.8696928849191238, 0.9930458558971854, 0.0, 0.7044213101484562, 0.8795208513213696, 0.9952677846979993, 0.0, 0.7368080703031854, 0.7820343840483766, 0.7855711389429502, 0.0, 0.7339906269133358, 0.7951572327634213, 0.9967797817627295, 0.0, 0.7469763126133331, 0.8864733311792266, 0.9978086784235567, 0.0, 0.8915070684129963, 0.9985088308004069, 0.0])
POPULATION_SIGNALS
subject_id: 8
algorithm_name: Sarsa-Lambda (ReplTrc)
param_string: alpha=0.1974, gamma=0.9961,
                lambda=0.6128, temp=0.2507,
                reward_magnitude=1.0,
                action_cost=0.0,
                initQSA=nothing, use_replacing_trace=true
param_vector: [0.197445163350583, 0.9960525723724495, 0.6127972592361022, 0.2507274927826116, 1.0, 0.0, 0.0]
LL: -44.398
RPE
[0.0, 0.0, 0.0, 0.0, 1.0, 0.0, 0.0, 1.0, 0.046, 0.076, 0.803, 0.08, 0.122, 0.644, -0.074, 0.333, 0.147, -0.374, -0.037, 0.26, 0.095, 0.572, 0.184, 0.124, 0.459, 0.602, -0.319, 0.179, 0.093, 0.403, 0.538, 0.323, -0.11, 0.456, 0.259, 0.117, 0.227, 0.208, 0.427, 0.167, -0.003, 0.355, 0.134, 0.069, 0.257, -0.213, 0.19, 0.127, 0.301, 0.102, 0.061, 0.25, 0.082, 0.207, 0.066, 0.12, 0.171, 0.053, 0.009, 0.245, 0.042, -0.732, 0.81, 0.149, 0.034, 0.122, 0.027, 0.1, 0.022, -0.518, 0.713, 0.082, 0.018, 0.067, 0.014, 0.072, 0.222, 0.011, -0.399, 0.594, 0.057, 0.009, 0.078, 0.181, 0.007, 0.048, 0.006, 0.184, 0.039, 0.005, 0.035, 0.148, 0.004, 0.032, 0.003, 0.158, 0.804, 0.026, 0.002, 0.021, 0.002, 0.017, 0.002, -0.376, 0.52, 0.014, 0.001, 0.159, 0.011, 0.001, 0.009, 0.001, 0.007, 0.001, -0.704, 0.17, 0.549, 0.121, 0.001, 0.006, 0.0, 0.114, 0.097, -0.87, 0.312, 0.388, 0.038, 0.104, 0.092, 0.04, -0.119, 0.071, 0.026, 0.097, -0.285, 0.352, -0.844, 0.692, 0.031, -0.257, 0.208, 0.137, 0.078, -0.057, 0.062, -0.041, 0.05, 0.045, -0.211, 0.164, 0.16, 0.04, -0.577, 0.803, -0.021, 0.032, -0.63, 0.644, 0.032, 0.026, 0.073, -0.352, 0.517, 0.056, 0.15, 0.021, 0.147, 0.032, 0.017, 0.027, 0.013, 0.128, 0.023, 0.011, -0.006, -0.275, 0.415, -0.006, 0.134, 0.009, 0.093, 0.021, 0.007, 0.017, 0.006]
SPE
Float64[]
action_selection_prob
[0.5, 0.5, 0.5, 0.5, 0.5, 0.473, 0.5, 0.5, 0.573, 0.618, 0.648, 0.646, 0.716, 0.776, 0.546, 0.382, 0.791, 0.852, 0.565, 0.434, 0.787, 0.822, 0.714, 0.839, 0.879, 0.38, 0.912, 0.778, 0.878, 0.9, 0.486, 0.926, 0.826, 0.628, 0.941, 0.854, 0.904, 0.952, 0.733, 0.959, 0.884, 0.806, 0.964, 0.903, 0.925, 0.967, 0.932, 0.965, 0.854, 0.968, 0.917, 0.887, 0.97, 0.908, 0.972, 0.93, 0.923, 0.973, 0.942, 0.944, 0.974, 0.949, 0.313, 0.934, 0.975, 0.942, 0.976, 0.947, 0.976, 0.942, 0.483, 0.952, 0.977, 0.955, 0.977, 0.94, 0.954, 0.977, 0.948, 0.631, 0.957, 0.978, 0.948, 0.962, 0.978, 0.959, 0.978, 0.955, 0.961, 0.978, 0.961, 0.967, 0.978, 0.962, 0.978, 0.035, 0.538, 0.963, 0.978, 0.964, 0.978, 0.964, 0.978, 0.942, 0.738, 0.965, 0.978, 0.94, 0.965, 0.978, 0.966, 0.978, 0.966, 0.978, 0.947, 0.034, 0.69, 0.97, 0.978, 0.949, 0.978, 0.931, 0.973, 0.978, 0.078, 0.784, 0.968, 0.967, 0.893, 0.97, 0.97, 0.898, 0.97, 0.968, 0.907, 0.838, 0.972, 0.029, 0.89, 0.962, 0.845, 0.958, 0.951, 0.949, 0.953, 0.948, 0.956, 0.89, 0.963, 0.875, 0.96, 0.957, 0.891, 0.19, 0.948, 0.958, 0.948, 0.306, 0.938, 0.959, 0.884, 0.965, 0.422, 0.889, 0.964, 0.96, 0.9, 0.94, 0.961, 0.942, 0.961, 0.912, 0.943, 0.962, 0.92, 0.968, 0.524, 0.919, 0.968, 0.962, 0.924, 0.944, 0.962, 0.945, 0.962]
results_dict
Dict{String,Any}("trialByTrial_Qsa" => [0.0, 0.0, 0.0, 0.0, 0.0, 0.0, 0.0, 0.0, 0.07356049633890632, 0.12051624046486566, 0.197445163350583, 0.15095133676602168, 0.2322724870326988, 0.3559057341706276, 0.07356049633890632, 0.0, 0.3340297000275636, 0.48307903170048183, 0.09318474328987761, 0.05426439573019885, 0.3269720624185418, 0.4281964203267725, 0.22893716457058533, 0.4146949180811237, 0.541096271519801, 0.02740582007581638, 0.6317045931517655, 0.3140241078151203, 0.49453587534966087, 0.5971244310701195, 0.13616349444722317, 0.6766702635874388, 0.3901704402898918, 0.2813230288982867, 0.7405101562095179, 0.4425352077599049, 0.5615280988001022, 0.7917451708045469, 0.4026828926905559, 0.8328640795735909, 0.5082796916544284, 0.5071135455074481, 0.8658642586839332, 0.5603446592581236, 0.6314643486851548, 0.8923487120392356, 0.6566378403629517, 0.8732794284295556, 0.5934378188982364, 0.8982997923831613, 0.6012794180851104, 0.6651877324280179, 0.9183800064888562, 0.7243000712742189, 0.9344954794403375, 0.6494602460939201, 0.772968150289289, 0.9474290302024417, 0.6976856290472324, 0.7094924743815207, 0.9578089139216192, 0.7320379581325845, 0.0, 0.8130118362066492, 0.9661393398043036, 0.8465738711569033, 0.9728249633878014, 0.8740183516768092, 0.978190542930755, 0.6975988876467955, 0.180377130361237, 0.8964526385769478, 0.9824967147443796, 0.9147852969623843, 0.9859526537608474, 0.6880376722687074, 0.7628595486849888, 0.9887262343336791, 0.7297958584920801, 0.3322539370345674, 0.9297614287237812, 0.990952184837242, 0.7272309313023201, 0.8080438914681152, 0.9927386321800187, 0.9421613076068455, 0.9941723541353835, 0.764877860528174, 0.9523581047323937, 0.9953229946250721, 0.8062011652831574, 0.8446123464891878, 0.9962464467153163, 0.9606292143075711, 0.9969875676567558, 0.0, 0.15910440976709989, 0.967393989742938, 0.9975823578528502, 0.9728683859767955, 0.9980597096015175, 0.9772982392596876, 0.9984428105561934, 0.8312035174175135, 0.45707286164294, 0.9808826123922469, 0.9987502700802936, 0.820718388058331, 0.983782681282054, 0.9989970232084341, 0.986128935729042, 0.9991950561248817, 0.9880270136954881, 0.9993539883997925, 0.8535799861328219, 0.14978065774355548, 0.3212847431600509, 0.8742276553366524, 0.9994815402657219, 0.9895624279646243, 0.9995839076326472, 0.7808994860313844, 0.8982419155198113, 0.999666063058088, 0.13028174410586, 0.444437056292852, 0.8530483801300313, 0.8957764024838876, 0.777474634258107, 0.8730160289924332, 0.9163548477204418, 0.7916867069147967, 0.8717614664538803, 0.9033724968933382, 0.816041780967011, 0.5332131216762106, 0.8885659811238499, 0.044899729702436025, 0.7711962638405764, 0.8076666246712159, 0.5462731933939712, 0.7820501249304609, 0.922451130028392, 0.990812190352351, 0.9377627793275892, 0.9871075438070581, 0.9500512175297396, 0.7699490558834131, 0.8183985637126155, 0.6094789757740163, 0.7964535273974918, 0.959913363043743, 0.7737503190229047, 0.197445163350583, 0.9850701205041063, 0.9678282756257467, 0.9847886910615832, 0.3559057341706276, 0.9379652192280044, 0.9741804270000911, 0.7565286562436782, 0.8328108151786329, 0.48307903170048183, 0.7665878949249201, 0.8256788257424766, 0.9792783768087004, 0.7971812409903394, 0.9474681380058786, 0.9833697610845958, 0.9557945148349927, 0.986653321323807, 0.8311984444083272, 0.9627269303749283, 0.9892885584752157, 0.8599361710833487, 0.8577403562672578, 0.5851425767257217, 0.8562203838553503, 0.8534582397260094, 0.991403480796797, 0.8717951926246915, 0.9684912460466393, 0.9931008219351198, 0.9734077275106529, 0.9944630312751248],"StateValue_V2_record" => [0.0, 0.0, 0.0, 0.0, 0.0, 1.0, 0.027297637584493422, 0.0, 0.0, 1.0, 0.0732701216033618, 0.12004051132768613, 0.19666576285784668, 1.0, 0.1503554672888558, 0.23135560820026604, 0.3545008220427588, 1.0, 0.0732701216033618, 0.12004051132768613, 0.3327111419612524, 0.481172112184457, 0.09281690325974894, 0.12004051132768613, 0.3256813638659137, 0.4265061459471564, 1.0, 0.22803345168218633, 0.41305793990448547, 0.5389603331484392, 1.0, 0.14918940943710587, 0.6292109849883077, 0.312784520376214, 0.49258373077249074, 0.594767325593828, 1.0, 0.14918940943710587, 0.6739991566942118, 1.0, 0.3886302707144379, 0.2802125266017474, 0.7375870459604147, 1.0, 0.44078833205462964, 0.5593115072692528, 0.7886198140433333, 1.0, 0.40109333111480727, 0.8295764088958877, 1.0, 0.5062732943570689, 0.5051117514876069, 0.8624463221874957, 1.0, 0.5581327392692177, 0.6289716888693418, 0.8888262300799228, 0.6540458100106079, 0.8698322210872013, 1.0, 0.5910952660566842, 0.894753818964885, 1.0, 0.5989059110982837, 0.6625619519955238, 0.9147547678786521, 1.0, 0.7214409491622342, 0.9308066261669736, 1.0, 0.6468965487754932, 0.7699169144576204, 0.9436891226734773, 1.0, 0.6949315655197864, 0.7066918041866079, 0.9540280325528908, 1.0, 0.7291482912722363, 0.19666576285784668, 0.8098025308228815, 0.9623255746822966, 1.0, 0.8432320820691361, 0.9689848072505536, 1.0, 0.870568227488414, 0.9743292065565815, 1.0, 0.69484516652475, 0.19666576285784668, 0.8929139566646386, 0.97861838006862, 1.0, 0.911174248207878, 0.9820606770159351, 1.0, 0.6853216933523983, 0.759848215826569, 0.9848233090801863, 1.0, 0.7269150421577965, 0.3309423886641547, 0.9260912627730061, 0.987040472805234, 1.0, 0.724360239832488, 0.8048541966866605, 0.9888198682764145, 1.0, 0.9384421940315891, 0.9902479307181226, 1.0, 0.7618585605298234, 0.9485987400384513, 0.9913940291377528, 1.0, 0.8030187445299553, 0.8412783003780862, 0.9923138359677032, 1.0, 0.9568372000071812, 0.9930520313878631, 1.0, 0.8279224016887424, 0.1584763566243201, 0.9635752719811004, 0.9936444736927049, 1.0, 0.9690280584320202, 0.9941199411298914, 1.0, 0.9734404251896774, 0.9945015298212747, 1.0, 0.8279224016887424, 0.45526859960108707, 0.9770106492687058, 0.9948077756711551, 1.0, 0.8174786616188708, 0.9798992703464555, 0.9950535547591803, 1.0, 0.9822362631238182, 0.9952508059550225, 1.0, 0.9841268485648602, 0.9954091108562804, 1.0, 0.850210540913237, 0.9856562018972909, 0.32001649488859046, 0.8707767049372077, 0.9955361592204502, 1.0, 0.9856562018972909, 0.9956381224996032, 1.0, 0.7778169418258841, 0.8946961705662645, 0.9957199536224479, 0.748160591174281, 0.44268267317813437, 0.8496810333866688, 0.8922403899646149, 1.0, 0.7744056094071169, 0.869569861400294, 0.9127376032779103, 0.7885615809355567, 0.8683202511565663, 0.8998064993411321, 1.0, 0.8128205150955863, 0.5311083014683334, 0.8850584312210601, 0.9188098209526527, 0.7681520224024283, 0.8044784191231382, 0.5441168194981776, 0.7789630386611811, 0.9188098209526527, 1.0, 0.9869010309384403, 0.9340610286243829, 1.0, 0.9832110082172706, 0.9463009591060747, 1.0, 0.7669097377084125, 0.8151679946118687, 0.6070731016266347, 0.7933095847393828, 0.9561241745144091, 1.0, 0.7706959956367676, 0.5592857128266393, 1.0, 0.9811816274953539, 0.964007843551817, 1.0, 0.9809013089751873, 0.5592857128266393, 1.0, 0.9342626694079422, 0.970334920268332, 1.0, 0.7535423141249882, 0.8295233547582739, 0.5592857128266393, 1.0, 0.7635618446895477, 0.8224195183342573, 0.975412746289023, 1.0, 0.7940344257354891, 0.9437280761016903, 0.9794879801215928, 1.0, 0.9520215851608718, 0.982758578744399, 1.0, 0.8279173487048928, 0.9589266354921794, 0.985383413487871, 1.0, 0.8565416352836843, 0.8543544882876634, 0.5828327687522985, 1.0, 0.8528405158568477, 0.8500892750915543, 0.9874899873066499, 1.0, 0.8683538441957591, 0.964668196944954, 0.98918062831367, 1.0, 0.9695652709542062, 0.9905374604308917, 1.0],"final_QSA" => Dict{Int64,Any}(1 => [0.0 0.0; 0.6640770603152534 0.12051624046486566; 0.9774572050795348 0.2585623982735798; 0.18082803006558587 0.9955562789694749; 0.8809581801966871 0.0; 0.6670541684313135 0.5615022021322666; 0.8931334316647113 0.24615077923987344]),"trialByTrial_Vs" => [0.0, 0.0, 0.0, 0.0, 0.0, 0.02740582007581638, 0.0, 0.0, 0.07356049633890632, 0.12051624046486566, 0.197445163350583, 0.15095133676602168, 0.2322724870326988, 0.3559057341706276, 0.07356049633890632, 0.12051624046486566, 0.3340297000275636, 0.48307903170048183, 0.09318474328987761, 0.12051624046486566, 0.3269720624185418, 0.4281964203267725, 0.22893716457058533, 0.4146949180811237, 0.541096271519801, 0.14978065774355548, 0.6317045931517655, 0.3140241078151203, 0.49453587534966087, 0.5971244310701195, 0.14978065774355548, 0.6766702635874388, 0.3901704402898918, 0.2813230288982867, 0.7405101562095179, 0.4425352077599049, 0.5615280988001022, 0.7917451708045469, 0.4026828926905559, 0.8328640795735909, 0.5082796916544284, 0.5071135455074481, 0.8658642586839332, 0.5603446592581236, 0.6314643486851548, 0.8923487120392356, 0.6566378403629517, 0.8732794284295556, 0.5934378188982364, 0.8982997923831613, 0.6012794180851104, 0.6651877324280179, 0.9183800064888562, 0.7243000712742189, 0.9344954794403375, 0.6494602460939201, 0.772968150289289, 0.9474290302024417, 0.6976856290472324, 0.7094924743815207, 0.9578089139216192, 0.7320379581325845, 0.197445163350583, 0.8130118362066492, 0.9661393398043036, 0.8465738711569033, 0.9728249633878014, 0.8740183516768092, 0.978190542930755, 0.6975988876467955, 0.197445163350583, 0.8964526385769478, 0.9824967147443796, 0.9147852969623843, 0.9859526537608474, 0.6880376722687074, 0.7628595486849888, 0.9887262343336791, 0.7297958584920801, 0.3322539370345674, 0.9297614287237812, 0.990952184837242, 0.7272309313023201, 0.8080438914681152, 0.9927386321800187, 0.9421613076068455, 0.9941723541353835, 0.764877860528174, 0.9523581047323937, 0.9953229946250721, 0.8062011652831574, 0.8446123464891878, 0.9962464467153163, 0.9606292143075711, 0.9969875676567558, 0.8312035174175135, 0.15910440976709989, 0.967393989742938, 0.9975823578528502, 0.9728683859767955, 0.9980597096015175, 0.9772982392596876, 0.9984428105561934, 0.8312035174175135, 0.45707286164294, 0.9808826123922469, 0.9987502700802936, 0.820718388058331, 0.983782681282054, 0.9989970232084341, 0.986128935729042, 0.9991950561248817, 0.9880270136954881, 0.9993539883997925, 0.8535799861328219, 0.9895624279646243, 0.3212847431600509, 0.8742276553366524, 0.9994815402657219, 0.9895624279646243, 0.9995839076326472, 0.7808994860313844, 0.8982419155198113, 0.999666063058088, 0.7511256051397703, 0.444437056292852, 0.8530483801300313, 0.8957764024838876, 0.777474634258107, 0.8730160289924332, 0.9163548477204418, 0.7916867069147967, 0.8717614664538803, 0.9033724968933382, 0.816041780967011, 0.5332131216762106, 0.8885659811238499, 0.922451130028392, 0.7711962638405764, 0.8076666246712159, 0.5462731933939712, 0.7820501249304609, 0.922451130028392, 0.990812190352351, 0.9377627793275892, 0.9871075438070581, 0.9500512175297396, 0.7699490558834131, 0.8183985637126155, 0.6094789757740163, 0.7964535273974918, 0.959913363043743, 0.7737503190229047, 0.5615022021322666, 0.9850701205041063, 0.9678282756257467, 0.9847886910615832, 0.5615022021322666, 0.9379652192280044, 0.9741804270000911, 0.7565286562436782, 0.8328108151786329, 0.5615022021322666, 0.7665878949249201, 0.8256788257424766, 0.9792783768087004, 0.7971812409903394, 0.9474681380058786, 0.9833697610845958, 0.9557945148349927, 0.986653321323807, 0.8311984444083272, 0.9627269303749283, 0.9892885584752157, 0.8599361710833487, 0.8577403562672578, 0.5851425767257217, 0.8562203838553503, 0.8534582397260094, 0.991403480796797, 0.8717951926246915, 0.9684912460466393, 0.9931008219351198, 0.9734077275106529, 0.9944630312751248],"RPE_QV" => [0.0, 0.0, 0.0, 0.0, 1.0, 0.0, 0.0, 1.0, 0.04648001498877981, 0.07614952239298102, 0.8025548366494171, 0.08040427143424436, 0.12222833501006, 0.6440942658293725, 0.04648001498877981, 0.3327111419612524, 0.1471424121568934, -0.3735557831886182, 0.026855768037808522, 0.2597981477416522, 0.09527322744599731, 0.5718035796732275, 0.18412077533390014, 0.12426541506731548, 0.458903728480199, 0.6018051649124914, -0.3189200727755515, 0.17855962295737043, 0.09338883867784459, 0.4028755689298805, 0.5378356622469886, 0.32332973641256124, -0.10995791368814439, 0.456264017062128, 0.2594898437904821, 0.11677629950934793, 0.22709171524323102, 0.20825482919545313, 0.4268935162053318, 0.16713592042640912, -0.003167940166821537, 0.3553327766800476, 0.13413574131606676, 0.06862702961121825, 0.257361881394768, -0.2127627524348611, 0.19034524070163394, 0.12672057157044436, 0.3013160000666486, 0.10170020761683873, 0.061282533910413384, 0.2495670354506342, 0.0816199935111438, 0.2065065548927547, 0.0655045205596625, 0.12045666836370039, 0.17072097238418826, 0.052570969797558265, 0.009006175139375516, 0.24453555817137007, 0.042191086078380846, -0.5353721952747379, 0.8098025308228815, 0.14931373847564744, 0.033860660195696446, 0.12241093609365028, 0.027175036612198555, 0.10031085487977232, 0.021809457069244975, -0.5009331247889488, 0.7125368263034015, 0.08216574149167222, 0.017503285255620393, 0.06727538005355083, 0.014047346239152603, 0.07181054355786165, 0.2219637603951975, 0.011273765666320879, -0.39885346982792536, 0.5938373257384387, 0.05727904408145279, 0.009047815162757988, 0.07762326538434039, 0.18077597680829938, 0.007261367819981324, 0.048086623111277094, 0.005827645864616482, 0.18372087951027738, 0.03903592440535908, 0.004677005374927878, 0.03507713509492871, 0.14770148947851536, 0.0037535532846837416, 0.03242281708029204, 0.00301243234324422, 0.1584763566243201, 0.8044708622140004, 0.026250483949766923, 0.00241764214714979, 0.021251555153095958, 0.001940290398482536, 0.017203290561587092, 0.0015571894438065614, -0.37593491781642646, 0.5199377876257658, 0.013925163278908137, 0.0012497299197063994, 0.15918088228812455, 0.011270873477126298, 0.0010029767915659127, 0.009121870225980433, 0.0008049438751183136, 0.0073820971607923, 0.0006460116002074967, 0.13207621576446893, 0.17023583714503498, 0.5494919617771568, 0.12130850388379788, 0.0005184597342781094, 0.006075694534978804, 0.0004160923673528494, 0.11379668453488012, 0.09747803810263667, -0.1877678959203979, 0.31240092907227435, 0.38789628870878423, 0.03751427787007844, 0.10422359751611243, 0.09209522714218699, 0.03972157428547707, -0.1190690621238708, 0.07140191709360777, 0.026130451526364395, 0.0966275031066618, -0.28493347949867753, 0.3518453095448495, 0.030243839828802854, 0.6922913010339394, 0.031010045479363146, -0.25654668669610536, 0.2077512758814245, 0.13675969602219185, 0.07754886997160804, -0.056751161727968125, 0.062237220672410776, -0.04080658470098342, 0.049948782470260356, 0.045218938728455615, -0.2113254620859808, 0.16412853562542606, 0.15967064711691736, 0.04008663695625703, -0.2144646061962654, 0.8025548366494171, -0.02106227695228924, 0.03217172437425331, -0.4255029782349439, 0.6440942658293725, 0.03236970104032766, 0.02581957299990889, 0.07299469851459572, -0.27352510235199357, 0.5169209682995182, 0.05583162340933723, 0.14973392054654633, 0.020721623191299554, 0.14654683511135091, 0.03201984211571418, 0.01663023891540416, 0.02696406390940631, 0.013346678676192991, 0.12772819108385214, 0.02265648311294266, 0.010711441524784315, -0.005581682795685383, -0.27490758751495925, 0.4148574232742783, -0.006131108763795967, 0.13403174758064051, 0.008596519203203035, 0.09287300432026246, 0.020689382267030765, 0.006899178064880163, 0.017129732920238894, 0.005536968724875191],"StateValue_V3_record" => [0.0, 0.0, 0.0, 0.0, 0.0, 0.197445163350583, 0.02740582007581638, 0.02740582007581638, 0.0, 0.197445163350583, 0.07356049633890632, 0.0827377504909035, 0.13555159535281666, 0.3559057341706276, 0.15095133676602168, 0.16682677127344067, 0.2564058806048299, 0.48307903170048183, 0.07356049633890632, 0.059036332123121, 0.12051624046486566, 0.3630822576316802, 0.40932224906825015, 0.08578858962904551, 0.12051624046486566, 0.345783300374554, 0.541096271519801, 0.22893716457058533, 0.2652909211326232, 0.4392305232579178, 0.6317045931517655, 0.14978065774355548, 0.14978065774355548, 0.568735367286817, 0.34927984173775684, 0.5129750498575292, 0.6766702635874388, 0.14978065774355548, 0.24235654463534884, 0.7405101562095179, 0.3901704402898918, 0.3684597820600468, 0.37141015227811175, 0.7917451708045469, 0.4425352077599049, 0.4655921232920047, 0.6063662596118661, 0.8328640795735909, 0.4026828926905559, 0.48697095273102237, 0.8658642586839332, 0.5082796916544284, 0.5076541971907055, 0.5772722836428563, 0.8923487120392356, 0.5603446592581236, 0.5738947343299758, 0.6822792073973581, 0.8503397356298148, 0.6942205875062919, 0.8982997923831613, 0.5934378188982364, 0.6529312057515402, 0.9183800064888562, 0.6012794180851104, 0.6133793580035897, 0.7144635365094891, 0.9344954794403375, 0.7243000712742189, 0.765073791737985, 0.9474290302024417, 0.6494602460939201, 0.6732438326556579, 0.8066761805690554, 0.9578089139216192, 0.6976856290472324, 0.6994638547687904, 0.7577748376096929, 0.9661393398043036, 0.7320379581325845, 0.5875006039102691, 0.197445163350583, 0.8424931116904596, 0.9728249633878014, 0.8465738711569033, 0.8707433184298119, 0.978190542930755, 0.8740183516768092, 0.8938242448043825, 0.9824967147443796, 0.6975988876467955, 0.5953353672667908, 0.32106408042401813, 0.9126758668275928, 0.9859526537608474, 0.9147852969623843, 0.9280684953665302, 0.9887262343336791, 0.6880376722687074, 0.7022163167717835, 0.8066852196141283, 0.990952184837242, 0.7297958584920801, 0.6510441699889585, 0.4495042448186668, 0.9410708989390089, 0.9927386321800187, 0.7272309313023201, 0.7425572696159368, 0.8437372337388911, 0.9941723541353835, 0.9421613076068455, 0.9516557787620294, 0.9953229946250721, 0.764877860528174, 0.8011526595939935, 0.9600655592031508, 0.9962464467153163, 0.8062011652831574, 0.8131269759518461, 0.8737752912063977, 0.9969875676567558, 0.9606292143075711, 0.9670309427222754, 0.9975823578528502, 0.8312035174175135, 0.8312035174175135, 0.3179432905677275, 0.9725770208344315, 0.9980597096015175, 0.9728683859767955, 0.9770644027554525, 0.9984428105561934, 0.9772982392596876, 0.9806949457747878, 0.9987502700802936, 0.8312035174175135, 0.7569769861600613, 0.5597320630528501, 0.9836320685305345, 0.9989970232084341, 0.820718388058331, 0.8521478833639996, 0.986008060736849, 0.9991950561248817, 0.986128935729042, 0.9879300048858736, 0.9993539883997925, 0.9880270136954881, 0.9894845730752706, 0.9994815402657219, 0.8535799861328219, 0.714501473654525, 0.9895624279646243, 0.42977927331297394, 0.8981794327018037, 0.9995839076326472, 0.9895624279646243, 0.9907620444645515, 0.999666063058088, 0.7808994860313844, 0.8033680909981286, 0.9174884826760807, 0.8279087925325794, 0.7651523224139053, 0.5210253023800429, 0.8604553928520681, 0.9163548477204418, 0.777474634258107, 0.7956583914250052, 0.8808588617157715, 0.8928452372993935, 0.8057846700988889, 0.8769207977239278, 0.922451130028392, 0.816041780967011, 0.7597830435633446, 0.6026832762934299, 0.721953165427121, 0.922451130028392, 0.7773190473357583, 0.7570127222094525, 0.5872926779966711, 0.8090526654513386, 0.9377627793275892, 0.990812190352351, 0.979606947954637, 0.9500512175297396, 0.9871075438070581, 0.979050481024993, 0.959913363043743, 0.7699490558834131, 0.7788773166271931, 0.7766733733309117, 0.6418853613010705, 0.8279797243997848, 0.9678282756257467, 0.7737503190229047, 0.6598077645637961, 0.5615022021322666, 0.9850701205041063, 0.9809114757907262, 0.9741804270000911, 0.9847886910615832, 0.8603413998052706, 0.5615022021322666, 0.9379652192280044, 0.9443564601375214, 0.9792783768087004, 0.7565286562436782, 0.7709411064156191, 0.7633814540255607, 0.5851425767257217, 0.7665878949249201, 0.7776115789291049, 0.8552430641439127, 0.9833697610845958, 0.7971812409903394, 0.826116204787411, 0.9537903009628756, 0.986653321323807, 0.9557945148349927, 0.9611184388381809, 0.9892885584752157, 0.8311984444083272, 0.8564177579613529, 0.967200343384113, 0.991403480796797, 0.8599361710833487, 0.8588340948119835, 0.803461182744052, 0.6670541684313135, 0.8562203838553503, 0.8550098260839624, 0.8799221600212331, 0.9931008219351198, 0.8717951926246915, 0.8901325181335651, 0.9725762645079759, 0.9944630312751248, 0.9734077275106529, 0.9767899104252413, 0.9955562789694749],"StateValue_V1_record" => [0.0, 0.0, 0.0, 0.0, 0.0, 0.0, 0.02740582007581638, 0.0, 0.0, 0.0, 0.07356049633890632, 0.12051624046486566, 0.197445163350583, 0.0, 0.15095133676602168, 0.2322724870326988, 0.3559057341706276, 0.0, 0.07356049633890632, 0.12051624046486566, 0.3340297000275636, 0.48307903170048183, 0.09318474328987761, 0.12051624046486566, 0.3269720624185418, 0.4281964203267725, 0.0, 0.22893716457058533, 0.4146949180811237, 0.541096271519801, 0.0, 0.14978065774355548, 0.6317045931517655, 0.3140241078151203, 0.49453587534966087, 0.5971244310701195, 0.0, 0.14978065774355548, 0.6766702635874388, 0.0, 0.3901704402898918, 0.2813230288982867, 0.7405101562095179, 0.0, 0.4425352077599049, 0.5615280988001022, 0.7917451708045469, 0.0, 0.4026828926905559, 0.8328640795735909, 0.0, 0.5082796916544284, 0.5071135455074481, 0.8658642586839332, 0.0, 0.5603446592581236, 0.6314643486851548, 0.8923487120392356, 0.6566378403629517, 0.8732794284295556, 0.0, 0.5934378188982364, 0.8982997923831613, 0.0, 0.6012794180851104, 0.6651877324280179, 0.9183800064888562, 0.0, 0.7243000712742189, 0.9344954794403375, 0.0, 0.6494602460939201, 0.772968150289289, 0.9474290302024417, 0.0, 0.6976856290472324, 0.7094924743815207, 0.9578089139216192, 0.0, 0.7320379581325845, 0.197445163350583, 0.8130118362066492, 0.9661393398043036, 0.0, 0.8465738711569033, 0.9728249633878014, 0.0, 0.8740183516768092, 0.978190542930755, 0.0, 0.6975988876467955, 0.197445163350583, 0.8964526385769478, 0.9824967147443796, 0.0, 0.9147852969623843, 0.9859526537608474, 0.0, 0.6880376722687074, 0.7628595486849888, 0.9887262343336791, 0.0, 0.7297958584920801, 0.3322539370345674, 0.9297614287237812, 0.990952184837242, 0.0, 0.7272309313023201, 0.8080438914681152, 0.9927386321800187, 0.0, 0.9421613076068455, 0.9941723541353835, 0.0, 0.764877860528174, 0.9523581047323937, 0.9953229946250721, 0.0, 0.8062011652831574, 0.8446123464891878, 0.9962464467153163, 0.0, 0.9606292143075711, 0.9969875676567558, 0.0, 0.8312035174175135, 0.15910440976709989, 0.967393989742938, 0.9975823578528502, 0.0, 0.9728683859767955, 0.9980597096015175, 0.0, 0.9772982392596876, 0.9984428105561934, 0.0, 0.8312035174175135, 0.45707286164294, 0.9808826123922469, 0.9987502700802936, 0.0, 0.820718388058331, 0.983782681282054, 0.9989970232084341, 0.0, 0.986128935729042, 0.9991950561248817, 0.0, 0.9880270136954881, 0.9993539883997925, 0.0, 0.8535799861328219, 0.9895624279646243, 0.3212847431600509, 0.8742276553366524, 0.9994815402657219, 0.0, 0.9895624279646243, 0.9995839076326472, 0.0, 0.7808994860313844, 0.8982419155198113, 0.999666063058088, 0.7511256051397703, 0.444437056292852, 0.8530483801300313, 0.8957764024838876, 0.0, 0.777474634258107, 0.8730160289924332, 0.9163548477204418, 0.7916867069147967, 0.8717614664538803, 0.9033724968933382, 0.0, 0.816041780967011, 0.5332131216762106, 0.8885659811238499, 0.922451130028392, 0.7711962638405764, 0.8076666246712159, 0.5462731933939712, 0.7820501249304609, 0.922451130028392, 0.0, 0.990812190352351, 0.9377627793275892, 0.0, 0.9871075438070581, 0.9500512175297396, 0.0, 0.7699490558834131, 0.8183985637126155, 0.6094789757740163, 0.7964535273974918, 0.959913363043743, 0.0, 0.7737503190229047, 0.5615022021322666, 0.0, 0.9850701205041063, 0.9678282756257467, 0.0, 0.9847886910615832, 0.5615022021322666, 0.0, 0.9379652192280044, 0.9741804270000911, 0.0, 0.7565286562436782, 0.8328108151786329, 0.5615022021322666, 0.0, 0.7665878949249201, 0.8256788257424766, 0.9792783768087004, 0.0, 0.7971812409903394, 0.9474681380058786, 0.9833697610845958, 0.0, 0.9557945148349927, 0.986653321323807, 0.0, 0.8311984444083272, 0.9627269303749283, 0.9892885584752157, 0.0, 0.8599361710833487, 0.8577403562672578, 0.5851425767257217, 0.0, 0.8562203838553503, 0.8534582397260094, 0.991403480796797, 0.0, 0.8717951926246915, 0.9684912460466393, 0.9931008219351198, 0.0, 0.9734077275106529, 0.9944630312751248, 0.0])