DateTime of fitting: 2020-02-09T16:33:56.518
DATA_STATS
nr_subjects: 1
all_subject_ids: [20]
nr_puzzles: 1
nr_episodes: 52
nr_actions: 201
max_state_id: 7
max_action_id: 2
SUBJECT_SIGNALS
subject_id: 20
algorithm_name: Sarsa-Lambda (ReplTrc)
param_string: alpha=0.0819, gamma=0.9749,
                lambda=0.7036, temp=0.2394,
                reward_magnitude=1.0,
                action_cost=0.0,
                initQSA=nothing, use_replacing_trace=true
param_vector: [0.0818646522744436, 0.9748876986524757, 0.7036241910439677, 0.239358635229639, 1.0, 0.0, 0.0]
LL: -107.874
RPE
[0.0, 0.0, 0.0, 0.0, 0.0, 1.0, 0.08, 0.918, 0.005, 0.008, 0.011, -0.039, 1.0, -0.058, 0.0, 0.08, 0.918, 0.057, 0.095, 0.843, 0.026, -0.053, -0.04, 0.03, 0.053, 0.066, 0.843, -0.025, 0.053, -0.053, 0.047, -0.057, 0.002, 0.045, -0.047, 0.042, 0.113, 0.774, -0.028, 0.035, 0.016, 0.056, 0.122, 0.711, 0.229, 0.652, 0.066, 0.251, 0.599, 0.091, 0.229, 0.55, 0.105, 0.288, -0.344, 0.039, 0.257, 0.521, 0.06, 0.249, 0.478, -0.165, 0.145, 0.074, 0.24, 0.439, -0.161, 0.479, 0.403, 0.053, 0.118, 0.052, 0.263, 0.37, -0.03, 0.105, 0.393, 0.34, -0.015, 0.01, 0.118, -0.03, -0.234, 0.108, 0.199, -0.197, -0.16, 0.158, -0.012, 0.098, -0.211, 0.096, 0.179, -0.18, 0.162, 0.301, 0.312, -0.121, 0.028, 0.169, 0.284, 0.287, 0.397, -0.185, 0.152, 0.274, 0.263, -0.042, 0.013, 0.159, 0.258, 0.242, -0.054, 0.421, 0.243, 0.222, 0.307, 0.228, 0.204, 0.065, 0.217, -0.358, 0.774, 0.026, -0.065, 0.439, -0.311, 0.711, 0.041, 0.652, -0.031, 0.074, 0.599, -0.017, 0.436, 0.187, 0.47, 0.172, 0.053, 0.55, 0.4, 0.158, 0.02, 0.505, 0.341, 0.145, -0.002, 0.443, 0.133, 0.091, -0.163, 0.217, 0.249, 0.122, 0.179, 0.231, 0.112, -0.017, 0.464, -0.251, 0.213, 0.088, -0.005, 0.426, 0.005, 0.391, -0.051, 0.179, 0.359, 0.043, 0.329, 0.242, 0.103, -0.037, 0.402, 0.094, 0.232, 0.087, -0.002, 0.302, 0.152, 0.005, 0.278, 0.317, 0.207, 0.255, -0.14, 0.184, -0.177, 0.646, 0.032, 0.234, 0.09, 0.238, 0.08, -0.04, 0.353, 0.073, 0.179, 0.067, 0.0]
SPE
Float64[]
action_selection_prob
[0.5, 0.5, 0.5, 0.5, 0.5, 0.5, 0.487, 0.585, 0.452, 0.479, 0.528, 0.52, 0.442, 0.528, 0.342, 0.5, 0.527, 0.434, 0.56, 0.604, 0.522, 0.549, 0.38, 0.384, 0.448, 0.545, 0.618, 0.51, 0.331, 0.586, 0.332, 0.584, 0.33, 0.333, 0.581, 0.334, 0.58, 0.667, 0.489, 0.401, 0.511, 0.371, 0.632, 0.715, 0.527, 0.761, 0.53, 0.577, 0.8, 0.574, 0.679, 0.83, 0.416, 0.631, 0.855, 0.616, 0.636, 0.847, 0.652, 0.723, 0.868, 0.687, 0.317, 0.682, 0.76, 0.886, 0.714, 0.351, 0.9, 0.44, 0.412, 0.738, 0.793, 0.912, 0.532, 0.41, 0.555, 0.922, 0.561, 0.455, 0.393, 0.764, 0.599, 0.07, 0.457, 0.82, 0.462, 0.196, 0.561, 0.457, 0.593, 0.073, 0.457, 0.799, 0.462, 0.796, 0.921, 0.756, 0.566, 0.506, 0.821, 0.927, 0.235, 0.844, 0.549, 0.841, 0.933, 0.733, 0.593, 0.587, 0.86, 0.939, 0.404, 0.255, 0.877, 0.943, 0.561, 0.891, 0.947, 0.608, 0.624, 0.902, 0.378, 0.368, 0.381, 0.302, 0.907, 0.412, 0.612, 0.472, 0.656, 0.593, 0.527, 0.679, 0.632, 0.951, 0.651, 0.954, 0.695, 0.578, 0.725, 0.956, 0.758, 0.623, 0.781, 0.958, 0.706, 0.676, 0.96, 0.731, 0.805, 0.337, 0.912, 0.962, 0.743, 0.921, 0.963, 0.813, 0.628, 0.768, 0.285, 0.762, 0.828, 0.664, 0.841, 0.696, 0.779, 0.685, 0.723, 0.854, 0.747, 0.865, 0.965, 0.793, 0.716, 0.966, 0.877, 0.967, 0.887, 0.768, 0.808, 0.894, 0.786, 0.1, 0.747, 0.801, 0.177, 0.072, 0.119, 0.073, 0.871, 0.815, 0.815, 0.907, 0.968, 0.83, 0.771, 0.969, 0.875, 0.969, 0.883]
results_dict
Dict{String,Any}("trialByTrial_Qsa" => [0.0, 0.0, 0.0, 0.0, 0.0, 0.0, 0.0, 0.0818646522744436, 0.01243292131980931, 0.018124992374063155, 0.026423021598023445, 0.03852007526186342, 0.0, 0.058091810416644026, 0.0, 0.0, 0.0818646522744436, 0.0, 0.058091810416644026, 0.15702748325687166, 0.06369111652756107, 0.09152207490679924, 0.0398483427374543, 0.0, 0.030826250554203516, 0.08753394803812986, 0.15702748325687166, 0.08067029729775252, 0.057331649234273564, 0.11320581224993834, 0.058692222525756114, 0.11152400838184494, 0.05615543221183367, 0.059454016237719544, 0.10870053412361255, 0.060475897395195106, 0.1071831007435269, 0.22603713521696045, 0.07132895621493536, 0.044314206913447216, 0.08186785944117311, 0.10006084408205465, 0.1599105747731827, 0.2893973360157562, 0.10977106585286606, 0.3475705760081196, 0.07104986606033366, 0.14023767951282493, 0.4009814839368304, 0.1135765587725673, 0.20982021729878947, 0.450019926460295, 0.08414909186487914, 0.19439718239576656, 0.49504385393849587, 0.15506333969783376, 0.20016935995809912, 0.47896592180065023, 0.1927342454276356, 0.25944329632029234, 0.5216201954355753, 0.2300762910705986, 0.06636055077903975, 0.22466521718595603, 0.30669758976863615, 0.5607825917913581, 0.261146386453292, 0.10323398607648565, 0.5967389721872409, 0.10787247394527676, 0.16505311563357786, 0.2904118275939761, 0.3510097511425368, 0.6297517960049672, 0.16516135735226517, 0.138867423038053, 0.25047674585538554, 0.6600620364802579, 0.19275852603196228, 0.1826534095565385, 0.1975375073660181, 0.3236778438993089, 0.3017397045009409, 0.06977548197218249, 0.1847453924578124, 0.3933256697155686, 0.18992922651811633, 0.03024322335143823, 0.19332133385366837, 0.18518086547059284, 0.2906536144411629, 0.08027111007455619, 0.18502930631483194, 0.3749278905825105, 0.1896002403888855, 0.3692447588415124, 0.6878909396586841, 0.3136441087076207, 0.1976132790851015, 0.23176987505279126, 0.4114430638661791, 0.7134416393552292, 0.04244194148168719, 0.4507911805053994, 0.27262392985153133, 0.44418529946749213, 0.736900639905748, 0.3245534765533055, 0.29026986448063413, 0.31060699130688146, 0.4814078697384817, 0.7584391775334925, 0.13449704638643314, 0.08242736721483898, 0.5160926871040618, 0.7782144702678417, 0.22795704767602812, 0.5484057970685662, 0.7963708655388682, 0.2737084143415839, 0.3473920717263338, 0.5785030661878363, 0.22603713521696045, 0.1688942050554617, 0.20031583557277852, 0.1390335648149793, 0.592646095136391, 0.2893973360157562, 0.2978434379216727, 0.3475705760081196, 0.33916276442922383, 0.31652910135422874, 0.4009814839368304, 0.3639103812696813, 0.3562565682891566, 0.8130408938244746, 0.3378372500792292, 0.8283462360410748, 0.3859289666339403, 0.450019926460295, 0.4211349641286339, 0.8423986117391716, 0.46273992889473814, 0.49504385393849587, 0.4927227931005684, 0.8553005945871139, 0.39425746497485203, 0.40247837022509053, 0.8671463610955586, 0.42409136859221863, 0.5287724210340791, 0.3748240759589162, 0.6071299947606633, 0.8780223780478652, 0.4395475622507395, 0.6343511645782729, 0.8880080336542403, 0.5403964725431896, 0.5363819132496641, 0.47149687420818603, 0.22646538249645554, 0.4629431893497345, 0.5649997968820227, 0.5743358467096232, 0.5884867185876012, 0.6091826946044354, 0.4862474471480755, 0.44619601923190055, 0.6411768174134783, 0.610875138403756, 0.6705517524839331, 0.6328823255190588, 0.8971762170366671, 0.5059183012598246, 0.48098978778492785, 0.9055938502745031, 0.6584483433452444, 0.91332237689435, 0.6823033197550419, 0.6975219187092607, 0.529092008959118, 0.699101000047529, 0.7222841816547679, 0.18899211582213596, 0.5191895411280673, 0.7450192905547129, 0.18488532633071528, 0.04610553701651023, 0.23640908122965032, 0.051273339490020546, 0.7151092560478984, 0.7658931976701423, 0.5525534535330284, 0.6595800776028831, 0.9204182103698694, 0.5763741877843537, 0.5504639490108412, 0.926933145905318, 0.7308385036834691, 0.9329147385085665, 0.7492307109560158],"StateValue_V2_record" => [0.0, 0.0, 0.0, 0.0, 0.0, 0.0, 1.0, 0.0121207020529962, 0.07980884245681749, 1.0, 0.05663299136763801, 0.037552747523958194, 0.025759478717141737, 0.037552747523958194, 0.05474524007582963, 1.0, 0.05663299136763801, 0.15308416177748177, 0.0, 0.07980884245681749, 1.0, 0.06209168601616067, 0.05663299136763801, 0.15308416177748177, 1.0, 0.06209168601616067, 0.089223744981789, 0.15308416177748177, 0.11036295377842663, 0.07864448048221698, 0.08533576915685781, 0.15308416177748177, 1.0, 0.07864448048221698, 0.22036082256166103, 0.11036295377842663, 0.22036082256166103, 0.10872338387587623, 0.22036082256166103, 0.22036082256166103, 0.10597081355406354, 0.22036082256166103, 0.1044914864182934, 0.22036082256166103, 1.0, 0.07981196908420961, 0.13671598864462134, 0.07981196908420961, 0.22036082256166103, 0.15589485223082272, 0.28212990290455775, 1.0, 0.10701446176792995, 0.3388422789638711, 1.0, 0.06926564041312532, 0.13671598864462134, 0.39091191607743125, 1.0, 0.11072439000265578, 0.20455114877317923, 0.43871889045463336, 1.0, 0.16101377557546895, 0.18951542177033442, 0.48261216349815256, 0.15116934238338822, 0.19514264667029027, 0.46693798523719754, 1.0, 0.1878942449764691, 0.2529280780805021, 0.5085211118988425, 1.0, 0.224298545916313, 0.24418669833291784, 0.2190233565496753, 0.29899570747180676, 0.5467000503558479, 1.0, 0.25458839970085995, 0.24418669833291784, 0.581753483291863, 1.0, 0.16101377557546895, 0.24418669833291784, 0.2831189182645509, 0.3421950884959259, 0.6139372791295459, 1.0, 0.16101377557546895, 0.22036082256166103, 0.24418669833291784, 0.643486359712105, 1.0, 0.18791791583894304, 0.22036082256166103, 0.29416232611300036, 0.31554954834379256, 0.29416232611300036, 0.6706164150877436, 0.22036082256166103, 0.38344835696995444, 0.22036082256166103, 0.35891354531311204, 0.1884665902610297, 0.22036082256166103, 0.28335463328756927, 0.6706164150877436, 0.22036082256166103, 0.3655125884106109, 0.22036082256166103, 0.35997217318649044, 0.6706164150877436, 1.0, 0.3057677833338793, 0.19265075487044403, 0.2259496001071875, 0.401110781659023, 0.695525477913869, 1.0, 0.31640319184671223, 0.43947077653574157, 0.26577771557055335, 0.43303078437312414, 0.7183953689732513, 1.0, 0.31640319184671223, 0.2829805201716914, 0.3028069349405352, 0.46931861024253924, 0.739393024353503, 1.0, 0.22223252160049572, 0.33064560688301775, 0.503132412022251, 0.7586717139774717, 1.0, 0.22223252160049572, 0.5346340654318511, 0.7763721603790673, 1.0, 0.266834966159285, 0.33866825733540135, 0.5639755228592606, 0.33634694875701165, 1.0, 0.290363903754201, 0.3085803271757603, 0.33064560688301775, 0.5777633878028924, 0.36541138081112856, 1.0, 0.290363903754201, 0.36541138081112856, 1.0, 0.33064560688301775, 0.3085803271757603, 0.39091191607743125, 1.0, 0.3547717541117446, 0.3473101459892444, 0.7926235658908939, 1.0, 0.3293533792488207, 0.8075445557415238, 1.0, 0.3762374021250901, 0.43871889045463336, 1.0, 0.4105592960014568, 0.8212440439464415, 1.0, 0.4511194643548015, 0.48261216349815256, 1.0, 0.48034938983943304, 0.8338220283131257, 1.0, 0.38435675270589253, 0.3923712121061376, 0.8453703203633178, 1.0, 0.4134414583452468, 0.5154937286528113, 0.5229121290067769, 0.5918835633751127, 0.8559732155004574, 1.0, 0.42850951141092924, 0.6184211469732304, 0.8657081083140925, 1.0, 0.5268258734775458, 0.5229121290067769, 1.0, 0.4596565026186543, 0.4349910103368833, 0.45131762047199997, 0.5508113517214314, 0.5599129518523657, 1.0, 0.5737084627714136, 0.593884715201832, 1.0, 0.4740366547258286, 0.4349910103368833, 0.6250753919575445, 1.0, 0.5955346578424502, 0.653712654806446, 1.0, 0.6169891938431022, 0.8746460575126104, 1.0, 0.49321352842136035, 0.468911027288991, 0.8828523046079451, 1.0, 0.6419131901253805, 0.890386750138342, 1.0, 0.665169113178937, 0.6800055380901304, 1.0, 0.5158052909895696, 0.6815449650619798, 0.7041459636265034, 1.0, 0.6971512169136197, 0.5061514969147763, 0.7263101416205843, 1.0, 0.5386775646972918, 0.6430165039312961, 0.6971512169136197, 0.6430165039312961, 0.6971512169136197, 0.7466598568902307, 1.0, 0.5386775646972918, 0.6430165039312961, 0.8973043909053122, 1.0, 0.5619001054917784, 0.5366405324423327, 0.9036557214163349, 1.0, 0.7124854669425962, 0.9094871024635925, 1.0, 0.7304158035636684, 0.0],"final_QSA" => Dict{Int64,Any}(1 => [0.0 0.0; 0.9384066501133028 0.10491641337149132; 0.785058269637958 0.41126606121059933; 0.1149374566089637 0.6835102456414385; 0.2599030790533488 0.5834809714170572; 0.26561042006147156 0.7492307109560158; 0.19752279159335046 0.5957695832581554]),"trialByTrial_Vs" => [0.0, 0.0, 0.0, 0.0, 0.0, 0.0, 0.01243292131980931, 0.0818646522744436, 0.058091810416644026, 0.03852007526186342, 0.026423021598023445, 0.03852007526186342, 0.05615543221183367, 0.058091810416644026, 0.15702748325687166, 0.0, 0.0818646522744436, 0.06369111652756107, 0.058091810416644026, 0.15702748325687166, 0.06369111652756107, 0.09152207490679924, 0.15702748325687166, 0.11320581224993834, 0.08067029729775252, 0.08753394803812986, 0.15702748325687166, 0.08067029729775252, 0.22603713521696045, 0.11320581224993834, 0.22603713521696045, 0.11152400838184494, 0.22603713521696045, 0.22603713521696045, 0.10870053412361255, 0.22603713521696045, 0.1071831007435269, 0.22603713521696045, 0.08186785944117311, 0.14023767951282493, 0.08186785944117311, 0.22603713521696045, 0.1599105747731827, 0.2893973360157562, 0.10977106585286606, 0.3475705760081196, 0.07104986606033366, 0.14023767951282493, 0.4009814839368304, 0.1135765587725673, 0.20982021729878947, 0.450019926460295, 0.16516135735226517, 0.19439718239576656, 0.49504385393849587, 0.15506333969783376, 0.20016935995809912, 0.47896592180065023, 0.1927342454276356, 0.25944329632029234, 0.5216201954355753, 0.2300762910705986, 0.25047674585538554, 0.22466521718595603, 0.30669758976863615, 0.5607825917913581, 0.261146386453292, 0.25047674585538554, 0.5967389721872409, 0.16516135735226517, 0.25047674585538554, 0.2904118275939761, 0.3510097511425368, 0.6297517960049672, 0.16516135735226517, 0.22603713521696045, 0.25047674585538554, 0.6600620364802579, 0.19275852603196228, 0.22603713521696045, 0.3017397045009409, 0.3236778438993089, 0.3017397045009409, 0.6878909396586841, 0.22603713521696045, 0.3933256697155686, 0.22603713521696045, 0.368158861589099, 0.19332133385366837, 0.22603713521696045, 0.2906536144411629, 0.6878909396586841, 0.22603713521696045, 0.3749278905825105, 0.22603713521696045, 0.3692447588415124, 0.6878909396586841, 0.3136441087076207, 0.1976132790851015, 0.23176987505279126, 0.4114430638661791, 0.7134416393552292, 0.3245534765533055, 0.4507911805053994, 0.27262392985153133, 0.44418529946749213, 0.736900639905748, 0.3245534765533055, 0.29026986448063413, 0.31060699130688146, 0.4814078697384817, 0.7584391775334925, 0.22795704767602812, 0.33916276442922383, 0.5160926871040618, 0.7782144702678417, 0.22795704767602812, 0.5484057970685662, 0.7963708655388682, 0.2737084143415839, 0.3473920717263338, 0.5785030661878363, 0.3450109681575861, 0.2978434379216727, 0.31652910135422874, 0.33916276442922383, 0.592646095136391, 0.3748240759589162, 0.2978434379216727, 0.3748240759589162, 0.33916276442922383, 0.31652910135422874, 0.4009814839368304, 0.3639103812696813, 0.3562565682891566, 0.8130408938244746, 0.3378372500792292, 0.8283462360410748, 0.3859289666339403, 0.450019926460295, 0.4211349641286339, 0.8423986117391716, 0.46273992889473814, 0.49504385393849587, 0.4927227931005684, 0.8553005945871139, 0.39425746497485203, 0.40247837022509053, 0.8671463610955586, 0.42409136859221863, 0.5287724210340791, 0.5363819132496641, 0.6071299947606633, 0.8780223780478652, 0.4395475622507395, 0.6343511645782729, 0.8880080336542403, 0.5403964725431896, 0.5363819132496641, 0.47149687420818603, 0.44619601923190055, 0.4629431893497345, 0.5649997968820227, 0.5743358467096232, 0.5884867185876012, 0.6091826946044354, 0.4862474471480755, 0.44619601923190055, 0.6411768174134783, 0.610875138403756, 0.6705517524839331, 0.6328823255190588, 0.8971762170366671, 0.5059183012598246, 0.48098978778492785, 0.9055938502745031, 0.6584483433452444, 0.91332237689435, 0.6823033197550419, 0.6975219187092607, 0.529092008959118, 0.699101000047529, 0.7222841816547679, 0.7151092560478984, 0.5191895411280673, 0.7450192905547129, 0.5525534535330284, 0.6595800776028831, 0.7151092560478984, 0.6595800776028831, 0.7151092560478984, 0.7658931976701423, 0.5525534535330284, 0.6595800776028831, 0.9204182103698694, 0.5763741877843537, 0.5504639490108412, 0.926933145905318, 0.7308385036834691, 0.9329147385085665, 0.7492307109560158],"RPE_QV" => [0.0, 0.0, 0.0, 0.0, 0.0, 1.0, 0.07980884245681749, 0.9181353477255564, 0.025119826204148883, 0.007634486343078582, 0.011129725925934749, 0.016225164813966207, 1.0, 0.09499235136083775, 0.0, 0.07980884245681749, 0.9181353477255564, 0.05663299136763801, 0.09499235136083775, 0.8429725167431283, 0.025532628454227935, 0.06156208687068253, 0.07051461104097233, 0.07864448048221698, 0.05314064333173524, 0.06555021373935191, 0.8429725167431283, 0.13969052526390852, 0.053031304544153064, 0.1071550103117227, 0.04743435613563251, 0.1088368141798161, 0.16420539034982737, 0.04483318792933936, 0.11166028843804848, 0.041731014609683224, 0.11317772181813414, 0.7739628647830396, 0.06538703242968598, 0.03549776217076239, 0.13849296312048792, 0.05583400814876807, 0.12221932813137504, 0.7106026639842438, 0.22907121311100503, 0.6524294239918804, 0.06566612258428768, 0.2506742365646063, 0.5990185160631696, 0.09097459000061194, 0.2288986731558439, 0.549980073539705, 0.10536632990545529, 0.28821498110238597, -0.3438745115551076, 0.0386286934019526, 0.25711331391654235, 0.5210340781993498, 0.060193832652866514, 0.2490778155785502, 0.47837980456442475, 0.014110407262319241, 0.14473903267831773, 0.07433049028585073, 0.24000246058721175, 0.43921740820864186, -0.016959688120374183, 0.4785194972153774, 0.4032610278127591, 0.13631422438764107, 0.11806580263097302, 0.05178326090194979, 0.2629275279870091, 0.3702482039950328, 0.055199465209395865, 0.10531927529486484, 0.39300961385671945, 0.33993796351974215, 0.027602296529698755, 0.11150891655646186, 0.11801204097777446, -0.029515517786308565, 0.3688767105868027, 0.15058534058947853, 0.19870296451214203, -0.17296484715390756, 0.17776794512243665, 0.15779990347080333, 0.027039488707992665, 0.09761703847760131, 0.3799628006465807, 0.14008971248710483, 0.17945978732071077, -0.1545670680208495, 0.1615289894888326, 0.3013716562462312, 0.3121090603413159, -0.12099335383717669, 0.028336321022085997, 0.16934090660623172, 0.28408241404768986, 0.2865583606447708, 0.3970288350540544, -0.18501346493484605, 0.15208113620883518, 0.27421006950575916, 0.26309936009425205, -0.04157295638161412, 0.012537070459901045, 0.15871161893565777, 0.25798515461502125, 0.24156082246650745, 0.1961485604965846, 0.420705044807412, 0.24257902687340993, 0.22178552973215826, 0.306677017755823, 0.22796636331050113, 0.20362913446113184, 0.06495984299381746, 0.21658345113292676, -0.22254953432221342, 0.7739628647830396, 0.13968612212029857, 0.13032977131023923, 0.4387298229879131, -0.22723471432526243, 0.7106026639842438, 0.06756794288945583, 0.6524294239918804, -0.030582437253463546, 0.07438281472320252, 0.5990185160631696, -0.01660023528043686, 0.4363669976017373, 0.18695910617552536, 0.4697073056622946, 0.17165376395892518, 0.052789923820693085, 0.549980073539705, 0.4001090798178076, 0.15760138826082837, 0.019872234603414418, 0.5049561460615042, 0.3410992352125573, 0.14469940541288606, -0.0018862528687144109, 0.4428919501382273, 0.13285363890444135, 0.09140236006059266, -0.005860292027302205, 0.21705948741619652, 0.24884322073979404, 0.1219776219521348, 0.17887358472249087, 0.2313569437358196, 0.1119919663457597, -0.017484343536412705, 0.4636180867503359, -0.036505863871302724, 0.21318156217455786, 0.08786816237169687, -0.005086845029657061, 0.42566415329037677, 0.005397996614230793, 0.3908173053955646, -0.051256436811192185, 0.17887937272564391, 0.3588231825865217, 0.04283751640269007, 0.32944824751606694, 0.2417637319935516, 0.10282378296333294, -0.03700727397083364, 0.4018625168230172, 0.09440614972549688, 0.23193840679309763, 0.08667762310564997, -0.002297781664911458, 0.3024780812907393, 0.1524529561028618, 0.005044963578974437, 0.27771581834523207, 0.3171593810926404, 0.20712060049251702, 0.25498070944528706, 0.45813117760058075, 0.6510456798971095, 0.40660742270164574, 0.6458778774235991, 0.0315506008423323, 0.2341068023298577, 0.09046305039826763, 0.23772431330242916, 0.07958178963013063, -0.039733655342021, 0.3531917724054937, 0.07306685409468205, 0.1786485987801234, 0.06708526149143346, 0.01611293883942777],"StateValue_V3_record" => [0.0, 0.0, 0.0, 0.0, 0.0, 0.0, 0.0818646522744436, 0.01243292131980931, 0.01243292131980931, 0.15702748325687166, 0.058091810416644026, 0.058091810416644026, 0.03852007526186342, 0.027334152740859954, 0.035366642694965575, 0.0818646522744436, 0.058091810416644026, 0.05333614455689256, 0.15702748325687166, 0.006533523136153215, 0.15702748325687166, 0.06369111652756107, 0.06369111652756107, 0.06586832622953077, 0.22603713521696045, 0.06369111652756107, 0.065781336277619, 0.0872099021768173, 0.15702748325687166, 0.11320581224993834, 0.08067029729775252, 0.09290019349241736, 0.22603713521696045, 0.08067029729775252, 0.07864182402212368, 0.22603713521696045, 0.10886031161135845, 0.22603713521696045, 0.1068758342579018, 0.22603713521696045, 0.22603713521696045, 0.10483967758148179, 0.22603713521696045, 0.11644835558538216, 0.2893973360157562, 0.08186785944117311, 0.08186785944117311, 0.14023767951282493, 0.08315151573700932, 0.22603713521696045, 0.16991601757187386, 0.3475705760081196, 0.10977106585286606, 0.12852390106028344, 0.4009814839368304, 0.07104986606033366, 0.07642560035190736, 0.16075903872334804, 0.450019926460295, 0.1135765587725673, 0.12102416194877746, 0.22855892758277416, 0.49504385393849587, 0.16516135735226517, 0.16516135735226517, 0.21799180160399872, 0.46689268662399286, 0.1582256642510007, 0.22121785199700672, 0.5216201954355753, 0.1927342454276356, 0.19766199260682857, 0.27983396508190833, 0.5607825917913581, 0.2300762910705986, 0.21653733424798238, 0.25047674585538554, 0.23075025692659612, 0.3263453077496191, 0.5967389721872409, 0.261146386453292, 0.24800671326453333, 0.25047674585538554, 0.6297517960049672, 0.16516135735226517, 0.16516135735226517, 0.25047674585538554, 0.294651046241351, 0.37253422179457235, 0.6600620364802579, 0.16516135735226517, 0.16272332855107507, 0.22603713521696045, 0.28265034123427923, 0.6878909396586841, 0.19275852603196228, 0.19155577351291975, 0.22603713521696045, 0.3017397045009409, 0.32126156629903263, 0.2826065889626444, 0.6878909396586841, 0.22603713521696045, 0.3771687468708417, 0.22603713521696045, 0.3742373257471091, 0.19231211937536702, 0.22603713521696045, 0.27336430609639406, 0.6878909396586841, 0.22603713521696045, 0.3601740286220263, 0.22603713521696045, 0.39391644468548326, 0.7134416393552292, 0.3136441087076207, 0.30373902986822154, 0.1999330221523116, 0.24563290948794944, 0.43469937190947777, 0.736900639905748, 0.3245534765533055, 0.3245534765533055, 0.43564511753241825, 0.28507399918476994, 0.46663341145773213, 0.7584391775334925, 0.3245534765533055, 0.3211501209351041, 0.2912962073943741, 0.3235998628029631, 0.502527734713009, 0.7782144702678417, 0.22795704767602812, 0.22795704767602812, 0.33916276442922383, 0.5359513347881264, 0.7963708655388682, 0.22795704767602812, 0.2530630550951719, 0.5670681841312498, 0.8130408938244746, 0.2737084143415839, 0.2790263293000752, 0.3651226006417298, 0.5491838759485904, 0.3748240759589162, 0.2978434379216727, 0.2978434379216727, 0.31652910135422874, 0.33916276442922383, 0.5672257950337477, 0.3748240759589162, 0.2978434379216727, 0.3011997937872475, 0.4009814839368304, 0.33916276442922383, 0.336659143837764, 0.32261842461673806, 0.450019926460295, 0.3639103812696813, 0.36255140878077435, 0.3919796008118658, 0.8283462360410748, 0.3378372500792292, 0.37628967532803875, 0.8423986117391716, 0.3859289666339403, 0.3902505953911157, 0.49504385393849587, 0.4211349641286339, 0.4538897548197663, 0.8553005945871139, 0.46273992889473814, 0.4643667624704628, 0.5363819132496641, 0.4927227931005684, 0.5206467633823231, 0.8671463610955586, 0.39425746497485203, 0.3941030475396531, 0.43873556571830674, 0.8780223780478652, 0.42409136859221863, 0.43157399101564253, 0.5153989262810358, 0.5363819132496641, 0.6275014584973791, 0.8880080336542403, 0.4395475622507395, 0.4541909860651294, 0.6532911203284838, 0.8971762170366671, 0.5403964725431896, 0.5389651228393342, 0.5743358467096232, 0.47149687420818603, 0.45097188658622833, 0.44619601923190055, 0.4701364859082878, 0.5645833640824959, 0.6091826946044354, 0.5884867185876012, 0.5889286237034038, 0.6411768174134783, 0.4862474471480755, 0.48205135677170025, 0.460839916879156, 0.6705517524839331, 0.610875138403756, 0.6143820167883629, 0.6975219187092607, 0.6328823255190588, 0.6526742293712826, 0.9055938502745031, 0.5059183012598246, 0.5028887136445772, 0.5138881229867769, 0.91332237689435, 0.6584483433452444, 0.6774359003664497, 0.9204182103698694, 0.6823033197550419, 0.6821152126580413, 0.7222841816547679, 0.529092008959118, 0.5415725171986898, 0.6995140042366589, 0.7450192905547129, 0.7151092560478984, 0.7151092560478984, 0.5361453970662611, 0.7658931976701423, 0.5525534535330284, 0.5525534535330284, 0.6595800776028831, 0.7151092560478984, 0.6595800776028831, 0.7176921350149057, 0.785058269637958, 0.5525534535330284, 0.559959179697568, 0.6790412958485673, 0.926933145905318, 0.5763741877843537, 0.5731214059061865, 0.5793778706450113, 0.9329147385085665, 0.7308385036834691, 0.7454635091019205, 0.9384066501133028, 0.7492307109560158, 0.7492307109560158],"StateValue_V1_record" => [0.0, 0.0, 0.0, 0.0, 0.0, 0.0, 0.0, 0.01243292131980931, 0.0818646522744436, 0.0, 0.058091810416644026, 0.03852007526186342, 0.026423021598023445, 0.03852007526186342, 0.05615543221183367, 0.0, 0.058091810416644026, 0.15702748325687166, 0.0, 0.0818646522744436, 0.0, 0.06369111652756107, 0.058091810416644026, 0.15702748325687166, 0.0, 0.06369111652756107, 0.09152207490679924, 0.15702748325687166, 0.11320581224993834, 0.08067029729775252, 0.08753394803812986, 0.15702748325687166, 0.0, 0.08067029729775252, 0.22603713521696045, 0.11320581224993834, 0.22603713521696045, 0.11152400838184494, 0.22603713521696045, 0.22603713521696045, 0.10870053412361255, 0.22603713521696045, 0.1071831007435269, 0.22603713521696045, 0.0, 0.08186785944117311, 0.14023767951282493, 0.08186785944117311, 0.22603713521696045, 0.1599105747731827, 0.2893973360157562, 0.0, 0.10977106585286606, 0.3475705760081196, 0.0, 0.07104986606033366, 0.14023767951282493, 0.4009814839368304, 0.0, 0.1135765587725673, 0.20982021729878947, 0.450019926460295, 0.0, 0.16516135735226517, 0.19439718239576656, 0.49504385393849587, 0.15506333969783376, 0.20016935995809912, 0.47896592180065023, 0.0, 0.1927342454276356, 0.25944329632029234, 0.5216201954355753, 0.0, 0.2300762910705986, 0.25047674585538554, 0.22466521718595603, 0.30669758976863615, 0.5607825917913581, 0.0, 0.261146386453292, 0.25047674585538554, 0.5967389721872409, 0.0, 0.16516135735226517, 0.25047674585538554, 0.2904118275939761, 0.3510097511425368, 0.6297517960049672, 0.0, 0.16516135735226517, 0.22603713521696045, 0.25047674585538554, 0.6600620364802579, 0.0, 0.19275852603196228, 0.22603713521696045, 0.3017397045009409, 0.3236778438993089, 0.3017397045009409, 0.6878909396586841, 0.22603713521696045, 0.3933256697155686, 0.22603713521696045, 0.368158861589099, 0.19332133385366837, 0.22603713521696045, 0.2906536144411629, 0.6878909396586841, 0.22603713521696045, 0.3749278905825105, 0.22603713521696045, 0.3692447588415124, 0.6878909396586841, 0.0, 0.3136441087076207, 0.1976132790851015, 0.23176987505279126, 0.4114430638661791, 0.7134416393552292, 0.0, 0.3245534765533055, 0.4507911805053994, 0.27262392985153133, 0.44418529946749213, 0.736900639905748, 0.0, 0.3245534765533055, 0.29026986448063413, 0.31060699130688146, 0.4814078697384817, 0.7584391775334925, 0.0, 0.22795704767602812, 0.33916276442922383, 0.5160926871040618, 0.7782144702678417, 0.0, 0.22795704767602812, 0.5484057970685662, 0.7963708655388682, 0.0, 0.2737084143415839, 0.3473920717263338, 0.5785030661878363, 0.3450109681575861, 0.0, 0.2978434379216727, 0.31652910135422874, 0.33916276442922383, 0.592646095136391, 0.3748240759589162, 0.0, 0.2978434379216727, 0.3748240759589162, 0.0, 0.33916276442922383, 0.31652910135422874, 0.4009814839368304, 0.0, 0.3639103812696813, 0.3562565682891566, 0.8130408938244746, 0.0, 0.3378372500792292, 0.8283462360410748, 0.0, 0.3859289666339403, 0.450019926460295, 0.0, 0.4211349641286339, 0.8423986117391716, 0.0, 0.46273992889473814, 0.49504385393849587, 0.0, 0.4927227931005684, 0.8553005945871139, 0.0, 0.39425746497485203, 0.40247837022509053, 0.8671463610955586, 0.0, 0.42409136859221863, 0.5287724210340791, 0.5363819132496641, 0.6071299947606633, 0.8780223780478652, 0.0, 0.4395475622507395, 0.6343511645782729, 0.8880080336542403, 0.0, 0.5403964725431896, 0.5363819132496641, 0.0, 0.47149687420818603, 0.44619601923190055, 0.4629431893497345, 0.5649997968820227, 0.5743358467096232, 0.0, 0.5884867185876012, 0.6091826946044354, 0.0, 0.4862474471480755, 0.44619601923190055, 0.6411768174134783, 0.0, 0.610875138403756, 0.6705517524839331, 0.0, 0.6328823255190588, 0.8971762170366671, 0.0, 0.5059183012598246, 0.48098978778492785, 0.9055938502745031, 0.0, 0.6584483433452444, 0.91332237689435, 0.0, 0.6823033197550419, 0.6975219187092607, 0.0, 0.529092008959118, 0.699101000047529, 0.7222841816547679, 0.0, 0.7151092560478984, 0.5191895411280673, 0.7450192905547129, 0.0, 0.5525534535330284, 0.6595800776028831, 0.7151092560478984, 0.6595800776028831, 0.7151092560478984, 0.7658931976701423, 0.0, 0.5525534535330284, 0.6595800776028831, 0.9204182103698694, 0.0, 0.5763741877843537, 0.5504639490108412, 0.926933145905318, 0.0, 0.7308385036834691, 0.9329147385085665, 0.0, 0.7492307109560158, 0.0])
POPULATION_SIGNALS
subject_id: 20
algorithm_name: Sarsa-Lambda (ReplTrc)
param_string: alpha=0.1974, gamma=0.9961,
                lambda=0.6128, temp=0.2507,
                reward_magnitude=1.0,
                action_cost=0.0,
                initQSA=nothing, use_replacing_trace=true
param_vector: [0.197445163350583, 0.9960525723724495, 0.6127972592361022, 0.2507274927826116, 1.0, 0.0, 0.0]
LL: -112.43
RPE
[0.0, 0.0, 0.0, 0.0, 0.0, 1.0, 0.197, 0.803, 0.011, 0.017, 0.028, -0.074, 1.0, -0.136, 0.0, 0.197, 0.803, 0.135, 0.219, 0.644, 0.064, -0.097, -0.083, 0.047, 0.106, 0.196, 0.644, -0.053, 0.149, -0.121, 0.11, -0.126, 0.007, 0.093, -0.083, 0.075, 0.26, 0.517, -0.066, 0.087, 0.058, 0.113, 0.248, 0.415, 0.441, 0.333, 0.149, 0.455, 0.267, 0.203, 0.349, 0.214, 0.236, 0.428, -0.502, 0.092, 0.309, 0.237, 0.127, 0.278, 0.191, -0.344, 0.274, 0.167, 0.237, 0.153, -0.284, 0.647, 0.123, 0.131, 0.169, 0.128, 0.226, 0.098, -0.048, 0.212, 0.4, 0.079, -0.002, 0.039, 0.159, 0.003, -0.46, 0.258, 0.313, -0.256, -0.378, 0.341, -0.0, 0.141, -0.345, 0.187, 0.245, -0.202, 0.182, 0.292, 0.063, -0.155, 0.092, 0.194, 0.239, 0.051, 0.656, -0.181, 0.14, 0.215, 0.041, -0.05, 0.107, 0.148, 0.175, 0.033, -0.078, 0.594, 0.143, 0.026, 0.378, 0.117, 0.021, 0.12, 0.19, -0.402, 0.517, 0.076, -0.087, 0.497, -0.284, 0.415, 0.057, 0.333, -0.02, 0.149, 0.267, 0.008, 0.337, 0.017, 0.324, 0.014, 0.058, 0.214, 0.224, 0.011, 0.018, 0.172, 0.156, 0.009, 0.033, 0.278, 0.007, 0.144, -0.149, 0.14, 0.13, 0.006, 0.141, 0.105, 0.005, -0.002, 0.138, -0.293, 0.231, 0.12, 0.009, 0.111, 0.016, 0.089, -0.022, 0.158, 0.071, 0.033, 0.057, 0.073, 0.004, -0.003, 0.187, 0.003, 0.06, 0.002, 0.004, 0.046, 0.12, 0.007, 0.037, 0.427, 0.123, 0.03, -0.324, 0.376, -0.304, 0.78, 0.014, 0.024, 0.049, 0.086, 0.002, -0.008, 0.123, 0.002, 0.031, 0.001, 0.0]
SPE
Float64[]
action_selection_prob
[0.5, 0.5, 0.5, 0.5, 0.5, 0.5, 0.483, 0.687, 0.384, 0.454, 0.545, 0.539, 0.382, 0.587, 0.195, 0.5, 0.576, 0.387, 0.632, 0.719, 0.515, 0.604, 0.252, 0.265, 0.39, 0.584, 0.744, 0.52, 0.182, 0.682, 0.191, 0.672, 0.191, 0.195, 0.657, 0.201, 0.651, 0.799, 0.478, 0.31, 0.525, 0.26, 0.746, 0.852, 0.563, 0.889, 0.524, 0.642, 0.912, 0.625, 0.813, 0.928, 0.318, 0.745, 0.938, 0.711, 0.767, 0.921, 0.767, 0.864, 0.934, 0.815, 0.175, 0.793, 0.896, 0.942, 0.837, 0.239, 0.949, 0.389, 0.357, 0.853, 0.918, 0.953, 0.545, 0.328, 0.577, 0.956, 0.592, 0.417, 0.34, 0.88, 0.631, 0.041, 0.43, 0.934, 0.461, 0.094, 0.601, 0.428, 0.6, 0.052, 0.428, 0.889, 0.451, 0.882, 0.933, 0.866, 0.608, 0.527, 0.906, 0.936, 0.13, 0.923, 0.596, 0.917, 0.938, 0.8, 0.575, 0.649, 0.931, 0.94, 0.336, 0.186, 0.94, 0.942, 0.601, 0.947, 0.943, 0.684, 0.695, 0.952, 0.314, 0.283, 0.374, 0.283, 0.948, 0.372, 0.684, 0.45, 0.635, 0.588, 0.516, 0.665, 0.646, 0.944, 0.727, 0.944, 0.775, 0.568, 0.8, 0.945, 0.828, 0.609, 0.841, 0.945, 0.702, 0.705, 0.946, 0.735, 0.857, 0.359, 0.947, 0.946, 0.755, 0.952, 0.946, 0.856, 0.6, 0.784, 0.251, 0.763, 0.864, 0.625, 0.871, 0.646, 0.786, 0.697, 0.661, 0.877, 0.674, 0.882, 0.946, 0.799, 0.73, 0.947, 0.889, 0.947, 0.893, 0.684, 0.813, 0.896, 0.692, 0.102, 0.758, 0.698, 0.171, 0.044, 0.146, 0.051, 0.837, 0.703, 0.832, 0.909, 0.947, 0.843, 0.778, 0.947, 0.839, 0.947, 0.842]
results_dict
Dict{String,Any}("trialByTrial_Qsa" => [0.0, 0.0, 0.0, 0.0, 0.0, 0.0, 0.0, 0.197445163350583, 0.01672791749539798, 0.02740582007581638, 0.044899729702436025, 0.07356049633890632, 0.0, 0.1355515953528167, 0.0, 0.0, 0.197445163350583, 0.0, 0.1355515953528167, 0.3559057341706276, 0.11519658823904619, 0.17955257258798665, 0.0827377504909035, 0.0, 0.04709171149750459, 0.1586178647367174, 0.3559057341706276, 0.15928891483158203, 0.1063101571415289, 0.2564058806048299, 0.12113993406505551, 0.24578362076175977, 0.12051624046486566, 0.12828526632462875, 0.22858428031671113, 0.1366171987006473, 0.22129412807261306, 0.48307903170048183, 0.13903800267615402, 0.07373258910145505, 0.16147378384972694, 0.22073487121238514, 0.3349031508137122, 0.5851425767257217, 0.22346717863065338, 0.6670541684313135, 0.12483847835429758, 0.27491782666233777, 0.7327927125322885, 0.22874529840192415, 0.43385271170900147, 0.785551499054817, 0.15968008015460453, 0.3969546870062617, 0.8278933183542263, 0.32669126416825117, 0.42764103429667266, 0.7625743146438624, 0.39968843849703817, 0.5285262041085045, 0.809452867872629, 0.47220278525402576, 0.1287702329592112, 0.4373059984165931, 0.6063269511562324, 0.8470754775015029, 0.5100661290993824, 0.22726703239781113, 0.8772696848265286, 0.23739694904482864, 0.3697141640360699, 0.5409983193313643, 0.6716312607487405, 0.9015021919540231, 0.3506567618435874, 0.30341248556674566, 0.5173172306168706, 0.9209501077533354, 0.3995983538989929, 0.3992648889797472, 0.43960578541168244, 0.6007875492621516, 0.605821596831698, 0.14606660432565438, 0.4126197534168437, 0.7281861185772374, 0.44354333174565874, 0.06538334701684896, 0.408323169833438, 0.4098617258353163, 0.5537340770371767, 0.2074885792389882, 0.4098545943243181, 0.658664966871174, 0.43378659031670075, 0.6407138759839344, 0.936558126640824, 0.5692091930846384, 0.415551385977474, 0.5096940013913555, 0.7060427145811308, 0.9490844176894936, 0.1004251894434734, 0.7594265610507115, 0.5804961558309553, 0.7405527019726038, 0.9591374531558816, 0.5760277267545976, 0.5276246506844924, 0.6370888207098725, 0.7878882521938136, 0.9672055653924394, 0.30589451586055416, 0.2291940035430471, 0.8264920098627339, 0.9736806678905192, 0.4769582320009082, 0.8579667182554422, 0.9788772927181539, 0.5671776193729312, 0.6898122540551591, 0.8836226182068202, 0.48307903170048183, 0.37388892995692957, 0.45168734806123456, 0.365694916263921, 0.8664580840216258, 0.5851425767257217, 0.6073956790437504, 0.6670541684313135, 0.5985914005559871, 0.5809225131740907, 0.7327927125322885, 0.632260108219569, 0.6425402282036576, 0.9830478691078246, 0.6587804367776761, 0.9863949853609706, 0.7243371733168745, 0.785551499054817, 0.7616559137434049, 0.9890812296987608, 0.8071049411516894, 0.8278933183542263, 0.8313058954548116, 0.9912370880844764, 0.6756051153978105, 0.7110486340735298, 0.9929672826590638, 0.7160697974307488, 0.8631670384331415, 0.716913618197199, 0.8604546942998703, 0.9943558586832434, 0.7427733831679973, 0.8867980408203137, 0.9954702670875042, 0.8604354533440967, 0.8618749502255029, 0.7834755877374433, 0.49212479770946815, 0.7533545308214763, 0.8766942409929506, 0.8891470732410358, 0.8918195688008695, 0.9110344474728497, 0.7862562357891977, 0.7667857451598823, 0.9286002655241478, 0.9056251868832118, 0.9426977977609207, 0.9191161014499286, 0.9963646409423464, 0.8061259637491097, 0.8066163156304157, 0.9970824250053228, 0.9340300046628758, 0.9976584860767345, 0.946097755508782, 0.9540118404423639, 0.8282886407433655, 0.9524591160985311, 0.963091980118414, 0.41357994720918284, 0.8437974163449792, 0.9703792901328804, 0.4602285251331887, 0.13703335338583095, 0.5148390975141258, 0.17453744958237413, 0.9582559051070979, 0.9762277560311541, 0.8556013875704873, 0.9080248826515622, 0.9981208066758013, 0.8757658593673165, 0.8716038575884693, 0.998491844308665, 0.9639084292249758, 0.9987896223554987, 0.9701629651399494],"StateValue_V2_record" => [0.0, 0.0, 0.0, 0.0, 0.0, 0.0, 1.0, 0.016661885251725263, 0.19666576285784668, 1.0, 0.13501651524036243, 0.0732701216033618, 0.044722491268939076, 0.0732701216033618, 0.12004051132768613, 1.0, 0.13501651524036243, 0.3545008220427588, 0.0, 0.19666576285784668, 1.0, 0.11474185804403182, 0.13501651524036243, 0.3545008220427588, 1.0, 0.11474185804403182, 0.17884380180235507, 0.3545008220427588, 0.25539373694786394, 0.1586601333684133, 0.15799173219523263, 0.3545008220427588, 1.0, 0.1586601333684133, 0.481172112184457, 0.25539373694786394, 0.481172112184457, 0.2448134077067654, 0.481172112184457, 0.481172112184457, 0.2276819604133652, 0.481172112184457, 0.2204205855176445, 0.481172112184457, 1.0, 0.1608363777742334, 0.27383260843806473, 0.1608363777742334, 0.481172112184457, 0.33358114486363644, 0.5828327687522985, 1.0, 0.22258505811587598, 0.664421020377775, 1.0, 0.12434568749586046, 0.27383260843806473, 0.7299000663335709, 1.0, 0.22784234289134012, 0.43214010952851367, 0.7824505913645843, 1.0, 0.34927256965409864, 0.3953877371078875, 0.8246252693966903, 0.32540167404639403, 0.4259529522632157, 0.7595641077261768, 1.0, 0.3981106973125024, 0.5264398851685221, 0.8062576112587886, 1.0, 0.4703387989337077, 0.5152751582885257, 0.4355797646367499, 0.6039335193979097, 0.8437317083589929, 1.0, 0.5080526799694978, 0.5152751582885257, 0.8738067262358318, 1.0, 0.34927256965409864, 0.5152751582885257, 0.5388627676191773, 0.6689800449545343, 0.8979435772952065, 1.0, 0.34927256965409864, 0.481172112184457, 0.5152751582885257, 0.9173147238543943, 1.0, 0.3980209683168883, 0.481172112184457, 0.6034301599229978, 0.5984159838919059, 0.6034301599229978, 0.9328611312169152, 0.481172112184457, 0.7253116565747668, 0.481172112184457, 0.6295988469483268, 0.4067113436718685, 0.481172112184457, 0.5515482518431639, 0.9328611312169152, 0.481172112184457, 0.6560649345836471, 0.481172112184457, 0.6381847043285204, 0.9328611312169152, 1.0, 0.5669622809900003, 0.4139110269557996, 0.5076820212086665, 0.7032556620633624, 0.9453379756382284, 1.0, 0.5737538989917713, 0.7564287796625242, 0.5782046892677413, 0.73762942377718, 0.9553513274746757, 1.0, 0.5737538989917713, 0.5255418905614038, 0.6345739586977988, 0.7847781203396813, 0.9633875914220886, 1.0, 0.4750754738987202, 0.5962285043238182, 0.823229492469052, 0.9698371339216764, 1.0, 0.4750754738987202, 0.8545799567282819, 0.9750132454488964, 1.0, 0.5649387267684902, 0.6870892701056789, 0.880134581871382, 0.676208791367527, 1.0, 0.6049980285594383, 0.5786293635961213, 0.5962285043238182, 0.8630378034426444, 0.7140836535741601, 1.0, 0.6049980285594383, 0.7140836535741601, 1.0, 0.5962285043238182, 0.5786293635961213, 0.7299000663335709, 1.0, 0.629764307200585, 0.6400038471550339, 0.9791673587901037, 1.0, 0.6561799486810501, 0.9825012625440794, 1.0, 0.7214779047472617, 0.7824505913645843, 1.0, 0.758649332146807, 0.9851769031267562, 1.0, 0.8039189528086547, 0.8246252693966903, 1.0, 0.8280243755961476, 0.987324251417519, 1.0, 0.6729382130999748, 0.7082418210508559, 0.9890476161742416, 1.0, 0.7132431637291162, 0.8597597490184395, 0.858472761235489, 0.8570581116673355, 0.9904307108950604, 1.0, 0.7398413389942708, 0.8832974697339219, 0.9915407202527979, 1.0, 0.8570389466638422, 0.858472761235489, 1.0, 0.7803828745568971, 0.7637589139250263, 0.7503807183331712, 0.8732335539251406, 0.8856372295191685, 1.0, 0.8882991755961948, 0.9074382049252451, 1.0, 0.7831525462017095, 0.7637589139250263, 0.924934683181067, 1.0, 0.9020502970003034, 0.9389765664296081, 1.0, 0.9154879571581387, 0.9924315636315761, 1.0, 0.8029438398485207, 0.8034322561012632, 0.9931465142939118, 1.0, 0.9303429888175084, 0.9937203014059349, 1.0, 0.942363103090323, 0.9502459477463914, 1.0, 0.8250190312793089, 0.9486993526695314, 0.9592902442282223, 1.0, 0.9544732592730147, 0.8404665871116432, 0.966548788113807, 1.0, 0.852223963015021, 0.9044405201432801, 0.9544732592730147, 0.9044405201432801, 0.9544732592730147, 0.9723741676162151, 1.0, 0.852223963015021, 0.9044405201432801, 0.9941807970278962, 1.0, 0.8723088370187845, 0.8681632644407449, 0.9945503700165571, 1.0, 0.9601034704610243, 0.9948469726061019, 1.0, 0.9663333170481296, 0.0],"final_QSA" => Dict{Int64,Any}(1 => [0.0 0.0; 0.9990286055672332 0.2762885882269911; 0.9809214706247927 0.7606638773104137; 0.3319821809146446 0.9252624245537554; 0.5577336573110148 0.896060809072173; 0.5508287697432583 0.9701629651399494; 0.4550035734981322 0.8891927559074623]),"trialByTrial_Vs" => [0.0, 0.0, 0.0, 0.0, 0.0, 0.0, 0.01672791749539798, 0.197445163350583, 0.1355515953528167, 0.07356049633890632, 0.044899729702436025, 0.07356049633890632, 0.12051624046486566, 0.1355515953528167, 0.3559057341706276, 0.0, 0.197445163350583, 0.11519658823904619, 0.1355515953528167, 0.3559057341706276, 0.11519658823904619, 0.17955257258798665, 0.3559057341706276, 0.2564058806048299, 0.15928891483158203, 0.1586178647367174, 0.3559057341706276, 0.15928891483158203, 0.48307903170048183, 0.2564058806048299, 0.48307903170048183, 0.24578362076175977, 0.48307903170048183, 0.48307903170048183, 0.22858428031671113, 0.48307903170048183, 0.22129412807261306, 0.48307903170048183, 0.16147378384972694, 0.27491782666233777, 0.16147378384972694, 0.48307903170048183, 0.3349031508137122, 0.5851425767257217, 0.22346717863065338, 0.6670541684313135, 0.12483847835429758, 0.27491782666233777, 0.7327927125322885, 0.22874529840192415, 0.43385271170900147, 0.785551499054817, 0.3506567618435874, 0.3969546870062617, 0.8278933183542263, 0.32669126416825117, 0.42764103429667266, 0.7625743146438624, 0.39968843849703817, 0.5285262041085045, 0.809452867872629, 0.47220278525402576, 0.5173172306168706, 0.4373059984165931, 0.6063269511562324, 0.8470754775015029, 0.5100661290993824, 0.5173172306168706, 0.8772696848265286, 0.3506567618435874, 0.5173172306168706, 0.5409983193313643, 0.6716312607487405, 0.9015021919540231, 0.3506567618435874, 0.48307903170048183, 0.5173172306168706, 0.9209501077533354, 0.3995983538989929, 0.48307903170048183, 0.605821596831698, 0.6007875492621516, 0.605821596831698, 0.936558126640824, 0.48307903170048183, 0.7281861185772374, 0.48307903170048183, 0.6320939922364898, 0.408323169833438, 0.48307903170048183, 0.5537340770371767, 0.936558126640824, 0.48307903170048183, 0.658664966871174, 0.48307903170048183, 0.6407138759839344, 0.936558126640824, 0.5692091930846384, 0.415551385977474, 0.5096940013913555, 0.7060427145811308, 0.9490844176894936, 0.5760277267545976, 0.7594265610507115, 0.5804961558309553, 0.7405527019726038, 0.9591374531558816, 0.5760277267545976, 0.5276246506844924, 0.6370888207098725, 0.7878882521938136, 0.9672055653924394, 0.4769582320009082, 0.5985914005559871, 0.8264920098627339, 0.9736806678905192, 0.4769582320009082, 0.8579667182554422, 0.9788772927181539, 0.5671776193729312, 0.6898122540551591, 0.8836226182068202, 0.6788886552010984, 0.6073956790437504, 0.5809225131740907, 0.5985914005559871, 0.8664580840216258, 0.716913618197199, 0.6073956790437504, 0.716913618197199, 0.5985914005559871, 0.5809225131740907, 0.7327927125322885, 0.632260108219569, 0.6425402282036576, 0.9830478691078246, 0.6587804367776761, 0.9863949853609706, 0.7243371733168745, 0.785551499054817, 0.7616559137434049, 0.9890812296987608, 0.8071049411516894, 0.8278933183542263, 0.8313058954548116, 0.9912370880844764, 0.6756051153978105, 0.7110486340735298, 0.9929672826590638, 0.7160697974307488, 0.8631670384331415, 0.8618749502255029, 0.8604546942998703, 0.9943558586832434, 0.7427733831679973, 0.8867980408203137, 0.9954702670875042, 0.8604354533440967, 0.8618749502255029, 0.7834755877374433, 0.7667857451598823, 0.7533545308214763, 0.8766942409929506, 0.8891470732410358, 0.8918195688008695, 0.9110344474728497, 0.7862562357891977, 0.7667857451598823, 0.9286002655241478, 0.9056251868832118, 0.9426977977609207, 0.9191161014499286, 0.9963646409423464, 0.8061259637491097, 0.8066163156304157, 0.9970824250053228, 0.9340300046628758, 0.9976584860767345, 0.946097755508782, 0.9540118404423639, 0.8282886407433655, 0.9524591160985311, 0.963091980118414, 0.9582559051070979, 0.8437974163449792, 0.9703792901328804, 0.8556013875704873, 0.9080248826515622, 0.9582559051070979, 0.9080248826515622, 0.9582559051070979, 0.9762277560311541, 0.8556013875704873, 0.9080248826515622, 0.9981208066758013, 0.8757658593673165, 0.8716038575884693, 0.998491844308665, 0.9639084292249758, 0.9987896223554987, 0.9701629651399494],"RPE_QV" => [0.0, 0.0, 0.0, 0.0, 0.0, 1.0, 0.19666576285784668, 0.8025548366494171, 0.05654220410796382, 0.017316671193122697, 0.028370391900925773, 0.04648001498877981, 1.0, 0.2189492266899421, 0.0, 0.19666576285784668, 0.8025548366494171, 0.13501651524036243, 0.2189492266899421, 0.6440942658293725, 0.06364721356330888, 0.17494824945477214, 0.17265598645696045, 0.1586601333684133, 0.10615261145859588, 0.19588295730604138, 0.6440942658293725, 0.32188319735287496, 0.14908357980633502, 0.2247662315796271, 0.11041875038529496, 0.23538849142269722, 0.36065587171959135, 0.09261106974658662, 0.25258783186774586, 0.07482174615064363, 0.25987798411184393, 0.5169209682995182, 0.1347946057619107, 0.08710378867277835, 0.31969832833473005, 0.1128462736512513, 0.2479296179385863, 0.4148574232742783, 0.4409538417471216, 0.3329458315686865, 0.14899413008376716, 0.4549822396712331, 0.2672072874677115, 0.20339481112658953, 0.3485978796555828, 0.21444850094518297, 0.23570765695328297, 0.42767058239042866, -0.5024916443078322, 0.09248528035670756, 0.30926331288682773, 0.23742568535613762, 0.12675144667148397, 0.2777314071502841, 0.19054713212737096, 0.0430723730344999, 0.2739271736821817, 0.1666275209813166, 0.23740475720276055, 0.15292452249849708, 0.005209029189143233, 0.6465396938380207, 0.12273031517347144, 0.277878209243697, 0.1691486035831074, 0.12798172562317, 0.226312316546466, 0.09849780804597685, 0.13051535034086958, 0.21186267272178, 0.39999749323752365, 0.07904989224666459, 0.08157375828546409, 0.20416527094325054, 0.15881019848022343, 0.0026426106608461453, 0.32703953438521716, 0.3351055078588026, 0.3126919031579231, -0.24701400639278037, 0.23148101511264463, 0.3405404267403268, 0.07284894235101896, 0.14081242170504848, 0.37912705417973847, 0.27368353294546877, 0.24469139894657216, -0.17749285468671705, 0.18249171520548657, 0.2921472552329808, 0.06344187335917595, -0.15529816612883873, 0.09213063523119247, 0.19356166067200697, 0.23929526105709764, 0.05091558231050641, 0.6560035902190509, -0.18122187178297022, 0.14029248617084422, 0.21479862550207185, 0.040862546844118386, -0.0504858361931938, 0.10694930801330638, 0.1476892996298088, 0.175499339228275, 0.032794434607560596, 0.2903339884632641, 0.5940354889260049, 0.1433451240589425, 0.026319332109480786, 0.3776217247273737, 0.11704652719345421, 0.021122707281846065, 0.11991165073274768, 0.19032232781622294, -0.15910346231228267, 0.5169209682995182, 0.2047404336391917, 0.14454115626258368, 0.4973428871787234, -0.15237443044746568, 0.4148574232742783, 0.10668797453040979, 0.3329458315686865, -0.01996203695986587, 0.14897755315948014, 0.2672072874677115, 0.007743738935464872, 0.3366271305864461, 0.0169521308921754, 0.3237208257664034, 0.013605014639029411, 0.05811341804770975, 0.21444850094518297, 0.2235209893833513, 0.010918770301239222, 0.017520328245000938, 0.1721066816457737, 0.1560183559627074, 0.008762911915523586, 0.03263670565304533, 0.27799898210071183, 0.007032717340936245, 0.1436899515876907, -0.004694277197652474, 0.14014449347013647, 0.1299760165951901, 0.005644141316756612, 0.14052408656592452, 0.10474267943248428, 0.00452973291249581, -0.0019626921086076665, 0.13812504977449713, -0.01971667381241704, 0.23057730324197712, 0.11987902310366427, 0.008942988526217888, 0.11085292675896419, 0.015618636124375529, 0.08896555252715033, -0.022497321864171416, 0.15814893802118468, 0.07139973447585224, 0.03335137954639633, 0.057302202239079336, 0.07331546218164753, 0.0036353590576535533, -0.0026937076478464883, 0.18653019866349607, 0.0029175749946771523, 0.059690296743059146, 0.002341513923265537, 0.004148192237609427, 0.04598815955763613, 0.12041071192616593, 0.006831128129691222, 0.036908019881585985, 0.4268866399024604, 0.12275137176882778, 0.02962070986711962, 0.44421199501009145, 0.8174399058871837, 0.3896014226291543, 0.7799358096906406, 0.014118262509117185, 0.02377224396884592, 0.04883913257279282, 0.08615591437633396, 0.0018791933241987246, -0.007602594926571671, 0.12294651242808785, 0.0015081556913350003, 0.030938543381126116, 0.0012103776445012704, 0.006886388971241608],"StateValue_V3_record" => [0.0, 0.0, 0.0, 0.0, 0.0, 0.0, 0.197445163350583, 0.01672791749539798, 0.038830703672934556, 0.3559057341706276, 0.1355515953528167, 0.1355515953528167, 0.07356049633890632, 0.05050132636563437, 0.059036332123121, 0.197445163350583, 0.1355515953528167, 0.10878758846594767, 0.3559057341706276, 0.038830703672934556, 0.3559057341706276, 0.11519658823904619, 0.11519658823904619, 0.17878206118209614, 0.48307903170048183, 0.11519658823904619, 0.12776342271786315, 0.16037246838076993, 0.3559057341706276, 0.2564058806048299, 0.15928891483158203, 0.19729400723960402, 0.48307903170048183, 0.15928891483158203, 0.14874565717649954, 0.48307903170048183, 0.2324763680884956, 0.48307903170048183, 0.22095625197933888, 0.48307903170048183, 0.48307903170048183, 0.21227689252152096, 0.48307903170048183, 0.2726057790967963, 0.5851425767257217, 0.16147378384972694, 0.16147378384972694, 0.27491782666233777, 0.17300255805699313, 0.48307903170048183, 0.38385565472704397, 0.6670541684313135, 0.22346717863065338, 0.31053138194448093, 0.7327927125322885, 0.12483847835429758, 0.15425664870696498, 0.36475186929583847, 0.785551499054817, 0.22874529840192415, 0.2689046201094746, 0.5026816770012649, 0.8278933183542263, 0.3506567618435874, 0.3506567618435874, 0.48139617500657883, 0.7286787735615633, 0.34495203545580577, 0.4887035796279548, 0.809452867872629, 0.39968843849703817, 0.42471489859001205, 0.5833629271608796, 0.8470754775015029, 0.47220278525402576, 0.4042933252832503, 0.5173172306168706, 0.47020579651545186, 0.6532013722223369, 0.8772696848265286, 0.5100661290993824, 0.4540516832187098, 0.5173172306168706, 0.9015021919540231, 0.3506567618435874, 0.3506567618435874, 0.5173172306168706, 0.5662676920529206, 0.7163155330575063, 0.9209501077533354, 0.3506567618435874, 0.34109212815597323, 0.48307903170048183, 0.5962948010089772, 0.936558126640824, 0.3995983538989929, 0.39922132561233764, 0.48307903170048183, 0.605821596831698, 0.6013093199557543, 0.5149313528517124, 0.936558126640824, 0.48307903170048183, 0.6776995166535191, 0.48307903170048183, 0.6571443150509712, 0.4083085733309923, 0.48307903170048183, 0.4856306190937531, 0.936558126640824, 0.48307903170048183, 0.6187206605513842, 0.48307903170048183, 0.6983969385158347, 0.9490844176894936, 0.5692091930846384, 0.5385463213052838, 0.43374213430028974, 0.54791181510115, 0.7532904064895698, 0.9591374531558816, 0.5760277267545976, 0.5760277267545976, 0.7236451789738245, 0.608196228679817, 0.782963651672341, 0.9672055653924394, 0.5760277267545976, 0.5660595425805417, 0.5487412742754114, 0.6662493586004133, 0.8225397478956598, 0.9736806678905192, 0.4769582320009082, 0.4769582320009082, 0.5985914005559871, 0.8547948112980613, 0.9788772927181539, 0.4769582320009082, 0.5515178151244334, 0.8810769889367722, 0.9830478691078246, 0.5671776193729312, 0.5908535948394966, 0.7273904771600964, 0.8041607123047099, 0.716913618197199, 0.6073956790437504, 0.6073956790437504, 0.5809225131740907, 0.5985914005559871, 0.8104576373179129, 0.716913618197199, 0.6073956790437504, 0.6186550568785696, 0.7327927125322885, 0.5985914005559871, 0.5946499929076361, 0.6103374104932344, 0.785551499054817, 0.632260108219569, 0.6337890720186261, 0.7090056269905365, 0.9863949853609706, 0.6587804367776761, 0.7226975481011092, 0.9890812296987608, 0.7243371733168745, 0.7358113866361653, 0.8278933183542263, 0.7616559137434049, 0.8057890520044846, 0.9912370880844764, 0.8071049411516894, 0.8105642452239794, 0.8618749502255029, 0.8313058954548116, 0.8621109652335578, 0.9929672826590638, 0.6756051153978105, 0.682049075076701, 0.7659381885057006, 0.9943558586832434, 0.7160697974307488, 0.7444406833938177, 0.8337312451568021, 0.8618749502255029, 0.8861178301281657, 0.9954702670875042, 0.7427733831679973, 0.7705191843946978, 0.9074789762706382, 0.9963646409423464, 0.8604354533440967, 0.8600479292801058, 0.8891470732410358, 0.7834755877374433, 0.7255662210982259, 0.7667857451598823, 0.7770240641204876, 0.878459990823352, 0.9110344474728497, 0.8918195688008695, 0.8949033929617601, 0.9286002655241478, 0.7862562357891977, 0.7818142483987757, 0.7980114880611964, 0.9426977977609207, 0.9056251868832118, 0.9122102554657173, 0.9540118404423639, 0.9191161014499286, 0.9335918848565075, 0.9970824250053228, 0.8061259637491097, 0.805594104202562, 0.8434458011753464, 0.9976584860767345, 0.9340300046628758, 0.9458155650537539, 0.9981208066758013, 0.946097755508782, 0.9469167960027464, 0.963091980118414, 0.8282886407433655, 0.8520631534287874, 0.9538078893079667, 0.9703792901328804, 0.9582559051070979, 0.9582559051070979, 0.8680340809953835, 0.9762277560311541, 0.8556013875704873, 0.8556013875704873, 0.9080248826515622, 0.9582559051070979, 0.9080248826515622, 0.9610434877544369, 0.9809214706247927, 0.8556013875704873, 0.8652444380792231, 0.9250359512392163, 0.998491844308665, 0.8757658593673165, 0.8742647637701513, 0.8958790518182176, 0.9987896223554987, 0.9639084292249758, 0.9700170949766913, 0.9990286055672332, 0.9701629651399494, 0.9701629651399494],"StateValue_V1_record" => [0.0, 0.0, 0.0, 0.0, 0.0, 0.0, 0.0, 0.01672791749539798, 0.197445163350583, 0.0, 0.1355515953528167, 0.07356049633890632, 0.044899729702436025, 0.07356049633890632, 0.12051624046486566, 0.0, 0.1355515953528167, 0.3559057341706276, 0.0, 0.197445163350583, 0.0, 0.11519658823904619, 0.1355515953528167, 0.3559057341706276, 0.0, 0.11519658823904619, 0.17955257258798665, 0.3559057341706276, 0.2564058806048299, 0.15928891483158203, 0.1586178647367174, 0.3559057341706276, 0.0, 0.15928891483158203, 0.48307903170048183, 0.2564058806048299, 0.48307903170048183, 0.24578362076175977, 0.48307903170048183, 0.48307903170048183, 0.22858428031671113, 0.48307903170048183, 0.22129412807261306, 0.48307903170048183, 0.0, 0.16147378384972694, 0.27491782666233777, 0.16147378384972694, 0.48307903170048183, 0.3349031508137122, 0.5851425767257217, 0.0, 0.22346717863065338, 0.6670541684313135, 0.0, 0.12483847835429758, 0.27491782666233777, 0.7327927125322885, 0.0, 0.22874529840192415, 0.43385271170900147, 0.785551499054817, 0.0, 0.3506567618435874, 0.3969546870062617, 0.8278933183542263, 0.32669126416825117, 0.42764103429667266, 0.7625743146438624, 0.0, 0.39968843849703817, 0.5285262041085045, 0.809452867872629, 0.0, 0.47220278525402576, 0.5173172306168706, 0.4373059984165931, 0.6063269511562324, 0.8470754775015029, 0.0, 0.5100661290993824, 0.5173172306168706, 0.8772696848265286, 0.0, 0.3506567618435874, 0.5173172306168706, 0.5409983193313643, 0.6716312607487405, 0.9015021919540231, 0.0, 0.3506567618435874, 0.48307903170048183, 0.5173172306168706, 0.9209501077533354, 0.0, 0.3995983538989929, 0.48307903170048183, 0.605821596831698, 0.6007875492621516, 0.605821596831698, 0.936558126640824, 0.48307903170048183, 0.7281861185772374, 0.48307903170048183, 0.6320939922364898, 0.408323169833438, 0.48307903170048183, 0.5537340770371767, 0.936558126640824, 0.48307903170048183, 0.658664966871174, 0.48307903170048183, 0.6407138759839344, 0.936558126640824, 0.0, 0.5692091930846384, 0.415551385977474, 0.5096940013913555, 0.7060427145811308, 0.9490844176894936, 0.0, 0.5760277267545976, 0.7594265610507115, 0.5804961558309553, 0.7405527019726038, 0.9591374531558816, 0.0, 0.5760277267545976, 0.5276246506844924, 0.6370888207098725, 0.7878882521938136, 0.9672055653924394, 0.0, 0.4769582320009082, 0.5985914005559871, 0.8264920098627339, 0.9736806678905192, 0.0, 0.4769582320009082, 0.8579667182554422, 0.9788772927181539, 0.0, 0.5671776193729312, 0.6898122540551591, 0.8836226182068202, 0.6788886552010984, 0.0, 0.6073956790437504, 0.5809225131740907, 0.5985914005559871, 0.8664580840216258, 0.716913618197199, 0.0, 0.6073956790437504, 0.716913618197199, 0.0, 0.5985914005559871, 0.5809225131740907, 0.7327927125322885, 0.0, 0.632260108219569, 0.6425402282036576, 0.9830478691078246, 0.0, 0.6587804367776761, 0.9863949853609706, 0.0, 0.7243371733168745, 0.785551499054817, 0.0, 0.7616559137434049, 0.9890812296987608, 0.0, 0.8071049411516894, 0.8278933183542263, 0.0, 0.8313058954548116, 0.9912370880844764, 0.0, 0.6756051153978105, 0.7110486340735298, 0.9929672826590638, 0.0, 0.7160697974307488, 0.8631670384331415, 0.8618749502255029, 0.8604546942998703, 0.9943558586832434, 0.0, 0.7427733831679973, 0.8867980408203137, 0.9954702670875042, 0.0, 0.8604354533440967, 0.8618749502255029, 0.0, 0.7834755877374433, 0.7667857451598823, 0.7533545308214763, 0.8766942409929506, 0.8891470732410358, 0.0, 0.8918195688008695, 0.9110344474728497, 0.0, 0.7862562357891977, 0.7667857451598823, 0.9286002655241478, 0.0, 0.9056251868832118, 0.9426977977609207, 0.0, 0.9191161014499286, 0.9963646409423464, 0.0, 0.8061259637491097, 0.8066163156304157, 0.9970824250053228, 0.0, 0.9340300046628758, 0.9976584860767345, 0.0, 0.946097755508782, 0.9540118404423639, 0.0, 0.8282886407433655, 0.9524591160985311, 0.963091980118414, 0.0, 0.9582559051070979, 0.8437974163449792, 0.9703792901328804, 0.0, 0.8556013875704873, 0.9080248826515622, 0.9582559051070979, 0.9080248826515622, 0.9582559051070979, 0.9762277560311541, 0.0, 0.8556013875704873, 0.9080248826515622, 0.9981208066758013, 0.0, 0.8757658593673165, 0.8716038575884693, 0.998491844308665, 0.0, 0.9639084292249758, 0.9987896223554987, 0.0, 0.9701629651399494, 0.0])