DateTime of fitting: 2020-02-09T16:29:42.236
DATA_STATS
nr_subjects: 1
all_subject_ids: [1]
nr_puzzles: 1
nr_episodes: 53
nr_actions: 186
max_state_id: 7
max_action_id: 2
SUBJECT_SIGNALS
subject_id: 1
algorithm_name: Sarsa-Lambda (ReplTrc)
param_string: alpha=0.0404, gamma=0.9042,
                lambda=0.5057, temp=0.0738,
                reward_magnitude=1.0,
                action_cost=0.0,
                initQSA=nothing, use_replacing_trace=true
param_vector: [0.040407618490792205, 0.9042347222747026, 0.5057301114823718, 0.07384975617720511, 1.0, 0.0, 0.0]
LL: -79.174
RPE
[0.0, 0.0, 0.0, 1.0, 0.0, 0.0, 0.003, 0.004, 0.008, -0.018, -0.0, 0.0, 1.0, 0.004, 0.026, 0.96, 0.026, 0.043, 0.921, 0.03, 0.058, 0.884, 0.037, 0.071, -0.152, -0.0, 0.008, 0.008, 0.114, -0.145, -0.0, 0.008, 0.009, 0.107, 0.859, -0.01, 0.0, 0.037, -0.023, -0.017, 0.019, 0.035, -0.049, 0.017, 0.119, 0.825, 0.021, 0.033, 0.12, 0.791, -0.027, 0.0, 0.053, 0.158, 0.759, 0.024, 0.041, 0.157, 0.729, -0.008, 0.004, 0.088, 0.164, 0.699, -0.005, 0.005, 0.099, 0.17, 0.671, 0.055, 0.242, 0.644, 0.016, -0.035, 0.01, 0.014, -0.044, 0.014, 0.111, 0.198, 0.618, 0.121, 0.202, 0.593, -0.027, 0.01, 0.137, 0.204, 0.569, 0.149, 0.206, 0.546, 0.156, 0.208, 0.524, 0.047, 0.348, 0.503, -0.023, 0.073, 0.343, 0.482, 0.189, 0.245, 0.463, 0.089, 0.355, 0.444, -0.047, 0.039, 0.177, 0.259, 0.426, 0.081, 0.364, 0.409, 0.201, 0.272, 0.392, 0.21, 0.268, 0.377, -0.016, 0.946, 0.001, 0.908, 0.479, 0.361, 0.217, 0.277, -0.359, 0.259, 0.357, -0.008, 0.871, 0.455, 0.342, 0.224, 0.272, 0.328, 0.454, 0.315, 0.223, 0.278, 0.302, -0.041, 0.836, 0.439, 0.29, -0.047, 0.802, 0.414, 0.278, -0.053, 0.77, 0.39, 0.267, -0.057, 0.739, 0.259, 0.303, 0.256, -0.042, 0.709, 0.033, 0.296, 0.246, -0.036, 0.68, 0.354, 0.236, 0.252, 0.297, 0.226, -0.041, 0.653, 0.201, -0.028, 0.626, 0.081, 0.168, 0.601, 0.007, 0.577, 0.321, 0.217]
SPE
Float64[]
action_selection_prob
[0.5, 0.5, 0.5, 0.5, 0.487, 0.367, 0.5, 0.513, 0.529, 0.562, 0.367, 0.499, 0.44, 0.516, 0.535, 0.563, 0.5, 0.597, 0.686, 0.545, 0.656, 0.783, 0.578, 0.711, 0.854, 0.44, 0.417, 0.394, 0.56, 0.844, 0.435, 0.42, 0.398, 0.565, 0.834, 0.533, 0.289, 0.469, 0.624, 0.429, 0.38, 0.565, 0.71, 0.428, 0.618, 0.889, 0.427, 0.461, 0.717, 0.926, 0.555, 0.233, 0.472, 0.677, 0.951, 0.441, 0.496, 0.754, 0.967, 0.511, 0.266, 0.49, 0.8, 0.978, 0.476, 0.282, 0.46, 0.839, 0.985, 0.485, 0.702, 0.989, 0.526, 0.532, 0.241, 0.504, 0.529, 0.129, 0.474, 0.867, 0.992, 0.481, 0.89, 0.995, 0.527, 0.243, 0.508, 0.913, 0.996, 0.466, 0.931, 0.997, 0.555, 0.945, 0.998, 0.485, 0.739, 0.998, 0.603, 0.467, 0.796, 0.999, 0.38, 0.957, 0.999, 0.433, 0.841, 0.999, 0.479, 0.034, 0.475, 0.964, 0.999, 0.528, 0.878, 1.0, 0.472, 0.97, 1.0, 0.472, 0.976, 1.0, 0.427, 0.512, 0.484, 0.638, 0.541, 1.0, 0.472, 0.981, 1.0, 0.982, 1.0, 0.626, 0.743, 0.674, 1.0, 0.514, 0.986, 1.0, 0.743, 1.0, 0.571, 0.989, 1.0, 0.801, 0.824, 0.829, 1.0, 0.869, 0.881, 0.887, 1.0, 0.914, 0.92, 0.926, 1.0, 0.943, 0.946, 0.375, 0.991, 1.0, 0.951, 0.963, 0.957, 0.993, 1.0, 0.962, 0.975, 0.967, 1.0, 0.566, 0.994, 1.0, 0.974, 0.982, 0.623, 0.978, 0.988, 0.337, 0.907, 0.991, 0.981, 0.994, 0.983, 1.0]
results_dict
Dict{String,Any}("trialByTrial_Qsa" => [0.0, 0.0, 0.0, 0.0, 0.0, 0.0, 0.0, 0.003864232351407688, 0.008450127070294617, 0.018478352492989753, 9.594507862246095e-5, 0.0, 0.0, 0.004822006847164065, 0.010210832647165893, 0.040407618490792205, 0.0, 0.029006335912427038, 0.079182461349487, 0.013595403862944458, 0.04774261654861475, 0.11639050515090724, 0.023319613896813578, 0.06639377180680775, 0.152095060513611, 0.0005791802698041757, 0.00012111940914231431, 0.008542195236784032, 0.018478352492989753, 0.1462582782830755, 0.0009521252100840234, 0.0009780387377575658, 0.009758093766619728, 0.020430991134250665, 0.14067944387176642, 0.00962790996203045, 0.0, 0.0, 0.040617509939782734, 0.019341006877546633, 0.0030981330756792184, 0.024876663438652476, 0.06655437984036472, 0.019139775370575953, 0.03960437398984294, 0.17540254106509148, 0.005676807687700685, 0.02897984430780481, 0.06907118452604723, 0.20872256059420996, 0.027454150337764067, 0.0005051367437014355, 0.0011046099933915794, 0.05965011114482111, 0.24069619748609006, 0.011193728207556458, 0.039230128843210206, 0.08852798490686437, 0.27137785585667995, 0.012575184148897078, 0.005060569198203338, 0.009469867439227222, 0.10833011309357014, 0.30081974148116625, 0.014932421382892658, 0.010922093374370457, 0.017070154190226887, 0.12786379368183948, 0.32907195062368877, 0.017485598782074233, 0.0800650263710133, 0.35618255527765813, 0.029616702140628868, 0.04993505377905541, 0.016952046411423786, 0.029857375463325692, 0.04884230834814693, 0.00577056453768659, 0.021978102518030777, 0.14711838889559023, 0.38219768496171524, 0.029801406086637314, 0.1665543823031262, 0.4071616052105105, 0.04341783949941431, 0.01789115546765913, 0.031023293734400773, 0.18565585239726398, 0.43111679289385785, 0.03535348230531063, 0.2044180991424303, 0.45410400849242116, 0.045133156145066806, 0.22283734853905504, 0.47616236545291213, 0.045455580895046255, 0.10174066313467345, 0.4973293967408099, 0.05971637148604245, 0.040407618490792205, 0.12508949724425333, 0.5176411187038437, 0.028771123603749612, 0.2409106854598557, 0.5371320923549041, 0.04484541437376354, 0.14786168253669058, 0.5558354821786584, 0.058744216355454744, 0.01245696920339552, 0.05754495727230238, 0.25935481192752297, 0.5737831125619298, 0.07309234746243316, 0.1704034737132201, 0.5910055219438602, 0.049817054297690656, 0.2777155586373825, 0.6075320147779935, 0.058013618705629925, 0.2959438836211142, 0.6233907113946942, 0.06488538050575296, 0.0537590507099595, 0.08171273728151789, 0.0919943939892365, 0.09855065638373305, 0.638608595848746, 0.06628701879955923, 0.31372204742493726, 0.6532115618335416, 0.31827092310133526, 0.6434790503187856, 0.12457983960456047, 0.12868473810442002, 0.1403482148330005, 0.657885212837479, 0.07878330705749186, 0.3353346542616663, 0.6717092566372007, 0.16503658662026702, 0.6849747037490633, 0.09565340998600456, 0.3523937453603214, 0.69770412573492, 0.18921658598913108, 0.16389251279230133, 0.2030089832325964, 0.7099191820935639, 0.22610509626578357, 0.19767762515268494, 0.23901706292284364, 0.7216406571150241, 0.26086986058456346, 0.23009756158214162, 0.27296255761421434, 0.7328884952456678, 0.2936468303503234, 0.2612074855888611, 0.07461254744759306, 0.36923297665088234, 0.7436818350242823, 0.30497692147101174, 0.2910603316550395, 0.3163883216239466, 0.38622211462880784, 0.7540390416468811, 0.3252563120550069, 0.3197068953065114, 0.33636561636066886, 0.7639777382156435, 0.11236459520865716, 0.4027118092083186, 0.7735148357251597, 0.35504938237677036, 0.3471959195428825, 0.12993533973329455, 0.3654512609728371, 0.3735741777752261, 0.0928577673097725, 0.19266956231687463, 0.3988865534124656, 0.3759092057255995, 0.4231761162318599, 0.3868403619562475, 0.7826665618370018],"StateValue_V2_record" => [0.0, 0.0, 0.0, 0.0, 1.0, 0.0034941730670800517, 0.03653797168380363, 0.0, 0.0034941730670800517, 0.007640898304593799, 0.01670876793459265, 0.03653797168380363, 0.00018956266112144193, 0.016036245260034252, 1.0, 0.0043602260222521125, 0.009232989422903518, 0.03653797168380363, 1.0, 0.0, 0.026228536097980194, 0.07159953094738075, 1.0, 0.012293436236222, 0.04317053161550428, 0.10524433610054294, 1.0, 0.02108640459553852, 0.060035553810498785, 0.1375296348028791, 0.01670876793459265, 0.02245674088447874, 0.03653797168380363, 0.01670876793459265, 0.13225181364367294, 0.01843365297007275, 0.022490626945449954, 0.03653797168380363, 0.018474411594076062, 0.1272072378591463, 1.0, 0.008705890490602447, 0.060180781171117255, 0.008354106189035567, 0.03672776281988941, 0.03653797168380363, 0.03560633124273553, 0.02249434285557117, 0.060180781171117255, 0.03653797168380363, 0.03581165011556909, 0.1586050680062701, 1.0, 0.024824996005956022, 0.03653797168380363, 0.06245656335709505, 0.18873418661137023, 1.0, 0.024824996005956022, 0.08005007784579757, 0.008562982953887877, 0.05393770168469246, 0.2176458592864116, 1.0, 0.02601584896136767, 0.03653797168380363, 0.08005007784579757, 0.24538928012206926, 1.0, 0.011370918146431193, 0.07239757688450996, 0.011137163095969481, 0.09795584972715152, 0.2720116553929702, 1.0, 0.0198733634265165, 0.07239757688450996, 0.02601584896136767, 0.11561888196888799, 0.29755828388060584, 1.0, 0.0198733634265165, 0.07239757688450996, 0.3220726339505871, 1.0, 0.026780450434824132, 0.04515300948567651, 0.09199744027362551, 0.026998075609931827, 0.04416491112444203, 0.1330295555245057, 0.026836857973630446, 0.1330295555245057, 0.34559641751539083, 1.0, 0.03196784625378617, 0.15060425562550195, 0.36816966100844806, 1.0, 0.03925991804152051, 0.09199744027362551, 0.028052339393972402, 0.16787646813111318, 0.389830773490338, 1.0, 0.04110251456646743, 0.1848419431059781, 0.4106166120029736, 1.0, 0.04081096691221527, 0.20149726796864353, 0.4305625442829794, 1.0, 0.04504631025741609, 0.09199744027362551, 0.44970250894097163, 1.0, 0.05399761658593456, 0.04533582971625567, 0.1131102668001396, 0.46806907320913643, 1.0, 0.05867161402130793, 0.21783980675980083, 0.48569348835536663, 1.0, 0.05867161402130793, 0.13370166744363465, 0.5026057428582446, 1.0, 0.05867161402130793, 0.23451762633389145, 0.05867161402130793, 0.23451762633389145, 0.518834613433351, 1.0, 0.06609263850809931, 0.15408473772771816, 0.5344077139977221, 1.0, 0.052457928398435764, 0.25112005103583745, 0.5493515426557695, 1.0, 0.059939024034637425, 0.2676027354150351, 0.5636915267866105, 1.0, 0.07825908376230471, 0.04861080028847188, 1.0, 0.07825908376230471, 0.08318452529968684, 1.0, 0.08911292540513449, 0.5774520663095286, 1.0, 0.06746725611948239, 0.2836783684247392, 0.5906565752011772, 0.2877916197586491, 0.5818561003545965, 1.0, 0.11264941666585673, 0.11636120842084308, 1.0, 0.12690772906126851, 0.5948826527187314, 1.0, 0.07123860177701376, 0.30322123796538125, 0.6073828331246861, 1.0, 0.14923181206774205, 0.6193779110097309, 1.0, 0.0864931346133231, 0.3186466604672325, 0.6308882963638296, 1.0, 0.17109620708164933, 0.14819730078764973, 1.0, 0.18356777157259654, 0.6419335744578577, 1.0, 0.20445207892678569, 0.17874697247986082, 1.0, 0.21612752751095263, 0.6525325391685377, 1.0, 0.23588758593552311, 0.2080622046933141, 1.0, 0.2468222224756816, 0.6627032249567911, 1.0, 0.2655256600886714, 0.2361928781875172, 1.0, 0.10160396854200948, 0.33387327809657236, 0.6724629375539231, 1.0, 0.27577072188653406, 0.26318685815927745, 1.0, 0.2860893061345886, 0.3492354465577284, 0.6818282834078504, 1.0, 0.29410805099915316, 0.2890900756867908, 1.0, 0.30415346969264856, 0.6908151979394779, 1.0, 0.10160396854200948, 0.364146000956227, 0.6994389726573019, 1.0, 0.3210479796672636, 0.31394660588276835, 1.0, 0.11749204583740472, 0.3304537194707132, 0.33779874288958195, 1.0, 0.12914299721386352, 0.17421850817238763, 0.36068707184403415, 1.0, 0.3399101562397915, 0.3826505379342031, 1.0, 0.3497944872581529, 0.7077142811763777, 1.0],"final_QSA" => Dict{Int64,Any}(1 => [0.0 0.0; 0.7914484884915844 0.02159883694576932; 0.44648419566354 0.05013723605106467; 0.024754166828331387 0.21056633589594156; 0.021139708653076433 0.41888691992472327; 0.08654731104047333 0.40382207674662907; 0.10432953286004179 0.1428202147435679]),"trialByTrial_Vs" => [0.0, 0.0, 0.0, 0.0, 0.003864232351407688, 0.040407618490792205, 0.0, 0.003864232351407688, 0.008450127070294617, 0.018478352492989753, 0.040407618490792205, 0.0002096387768040759, 0.01773460459436163, 0.004822006847164065, 0.010210832647165893, 0.040407618490792205, 0.0, 0.029006335912427038, 0.079182461349487, 0.013595403862944458, 0.04774261654861475, 0.11639050515090724, 0.023319613896813578, 0.06639377180680775, 0.152095060513611, 0.018478352492989753, 0.024835079135189942, 0.040407618490792205, 0.018478352492989753, 0.1462582782830755, 0.020385915864523377, 0.024872553985620337, 0.040407618490792205, 0.020430991134250665, 0.14067944387176642, 0.00962790996203045, 0.06655437984036472, 0.009238869049421027, 0.040617509939782734, 0.040407618490792205, 0.03937731029965744, 0.024876663438652476, 0.06655437984036472, 0.040407618490792205, 0.03960437398984294, 0.17540254106509148, 0.027454150337764067, 0.040407618490792205, 0.06907118452604723, 0.20872256059420996, 0.027454150337764067, 0.08852798490686437, 0.009469867439227222, 0.05965011114482111, 0.24069619748609006, 0.028771123603749612, 0.040407618490792205, 0.08852798490686437, 0.27137785585667995, 0.012575184148897078, 0.0800650263710133, 0.012316672675378705, 0.10833011309357014, 0.30081974148116625, 0.021978102518030777, 0.0800650263710133, 0.028771123603749612, 0.12786379368183948, 0.32907195062368877, 0.021978102518030777, 0.0800650263710133, 0.35618255527765813, 0.029616702140628868, 0.04993505377905541, 0.10174066313467345, 0.029857375463325692, 0.04884230834814693, 0.14711838889559023, 0.029679083663276453, 0.14711838889559023, 0.38219768496171524, 0.03535348230531063, 0.1665543823031262, 0.4071616052105105, 0.04341783949941431, 0.10174066313467345, 0.031023293734400773, 0.18565585239726398, 0.43111679289385785, 0.045455580895046255, 0.2044180991424303, 0.45410400849242116, 0.045133156145066806, 0.22283734853905504, 0.47616236545291213, 0.049817054297690656, 0.10174066313467345, 0.4973293967408099, 0.05971637148604245, 0.05013723605106467, 0.12508949724425333, 0.5176411187038437, 0.06488538050575296, 0.2409106854598557, 0.5371320923549041, 0.06488538050575296, 0.14786168253669058, 0.5558354821786584, 0.06488538050575296, 0.25935481192752297, 0.06488538050575296, 0.25935481192752297, 0.5737831125619298, 0.07309234746243316, 0.1704034737132201, 0.5910055219438602, 0.058013618705629925, 0.2777155586373825, 0.6075320147779935, 0.06628701879955923, 0.2959438836211142, 0.6233907113946942, 0.08654731104047333, 0.0537590507099595, 0.08654731104047333, 0.0919943939892365, 0.09855065638373305, 0.638608595848746, 0.07461254744759306, 0.31372204742493726, 0.6532115618335416, 0.31827092310133526, 0.6434790503187856, 0.12457983960456047, 0.12868473810442002, 0.1403482148330005, 0.657885212837479, 0.07878330705749186, 0.3353346542616663, 0.6717092566372007, 0.16503658662026702, 0.6849747037490633, 0.09565340998600456, 0.3523937453603214, 0.69770412573492, 0.18921658598913108, 0.16389251279230133, 0.2030089832325964, 0.7099191820935639, 0.22610509626578357, 0.19767762515268494, 0.23901706292284364, 0.7216406571150241, 0.26086986058456346, 0.23009756158214162, 0.27296255761421434, 0.7328884952456678, 0.2936468303503234, 0.2612074855888611, 0.11236459520865716, 0.36923297665088234, 0.7436818350242823, 0.30497692147101174, 0.2910603316550395, 0.3163883216239466, 0.38622211462880784, 0.7540390416468811, 0.3252563120550069, 0.3197068953065114, 0.33636561636066886, 0.7639777382156435, 0.11236459520865716, 0.4027118092083186, 0.7735148357251597, 0.35504938237677036, 0.3471959195428825, 0.12993533973329455, 0.3654512609728371, 0.3735741777752261, 0.1428202147435679, 0.19266956231687463, 0.3988865534124656, 0.3759092057255995, 0.4231761162318599, 0.3868403619562475, 0.7826665618370018],"RPE_QV" => [0.0, 0.0, 0.0, 1.0, 0.03653797168380363, 0.0, 0.0034941730670800517, 0.003776665953186111, 0.008258640864298032, 0.018059619190813874, 9.377089130709567e-5, 0.016036245260034252, 1.0, 0.004410982575739453, 0.026327139036637734, 0.9595923815092078, 0.026228536097980194, 0.042593195034953714, 0.920817538650513, 0.02957512775255982, 0.05750171955192819, 0.8836094948490928, 0.03671593991368521, 0.07113586299607136, -0.13538629257901835, 0.02187920168762867, 0.036416852274661314, 0.008166572697808617, 0.11359195473636703, -0.12539909072281757, 0.021538506461994254, 0.03555993294604606, 0.008702412408926379, 0.10660590318887976, 0.8593205561282335, 0.0505528712090868, 0.008354106189035567, 0.03672776281988941, -0.004079538255979107, 0.016541680158217886, 0.01939620977989195, 0.03530411773246478, -0.030016408156561092, 0.016659701352958276, 0.11900069401642717, 0.8245974589349085, 0.03086116399610294, 0.03347671904929024, 0.119663002085323, 0.79127743940579, 0.052595927508033505, 0.008057846210186442, 0.05283309169130088, 0.1579957481415905, 0.7593038025139099, 0.02534424347624717, 0.04081994900258736, 0.1568612952152049, 0.72862214414332, 0.05982239273561288, 0.006018072879111484, 0.0884859822879243, 0.16368154229940002, 0.6991802585188338, 0.0574651555016173, 0.015093755586997213, 0.09854872777866111, 0.16969449019876637, 0.6709280493763112, 0.05491197810243573, 0.2420076075795738, 0.6438174447223419, 0.015536307345047639, 0.0420623864945701, 0.010046029198508041, 0.014199042223464211, 0.08418724717635878, 0.02105598839529365, 0.11105145300647493, 0.1984780286198006, 0.6178023150382848, 0.12080284953886464, 0.20161527870532187, 0.5928383947894895, 0.0485796007742112, 0.010161183926313273, 0.1368531743967124, 0.20417492109307403, 0.5688832071061422, 0.14948846080066747, 0.2061985128605433, 0.5458959915075788, 0.15636411182357673, 0.20772519574392437, 0.5238376345470879, 0.046541859378579256, 0.3479618458062982, 0.5026706032591901, -0.01438054176978678, 0.07270264830934739, 0.3429795759648831, 0.48235888129615634, 0.18906868315605121, 0.24478280289551094, 0.4628679076450959, 0.0888562530698711, 0.354744060321554, 0.4441645178213416, 0.1757734099784367, 0.04621464481791241, 0.17697266906158907, 0.25947980150582806, 0.4262168874380702, 0.080992390265285, 0.36400424028450207, 0.40899447805613975, 0.2013029967381468, 0.27163598401838696, 0.39246798522200654, 0.20958911670940517, 0.2677476431654963, 0.37660928860530585, -0.01627458021728108, 0.9462409492900405, 0.001471788018168954, 0.9080056060107635, 0.47890140992579555, 0.36139140415125404, 0.21739134962517997, 0.27693452777623995, -0.35941456747464656, 0.25925337281070676, 0.3565209496812144, -0.008218631183717393, 0.87131526189558, 0.4545344378857309, 0.342114787162521, 0.22443793090788938, 0.2720481788630198, 0.3282907433627993, 0.45434132438946395, 0.31502529625093667, 0.22299325048122792, 0.2784945510035082, 0.30229587426508, -0.04101928520148135, 0.8361074872076987, 0.4389245912252613, 0.29008081790643614, -0.047358123785922746, 0.8023223748473151, 0.41351547624569407, 0.2783593428849759, -0.05280765589124936, 0.7699024384178583, 0.3897406673425768, 0.2671115047543322, -0.057453952162806216, 0.7387925144111389, 0.2592607306489793, 0.3032299609030407, 0.2563181649757177, -0.04179006331173429, 0.7089396683449605, 0.032847124933781835, 0.29560616877904256, 0.24596095835311893, -0.03616623636821609, 0.6802931046934886, 0.354449581578809, 0.23602226178435648, 0.25178140574756985, 0.2967271634489833, 0.22648516427484033, -0.041102776494002013, 0.6528040804571176, 0.20051837973741868, -0.02765251808325514, 0.6264258222247738, 0.08136074086261513, 0.16801750952715952, 0.6011134465875344, 0.006741332208603623, 0.5768238837681401, 0.3208739192201302, 0.21733343816299822],"StateValue_V3_record" => [0.0, 0.0, 0.0, 0.0, 0.040407618490792205, 0.003864232351407688, 0.003864232351407688, 0.040407618490792205, 0.000141191212235372, 0.004016838428411196, 0.008783839079591639, 0.017736377501344384, 0.040407618490792205, 0.0002096387768040759, 0.040407618490792205, 0.004822006847164065, 0.005000244148254077, 0.011274649637312393, 0.079182461349487, 0.0, 0.0010598326802191552, 0.030727425487703353, 0.11639050515090724, 0.013595403862944458, 0.014790464341986337, 0.050066124094833596, 0.152095060513611, 0.023319613896813578, 0.02480321758937662, 0.06926820261976627, 0.14597042340634098, 0.018478352492989753, 0.024848514514619835, 0.040407618490792205, 0.02306833286360021, 0.1403924911262912, 0.02038534429334716, 0.02487283080354346, 0.040407618490792205, 0.024738681799173247, 0.17540254106509148, 0.00962790996203045, 0.009238869049421027, 0.06655437984036472, 0.009549223312256733, 0.03968293425571808, 0.040407618490792205, 0.03954121073697962, 0.026303218759139924, 0.06457133352842241, 0.040407618490792205, 0.04441290863379823, 0.20872256059420996, 0.027454150337764067, 0.027454150337764067, 0.040407618490792205, 0.07390648146177384, 0.24069619748609006, 0.027454150337764067, 0.026363250176964656, 0.08852798490686437, 0.009469867439227222, 0.06603434305889379, 0.27137785585667995, 0.028771123603749612, 0.028771123603749612, 0.04087956576932035, 0.09486637627989189, 0.30081974148116625, 0.012575184148897078, 0.01225195383942487, 0.0800650263710133, 0.013064390469651504, 0.11494409440878876, 0.32907195062368877, 0.021978102518030777, 0.021978102518030777, 0.0800650263710133, 0.028771123603749612, 0.1347207439017807, 0.35618255527765813, 0.021978102518030777, 0.021978102518030777, 0.08984397744995808, 0.38219768496171524, 0.029616702140628868, 0.030244487320583244, 0.048536690568397274, 0.10174066313467345, 0.030431124944426083, 0.04707955170988293, 0.14711838889559023, 0.029720121783020297, 0.15513841335486367, 0.4071616052105105, 0.03535348230531063, 0.03535348230531063, 0.17470117556696557, 0.43111679289385785, 0.04341783949941431, 0.04231713453709538, 0.10174066313467345, 0.03655320459467698, 0.19390607471418053, 0.45410400849242116, 0.045455580895046255, 0.045455580895046255, 0.21275008998346787, 0.47616236545291213, 0.045133156145066806, 0.051451457521285465, 0.23123102899960066, 0.4973293967408099, 0.049817054297690656, 0.049817054297690656, 0.1158009726493662, 0.5176411187038437, 0.05971637148604245, 0.05877978754960653, 0.05013723605106467, 0.138948485099976, 0.5371320923549041, 0.06488538050575296, 0.06488538050575296, 0.25080177557236427, 0.5558354821786584, 0.06488538050575296, 0.06488538050575296, 0.1621960451880385, 0.5737831125619298, 0.06488538050575296, 0.06488538050575296, 0.25935481192752297, 0.06488538050575296, 0.26983977275283694, 0.5910055219438602, 0.07309234746243316, 0.07636505706893015, 0.1851120181836669, 0.6075320147779935, 0.058013618705629925, 0.058013618705629925, 0.28869172184796843, 0.6233907113946942, 0.06628701879955923, 0.06648261577344569, 0.3067629282379543, 0.638608595848746, 0.08654731104047333, 0.08654731104047333, 0.0919943939892365, 0.08654731104047333, 0.08654731104047333, 0.12868473810442002, 0.09855065638373305, 0.11790192185071707, 0.6532115618335416, 0.07461254744759306, 0.07507128551841193, 0.32491231217024724, 0.6386884751109929, 0.3287467344823214, 0.657885212837479, 0.12457983960456047, 0.12424774429117229, 0.16389251279230133, 0.1403482148330005, 0.1587148689900138, 0.6717092566372007, 0.07878330705749186, 0.08785230934448063, 0.346327473284278, 0.6849747037490633, 0.16503658662026702, 0.18339543752079773, 0.69770412573492, 0.09565340998600456, 0.10466403617747169, 0.36364704692903566, 0.7099191820935639, 0.18921658598913108, 0.18755909436194462, 0.19767762515268494, 0.2030089832325964, 0.22074488066105366, 0.7216406571150241, 0.22610509626578357, 0.2241914672674023, 0.23009756158214162, 0.23901706292284364, 0.25572623852701787, 0.7328884952456678, 0.26086986058456346, 0.25873602897191683, 0.2612074855888611, 0.27296255761421434, 0.28871104981053997, 0.7436818350242823, 0.2936468303503234, 0.2913252529705405, 0.2910603316550395, 0.11236459520865716, 0.11236459520865716, 0.3814857772260302, 0.7540390416468811, 0.30497692147101174, 0.30328828453600515, 0.3197068953065114, 0.3163883216239466, 0.31771559571679026, 0.3981668559203561, 0.7639777382156435, 0.3252563120550069, 0.3237949205735922, 0.3471959195428825, 0.33636561636066886, 0.3506880798273263, 0.7735148357251597, 0.11236459520865716, 0.12253848219518032, 0.41470184722482006, 0.7826665618370018, 0.35504938237677036, 0.3533885170652884, 0.3735741777752261, 0.12993533973329455, 0.13803780992211595, 0.3643338885718192, 0.3988865534124656, 0.1428202147435679, 0.1428202147435679, 0.19945874974162114, 0.4231761162318599, 0.3759092057255995, 0.3761816069056044, 0.44648419566354, 0.3868403619562475, 0.3998061128677398, 0.7914484884915844],"StateValue_V1_record" => [0.0, 0.0, 0.0, 0.0, 0.0, 0.003864232351407688, 0.040407618490792205, 0.0, 0.003864232351407688, 0.008450127070294617, 0.018478352492989753, 0.040407618490792205, 0.0002096387768040759, 0.01773460459436163, 0.0, 0.004822006847164065, 0.010210832647165893, 0.040407618490792205, 0.0, 0.0, 0.029006335912427038, 0.079182461349487, 0.0, 0.013595403862944458, 0.04774261654861475, 0.11639050515090724, 0.0, 0.023319613896813578, 0.06639377180680775, 0.152095060513611, 0.018478352492989753, 0.024835079135189942, 0.040407618490792205, 0.018478352492989753, 0.1462582782830755, 0.020385915864523377, 0.024872553985620337, 0.040407618490792205, 0.020430991134250665, 0.14067944387176642, 0.0, 0.00962790996203045, 0.06655437984036472, 0.009238869049421027, 0.040617509939782734, 0.040407618490792205, 0.03937731029965744, 0.024876663438652476, 0.06655437984036472, 0.040407618490792205, 0.03960437398984294, 0.17540254106509148, 0.0, 0.027454150337764067, 0.040407618490792205, 0.06907118452604723, 0.20872256059420996, 0.0, 0.027454150337764067, 0.08852798490686437, 0.009469867439227222, 0.05965011114482111, 0.24069619748609006, 0.0, 0.028771123603749612, 0.040407618490792205, 0.08852798490686437, 0.27137785585667995, 0.0, 0.012575184148897078, 0.0800650263710133, 0.012316672675378705, 0.10833011309357014, 0.30081974148116625, 0.0, 0.021978102518030777, 0.0800650263710133, 0.028771123603749612, 0.12786379368183948, 0.32907195062368877, 0.0, 0.021978102518030777, 0.0800650263710133, 0.35618255527765813, 0.0, 0.029616702140628868, 0.04993505377905541, 0.10174066313467345, 0.029857375463325692, 0.04884230834814693, 0.14711838889559023, 0.029679083663276453, 0.14711838889559023, 0.38219768496171524, 0.0, 0.03535348230531063, 0.1665543823031262, 0.4071616052105105, 0.0, 0.04341783949941431, 0.10174066313467345, 0.031023293734400773, 0.18565585239726398, 0.43111679289385785, 0.0, 0.045455580895046255, 0.2044180991424303, 0.45410400849242116, 0.0, 0.045133156145066806, 0.22283734853905504, 0.47616236545291213, 0.0, 0.049817054297690656, 0.10174066313467345, 0.4973293967408099, 0.0, 0.05971637148604245, 0.05013723605106467, 0.12508949724425333, 0.5176411187038437, 0.0, 0.06488538050575296, 0.2409106854598557, 0.5371320923549041, 0.0, 0.06488538050575296, 0.14786168253669058, 0.5558354821786584, 0.0, 0.06488538050575296, 0.25935481192752297, 0.06488538050575296, 0.25935481192752297, 0.5737831125619298, 0.0, 0.07309234746243316, 0.1704034737132201, 0.5910055219438602, 0.0, 0.058013618705629925, 0.2777155586373825, 0.6075320147779935, 0.0, 0.06628701879955923, 0.2959438836211142, 0.6233907113946942, 0.0, 0.08654731104047333, 0.0537590507099595, 0.0, 0.08654731104047333, 0.0919943939892365, 0.0, 0.09855065638373305, 0.638608595848746, 0.0, 0.07461254744759306, 0.31372204742493726, 0.6532115618335416, 0.31827092310133526, 0.6434790503187856, 0.0, 0.12457983960456047, 0.12868473810442002, 0.0, 0.1403482148330005, 0.657885212837479, 0.0, 0.07878330705749186, 0.3353346542616663, 0.6717092566372007, 0.0, 0.16503658662026702, 0.6849747037490633, 0.0, 0.09565340998600456, 0.3523937453603214, 0.69770412573492, 0.0, 0.18921658598913108, 0.16389251279230133, 0.0, 0.2030089832325964, 0.7099191820935639, 0.0, 0.22610509626578357, 0.19767762515268494, 0.0, 0.23901706292284364, 0.7216406571150241, 0.0, 0.26086986058456346, 0.23009756158214162, 0.0, 0.27296255761421434, 0.7328884952456678, 0.0, 0.2936468303503234, 0.2612074855888611, 0.0, 0.11236459520865716, 0.36923297665088234, 0.7436818350242823, 0.0, 0.30497692147101174, 0.2910603316550395, 0.0, 0.3163883216239466, 0.38622211462880784, 0.7540390416468811, 0.0, 0.3252563120550069, 0.3197068953065114, 0.0, 0.33636561636066886, 0.7639777382156435, 0.0, 0.11236459520865716, 0.4027118092083186, 0.7735148357251597, 0.0, 0.35504938237677036, 0.3471959195428825, 0.0, 0.12993533973329455, 0.3654512609728371, 0.3735741777752261, 0.0, 0.1428202147435679, 0.19266956231687463, 0.3988865534124656, 0.0, 0.3759092057255995, 0.4231761162318599, 0.0, 0.3868403619562475, 0.7826665618370018, 0.0])
POPULATION_SIGNALS
subject_id: 1
algorithm_name: Sarsa-Lambda (ReplTrc)
param_string: alpha=0.1974, gamma=0.9961,
                lambda=0.6128, temp=0.2507,
                reward_magnitude=1.0,
                action_cost=0.0,
                initQSA=nothing, use_replacing_trace=true
param_vector: [0.197445163350583, 0.9960525723724495, 0.6127972592361022, 0.2507274927826116, 1.0, 0.0, 0.0]
LL: -87.148
RPE
[0.0, 0.0, 0.0, 1.0, 0.0, 0.0, 0.045, 0.028, 0.046, -0.111, -0.007, 0.0, 1.0, 0.032, 0.1, 0.803, 0.212, 0.142, 0.644, 0.175, 0.163, 0.517, 0.177, 0.17, -0.565, -0.013, 0.071, 0.041, 0.357, -0.443, -0.001, 0.064, 0.041, 0.265, 0.585, -0.106, 0.0, 0.263, -0.083, -0.11, 0.179, 0.131, -0.194, 0.065, 0.279, 0.469, 0.166, 0.13, 0.225, 0.377, -0.256, 0.018, 0.313, 0.334, 0.302, 0.165, 0.139, 0.269, 0.243, -0.044, -0.025, 0.463, 0.234, 0.195, -0.006, 0.053, 0.377, 0.203, 0.156, 0.206, 0.408, 0.125, 0.066, -0.141, 0.085, 0.034, -0.3, 0.128, 0.457, 0.199, 0.101, 0.386, 0.168, 0.081, -0.159, 0.071, 0.411, 0.141, 0.065, 0.465, 0.118, 0.052, 0.373, 0.099, 0.042, 0.08, 0.404, 0.034, -0.371, 0.443, 0.327, 0.027, 0.595, 0.094, 0.022, 0.295, 0.268, 0.017, -0.298, 0.237, 0.424, 0.081, 0.014, 0.194, 0.219, 0.011, 0.447, 0.068, 0.009, 0.386, 0.055, 0.007, -0.248, 0.674, -0.148, 0.541, 0.349, 0.006, 0.376, 0.046, -0.045, 0.034, 0.009, -0.147, 0.434, 0.254, 0.008, 0.309, 0.033, 0.006, 0.206, 0.005, 0.251, 0.028, 0.004, -0.177, 0.348, 0.159, 0.003, -0.148, 0.28, 0.124, 0.003, -0.122, 0.224, 0.097, 0.002, -0.1, 0.18, 0.339, 0.024, 0.002, -0.067, 0.144, 0.048, 0.02, 0.001, -0.054, 0.116, 0.057, 0.001, 0.213, 0.016, 0.001, -0.046, 0.093, 0.141, -0.03, 0.075, 0.11, 0.126, 0.06, -0.007, 0.048, 0.036, 0.001]
SPE
Float64[]
action_selection_prob
[0.5, 0.5, 0.5, 0.5, 0.455, 0.313, 0.5, 0.541, 0.573, 0.618, 0.318, 0.49, 0.404, 0.556, 0.595, 0.554, 0.5, 0.7, 0.701, 0.631, 0.781, 0.795, 0.711, 0.838, 0.854, 0.402, 0.278, 0.384, 0.59, 0.799, 0.398, 0.295, 0.403, 0.596, 0.748, 0.604, 0.178, 0.416, 0.683, 0.485, 0.343, 0.65, 0.806, 0.485, 0.634, 0.824, 0.321, 0.566, 0.812, 0.872, 0.604, 0.139, 0.444, 0.718, 0.901, 0.398, 0.642, 0.819, 0.921, 0.568, 0.207, 0.444, 0.862, 0.934, 0.472, 0.262, 0.476, 0.892, 0.942, 0.519, 0.673, 0.949, 0.615, 0.71, 0.249, 0.585, 0.697, 0.087, 0.387, 0.884, 0.953, 0.5, 0.896, 0.957, 0.601, 0.265, 0.593, 0.911, 0.959, 0.384, 0.922, 0.961, 0.687, 0.93, 0.963, 0.508, 0.671, 0.964, 0.758, 0.301, 0.74, 0.965, 0.239, 0.936, 0.966, 0.345, 0.789, 0.966, 0.432, 0.059, 0.403, 0.915, 0.967, 0.495, 0.823, 0.967, 0.425, 0.919, 0.967, 0.478, 0.923, 0.967, 0.44, 0.419, 0.471, 0.55, 0.507, 0.968, 0.439, 0.926, 0.968, 0.927, 0.967, 0.576, 0.652, 0.598, 0.967, 0.517, 0.929, 0.968, 0.646, 0.968, 0.581, 0.931, 0.968, 0.683, 0.725, 0.689, 0.968, 0.715, 0.776, 0.719, 0.968, 0.739, 0.812, 0.741, 0.968, 0.755, 0.838, 0.368, 0.933, 0.968, 0.757, 0.856, 0.76, 0.934, 0.968, 0.769, 0.869, 0.771, 0.968, 0.565, 0.935, 0.968, 0.779, 0.88, 0.607, 0.78, 0.887, 0.365, 0.847, 0.893, 0.782, 0.897, 0.785, 0.968]
results_dict
Dict{String,Any}("trialByTrial_Qsa" => [0.0, 0.0, 0.0, 0.0, 0.0, 0.0, 0.0, 0.044899729702436025, 0.07356049633890632, 0.12051624046486566, 0.00652188583708801, 0.0, 0.0, 0.06437350617186091, 0.09628768063625887, 0.197445163350583, 0.0, 0.21282773915720066, 0.3559057341706276, 0.14173328011399058, 0.3184242235726541, 0.48307903170048183, 0.23401059898619314, 0.4128553787414899, 0.5851425767257217, 0.02071660990528045, 0.007718214420811402, 0.07879466736153663, 0.12051624046486566, 0.4889479069201106, 0.03357329344923422, 0.03297687512854561, 0.09903735335040577, 0.14145490125976581, 0.4151032427818745, 0.10630973088654855, 0.0, 0.0, 0.26422435176817494, 0.18201843289184955, 0.07205315757811917, 0.2516254324587054, 0.3843887311197477, 0.18272846330315165, 0.2493649373092319, 0.5305882785540336, 0.096248316756976, 0.26364843715300423, 0.39553183947291176, 0.6232713525736108, 0.28434082226518853, 0.02833329481906203, 0.04641923779095016, 0.36104932099237197, 0.6976546019035583, 0.17828776276434338, 0.34424204722788765, 0.4854140471023995, 0.7573512384190073, 0.1707352098489606, 0.12728148130825873, 0.10261341664576151, 0.5677595668338044, 0.805261062786183, 0.2089440881467606, 0.2040991059212265, 0.2582477071340318, 0.6374946722141455, 0.8437113240550841, 0.25533656060848847, 0.46340418402650296, 0.8745697672068743, 0.3544201112057122, 0.4219993610829227, 0.28193307670714945, 0.36857907255840644, 0.40690804462968627, 0.10774786760421773, 0.23657655628970656, 0.696388887352907, 0.8993353600098146, 0.35844439855145377, 0.7478904683347143, 0.9192111062963044, 0.4609082300307233, 0.30347148131375157, 0.37630844730505564, 0.7907368398336756, 0.9351624826105435, 0.3582569580119726, 0.8263380922008847, 0.9479643368227509, 0.4792492596961631, 0.8558849045629691, 0.9582385268388388, 0.4765373952316636, 0.5590215797510562, 0.9664841277289052, 0.5678984754648422, 0.197445163350583, 0.6427590178124266, 0.9731016746043089, 0.2822442220578475, 0.8803802163944324, 0.9784126188559182, 0.41259412806008355, 0.7104668267711856, 0.9826749428522228, 0.5044663649942276, 0.20727115629372075, 0.4741385809204357, 0.9015752948518218, 0.9860956915908239, 0.5685709783284829, 0.7655350561347908, 0.9888410300359506, 0.4680679983952967, 0.919170569900237, 0.9910443146833265, 0.5434993107750627, 0.9336685782775165, 0.9928125714335936, 0.5731874774505927, 0.3261966398003638, 0.6053703411267104, 0.45923585432115266, 0.641329726672503, 0.9942316944409584, 0.5652688868284765, 0.9454386769294868, 0.9953706184743194, 0.9491446536596297, 0.9906012141755313, 0.7109287831725748, 0.5660071193988512, 0.7341767457265498, 0.9924569589779406, 0.6436194651200403, 0.956896158342373, 0.9939462959447013, 0.7853084621249979, 0.9951415705307758, 0.7091662352037074, 0.964166416234245, 0.996100843930954, 0.8265489003143179, 0.6516969146021351, 0.8334934669313103, 0.9968707134379362, 0.8653516823821288, 0.7204676741940286, 0.8698716878528103, 0.9974885759343537, 0.8945942494653863, 0.7756599799245569, 0.8975433192226708, 0.9979844444692378, 0.9168400112113487, 0.8199548318344259, 0.6269928564275065, 0.9701652646691815, 0.9983824061602513, 0.9187697947242479, 0.8555038794733608, 0.9230255948154417, 0.9751534093690374, 0.9987017922401754, 0.935016292465228, 0.8840339395942686, 0.9382368506081292, 0.998958117083377, 0.7624248826499366, 0.979180990121259, 0.9991638318260418, 0.949572946349627, 0.9069308773342017, 0.8064535881050183, 0.951662954461643, 0.9253069254618457, 0.6970390965591158, 0.810199874550346, 0.9400547117651888, 0.9547396278689684, 0.9518906189928089, 0.9592331625586322, 0.9993289291877375],"StateValue_V2_record" => [0.0, 0.0, 0.0, 0.0, 1.0, 0.044722491268939076, 0.19666576285784668, 0.0, 0.044722491268939076, 0.0732701216033618, 0.12004051132768613, 0.19666576285784668, 0.010464779618767912, 0.09742962375985754, 1.0, 0.06411939641511581, 0.09590759198552254, 0.19666576285784668, 1.0, 0.0, 0.21198761705974242, 0.3545008220427588, 1.0, 0.14117379824832527, 0.31716726699524206, 0.481172112184457, 1.0, 0.2330868590826154, 0.41122566201326294, 0.5828327687522985, 0.12004051132768613, 0.24639893320183626, 0.19666576285784668, 0.12004051132768613, 0.48701782044390113, 0.13697718282921714, 0.24989105098364858, 0.19666576285784668, 0.14089651827448058, 0.4134646527730315, 1.0, 0.10589008091776952, 0.3828713844228065, 0.08498259659375407, 0.2631813452621336, 0.19666576285784668, 0.2336385199070856, 0.2506321592748236, 0.3828713844228065, 0.19666576285784668, 0.24838058726635504, 0.5284938197244149, 1.0, 0.2832184074477385, 0.262607704028226, 0.39397050616220053, 0.6208110340170009, 1.0, 0.2832184074477385, 0.4834979102820664, 0.10220835760993668, 0.3596241049277783, 0.6949006608535164, 1.0, 0.28113008341797985, 0.3428831766600957, 0.4834979102820664, 0.7543616492167126, 1.0, 0.17006124496460717, 0.46157492954775425, 0.15840678205120232, 0.5655183770338785, 0.8020823530195502, 1.0, 0.2356426874553778, 0.46157492954775425, 0.28113008341797985, 0.6349782081326311, 0.8403808346648318, 1.0, 0.2543286380148188, 0.46157492954775425, 0.8711174663455814, 1.0, 0.35302106346697926, 0.42033354914617527, 0.5568148825227499, 0.36712413334445243, 0.40530180457244247, 0.693639942619451, 0.35076192182820093, 0.693639942619451, 0.8957852987632788, 1.0, 0.35702946522967105, 0.7449382248376282, 0.9155825869797591, 1.0, 0.4590888281497346, 0.5568148825227499, 0.37482299694368304, 0.7876154633859942, 0.9314709963904378, 1.0, 0.47465629835216516, 0.8230761823860335, 0.9442223162096443, 1.0, 0.47735745792795536, 0.8525063608446938, 0.9544559496042119, 1.0, 0.47465629835216516, 0.5568148825227499, 0.9626690015815191, 1.0, 0.5656567373331485, 0.40689065349624504, 0.6402217731076566, 0.9692604261695601, 1.0, 0.5709248613663382, 0.8769049792054882, 0.9745504058531024, 1.0, 0.5709248613663382, 0.7076623103907308, 0.9787959046339063, 1.0, 0.5709248613663382, 0.8980163916246067, 0.5709248613663382, 0.8980163916246067, 0.9822031502144297, 1.0, 0.5709248613663382, 0.7625131619043459, 0.9849376516347311, 1.0, 0.5413538865801546, 0.9155422105981815, 0.9871322389754187, 1.0, 0.563037528807615, 0.929982989136648, 0.9888935156601372, 1.0, 0.6316231918603377, 0.40689065349624504, 1.0, 0.6316231918603377, 0.4574230540222436, 1.0, 0.6387981239910665, 0.9903070367821358, 1.0, 0.6245178475037677, 0.9417066261760205, 0.9914414649953018, 0.9453979738312318, 0.9866908875748097, 1.0, 0.7081224432526585, 0.5637728472583459, 1.0, 0.7312786361569636, 0.9885393069589163, 1.0, 0.6410788238617962, 0.9531188800102354, 0.9900227648757877, 1.0, 0.7822085138054565, 0.9912133212019386, 1.0, 0.7063668528143383, 0.9603604390852456, 0.9921688079397946, 1.0, 0.8232861583496957, 0.6491243881966452, 1.0, 0.8302033117925628, 0.9929356384426153, 1.0, 0.8619357692435462, 0.717623680192158, 1.0, 0.8664379323197562, 0.9935510619715444, 1.0, 0.8910629034095988, 0.7725981182902174, 1.0, 0.8940003319274479, 0.9940449731012743, 1.0, 0.9132208516210494, 0.8167181194778991, 1.0, 0.7594152656042322, 0.9663356075001366, 0.994441363867314, 1.0, 0.9151430174531945, 0.852126839824051, 1.0, 0.919382018081531, 0.971304061859794, 0.9947594891938023, 1.0, 0.9313253833201409, 0.8805442795974219, 1.0, 0.9345332285428527, 0.9950148022132362, 1.0, 0.7594152656042322, 0.9753157440284821, 0.9952197049118425, 1.0, 0.9458245758668319, 0.9033508333327341, 1.0, 0.8032701709309953, 0.9479063338230848, 0.9216543433403137, 1.0, 0.8329596047070773, 0.807001669181708, 0.936343913824558, 1.0, 0.9509708622848011, 0.9481330996649905, 1.0, 0.9554466590714856, 0.9953841505636514, 1.0],"final_QSA" => Dict{Int64,Any}(1 => [0.0 0.0; 0.9994614288738844 0.1427154740338769; 0.9613895835844692 0.408503190275481; 0.38039232964102815 0.8423307857621873; 0.31162514650666645 0.982448528627741; 0.6341263597722607 0.9664518752219478; 0.7383626851991458 0.8362606832319012]),"trialByTrial_Vs" => [0.0, 0.0, 0.0, 0.0, 0.044899729702436025, 0.197445163350583, 0.0, 0.044899729702436025, 0.07356049633890632, 0.12051624046486566, 0.197445163350583, 0.010506252289316778, 0.0978157443314409, 0.06437350617186091, 0.09628768063625887, 0.197445163350583, 0.0, 0.21282773915720066, 0.3559057341706276, 0.14173328011399058, 0.3184242235726541, 0.48307903170048183, 0.23401059898619314, 0.4128553787414899, 0.5851425767257217, 0.12051624046486566, 0.2473754298078369, 0.197445163350583, 0.12051624046486566, 0.4889479069201106, 0.13752003320764267, 0.25088138710233454, 0.197445163350583, 0.14145490125976581, 0.4151032427818745, 0.10630973088654855, 0.3843887311197477, 0.08531938870589745, 0.26422435176817494, 0.197445163350583, 0.23456444608199073, 0.2516254324587054, 0.3843887311197477, 0.197445163350583, 0.2493649373092319, 0.5305882785540336, 0.28434082226518853, 0.26364843715300423, 0.39553183947291176, 0.6232713525736108, 0.28434082226518853, 0.4854140471023995, 0.10261341664576151, 0.36104932099237197, 0.6976546019035583, 0.2822442220578475, 0.34424204722788765, 0.4854140471023995, 0.7573512384190073, 0.1707352098489606, 0.46340418402650296, 0.15903455946496967, 0.5677595668338044, 0.805261062786183, 0.23657655628970656, 0.46340418402650296, 0.2822442220578475, 0.6374946722141455, 0.8437113240550841, 0.25533656060848847, 0.46340418402650296, 0.8745697672068743, 0.3544201112057122, 0.4219993610829227, 0.5590215797510562, 0.36857907255840644, 0.40690804462968627, 0.696388887352907, 0.35215201642694227, 0.696388887352907, 0.8993353600098146, 0.35844439855145377, 0.7478904683347143, 0.9192111062963044, 0.4609082300307233, 0.5590215797510562, 0.37630844730505564, 0.7907368398336756, 0.9351624826105435, 0.4765373952316636, 0.8263380922008847, 0.9479643368227509, 0.4792492596961631, 0.8558849045629691, 0.9582385268388388, 0.4765373952316636, 0.5590215797510562, 0.9664841277289052, 0.5678984754648422, 0.408503190275481, 0.6427590178124266, 0.9731016746043089, 0.5731874774505927, 0.8803802163944324, 0.9784126188559182, 0.5731874774505927, 0.7104668267711856, 0.9826749428522228, 0.5731874774505927, 0.9015752948518218, 0.5731874774505927, 0.9015752948518218, 0.9860956915908239, 0.5731874774505927, 0.7655350561347908, 0.9888410300359506, 0.5434993107750627, 0.919170569900237, 0.9910443146833265, 0.5652688868284765, 0.9336685782775165, 0.9928125714335936, 0.6341263597722607, 0.408503190275481, 0.6341263597722607, 0.45923585432115266, 0.641329726672503, 0.9942316944409584, 0.6269928564275065, 0.9454386769294868, 0.9953706184743194, 0.9491446536596297, 0.9906012141755313, 0.7109287831725748, 0.5660071193988512, 0.7341767457265498, 0.9924569589779406, 0.6436194651200403, 0.956896158342373, 0.9939462959447013, 0.7853084621249979, 0.9951415705307758, 0.7091662352037074, 0.964166416234245, 0.996100843930954, 0.8265489003143179, 0.6516969146021351, 0.8334934669313103, 0.9968707134379362, 0.8653516823821288, 0.7204676741940286, 0.8698716878528103, 0.9974885759343537, 0.8945942494653863, 0.7756599799245569, 0.8975433192226708, 0.9979844444692378, 0.9168400112113487, 0.8199548318344259, 0.7624248826499366, 0.9701652646691815, 0.9983824061602513, 0.9187697947242479, 0.8555038794733608, 0.9230255948154417, 0.9751534093690374, 0.9987017922401754, 0.935016292465228, 0.8840339395942686, 0.9382368506081292, 0.998958117083377, 0.7624248826499366, 0.979180990121259, 0.9991638318260418, 0.949572946349627, 0.9069308773342017, 0.8064535881050183, 0.951662954461643, 0.9253069254618457, 0.8362606832319012, 0.810199874550346, 0.9400547117651888, 0.9547396278689684, 0.9518906189928089, 0.9592331625586322, 0.9993289291877375],"RPE_QV" => [0.0, 0.0, 0.0, 1.0, 0.19666576285784668, 0.0, 0.044722491268939076, 0.028370391900925773, 0.04648001498877981, 0.07614952239298102, 0.004120925857628173, 0.09742962375985754, 1.0, 0.03153408581366163, 0.10037808222158781, 0.8025548366494171, 0.21198761705974242, 0.14167308288555813, 0.6440942658293725, 0.17543398688125147, 0.1627478886118029, 0.5169209682995182, 0.1772150630270698, 0.16997739001080858, -0.46510206539803556, 0.22626500648941372, 0.18894754843703526, 0.0412458439661495, 0.3567627984045582, -0.2987443676848919, 0.2163204374170667, 0.16368888772930107, 0.04074687159069025, 0.26478183299715163, 0.5848967572181255, 0.27656165353625795, 0.08498259659375407, 0.2631813452621336, -0.06755858891032826, 0.06485451736959033, 0.1785790016967044, 0.1312459519641011, -0.18772296826190102, 0.06457616333964161, 0.27912888241518297, 0.46941172144596643, 0.16635938727125, 0.1303220690091963, 0.22527919454408912, 0.37672864742638923, 0.19915708801687787, 0.07387506279087466, 0.31320486713682816, 0.33385133986114446, 0.3023453980964417, 0.16459541389575233, 0.13925586305417875, 0.26894760211431307, 0.2426487615809927, 0.29083971969879363, 0.034135091332272494, 0.462904960388117, 0.23432278618574587, 0.19473893721381696, 0.2526308414009937, 0.07703097749675336, 0.3767305009985993, 0.20288616245068636, 0.1562886759449159, 0.20623836893926578, 0.40771328231907844, 0.1254302327931257, 0.06591343794046306, 0.13481552143982722, 0.08519105663730298, 0.034215740543653506, 0.2867318979897648, 0.24088308541133313, 0.4570633863297445, 0.1993964114103718, 0.10066463999018538, 0.3864938262861744, 0.16769211864504485, 0.08078889370369557, 0.09590665249202662, 0.07135151562993147, 0.41130701608093856, 0.14073415655676225, 0.06483751738945653, 0.4648192243740609, 0.11788422400875953, 0.05203566317724906, 0.37325710114853067, 0.09857104504124281, 0.04176147316116119, 0.0802774872910863, 0.403647421830463, 0.03351587227109476, -0.16100782196859714, 0.4427766097570736, 0.3265014083571335, 0.026898325395691147, 0.5946607571476407, 0.09417018945866995, 0.021587381144081763, 0.29506818233064724, 0.26832907786272076, 0.017325057147777212, 0.3935500266303791, 0.3636537050726175, 0.42387781070417097, 0.08062785536260797, 0.013904308409176114, 0.19394218357586301, 0.21940259549994034, 0.011158969964049414, 0.4474742122028848, 0.06796166907518164, 0.008955685316673456, 0.38648367836158526, 0.05522493738262069, 0.0071874285664064175, -0.1662968239543477, 0.6738033601996363, -0.1479472871044668, 0.5407641456788473, 0.34897731010963284, 0.00576830555904162, 0.376437739347544, 0.04600278806581504, -0.044616818889747556, 0.03352221061242955, 0.009398785824468736, -0.14715593591422893, 0.4339928806011488, 0.25436256123236656, 0.007543041022059382, 0.30949941489019506, 0.033126606533414704, 0.006053704055298703, 0.20590485907694067, 0.0048584294692242125, 0.25119420388153824, 0.028002391705549523, 0.003899156069046006, -0.17742451211767274, 0.3483030853978649, 0.15944217151130502, 0.0031292865620637933, -0.14772800218997073, 0.2795323258059714, 0.12367937411873409, 0.002511424065646306, -0.12199613117516894, 0.22434002007544307, 0.09650165387860343, 0.0020155555307621587, -0.10012189173344965, 0.18004516816557414, 0.3393427510726301, 0.02427609919813245, 0.0016175938397486878, -0.0666429549001969, 0.14449612052663918, 0.04827846704435235, 0.01960607982476492, 0.0012982077598245878, -0.05447201286780612, 0.11596606040573143, 0.05677795160510701, 0.0010418829166229937, 0.21289086137854552, 0.016038714790583497, 0.0008361681739581517, -0.04622211301689283, 0.09306912266579825, 0.14145274571806643, -0.030008611121329243, 0.07469307453815432, 0.10996257262259224, 0.12614403927421192, 0.059945288234811156, -0.0066065282039778905, 0.04810938100719109, 0.03615098800501915, 0.0006710708122624753],"StateValue_V3_record" => [0.0, 0.0, 0.0, 0.0, 0.197445163350583, 0.044899729702436025, 0.044899729702436025, 0.197445163350583, 0.008830239594040697, 0.05050132636563437, 0.0827377504909035, 0.0986017374932678, 0.197445163350583, 0.010506252289316778, 0.197445163350583, 0.06437350617186091, 0.07059975889645063, 0.11610684747731852, 0.3559057341706276, 0.0, 0.041855929678661676, 0.24080040414992038, 0.48307903170048183, 0.14173328011399058, 0.17637187231100332, 0.350558007024574, 0.5851425767257217, 0.23401059898619314, 0.2690008560537568, 0.4464165922780798, 0.4736832529715809, 0.12051624046486566, 0.2493148140853395, 0.197445163350583, 0.19095732947326477, 0.4014000739518627, 0.13746800497635453, 0.2510298116844744, 0.197445163350583, 0.1937347935281552, 0.5305882785540336, 0.10630973088654855, 0.08531938870589745, 0.3843887311197477, 0.10467913909052107, 0.2478513254309711, 0.197445163350583, 0.2477008060825067, 0.2775393108833601, 0.3461400444985089, 0.197445163350583, 0.3044775850935634, 0.6232713525736108, 0.28434082226518853, 0.28434082226518853, 0.28937989935671093, 0.4400121268391572, 0.6976546019035583, 0.28434082226518853, 0.2337712912056664, 0.4854140471023995, 0.10826002394497883, 0.42696665332606665, 0.7573512384190073, 0.2822442220578475, 0.2822442220578475, 0.3717374438561464, 0.5385164503346076, 0.805261062786183, 0.1707352098489606, 0.16205627806980197, 0.46340418402650296, 0.19401176216538843, 0.6140254676290127, 0.8437113240550841, 0.23657655628970656, 0.23657655628970656, 0.46340418402650296, 0.3326313224428472, 0.6775535637007941, 0.8745697672068743, 0.25533656060848847, 0.2960573290528596, 0.5439051996541957, 0.8993353600098146, 0.3544201112057122, 0.36743440072686545, 0.3941242119055347, 0.5590215797510562, 0.3753348050392093, 0.3477563358678013, 0.696388887352907, 0.35681879705453234, 0.7357587443753479, 0.9192111062963044, 0.35844439855145377, 0.43475573521651933, 0.7810004660931905, 0.9351624826105435, 0.4609082300307233, 0.4295865796408488, 0.5590215797510562, 0.45751902828239743, 0.818524118364032, 0.9479643368227509, 0.4765373952316636, 0.4765373952316636, 0.849613762066751, 0.9582385268388388, 0.4792492596961631, 0.5529470690041998, 0.8753472806527749, 0.9664841277289052, 0.4765373952316636, 0.4923877968232265, 0.6387198108904136, 0.9731016746043089, 0.5678984754648422, 0.49460037188307393, 0.408503190275481, 0.7072251417196962, 0.9784126188559182, 0.5731874774505927, 0.5731874774505927, 0.8989736648348549, 0.9826749428522228, 0.5731874774505927, 0.5731874774505927, 0.7634471053815017, 0.9860956915908239, 0.5731874774505927, 0.5731874774505927, 0.9015752948518218, 0.5731874774505927, 0.9174948749244991, 0.9888410300359506, 0.5731874774505927, 0.6068639244451879, 0.8088550374428184, 0.9910443146833265, 0.5434993107750627, 0.5564196173188688, 0.9325892727523646, 0.9928125714335936, 0.5652688868284765, 0.6198086437815001, 0.9445724750600537, 0.9942316944409584, 0.6341263597722607, 0.6341263597722607, 0.45923585432115266, 0.6341263597722607, 0.6341263597722607, 0.5660071193988512, 0.641329726672503, 0.7102336086727465, 0.9953706184743194, 0.6269928564275065, 0.6395946977652766, 0.9545217049337239, 0.9865612433804498, 0.9557634520098736, 0.9924569589779406, 0.7109287831725748, 0.681873555367982, 0.6516969146021351, 0.7341767457265498, 0.7843994031793471, 0.9939462959447013, 0.6436194651200403, 0.7047286276499447, 0.9634368465806136, 0.9951415705307758, 0.7853084621249979, 0.8259633806601233, 0.996100843930954, 0.7091662352037074, 0.7587633158218173, 0.9696953530387543, 0.9968707134379362, 0.8265489003143179, 0.7915172885368466, 0.7204676741940286, 0.8334934669313103, 0.8649745525303316, 0.9974885759343537, 0.8653516823821288, 0.8361835028582747, 0.7756599799245569, 0.8698716878528103, 0.8942915820787817, 0.9979844444692378, 0.8945942494653863, 0.8705067034173659, 0.8199548318344259, 0.8975433192226708, 0.9165971040363331, 0.9983824061602513, 0.9168400112113487, 0.8970714279430684, 0.8555038794733608, 0.7624248826499366, 0.7624248826499366, 0.9749584630408717, 0.9987017922401754, 0.9187697947242479, 0.905611465607813, 0.8840339395942686, 0.9230255948154417, 0.9325579446273295, 0.9790245350027027, 0.998958117083377, 0.935016292465228, 0.924261056986509, 0.9069308773342017, 0.9382368506081292, 0.949447382537511, 0.9991638318260418, 0.7624248826499366, 0.8044591535506698, 0.9823477567830192, 0.9993289291877375, 0.949572946349627, 0.9404466136945975, 0.9253069254618457, 0.8064535881050183, 0.8343827485897104, 0.945737899336868, 0.9400547117651888, 0.8362606832319012, 0.8362606832319012, 0.8351064049905451, 0.9518906189928089, 0.9547396278689684, 0.9534352008285537, 0.9613895835844692, 0.9592331625586322, 0.9663710002905682, 0.9994614288738844],"StateValue_V1_record" => [0.0, 0.0, 0.0, 0.0, 0.0, 0.044899729702436025, 0.197445163350583, 0.0, 0.044899729702436025, 0.07356049633890632, 0.12051624046486566, 0.197445163350583, 0.010506252289316778, 0.0978157443314409, 0.0, 0.06437350617186091, 0.09628768063625887, 0.197445163350583, 0.0, 0.0, 0.21282773915720066, 0.3559057341706276, 0.0, 0.14173328011399058, 0.3184242235726541, 0.48307903170048183, 0.0, 0.23401059898619314, 0.4128553787414899, 0.5851425767257217, 0.12051624046486566, 0.2473754298078369, 0.197445163350583, 0.12051624046486566, 0.4889479069201106, 0.13752003320764267, 0.25088138710233454, 0.197445163350583, 0.14145490125976581, 0.4151032427818745, 0.0, 0.10630973088654855, 0.3843887311197477, 0.08531938870589745, 0.26422435176817494, 0.197445163350583, 0.23456444608199073, 0.2516254324587054, 0.3843887311197477, 0.197445163350583, 0.2493649373092319, 0.5305882785540336, 0.0, 0.28434082226518853, 0.26364843715300423, 0.39553183947291176, 0.6232713525736108, 0.0, 0.28434082226518853, 0.4854140471023995, 0.10261341664576151, 0.36104932099237197, 0.6976546019035583, 0.0, 0.2822442220578475, 0.34424204722788765, 0.4854140471023995, 0.7573512384190073, 0.0, 0.1707352098489606, 0.46340418402650296, 0.15903455946496967, 0.5677595668338044, 0.805261062786183, 0.0, 0.23657655628970656, 0.46340418402650296, 0.2822442220578475, 0.6374946722141455, 0.8437113240550841, 0.0, 0.25533656060848847, 0.46340418402650296, 0.8745697672068743, 0.0, 0.3544201112057122, 0.4219993610829227, 0.5590215797510562, 0.36857907255840644, 0.40690804462968627, 0.696388887352907, 0.35215201642694227, 0.696388887352907, 0.8993353600098146, 0.0, 0.35844439855145377, 0.7478904683347143, 0.9192111062963044, 0.0, 0.4609082300307233, 0.5590215797510562, 0.37630844730505564, 0.7907368398336756, 0.9351624826105435, 0.0, 0.4765373952316636, 0.8263380922008847, 0.9479643368227509, 0.0, 0.4792492596961631, 0.8558849045629691, 0.9582385268388388, 0.0, 0.4765373952316636, 0.5590215797510562, 0.9664841277289052, 0.0, 0.5678984754648422, 0.408503190275481, 0.6427590178124266, 0.9731016746043089, 0.0, 0.5731874774505927, 0.8803802163944324, 0.9784126188559182, 0.0, 0.5731874774505927, 0.7104668267711856, 0.9826749428522228, 0.0, 0.5731874774505927, 0.9015752948518218, 0.5731874774505927, 0.9015752948518218, 0.9860956915908239, 0.0, 0.5731874774505927, 0.7655350561347908, 0.9888410300359506, 0.0, 0.5434993107750627, 0.919170569900237, 0.9910443146833265, 0.0, 0.5652688868284765, 0.9336685782775165, 0.9928125714335936, 0.0, 0.6341263597722607, 0.408503190275481, 0.0, 0.6341263597722607, 0.45923585432115266, 0.0, 0.641329726672503, 0.9942316944409584, 0.0, 0.6269928564275065, 0.9454386769294868, 0.9953706184743194, 0.9491446536596297, 0.9906012141755313, 0.0, 0.7109287831725748, 0.5660071193988512, 0.0, 0.7341767457265498, 0.9924569589779406, 0.0, 0.6436194651200403, 0.956896158342373, 0.9939462959447013, 0.0, 0.7853084621249979, 0.9951415705307758, 0.0, 0.7091662352037074, 0.964166416234245, 0.996100843930954, 0.0, 0.8265489003143179, 0.6516969146021351, 0.0, 0.8334934669313103, 0.9968707134379362, 0.0, 0.8653516823821288, 0.7204676741940286, 0.0, 0.8698716878528103, 0.9974885759343537, 0.0, 0.8945942494653863, 0.7756599799245569, 0.0, 0.8975433192226708, 0.9979844444692378, 0.0, 0.9168400112113487, 0.8199548318344259, 0.0, 0.7624248826499366, 0.9701652646691815, 0.9983824061602513, 0.0, 0.9187697947242479, 0.8555038794733608, 0.0, 0.9230255948154417, 0.9751534093690374, 0.9987017922401754, 0.0, 0.935016292465228, 0.8840339395942686, 0.0, 0.9382368506081292, 0.998958117083377, 0.0, 0.7624248826499366, 0.979180990121259, 0.9991638318260418, 0.0, 0.949572946349627, 0.9069308773342017, 0.0, 0.8064535881050183, 0.951662954461643, 0.9253069254618457, 0.0, 0.8362606832319012, 0.810199874550346, 0.9400547117651888, 0.0, 0.9547396278689684, 0.9518906189928089, 0.0, 0.9592331625586322, 0.9993289291877375, 0.0])