DateTime of fitting: 2020-02-09T16:32:03.047
DATA_STATS
nr_subjects: 1
all_subject_ids: [12]
nr_puzzles: 1
nr_episodes: 54
nr_actions: 187
max_state_id: 7
max_action_id: 2
SUBJECT_SIGNALS
subject_id: 12
algorithm_name: Sarsa-Lambda (ReplTrc)
param_string: alpha=0.2293, gamma=0.9996,
                lambda=0.5851, temp=0.2602,
                reward_magnitude=1.0,
                action_cost=0.0,
                initQSA=nothing, use_replacing_trace=true
param_vector: [0.22926453728719032, 0.9996066705316362, 0.5851340228619277, 0.2602217865989803, 1.0, 0.0, 0.0]
LL: -78.145
RPE
[0.0, 0.0, 0.0, 0.0, 0.0, 0.0, 0.0, 0.0, 0.0, 0.0, 0.0, 0.0, 0.0, 0.0, 0.0, 0.0, 0.0, 0.0, 1.0, 0.0, 1.0, 0.095, 0.771, 0.147, 0.594, 0.169, 0.458, 0.174, -0.513, -0.088, 0.391, 0.093, -0.552, 0.001, 0.425, 0.541, -0.207, 0.771, 0.091, 0.417, -0.163, 0.594, 0.067, 0.321, -0.128, 0.458, 0.05, 0.248, -0.1, 0.353, -0.001, 0.728, -0.725, 0.097, 0.071, 0.638, -0.724, 0.093, 0.078, 0.431, 0.318, 0.118, -0.16, 0.681, -0.017, 0.245, 0.01, 0.189, 0.319, 0.481, 0.146, 0.059, -0.046, 0.041, 0.117, 0.118, 0.546, 0.049, 0.091, 0.061, 0.333, 0.404, -0.196, 0.312, -0.879, 0.29, 0.21, 0.257, 0.24, 0.2, -0.466, 0.325, 0.077, -0.324, 0.21, 0.352, 0.177, 0.07, 0.143, 0.054, 0.017, -0.403, 0.718, 0.115, 0.041, 0.019, 0.272, 0.185, 0.051, 0.338, 0.032, -0.567, 0.437, 0.172, 0.025, -0.413, 0.318, 0.187, 0.019, 0.201, 0.146, 0.015, 0.114, 0.011, -0.045, 0.143, -0.312, 0.497, 0.11, -0.2, -0.412, 0.409, -0.037, 0.246, 0.085, 0.143, 0.009, 0.111, 0.007, -0.218, 0.473, 0.005, -0.123, 0.303, 0.065, 0.041, 0.05, -0.513, 0.359, -0.035, 0.259, 0.004, 0.097, 0.039, 0.105, 0.003, 0.081, 0.002, 0.035, 0.03, -0.002, 0.201, 0.002, 0.122, 0.051, 0.001, 0.04, 0.001, 0.108, 0.031, 0.001, 0.024, -0.111, -0.046, 0.124, 0.023, 0.014, 0.017, 0.077, 0.012, 0.013, -0.043, 0.102, 0.023, 0.011, 0.01, 0.0]
SPE
Float64[]
action_selection_prob
[0.5, 0.5, 0.5, 0.5, 0.5, 0.5, 0.5, 0.5, 0.5, 0.5, 0.5, 0.5, 0.5, 0.5, 0.5, 0.5, 0.5, 0.5, 0.5, 0.425, 0.498, 0.553, 0.706, 0.667, 0.825, 0.756, 0.889, 0.82, 0.923, 0.626, 0.331, 0.809, 0.892, 0.361, 0.501, 0.853, 0.798, 0.599, 0.831, 0.903, 0.868, 0.747, 0.886, 0.931, 0.907, 0.833, 0.916, 0.947, 0.929, 0.882, 0.498, 0.341, 0.91, 0.463, 0.442, 0.586, 0.957, 0.501, 0.49, 0.634, 0.932, 0.575, 0.585, 0.252, 0.935, 0.947, 0.941, 0.957, 0.365, 0.604, 0.964, 0.947, 0.968, 0.948, 0.967, 0.495, 0.644, 0.953, 0.97, 0.403, 0.285, 0.859, 0.957, 0.897, 0.956, 0.027, 0.488, 0.603, 0.92, 0.585, 0.683, 0.044, 0.755, 0.634, 0.054, 0.591, 0.93, 0.919, 0.942, 0.923, 0.688, 0.627, 0.066, 0.95, 0.926, 0.698, 0.64, 0.875, 0.741, 0.713, 0.929, 0.955, 0.108, 0.942, 0.931, 0.95, 0.164, 0.94, 0.932, 0.783, 0.949, 0.933, 0.955, 0.934, 0.96, 0.777, 0.823, 0.227, 0.798, 0.961, 0.675, 0.066, 0.825, 0.638, 0.813, 0.951, 0.903, 0.956, 0.903, 0.842, 0.304, 0.904, 0.849, 0.4, 0.824, 0.96, 0.833, 0.963, 0.096, 0.857, 0.526, 0.866, 0.953, 0.839, 0.958, 0.867, 0.962, 0.867, 0.964, 0.843, 0.869, 0.583, 0.867, 0.881, 0.966, 0.867, 0.967, 0.868, 0.894, 0.968, 0.868, 0.969, 0.868, 0.904, 0.626, 0.858, 0.968, 0.86, 0.907, 0.969, 0.862, 0.913, 0.654, 0.847, 0.969, 0.863, 0.97]
results_dict
Dict{String,Any}("trialByTrial_Qsa" => [0.0, 0.0, 0.0, 0.0, 0.0, 0.0, 0.0, 0.0, 0.0, 0.0, 0.0, 0.0, 0.0, 0.0, 0.0, 0.0, 0.0, 0.0, 0.0, 0.0, 0.0, 0.13409771566505865, 0.22926453728719032, 0.2592492836479712, 0.40596684651687115, 0.3725082980536598, 0.5421575825834313, 0.4727495952101426, 0.6471246125628896, 0.13409771566505865, 0.045876510108689664, 0.45487845216720363, 0.5525976024773153, 0.00012575342907126676, 0.0010744392120681998, 0.45938303741723396, 0.4362370018361864, 0.22926453728719032, 0.49211874617879325, 0.5833273351933781, 0.5688518912498748, 0.40596684651687115, 0.6111300070808054, 0.6788556008904888, 0.6696605975061759, 0.5421575825834313, 0.701775410224853, 0.7524826229547037, 0.7465244344894969, 0.6471246125628896, 0.000628443655805469, 2.5163632056900307e-5, 0.7280264249836967, 0.0031406016634212192, 0.0997135171845706, 0.17096622028120573, 0.8092295798735326, 0.05162160676754626, 0.1490327375502683, 0.23097427512578647, 0.6815206652583645, 0.1318365409332521, 0.24968878666182687, 0.08945654765656179, 0.7709970082471065, 0.7545366825734378, 0.8000712679683315, 0.8108127164642173, 0.05279889350185932, 0.37238795800886726, 0.854186651484669, 0.8278303674907977, 0.8876164813623322, 0.8352229193632827, 0.8825082181536694, 0.19659206001868043, 0.31424417147281586, 0.8604675704383898, 0.9094449171537159, 0.20203556635233963, 0.26264572728407765, 0.5956835886963473, 0.8837575583639127, 0.6883790036514965, 0.880689772577299, 0.0018369500746254297, 0.2922481035966899, 0.5023235219221962, 0.7598226471883094, 0.39369375345376983, 0.5934976559488621, 0.1277275283395371, 0.453018636465432, 0.5363434926194229, 0.18720028435554403, 0.400624615999835, 0.7528337079597598, 0.9302059863214724, 0.8027742163685275, 0.9462072785728959, 0.5105161793468846, 0.5278534182970864, 0.12459189282435024, 0.8427864864099791, 0.9585400419602996, 0.5230710252669817, 0.5426039307049516, 0.814886796847544, 0.578489046715593, 0.6297785100664821, 0.9680453400562179, 0.8747979196425443, 0.30789605572958895, 0.8033481524403352, 0.9753714103823986, 0.8460016671042403, 0.43294360113558594, 0.7939093465471034, 0.9810178725851141, 0.6380072011436243, 0.8392636913597152, 0.9853698012436144, 0.8746336600715672, 0.9887239869919168, 0.9022134540009039, 0.8573266897140415, 0.7047605270545048, 0.3931636889813094, 0.8900366201799835, 0.9109773650330709, 0.7115288502877792, 0.2996155439289596, 0.7084944462395243, 0.6689627233186938, 0.9152473235729551, 0.8482188058325578, 0.9913091768966593, 0.8821003802796598, 0.9933016744340916, 0.7396596533107016, 0.5217446092977736, 0.9948373629455585, 0.7534455254399605, 0.6308105874425312, 0.9346781067178526, 0.9084035512198614, 0.9496541003559074, 0.9245264729341358, 0.4115217370255927, 0.7710949150490602, 0.7367096547433527, 0.9960209725410267, 0.8643182260177779, 0.9611966297421176, 0.8916457743859444, 0.9969332224302613, 0.9161058003632259, 0.9976363257707501, 0.9350248585095821, 0.9700928664694746, 0.798177773136828, 0.796604304840583, 0.9981782324492168, 0.8248660414178477, 0.9469877078386417, 0.9985958991437919, 0.9589178727741597, 0.998917809676895, 0.859756812396122, 0.9681434801394936, 0.9991659175405784, 0.9752775721643286, 0.999357143069697, 0.8886914858866978, 0.8429723407320239, 0.9774854193603493, 0.9685193310109367, 0.9826472142729139, 0.896578280057022, 0.9739967108711602, 0.9866255926632781, 0.9169302261247637, 0.8745067346616164, 0.9769495115999367, 0.9785965726425713, 0.989691869972822, 0.9824333805929848],"StateValue_V2_record" => [0.0, 0.0, 0.0, 0.0, 0.0, 0.0, 0.0, 0.0, 0.0, 0.0, 0.0, 0.0, 0.0, 0.0, 0.0, 0.0, 0.0, 0.0, 0.0, 1.0, 0.07840342266256324, 0.0018362275480291665, 1.0, 0.13404497108184732, 0.22917436078862446, 1.0, 0.25914731326506024, 0.40580716779295734, 1.0, 0.3723617795628253, 0.5419443360297044, 1.0, 0.4725636488631894, 0.6468700793830651, 0.13404497108184732, 0.22917436078862446, 0.45469953506744254, 0.5523802495561138, 0.14819435437570028, 0.0010740166034641277, 0.4592023485313513, 1.0, 0.4360654169681736, 0.22917436078862446, 1.0, 0.4919251813739869, 0.5830978953627444, 1.0, 0.5686281450379117, 0.40580716779295734, 1.0, 0.6108896316400192, 0.6785885869778948, 1.0, 0.6693972002593747, 0.5419443360297044, 1.0, 0.7014993812758384, 0.752186649364664, 1.0, 0.7462308044305586, 0.6468700793830651, 1.0, 0.0031393663722386034, 0.17089897422867437, 0.7277400707370031, 0.04120283512807692, 0.1598456202476925, 0.17089897422867437, 0.8089112860330967, 0.0516013024684003, 0.1598456202476925, 0.23088342613694554, 0.6812526030974195, 1.0, 0.13178468573669588, 0.24959057670411278, 0.3722414868513186, 0.7706937524037426, 0.7542399010612202, 1.0, 0.7997565763618484, 0.8104937999295078, 1.0, 0.19651473456822874, 0.3722414868513186, 0.8538506747031571, 1.0, 0.8275047574124572, 0.887267355643607, 0.8348944015764443, 0.8821611016653964, 1.0, 0.2019560998104357, 0.31412056997991405, 0.860129123186365, 0.9090872056679457, 1.0, 0.30458705123494706, 0.5021259432783719, 0.5954492887870924, 1.0, 0.8834099504733189, 0.6881082439039575, 1.0, 0.8803433713372577, 0.9298401088954038, 0.30458705123494706, 0.5021259432783719, 0.7595237865504401, 1.0, 0.3935389020990257, 0.5932642158313726, 0.9298401088954038, 0.4528404508859922, 0.5361325329186105, 0.9298401088954038, 0.40046703853261034, 0.7525375962776416, 0.9298401088954038, 1.0, 0.8024584616127871, 0.9458351073670529, 1.0, 0.510315378289471, 0.5276457979926936, 0.8145662778569632, 0.8424549936493353, 0.9581630199151899, 1.0, 0.5228652860186969, 0.5423905085893553, 0.8145662778569632, 1.0, 0.578261509926394, 0.6295307996199307, 0.9676645792972616, 1.0, 0.8744538358418855, 0.8569894778629622, 0.8030321719386248, 0.9749877680640957, 1.0, 0.8456689097182833, 0.8569894778629622, 0.793597078605897, 0.9806320093468348, 1.0, 0.6377562541103862, 0.8389335842181757, 0.9849822262635495, 1.0, 0.8742896408790382, 0.9883350927117547, 1.0, 0.901858586862691, 0.8569894778629622, 1.0, 0.7044833239710746, 0.7112489850233701, 0.8896865425493439, 1.0, 0.910619050790391, 0.7112489850233701, 0.9909192657851265, 0.7082157744956462, 0.6686996005663757, 0.9148873298297528, 1.0, 0.8478851763806036, 0.9909192657851265, 1.0, 0.8817534242060409, 0.9929109796145615, 1.0, 0.7393687233724947, 0.736419885126514, 0.9944460640944827, 1.0, 0.7531491731119981, 0.736419885126514, 0.934310470275046, 1.0, 0.9080462493340002, 0.9492805734134849, 1.0, 0.9241628294280484, 0.995629208141418, 0.770791620696066, 0.736419885126514, 0.995629208141418, 1.0, 0.8639782641894411, 0.9608185627827481, 1.0, 0.8912950638275363, 0.9965410992158886, 1.0, 0.915745468955804, 0.9972439260051144, 1.0, 0.9346570856790776, 0.9697113003580426, 1.0, 0.7978638262976603, 0.7962909768928638, 0.9977856195357152, 1.0, 0.8245415972963055, 0.9466152296669705, 0.9982031219496714, 1.0, 0.958540702117057, 0.9985249058658757, 1.0, 0.8594186447061801, 0.9677626807791504, 0.9987729161414249, 1.0, 0.9748939667553621, 0.9989640664559079, 0.8883419373370145, 0.8426407748693984, 0.9771009455400189, 1.0, 0.96813838381737, 0.9822607101665348, 1.0, 0.8962256293987807, 0.9736136092626853, 0.9862375237434418, 1.0, 0.9165695704463954, 0.8741627653925914, 0.9765652485679208, 1.0, 0.9782116617729112, 0.9893025949957616, 1.0, 0.9820469605936933, 0.0],"final_QSA" => Dict{Int64,Any}(1 => [0.0 0.0; 0.4657224628775047 0.15990851697966296; 0.9824333805929848 0.07843427317353209; 0.5097304492379325 0.9920551586337991; 0.9009961504679761 0.7091518643188968; 0.982234171157221 0.5323831500831117; 0.9226189259120141 0.30470690143849666]),"trialByTrial_Vs" => [0.0, 0.0, 0.0, 0.0, 0.0, 0.0, 0.0, 0.0, 0.0, 0.0, 0.0, 0.0, 0.0, 0.0, 0.0, 0.0, 0.0, 0.0, 0.0, 0.07843427317353209, 0.0018369500746254297, 0.13409771566505865, 0.22926453728719032, 0.2592492836479712, 0.40596684651687115, 0.3725082980536598, 0.5421575825834313, 0.4727495952101426, 0.6471246125628896, 0.13409771566505865, 0.22926453728719032, 0.45487845216720363, 0.5525976024773153, 0.1482526665182054, 0.0010744392120681998, 0.45938303741723396, 0.4362370018361864, 0.22926453728719032, 0.49211874617879325, 0.5833273351933781, 0.5688518912498748, 0.40596684651687115, 0.6111300070808054, 0.6788556008904888, 0.6696605975061759, 0.5421575825834313, 0.701775410224853, 0.7524826229547037, 0.7465244344894969, 0.6471246125628896, 0.0031406016634212192, 0.17096622028120573, 0.7280264249836967, 0.041219047794232286, 0.15990851697966296, 0.17096622028120573, 0.8092295798735326, 0.05162160676754626, 0.15990851697966296, 0.23097427512578647, 0.6815206652583645, 0.1318365409332521, 0.24968878666182687, 0.37238795800886726, 0.7709970082471065, 0.7545366825734378, 0.8000712679683315, 0.8108127164642173, 0.19659206001868043, 0.37238795800886726, 0.854186651484669, 0.8278303674907977, 0.8876164813623322, 0.8352229193632827, 0.8825082181536694, 0.20203556635233963, 0.31424417147281586, 0.8604675704383898, 0.9094449171537159, 0.30470690143849666, 0.5023235219221962, 0.5956835886963473, 0.8837575583639127, 0.6883790036514965, 0.880689772577299, 0.9302059863214724, 0.30470690143849666, 0.5023235219221962, 0.7598226471883094, 0.39369375345376983, 0.5934976559488621, 0.9302059863214724, 0.453018636465432, 0.5363434926194229, 0.9302059863214724, 0.400624615999835, 0.7528337079597598, 0.9302059863214724, 0.8027742163685275, 0.9462072785728959, 0.5105161793468846, 0.5278534182970864, 0.814886796847544, 0.8427864864099791, 0.9585400419602996, 0.5230710252669817, 0.5426039307049516, 0.814886796847544, 0.578489046715593, 0.6297785100664821, 0.9680453400562179, 0.8747979196425443, 0.8573266897140415, 0.8033481524403352, 0.9753714103823986, 0.8460016671042403, 0.8573266897140415, 0.7939093465471034, 0.9810178725851141, 0.6380072011436243, 0.8392636913597152, 0.9853698012436144, 0.8746336600715672, 0.9887239869919168, 0.9022134540009039, 0.8573266897140415, 0.7047605270545048, 0.7115288502877792, 0.8900366201799835, 0.9109773650330709, 0.7115288502877792, 0.9913091768966593, 0.7084944462395243, 0.6689627233186938, 0.9152473235729551, 0.8482188058325578, 0.9913091768966593, 0.8821003802796598, 0.9933016744340916, 0.7396596533107016, 0.7367096547433527, 0.9948373629455585, 0.7534455254399605, 0.7367096547433527, 0.9346781067178526, 0.9084035512198614, 0.9496541003559074, 0.9245264729341358, 0.9960209725410267, 0.7710949150490602, 0.7367096547433527, 0.9960209725410267, 0.8643182260177779, 0.9611966297421176, 0.8916457743859444, 0.9969332224302613, 0.9161058003632259, 0.9976363257707501, 0.9350248585095821, 0.9700928664694746, 0.798177773136828, 0.796604304840583, 0.9981782324492168, 0.8248660414178477, 0.9469877078386417, 0.9985958991437919, 0.9589178727741597, 0.998917809676895, 0.859756812396122, 0.9681434801394936, 0.9991659175405784, 0.9752775721643286, 0.999357143069697, 0.8886914858866978, 0.8429723407320239, 0.9774854193603493, 0.9685193310109367, 0.9826472142729139, 0.896578280057022, 0.9739967108711602, 0.9866255926632781, 0.9169302261247637, 0.8745067346616164, 0.9769495115999367, 0.9785965726425713, 0.989691869972822, 0.9824333805929848],"RPE_QV" => [0.0, 0.0, 0.0, 0.0, 0.0, 0.0, 0.0, 0.0, 0.0, 0.0, 0.0, 0.0, 0.0, 0.0, 0.0, 0.0, 0.0, 0.0, 1.0, 0.0018362275480291665, 1.0, 0.09507664512356581, 0.7707354627128097, 0.14655788414498616, 0.5940331534831289, 0.16943603797604456, 0.4578424174165687, 0.17412048417292247, -0.5130796414810422, 0.09507664512356581, 0.3908970844858935, 0.09322656994503814, -0.37906773459002946, 0.000948263174392861, 0.42482052605895076, 0.540616962582766, -0.20706264104756195, 0.7707354627128097, 0.09097914918395111, 0.4166726648066219, -0.16304472345691745, 0.5940331534831289, 0.06745857989708937, 0.3211443991095112, -0.12771626147647153, 0.4578424174165687, 0.05041123913981094, 0.2475173770452963, -0.09965435510643184, 0.35287538743711044, 0.1702705305728689, 0.7277149071049462, -0.6299899634166835, 0.15670501858427127, 0.07118545704410377, 0.637945065751891, -0.7244080364397668, 0.10822401348014624, 0.07826172592632963, 0.43053466870916235, 0.3184793347416355, 0.11775403577086069, 0.12255270018949171, 0.6812372047471809, -0.0167571071858863, 0.24546331742656224, 0.010422531961176262, 0.18918728353578274, 0.31944259334945924, 0.48146271669428986, 0.145813348515331, 0.05943698815280929, -0.04649029018275386, 0.04139005374481397, 0.11749178184633058, 0.11752850996123362, 0.5458849517135491, 0.04861963522955581, 0.09055508284628411, 0.30009037692603224, 0.3328035615030147, 0.4043164113036527, -0.19564931445995515, 0.3116209963485035, 0.04915033631810484, 0.30275010116032164, 0.209877839681682, 0.25720026462824386, 0.24017735281169061, 0.19957046237760273, 0.33634245294654175, 0.3251129225464551, 0.07707124690681294, 0.39349661627598087, 0.20997254610937843, 0.3519129802778066, 0.17700640093564401, 0.06979401367852756, 0.14306089099852537, 0.05379272142710412, 0.017129618645808975, 0.2867128595598768, 0.7178631008249851, 0.11537653350521082, 0.04145995803970037, 0.019319483322373654, 0.2719623471520116, 0.18511320315245605, 0.05104175290433777, 0.33788606923077946, 0.031954659943782104, -0.017808441779582074, 0.4366106537527253, 0.1716396156237605, 0.024628589617601393, 0.010987810758721905, 0.3180239643638274, 0.18672266279973138, 0.01898212741488592, 0.20092638307455135, 0.14571853490383424, 0.014630198756385604, 0.1137014326401875, 0.01127601300808323, -0.04522397613794171, 0.14267331028595853, 0.006488457968865324, 0.4965228535680345, 0.10996337982001647, -0.19972838000970083, 0.2793904154973472, 0.4086002305666866, -0.03690163146449932, 0.24592460651105907, 0.08475267642704487, 0.14270045995256864, 0.008690823103340684, 0.11081059933490178, 0.006698325565908436, -0.003239768184187586, 0.4727014547967091, 0.005162637054441532, -0.017025640313446444, 0.30349988283251483, 0.06532189328214744, 0.04087702219362355, 0.05034589964409264, 0.07110273520728216, 0.3592698836704733, -0.03467502992254623, 0.25891955339806527, 0.003979027458973272, 0.09650033676497027, 0.038803370257882386, 0.10489532482994424, 0.003066777569738721, 0.08113812564188849, 0.002363674229249879, 0.03468644184846059, 0.02990713353052543, -0.0018867962439642616, 0.20118131469513223, 0.0018217675507832265, 0.12174918824912284, 0.0512154141110297, 0.0014041008562081236, 0.03960703309171598, 0.00108219032310497, 0.10800586838302839, 0.030629436001931354, 0.0008340824594216256, 0.023686494291579208, -0.11101520573268253, -0.046050711017299406, 0.12437702068566636, 0.022514580639650728, 0.013741379155598143, 0.017352785727086095, 0.07703532920566325, 0.012240812872281515, 0.013374407336721905, -0.0427674607321723, 0.10205851390630438, 0.023050488400063296, 0.010706022353190292, 0.010308130027178009, -0.000585551080113822],"StateValue_V3_record" => [0.0, 0.0, 0.0, 0.0, 0.0, 0.0, 0.0, 0.0, 0.0, 0.0, 0.0, 0.0, 0.0, 0.0, 0.0, 0.0, 0.0, 0.0, 0.0, 0.22926453728719032, 0.07843427317353209, 0.07843427317353209, 0.22926453728719032, 0.13409771566505865, 0.15589541871613138, 0.40596684651687115, 0.2592492836479712, 0.29284980914226105, 0.5421575825834313, 0.3725082980536598, 0.41135397290001247, 0.6471246125628896, 0.4727495952101426, 0.5126692474462692, 0.5294936459672609, 0.11386758481121159, 0.22926453728719032, 0.4762519985885247, 0.42593538830106725, 0.1482781115943531, 0.09847072054907433, 0.5833273351933781, 0.4362370018361864, 0.3887648812469535, 0.40596684651687115, 0.49211874617879325, 0.5129770387192341, 0.6788556008904888, 0.5688518912498748, 0.5314715181694067, 0.5421575825834313, 0.6111300070808054, 0.6265958671869626, 0.7524826229547037, 0.6696605975061759, 0.6403797879147228, 0.6471246125628896, 0.701775410224853, 0.7133329196403156, 0.8092295798735326, 0.7465244344894969, 0.7236772248773674, 0.7280264249836967, 0.0031406016634212192, 0.0031406016634212192, 0.17096622028120573, 0.5618355289056683, 0.04564767684049382, 0.15990851697966296, 0.3172244005954592, 0.6431485065920474, 0.07296242802663241, 0.16697537593206518, 0.32968060673348637, 0.7545366825734378, 0.1318365409332521, 0.15883336545795773, 0.21294514964955283, 0.37238795800886726, 0.7671551978218624, 0.8108127164642173, 0.8000712679683315, 0.8024607849357716, 0.854186651484669, 0.19659206001868043, 0.19659206001868043, 0.4827702849728172, 0.8876164813623322, 0.8278303674907977, 0.8414571610773958, 0.8769579064952359, 0.8447121908833795, 0.9094449171537159, 0.20203556635233963, 0.2235371794729956, 0.4393962323394629, 0.8716143286123659, 0.9302059863214724, 0.30470690143849666, 0.30470690143849666, 0.5023235219221962, 0.6883790036514965, 0.8837575583639127, 0.8389021088136951, 0.7598226471883094, 0.880689772577299, 0.6791998212329565, 0.9302059863214724, 0.34036564939814584, 0.5612904215823334, 0.814886796847544, 0.39369375345376983, 0.43944818316696155, 0.48670156513903845, 0.9302059863214724, 0.47068834022566924, 0.4621012976548683, 0.9302059863214724, 0.4813057825885825, 0.7934149985671411, 0.9462072785728959, 0.8027742163685275, 0.8355730053471976, 0.9585400419602996, 0.5105161793468846, 0.5144433934396221, 0.43538861599320844, 0.814886796847544, 0.8692382339778513, 0.9680453400562179, 0.5230710252669817, 0.5275002976715133, 0.6049552523842958, 0.8573266897140415, 0.578489046715593, 0.590191110577533, 0.7072438033844644, 0.9753714103823986, 0.8747979196425443, 0.7447996611370669, 0.8573266897140415, 0.8426990294964678, 0.9810178725851141, 0.8460016671042403, 0.7512630593991682, 0.8573266897140415, 0.836718231434916, 0.9853698012436144, 0.6380072011436243, 0.6840724953880001, 0.8726717838386101, 0.9887239869919168, 0.8746336600715672, 0.9007013664147104, 0.9913091768966593, 0.9022134540009039, 0.8918452000373518, 0.8900366201799835, 0.7047605270545048, 0.6332869680286665, 0.7115288502877792, 0.9152473235729551, 0.9109773650330709, 0.8651867304070268, 0.6170647184223204, 0.9913091768966593, 0.7000342107766734, 0.7253445144379861, 0.9346781067178526, 0.8482188058325578, 0.8809349607542527, 0.9933016744340916, 0.8821003802796598, 0.9075053210626922, 0.9948373629455585, 0.7396596533107016, 0.6896524124751479, 0.7367096547433527, 0.9960209725410267, 0.7534455254399605, 0.7252727988347027, 0.7367096547433527, 0.9496541003559074, 0.9084035512198614, 0.9177752027987607, 0.9611966297421176, 0.9245264729341358, 0.8068755699405977, 0.9960209725410267, 0.7631451603584483, 0.7960707263477661, 0.9969332224302613, 0.8643182260177779, 0.8864423310742569, 0.9700928664694746, 0.8916457743859444, 0.9156945524966711, 0.9976363257707501, 0.9161058003632259, 0.9347078951948633, 0.9981782324492168, 0.9350248585095821, 0.9429772295501084, 0.9769495115999367, 0.798177773136828, 0.7977451976690003, 0.8427280458649911, 0.9985958991437919, 0.8248660414178477, 0.8527788127268738, 0.9587295860567788, 0.998917809676895, 0.9589178727741597, 0.9679983608892504, 0.9991659175405784, 0.859756812396122, 0.8845187278352582, 0.975165723611844, 0.999357143069697, 0.9752775721643286, 0.9807080453180432, 0.9739052932955513, 0.8781336909335705, 0.8714875808286825, 0.9826472142729139, 0.9685193310109367, 0.9716697419447328, 0.9866255926632781, 0.896578280057022, 0.9142397491621248, 0.9768030951703429, 0.989691869972822, 0.9169302261247637, 0.9071251640290542, 0.8979051326285636, 0.982234171157221, 0.9785965726425713, 0.9810510839035618, 0.9920551586337991, 0.9824333805929848, 0.9824333805929848],"StateValue_V1_record" => [0.0, 0.0, 0.0, 0.0, 0.0, 0.0, 0.0, 0.0, 0.0, 0.0, 0.0, 0.0, 0.0, 0.0, 0.0, 0.0, 0.0, 0.0, 0.0, 0.0, 0.07843427317353209, 0.0018369500746254297, 0.0, 0.13409771566505865, 0.22926453728719032, 0.0, 0.2592492836479712, 0.40596684651687115, 0.0, 0.3725082980536598, 0.5421575825834313, 0.0, 0.4727495952101426, 0.6471246125628896, 0.13409771566505865, 0.22926453728719032, 0.45487845216720363, 0.5525976024773153, 0.1482526665182054, 0.0010744392120681998, 0.45938303741723396, 0.0, 0.4362370018361864, 0.22926453728719032, 0.0, 0.49211874617879325, 0.5833273351933781, 0.0, 0.5688518912498748, 0.40596684651687115, 0.0, 0.6111300070808054, 0.6788556008904888, 0.0, 0.6696605975061759, 0.5421575825834313, 0.0, 0.701775410224853, 0.7524826229547037, 0.0, 0.7465244344894969, 0.6471246125628896, 0.0, 0.0031406016634212192, 0.17096622028120573, 0.7280264249836967, 0.041219047794232286, 0.15990851697966296, 0.17096622028120573, 0.8092295798735326, 0.05162160676754626, 0.15990851697966296, 0.23097427512578647, 0.6815206652583645, 0.0, 0.1318365409332521, 0.24968878666182687, 0.37238795800886726, 0.7709970082471065, 0.7545366825734378, 0.0, 0.8000712679683315, 0.8108127164642173, 0.0, 0.19659206001868043, 0.37238795800886726, 0.854186651484669, 0.0, 0.8278303674907977, 0.8876164813623322, 0.8352229193632827, 0.8825082181536694, 0.0, 0.20203556635233963, 0.31424417147281586, 0.8604675704383898, 0.9094449171537159, 0.0, 0.30470690143849666, 0.5023235219221962, 0.5956835886963473, 0.0, 0.8837575583639127, 0.6883790036514965, 0.0, 0.880689772577299, 0.9302059863214724, 0.30470690143849666, 0.5023235219221962, 0.7598226471883094, 0.0, 0.39369375345376983, 0.5934976559488621, 0.9302059863214724, 0.453018636465432, 0.5363434926194229, 0.9302059863214724, 0.400624615999835, 0.7528337079597598, 0.9302059863214724, 0.0, 0.8027742163685275, 0.9462072785728959, 0.0, 0.5105161793468846, 0.5278534182970864, 0.814886796847544, 0.8427864864099791, 0.9585400419602996, 0.0, 0.5230710252669817, 0.5426039307049516, 0.814886796847544, 0.0, 0.578489046715593, 0.6297785100664821, 0.9680453400562179, 0.0, 0.8747979196425443, 0.8573266897140415, 0.8033481524403352, 0.9753714103823986, 0.0, 0.8460016671042403, 0.8573266897140415, 0.7939093465471034, 0.9810178725851141, 0.0, 0.6380072011436243, 0.8392636913597152, 0.9853698012436144, 0.0, 0.8746336600715672, 0.9887239869919168, 0.0, 0.9022134540009039, 0.8573266897140415, 0.0, 0.7047605270545048, 0.7115288502877792, 0.8900366201799835, 0.0, 0.9109773650330709, 0.7115288502877792, 0.9913091768966593, 0.7084944462395243, 0.6689627233186938, 0.9152473235729551, 0.0, 0.8482188058325578, 0.9913091768966593, 0.0, 0.8821003802796598, 0.9933016744340916, 0.0, 0.7396596533107016, 0.7367096547433527, 0.9948373629455585, 0.0, 0.7534455254399605, 0.7367096547433527, 0.9346781067178526, 0.0, 0.9084035512198614, 0.9496541003559074, 0.0, 0.9245264729341358, 0.9960209725410267, 0.7710949150490602, 0.7367096547433527, 0.9960209725410267, 0.0, 0.8643182260177779, 0.9611966297421176, 0.0, 0.8916457743859444, 0.9969332224302613, 0.0, 0.9161058003632259, 0.9976363257707501, 0.0, 0.9350248585095821, 0.9700928664694746, 0.0, 0.798177773136828, 0.796604304840583, 0.9981782324492168, 0.0, 0.8248660414178477, 0.9469877078386417, 0.9985958991437919, 0.0, 0.9589178727741597, 0.998917809676895, 0.0, 0.859756812396122, 0.9681434801394936, 0.9991659175405784, 0.0, 0.9752775721643286, 0.999357143069697, 0.8886914858866978, 0.8429723407320239, 0.9774854193603493, 0.0, 0.9685193310109367, 0.9826472142729139, 0.0, 0.896578280057022, 0.9739967108711602, 0.9866255926632781, 0.0, 0.9169302261247637, 0.8745067346616164, 0.9769495115999367, 0.0, 0.9785965726425713, 0.989691869972822, 0.0, 0.9824333805929848, 0.0])
POPULATION_SIGNALS
subject_id: 12
algorithm_name: Sarsa-Lambda (ReplTrc)
param_string: alpha=0.1974, gamma=0.9961,
                lambda=0.6128, temp=0.2507,
                reward_magnitude=1.0,
                action_cost=0.0,
                initQSA=nothing, use_replacing_trace=true
param_vector: [0.197445163350583, 0.9960525723724495, 0.6127972592361022, 0.2507274927826116, 1.0, 0.0, 0.0]
LL: -78.191
RPE
[0.0, 0.0, 0.0, 0.0, 0.0, 0.0, 0.0, 0.0, 0.0, 0.0, 0.0, 0.0, 0.0, 0.0, 0.0, 0.0, 0.0, 0.0, 1.0, 0.0, 1.0, 0.076, 0.803, 0.122, 0.644, 0.147, 0.517, 0.157, -0.465, -0.076, 0.348, 0.097, -0.514, 0.001, 0.41, 0.557, -0.205, 0.803, 0.093, 0.447, -0.176, 0.644, 0.066, 0.359, -0.148, 0.517, 0.047, 0.288, -0.123, 0.415, -0.001, 0.664, -0.663, 0.087, 0.058, 0.616, -0.696, 0.083, 0.064, 0.447, 0.334, 0.105, -0.151, 0.66, -0.003, 0.268, 0.018, 0.215, 0.281, 0.499, 0.173, 0.065, -0.059, 0.048, 0.144, 0.108, 0.541, 0.055, 0.116, 0.047, 0.344, 0.434, -0.202, 0.349, -0.85, 0.251, 0.189, 0.273, 0.28, 0.185, -0.425, 0.295, 0.078, -0.315, 0.194, 0.396, 0.155, 0.093, 0.131, 0.075, 0.034, -0.381, 0.714, 0.111, 0.06, 0.035, 0.262, 0.225, 0.059, 0.359, 0.048, -0.589, 0.468, 0.163, 0.039, -0.451, 0.358, 0.18, 0.031, 0.235, 0.147, 0.025, 0.119, 0.02, -0.066, 0.18, -0.315, 0.513, 0.145, -0.228, -0.414, 0.407, -0.032, 0.249, 0.116, 0.146, 0.016, 0.119, 0.013, -0.239, 0.528, 0.01, -0.151, 0.34, 0.093, 0.032, 0.075, -0.553, 0.374, -0.039, 0.294, 0.008, 0.085, 0.06, 0.114, 0.007, 0.092, 0.005, 0.031, 0.048, -0.008, 0.239, 0.004, 0.14, 0.063, 0.003, 0.051, 0.003, 0.127, 0.041, 0.002, 0.033, -0.15, -0.054, 0.158, 0.026, 0.022, 0.021, 0.094, 0.019, 0.017, -0.052, 0.122, 0.039, 0.017, 0.014, 0.0]
SPE
Float64[]
action_selection_prob
[0.5, 0.5, 0.5, 0.5, 0.5, 0.5, 0.5, 0.5, 0.5, 0.5, 0.5, 0.5, 0.5, 0.5, 0.5, 0.5, 0.5, 0.5, 0.5, 0.427, 0.498, 0.547, 0.685, 0.653, 0.804, 0.739, 0.872, 0.803, 0.911, 0.618, 0.352, 0.793, 0.885, 0.372, 0.501, 0.853, 0.787, 0.588, 0.822, 0.9, 0.861, 0.729, 0.88, 0.927, 0.902, 0.817, 0.913, 0.944, 0.926, 0.87, 0.497, 0.355, 0.903, 0.472, 0.447, 0.588, 0.955, 0.501, 0.485, 0.626, 0.934, 0.57, 0.575, 0.265, 0.932, 0.948, 0.94, 0.958, 0.374, 0.604, 0.964, 0.946, 0.969, 0.947, 0.968, 0.501, 0.634, 0.953, 0.971, 0.405, 0.289, 0.861, 0.957, 0.897, 0.957, 0.026, 0.486, 0.603, 0.92, 0.576, 0.683, 0.04, 0.738, 0.645, 0.047, 0.581, 0.937, 0.932, 0.946, 0.936, 0.677, 0.645, 0.065, 0.953, 0.939, 0.694, 0.664, 0.884, 0.738, 0.731, 0.942, 0.957, 0.099, 0.947, 0.944, 0.954, 0.149, 0.945, 0.946, 0.781, 0.952, 0.947, 0.958, 0.948, 0.962, 0.797, 0.823, 0.214, 0.819, 0.963, 0.696, 0.051, 0.828, 0.666, 0.835, 0.954, 0.925, 0.959, 0.926, 0.846, 0.28, 0.927, 0.855, 0.372, 0.848, 0.963, 0.857, 0.965, 0.073, 0.863, 0.552, 0.899, 0.957, 0.864, 0.961, 0.899, 0.964, 0.9, 0.967, 0.869, 0.876, 0.609, 0.9, 0.888, 0.968, 0.9, 0.97, 0.901, 0.901, 0.971, 0.901, 0.972, 0.901, 0.911, 0.654, 0.892, 0.971, 0.894, 0.914, 0.972, 0.896, 0.921, 0.684, 0.874, 0.972, 0.897, 0.973]
results_dict
Dict{String,Any}("trialByTrial_Qsa" => [0.0, 0.0, 0.0, 0.0, 0.0, 0.0, 0.0, 0.0, 0.0, 0.0, 0.0, 0.0, 0.0, 0.0, 0.0, 0.0, 0.0, 0.0, 0.0, 0.0, 0.0, 0.12051624046486566, 0.197445163350583, 0.2322724870326988, 0.3559057341706276, 0.3340297000275636, 0.48307903170048183, 0.42537962934859613, 0.5851425767257217, 0.12051624046486566, 0.044899729702436025, 0.4104824642208279, 0.5141723066991377, 0.00019671322501703379, 0.0014172199459552659, 0.4429809096903712, 0.40150740228286796, 0.197445163350583, 0.45778330300547554, 0.552961634965949, 0.5300202088335546, 0.3559057341706276, 0.5729885742601856, 0.6412271979740747, 0.6292001369533465, 0.48307903170048183, 0.6622700911393049, 0.7120651524758299, 0.7062477265506847, 0.5851425767257217, 0.000865040282071029, 4.473328433209866e-5, 0.6670541684313135, 0.0038039877061683534, 0.090797508087898, 0.14945806331890635, 0.7689164954795649, 0.04200440585354738, 0.12907792839711804, 0.19624257370212322, 0.6662511518966152, 0.11391702107907481, 0.2200913756162897, 0.06923917265709005, 0.7318770970302345, 0.7321482477284569, 0.763640483904795, 0.7850342807094516, 0.042937823100853166, 0.32479598057993786, 0.8274782222695495, 0.7931595898221022, 0.8615418128550713, 0.7989114954844108, 0.8556911974432488, 0.17225057777502262, 0.2815966487943778, 0.825716951636039, 0.8841842725369936, 0.17121471291399284, 0.21889108215809933, 0.5655049381601324, 0.8505295837648589, 0.6512938866201267, 0.8527085900323595, 0.00232187149759637, 0.2539228216579067, 0.4441948970200041, 0.7201442221377626, 0.3446450284926458, 0.5318456420531151, 0.10717621977550307, 0.4035320985523368, 0.48917436948442367, 0.1515975028493033, 0.3497491050409826, 0.7488028532362796, 0.9070515277644935, 0.7905431326516154, 0.9254037540482202, 0.4534340804498853, 0.48891612978106225, 0.1082078638135132, 0.8254395090458448, 0.9401324220155096, 0.4732697737397362, 0.5105600775268339, 0.7754003919123765, 0.5283049701886916, 0.5893150695915852, 0.951952985730061, 0.8545673457337661, 0.2669574342507993, 0.7947963740356981, 0.961439636311097, 0.8315970837134057, 0.3819162471558696, 0.7856165350569491, 0.9690531936185103, 0.5866770555234992, 0.8248095282940189, 0.9751634908596823, 0.8567293507957916, 0.9800673394639506, 0.8827201844586826, 0.8197464982197142, 0.6525354701169676, 0.33925126810203954, 0.8553366803232374, 0.8913708982329968, 0.6659646650798965, 0.25309931150666304, 0.6628458777256405, 0.6309587016912813, 0.8838997531076533, 0.8337581443913836, 0.9840029468795026, 0.8645842262801736, 0.9871614876460072, 0.69512492506854, 0.457917466211418, 0.9896963898149198, 0.7123076664085688, 0.5633850251575488, 0.9068231853203558, 0.889564368765801, 0.9252204967152651, 0.9048955260619089, 0.3531875964063437, 0.7302771150325308, 0.6942037422756618, 0.9917307878110136, 0.8513407674054324, 0.939985347956595, 0.8753433262862166, 0.9933635037624486, 0.8986714170787862, 0.9946738478461475, 0.9174932712503038, 0.9518349507327335, 0.7586068724026487, 0.7531726372825469, 0.995725470828195, 0.7860191823184713, 0.9293366797953367, 0.9965694559387689, 0.9422481758114939, 0.9972468002713201, 0.8214731003659033, 0.9526619388350599, 0.9977904062414861, 0.9610609500523417, 0.9982266798420742, 0.85175977089698, 0.8008026023860639, 0.9737088262543178, 0.9533764909936226, 0.9788998913492125, 0.8619922085399048, 0.9601959136564304, 0.9830660057484824, 0.8841678953674984, 0.8350728746290935, 0.9613449067530978, 0.9659861219193624, 0.9864095410096511, 0.9708876901792279],"StateValue_V2_record" => [0.0, 0.0, 0.0, 0.0, 0.0, 0.0, 0.0, 0.0, 0.0, 0.0, 0.0, 0.0, 0.0, 0.0, 0.0, 0.0, 0.0, 0.0, 0.0, 1.0, 0.0732701216033618, 0.002312706077899136, 1.0, 0.12004051132768613, 0.19666576285784668, 1.0, 0.23135560820026604, 0.3545008220427588, 1.0, 0.3327111419612524, 0.481172112184457, 1.0, 0.42370047404750827, 0.5828327687522985, 0.12004051132768613, 0.19666576285784668, 0.4088621144009376, 0.5121426487303522, 0.13109790303343885, 0.0014116255727862864, 0.44123227460898196, 1.0, 0.39992248087043053, 0.19666576285784668, 1.0, 0.45597623654776037, 0.5507788589311089, 1.0, 0.5279279924180449, 0.3545008220427588, 1.0, 0.5707267433318801, 0.638696000017255, 1.0, 0.6267164149494783, 0.481172112184457, 1.0, 0.6596558278846412, 0.7092543268203308, 1.0, 0.7034598647630038, 0.5828327687522985, 1.0, 0.003788971740002162, 0.1488680884306011, 0.664421020377775, 0.03185481216899489, 0.1436238500916738, 0.1488680884306011, 0.7658812532620295, 0.041838596501402245, 0.1436238500916738, 0.19546792034498983, 0.6636211736927312, 1.0, 0.11346734188281901, 0.21922258083959636, 0.32351387195287923, 0.7289880651574459, 0.7292581455079109, 1.0, 0.7606260683611131, 0.7819354147012049, 1.0, 0.17157063108545195, 0.32351387195287923, 0.8242118118737662, 1.0, 0.7900286497441819, 0.8581409389007172, 0.7957578501751679, 0.8523134183698096, 1.0, 0.17157063108545195, 0.2804850664031012, 0.8224574937286141, 0.8806940191117354, 1.0, 0.26698960602166266, 0.44244146981149035, 0.5632726483437228, 1.0, 0.8471721797878564, 0.6487229511384276, 1.0, 0.8493425845858161, 0.9034710075041841, 0.26698960602166266, 0.44244146981149035, 0.7173015049394752, 1.0, 0.34328456718547595, 0.5297462198720824, 0.9034710075041841, 0.40193918479790786, 0.48724338906363124, 0.9034710075041841, 0.3483684957610328, 0.745847008165826, 0.9034710075041841, 1.0, 0.787422520849016, 0.9217507897028513, 1.0, 0.4516441822334445, 0.4869861687428094, 0.7723395549829282, 0.8221811463229656, 0.9364213173192896, 1.0, 0.4714015755595914, 0.50854467857128, 0.7723395549829282, 1.0, 0.5262195245535966, 0.5869887910045475, 0.948195220214061, 1.0, 0.8511940029836141, 0.816510608245054, 0.7916589728705526, 0.9576444229285004, 1.0, 0.828314414410165, 0.816510608245054, 0.7825153706418048, 0.9652279262694545, 1.0, 0.5843611903060758, 0.8215536523745641, 0.9713141035544842, 1.0, 0.8533474736871268, 0.9761985945712907, 1.0, 0.8792357104151539, 0.816510608245054, 1.0, 0.6499596335742712, 0.6633358177619877, 0.8519603006804721, 1.0, 0.8878522761229173, 0.6633358177619877, 0.9801186664613993, 0.6602293415950984, 0.6284680378803817, 0.8804106228022511, 1.0, 0.8304669444575178, 0.9801186664613993, 1.0, 0.8611713426190108, 0.9832647391168194, 1.0, 0.6923809697347254, 0.6914634232442539, 0.9857896349428774, 1.0, 0.7094958834468715, 0.6914634232442539, 0.9032435664253189, 1.0, 0.8860528778000504, 0.9215682557649553, 1.0, 0.9013235164622853, 0.987816002300116, 0.7273943989728835, 0.6914634232442539, 0.987816002300116, 1.0, 0.8479801613397161, 0.9362748238245785, 1.0, 0.8718879718564424, 0.9894422732234963, 1.0, 0.8951239766989194, 0.9907474448187576, 1.0, 0.9138715329632786, 0.9480776511513429, 1.0, 0.7556123266760768, 0.7501995428058227, 0.991794916595192, 1.0, 0.7829164284824027, 0.9256681905102165, 0.9926355701356232, 1.0, 0.9385287193302865, 0.9933102407004427, 1.0, 0.8182303947542293, 0.9489013747779865, 0.9938517008253835, 1.0, 0.9572672315063452, 0.9942862522675077, 0.8483975108453051, 0.7976414920691909, 0.9698651811323716, 1.0, 0.9496131062936173, 0.9750357548734945, 1.0, 0.8585895566811811, 0.9564056097790019, 0.979185423837685, 1.0, 0.8806777065899315, 0.8317764848927646, 0.9575500673085756, 1.0, 0.9621729616138676, 0.9825157607353902, 1.0, 0.9670551812877658, 0.0],"final_QSA" => Dict{Int64,Any}(1 => [0.0 0.0; 0.4187745021835431 0.1441930416881341; 0.9708876901792279 0.07356049633890632; 0.44436478842383276 0.9890929114050099; 0.8639139704573502 0.6417177697579367; 0.9689771679535645 0.47645799429398045; 0.891427443417838 0.26804770493763497]),"trialByTrial_Vs" => [0.0, 0.0, 0.0, 0.0, 0.0, 0.0, 0.0, 0.0, 0.0, 0.0, 0.0, 0.0, 0.0, 0.0, 0.0, 0.0, 0.0, 0.0, 0.0, 0.07356049633890632, 0.00232187149759637, 0.12051624046486566, 0.197445163350583, 0.2322724870326988, 0.3559057341706276, 0.3340297000275636, 0.48307903170048183, 0.42537962934859613, 0.5851425767257217, 0.12051624046486566, 0.197445163350583, 0.4104824642208279, 0.5141723066991377, 0.1316174534052787, 0.0014172199459552659, 0.4429809096903712, 0.40150740228286796, 0.197445163350583, 0.45778330300547554, 0.552961634965949, 0.5300202088335546, 0.3559057341706276, 0.5729885742601856, 0.6412271979740747, 0.6292001369533465, 0.48307903170048183, 0.6622700911393049, 0.7120651524758299, 0.7062477265506847, 0.5851425767257217, 0.0038039877061683534, 0.14945806331890635, 0.6670541684313135, 0.03198105506933379, 0.1441930416881341, 0.14945806331890635, 0.7689164954795649, 0.04200440585354738, 0.1441930416881341, 0.19624257370212322, 0.6662511518966152, 0.11391702107907481, 0.2200913756162897, 0.32479598057993786, 0.7318770970302345, 0.7321482477284569, 0.763640483904795, 0.7850342807094516, 0.17225057777502262, 0.32479598057993786, 0.8274782222695495, 0.7931595898221022, 0.8615418128550713, 0.7989114954844108, 0.8556911974432488, 0.17225057777502262, 0.2815966487943778, 0.825716951636039, 0.8841842725369936, 0.26804770493763497, 0.4441948970200041, 0.5655049381601324, 0.8505295837648589, 0.6512938866201267, 0.8527085900323595, 0.9070515277644935, 0.26804770493763497, 0.4441948970200041, 0.7201442221377626, 0.3446450284926458, 0.5318456420531151, 0.9070515277644935, 0.4035320985523368, 0.48917436948442367, 0.9070515277644935, 0.3497491050409826, 0.7488028532362796, 0.9070515277644935, 0.7905431326516154, 0.9254037540482202, 0.4534340804498853, 0.48891612978106225, 0.7754003919123765, 0.8254395090458448, 0.9401324220155096, 0.4732697737397362, 0.5105600775268339, 0.7754003919123765, 0.5283049701886916, 0.5893150695915852, 0.951952985730061, 0.8545673457337661, 0.8197464982197142, 0.7947963740356981, 0.961439636311097, 0.8315970837134057, 0.8197464982197142, 0.7856165350569491, 0.9690531936185103, 0.5866770555234992, 0.8248095282940189, 0.9751634908596823, 0.8567293507957916, 0.9800673394639506, 0.8827201844586826, 0.8197464982197142, 0.6525354701169676, 0.6659646650798965, 0.8553366803232374, 0.8913708982329968, 0.6659646650798965, 0.9840029468795026, 0.6628458777256405, 0.6309587016912813, 0.8838997531076533, 0.8337581443913836, 0.9840029468795026, 0.8645842262801736, 0.9871614876460072, 0.69512492506854, 0.6942037422756618, 0.9896963898149198, 0.7123076664085688, 0.6942037422756618, 0.9068231853203558, 0.889564368765801, 0.9252204967152651, 0.9048955260619089, 0.9917307878110136, 0.7302771150325308, 0.6942037422756618, 0.9917307878110136, 0.8513407674054324, 0.939985347956595, 0.8753433262862166, 0.9933635037624486, 0.8986714170787862, 0.9946738478461475, 0.9174932712503038, 0.9518349507327335, 0.7586068724026487, 0.7531726372825469, 0.995725470828195, 0.7860191823184713, 0.9293366797953367, 0.9965694559387689, 0.9422481758114939, 0.9972468002713201, 0.8214731003659033, 0.9526619388350599, 0.9977904062414861, 0.9610609500523417, 0.9982266798420742, 0.85175977089698, 0.8008026023860639, 0.9737088262543178, 0.9533764909936226, 0.9788998913492125, 0.8619922085399048, 0.9601959136564304, 0.9830660057484824, 0.8841678953674984, 0.8350728746290935, 0.9613449067530978, 0.9659861219193624, 0.9864095410096511, 0.9708876901792279],"RPE_QV" => [0.0, 0.0, 0.0, 0.0, 0.0, 0.0, 0.0, 0.0, 0.0, 0.0, 0.0, 0.0, 0.0, 0.0, 0.0, 0.0, 0.0, 0.0, 1.0, 0.002312706077899136, 1.0, 0.07614952239298102, 0.8025548366494171, 0.12222833501006, 0.6440942658293725, 0.1471424121568934, 0.5169209682995182, 0.15745313940370237, -0.46510206539803556, 0.07614952239298102, 0.3483818791499609, 0.09730831427400977, -0.3600880999465885, 0.0012149123477692527, 0.4097897125897677, 0.5570190903096288, -0.2048416394250213, 0.8025548366494171, 0.09299555592563336, 0.44703836503405103, -0.17551938679079582, 0.6440942658293725, 0.06570742575706945, 0.3587728020259253, -0.14802802476888954, 0.5169209682995182, 0.04698423568102594, 0.2879348475241701, -0.12341495779838618, 0.4148574232742783, 0.14800304814853008, 0.6643762870934429, -0.5866018346454686, 0.13981986238550545, 0.0580705803427031, 0.6164231899431232, -0.6959531407187765, 0.10161944423812642, 0.0635479684822649, 0.4473710520225532, 0.3337488481033848, 0.10530555976052156, 0.10342249633658954, 0.6597488925003558, -0.0026189515223236093, 0.2678517522715431, 0.01829493079640987, 0.21496571929054842, 0.2805760488520261, 0.4994158312938284, 0.17252177773045052, 0.06498134907861497, -0.058733556522811536, 0.04767856371739321, 0.14430880255675116, 0.1082344886280786, 0.5408608449342363, 0.05497706747569642, 0.11581572746300639, 0.27122675689749753, 0.3443815661856235, 0.43449506183986764, -0.20180663262643128, 0.34870611337987334, 0.05076241747182453, 0.2646677345240663, 0.18851864815358366, 0.2731066079194711, 0.27985577786223736, 0.1851011913794366, 0.37162536545106895, 0.2947629650224048, 0.0779964790096252, 0.4142966380197604, 0.19354614918312696, 0.39609790312484344, 0.15466815426790448, 0.09294847223550651, 0.13120765705123594, 0.07459624595177983, 0.03355208829292411, 0.2834234252018659, 0.7139732825094524, 0.11098180827344473, 0.05986757798449038, 0.03527490483154383, 0.2617794774560943, 0.22459960808762347, 0.05868382081585588, 0.3588801506224758, 0.04804701426993896, -0.03805673748871219, 0.46846657180085094, 0.16284804889280224, 0.03856036368890303, -0.015086475468351734, 0.35766485179278784, 0.17961139121250547, 0.030946806381489722, 0.23487659685106488, 0.14650457526046534, 0.024836509140317653, 0.11946924377549906, 0.019932660536049362, -0.06620957621362866, 0.18025350178028576, 0.010800347645020136, 0.5127090325784326, 0.1446633196767626, -0.22803508047100907, 0.31415400138150285, 0.40713003008843535, -0.03203092972894994, 0.2494519211109698, 0.11610024689234666, 0.1463605220700157, 0.015997053120497373, 0.11868051283664582, 0.012838512353992804, -0.0036615018242860398, 0.5278721687314594, 0.010303610185080192, -0.02084424316431488, 0.33985854126777004, 0.09317681467964423, 0.03200388699915424, 0.07477950328473493, 0.08292047623820709, 0.3742068025665398, -0.03881369178827687, 0.2936122600244542, 0.008269212188986352, 0.08493405641914609, 0.06001465204340495, 0.11409894693727973, 0.006636496237551359, 0.09207602773997148, 0.005326152153852459, 0.030584379901039127, 0.0481650492672665, -0.008407329596825996, 0.23862227931264512, 0.0042745291718050415, 0.1396490081917452, 0.06329889034028646, 0.003430544061231111, 0.05106206488894882, 0.0027531997286799337, 0.12742827441208326, 0.04118976199032365, 0.002209593758513928, 0.03322530221516595, -0.14982916899676912, -0.05411827882778908, 0.15752099619967486, 0.02629117374568224, 0.021659263879871826, 0.021100108650787486, 0.09441340123909714, 0.01898951018125461, 0.016933994251517648, -0.052391410474733835, 0.1224771926794821, 0.038655093246902195, 0.01652963881602776, 0.013590458990348941, -0.005735489468909005],"StateValue_V3_record" => [0.0, 0.0, 0.0, 0.0, 0.0, 0.0, 0.0, 0.0, 0.0, 0.0, 0.0, 0.0, 0.0, 0.0, 0.0, 0.0, 0.0, 0.0, 0.0, 0.197445163350583, 0.07356049633890632, 0.07356049633890632, 0.197445163350583, 0.12051624046486566, 0.13555159535281666, 0.3559057341706276, 0.2322724870326988, 0.2564058806048299, 0.48307903170048183, 0.3340297000275636, 0.3630822576316802, 0.5851425767257217, 0.42537962934859613, 0.45646799017822226, 0.493310423448513, 0.10555113127392282, 0.197445163350583, 0.42969552022802965, 0.4126901583690426, 0.13165074907448954, 0.0823282166876304, 0.552961634965949, 0.40150740228286796, 0.3610624113255934, 0.3559057341706276, 0.45778330300547554, 0.4761448257360905, 0.6412271979740747, 0.5300202088335546, 0.4953647548374518, 0.48307903170048183, 0.5729885742601856, 0.5859621876721365, 0.7120651524758299, 0.6292001369533465, 0.599972719422389, 0.5851425767257217, 0.6622700911393049, 0.6715469012282473, 0.7689164954795649, 0.7062477265506847, 0.6818800400482771, 0.6670541684313135, 0.0038039877061683534, 0.0038039877061683534, 0.14945806331890635, 0.5360956633258409, 0.03587094781223788, 0.1441930416881341, 0.27116784075031375, 0.6315039139259948, 0.05836438912563341, 0.1441930416881341, 0.2845738241470384, 0.7321482477284569, 0.11391702107907481, 0.13470909452771557, 0.19025237271592962, 0.32479598057993786, 0.7313599977191021, 0.7850342807094516, 0.763640483904795, 0.7672527295043797, 0.8274782222695495, 0.17225057777502262, 0.17225057777502262, 0.423403220969615, 0.8615418128550713, 0.7931595898221022, 0.8059898429056707, 0.849945156193264, 0.8083253972859127, 0.8841842725369936, 0.17225057777502262, 0.1936209540623604, 0.3883870066723524, 0.8365719077043139, 0.9070515277644935, 0.26804770493763497, 0.26804770493763497, 0.4441948970200041, 0.6512938866201267, 0.8505295837648589, 0.8106838402207021, 0.7201442221377626, 0.8527085900323595, 0.6848020358123077, 0.9070515277644935, 0.2911449169372221, 0.4981184758327877, 0.7754003919123765, 0.3446450284926458, 0.38119236346094615, 0.44791318540301167, 0.9070515277644935, 0.41893212609116254, 0.4269616297457844, 0.9070515277644935, 0.4279567202262907, 0.7793413322208391, 0.9254037540482202, 0.7905431326516154, 0.8164494499309439, 0.9401324220155096, 0.4534340804498853, 0.46005877800363487, 0.41366278675580814, 0.7754003919123765, 0.8473523303093382, 0.951952985730061, 0.4732697737397362, 0.48023463308637665, 0.5622471692149826, 0.8197464982197142, 0.5283049701886916, 0.5398918067757146, 0.6601742195545217, 0.961439636311097, 0.8545673457337661, 0.7383385440187955, 0.8197464982197142, 0.8269499336506612, 0.9690531936185103, 0.8315970837134057, 0.7425121117724589, 0.8197464982197142, 0.8210799355345276, 0.9751634908596823, 0.5866770555234992, 0.6330523035559867, 0.8537361480879292, 0.9800673394639506, 0.8567293507957916, 0.8803179751484156, 0.9840029468795026, 0.8827201844586826, 0.8696474238678098, 0.8553366803232374, 0.6525354701169676, 0.5904146070694529, 0.6659646650798965, 0.8838997531076533, 0.8913708982329968, 0.846346474519735, 0.5842491321737336, 0.9840029468795026, 0.656521525573037, 0.6802117770031535, 0.9068231853203558, 0.8337581443913836, 0.8626563215795745, 0.9871614876460072, 0.8645842262801736, 0.8880171195237361, 0.9896963898149198, 0.69512492506854, 0.647932558507721, 0.6942037422756618, 0.9917307878110136, 0.7123076664085688, 0.6824645086139528, 0.6942037422756618, 0.9252204967152651, 0.889564368765801, 0.8958833814622026, 0.939985347956595, 0.9048955260619089, 0.7956881891825864, 0.9917307878110136, 0.7226135393171553, 0.752176062917924, 0.9933635037624486, 0.8513407674054324, 0.8681105860491384, 0.9518349507327335, 0.8753433262862166, 0.8978716115023773, 0.9946738478461475, 0.8986714170787862, 0.9168513834165777, 0.995725470828195, 0.9174932712503038, 0.9235320091358408, 0.9613449067530978, 0.7586068724026487, 0.7569468858370612, 0.8002874522005206, 0.9965694559387689, 0.7860191823184713, 0.8135922035526374, 0.9418347395384853, 0.9972468002713201, 0.9422481758114939, 0.9523301335545105, 0.9977904062414861, 0.8214731003659033, 0.8466331968226799, 0.960794658119611, 0.9982266798420742, 0.9610609500523417, 0.9676211252755876, 0.9686436350948251, 0.8410743784935748, 0.8319043612118553, 0.9788998913492125, 0.9533764909936226, 0.9576530078884373, 0.9830660057484824, 0.8619922085399048, 0.8806336779700424, 0.9639453005961158, 0.9864095410096511, 0.8841678953674984, 0.8738234647681471, 0.8592554039444147, 0.9689771679535645, 0.9659861219193624, 0.9692498191555191, 0.9890929114050099, 0.9708876901792279, 0.9708876901792279],"StateValue_V1_record" => [0.0, 0.0, 0.0, 0.0, 0.0, 0.0, 0.0, 0.0, 0.0, 0.0, 0.0, 0.0, 0.0, 0.0, 0.0, 0.0, 0.0, 0.0, 0.0, 0.0, 0.07356049633890632, 0.00232187149759637, 0.0, 0.12051624046486566, 0.197445163350583, 0.0, 0.2322724870326988, 0.3559057341706276, 0.0, 0.3340297000275636, 0.48307903170048183, 0.0, 0.42537962934859613, 0.5851425767257217, 0.12051624046486566, 0.197445163350583, 0.4104824642208279, 0.5141723066991377, 0.1316174534052787, 0.0014172199459552659, 0.4429809096903712, 0.0, 0.40150740228286796, 0.197445163350583, 0.0, 0.45778330300547554, 0.552961634965949, 0.0, 0.5300202088335546, 0.3559057341706276, 0.0, 0.5729885742601856, 0.6412271979740747, 0.0, 0.6292001369533465, 0.48307903170048183, 0.0, 0.6622700911393049, 0.7120651524758299, 0.0, 0.7062477265506847, 0.5851425767257217, 0.0, 0.0038039877061683534, 0.14945806331890635, 0.6670541684313135, 0.03198105506933379, 0.1441930416881341, 0.14945806331890635, 0.7689164954795649, 0.04200440585354738, 0.1441930416881341, 0.19624257370212322, 0.6662511518966152, 0.0, 0.11391702107907481, 0.2200913756162897, 0.32479598057993786, 0.7318770970302345, 0.7321482477284569, 0.0, 0.763640483904795, 0.7850342807094516, 0.0, 0.17225057777502262, 0.32479598057993786, 0.8274782222695495, 0.0, 0.7931595898221022, 0.8615418128550713, 0.7989114954844108, 0.8556911974432488, 0.0, 0.17225057777502262, 0.2815966487943778, 0.825716951636039, 0.8841842725369936, 0.0, 0.26804770493763497, 0.4441948970200041, 0.5655049381601324, 0.0, 0.8505295837648589, 0.6512938866201267, 0.0, 0.8527085900323595, 0.9070515277644935, 0.26804770493763497, 0.4441948970200041, 0.7201442221377626, 0.0, 0.3446450284926458, 0.5318456420531151, 0.9070515277644935, 0.4035320985523368, 0.48917436948442367, 0.9070515277644935, 0.3497491050409826, 0.7488028532362796, 0.9070515277644935, 0.0, 0.7905431326516154, 0.9254037540482202, 0.0, 0.4534340804498853, 0.48891612978106225, 0.7754003919123765, 0.8254395090458448, 0.9401324220155096, 0.0, 0.4732697737397362, 0.5105600775268339, 0.7754003919123765, 0.0, 0.5283049701886916, 0.5893150695915852, 0.951952985730061, 0.0, 0.8545673457337661, 0.8197464982197142, 0.7947963740356981, 0.961439636311097, 0.0, 0.8315970837134057, 0.8197464982197142, 0.7856165350569491, 0.9690531936185103, 0.0, 0.5866770555234992, 0.8248095282940189, 0.9751634908596823, 0.0, 0.8567293507957916, 0.9800673394639506, 0.0, 0.8827201844586826, 0.8197464982197142, 0.0, 0.6525354701169676, 0.6659646650798965, 0.8553366803232374, 0.0, 0.8913708982329968, 0.6659646650798965, 0.9840029468795026, 0.6628458777256405, 0.6309587016912813, 0.8838997531076533, 0.0, 0.8337581443913836, 0.9840029468795026, 0.0, 0.8645842262801736, 0.9871614876460072, 0.0, 0.69512492506854, 0.6942037422756618, 0.9896963898149198, 0.0, 0.7123076664085688, 0.6942037422756618, 0.9068231853203558, 0.0, 0.889564368765801, 0.9252204967152651, 0.0, 0.9048955260619089, 0.9917307878110136, 0.7302771150325308, 0.6942037422756618, 0.9917307878110136, 0.0, 0.8513407674054324, 0.939985347956595, 0.0, 0.8753433262862166, 0.9933635037624486, 0.0, 0.8986714170787862, 0.9946738478461475, 0.0, 0.9174932712503038, 0.9518349507327335, 0.0, 0.7586068724026487, 0.7531726372825469, 0.995725470828195, 0.0, 0.7860191823184713, 0.9293366797953367, 0.9965694559387689, 0.0, 0.9422481758114939, 0.9972468002713201, 0.0, 0.8214731003659033, 0.9526619388350599, 0.9977904062414861, 0.0, 0.9610609500523417, 0.9982266798420742, 0.85175977089698, 0.8008026023860639, 0.9737088262543178, 0.0, 0.9533764909936226, 0.9788998913492125, 0.0, 0.8619922085399048, 0.9601959136564304, 0.9830660057484824, 0.0, 0.8841678953674984, 0.8350728746290935, 0.9613449067530978, 0.0, 0.9659861219193624, 0.9864095410096511, 0.0, 0.9708876901792279, 0.0])