DateTime of fitting: 2020-12-27T19:42:42.795
DATA_STATS
nr_subjects: 1
all_subject_ids: [6]
nr_puzzles: 1
nr_episodes: 59
nr_actions: 178
max_state_id: 7
max_action_id: 2
SUBJECT_SIGNALS
subject_id: 6
algorithm_name: hybrid_actorcritic_FWD
param_string: alpha=0.5733,
                eta_critic=0.0037,
                gamma=0.9738,
                lambda_actor=0.8094,
                lambda_critic=0.4023,
                eta_fwd=0.2793,
                w_MB=12.1378,
                w_MF=2.9004
param_vector: [0.5733317432018427, 0.0036647828134733803, 0.9737520473711652, 0.8093554434121257, 0.40233175044432207, 0.27927960363768967, 12.137794086455772, 2.9003550846305814]
LL: -81.756
RPE
[0.0, 0.0, 1.0, 0.004, 0.996, 0.001, 0.006, 0.993, 0.009, 0.989, 0.002, 0.011, 0.985, -0.003, 0.004, 0.013, -0.017, 0.003, -0.002, 0.015, 0.982, 0.003, -0.005, 1.0, 0.017, 0.978, -0.002, 0.004, 0.002, 0.019, 0.975, -0.002, 0.006, 0.022, 0.971, -0.002, 0.003, 0.003, 0.024, 0.968, -0.006, 0.005, -0.003, 0.995, 0.005, -0.008, 0.007, 0.0, -0.001, 0.992, 0.025, 0.964, -0.0, -0.001, 0.027, 0.96, -0.002, 0.041, -0.04, -0.002, 0.008, 0.003, 0.987, -0.011, 0.014, 0.984, 0.006, 0.98, -0.0, 0.019, 0.976, -0.005, 0.031, 0.957, 0.029, 0.954, 0.001, 0.007, 0.037, 0.95, 0.012, -0.012, 0.021, 0.973, -0.005, 0.038, 0.947, 0.01, 0.015, 0.969, -0.012, 0.026, 0.966, -0.003, 0.02, 0.962, 0.036, 0.943, 0.015, 0.038, 0.94, 0.04, 0.936, 0.016, 0.959, 0.04, 0.933, 0.02, 0.042, 0.929, 0.044, 0.926, 0.014, 0.955, 0.002, 0.009, 0.029, 0.952, 0.012, 0.056, 0.923, 0.019, 0.948, 0.001, 0.045, 0.945, 0.046, 0.919, 0.025, 0.048, 0.916, 0.05, 0.912, 0.02, 0.941, 0.05, 0.909, 0.001, 0.01, 0.071, 0.906, 0.03, 0.055, 0.902, 0.001, 0.029, 0.057, 0.899, 0.002, 0.03, 0.058, 0.896, 0.012, 0.038, 0.938, 0.06, 0.893, 0.034, 0.062, 0.889, 0.012, 0.04, 0.934, 0.063, 0.886, 0.018, 0.931, 0.064, 0.883, 0.018, 0.928, 0.064, 0.88, 0.0, 0.061, 0.924, 0.066, 0.876]
SPE
[0.857, 0.857, 0.857, 0.857, 0.618, 0.618, 0.618, 0.445, 0.618, 0.321, 0.445, 0.445, 0.231, 0.857, 0.857, 0.321, 0.857, 0.321, 0.961, 0.445, 0.167, 0.231, 0.972, 0.857, 0.321, 0.12, 0.857, 0.857, 0.857, 0.231, 0.087, 0.972, 0.618, 0.601, 0.062, 0.618, 0.618, 0.618, 0.167, 0.045, 0.98, 0.399, 0.857, 0.618, 0.926, 0.618, 0.445, 0.445, 0.986, 0.445, 0.543, 0.032, 0.791, 0.321, 0.561, 0.023, 0.6, 0.947, 0.618, 0.433, 0.445, 0.784, 0.321, 0.445, 0.511, 0.231, 0.69, 0.167, 0.312, 0.368, 0.12, 0.947, 0.591, 0.017, 0.571, 0.012, 0.784, 0.321, 0.426, 0.009, 0.99, 0.511, 0.265, 0.087, 0.771, 0.307, 0.006, 0.63, 0.837, 0.062, 0.544, 0.191, 0.045, 0.68, 0.618, 0.032, 0.411, 0.005, 0.875, 0.297, 0.003, 0.214, 0.002, 0.864, 0.023, 0.39, 0.002, 0.793, 0.281, 0.001, 0.203, 0.001, 0.859, 0.017, 0.441, 0.231, 0.603, 0.012, 0.607, 0.596, 0.001, 0.619, 0.009, 0.318, 0.138, 0.006, 0.556, 0.0, 0.808, 0.401, 0.0, 0.289, 0.0, 0.793, 0.005, 0.429, 0.0, 0.883, 0.167, 0.429, 0.0, 0.583, 0.309, 0.0, 0.6, 0.98, 0.223, 0.0, 0.432, 0.706, 0.161, 0.0, 0.594, 0.706, 0.003, 0.116, 0.0, 0.84, 0.084, 0.0, 0.588, 0.509, 0.002, 0.06, 0.0, 0.957, 0.002, 0.311, 0.0, 0.776, 0.001, 0.441, 0.0, 0.864, 0.099, 0.001, 0.318, 0.0]
action_selection_prob
[0.5, 0.5, 0.5, 0.498, 0.772, 0.611, 0.673, 0.852, 0.676, 0.888, 0.701, 0.777, 0.907, 0.226, 0.499, 0.83, 0.08, 0.766, 0.834, 0.789, 0.927, 0.789, 0.847, 0.5, 0.804, 0.888, 0.19, 0.465, 0.262, 0.847, 0.908, 0.739, 0.434, 0.863, 0.92, 0.224, 0.422, 0.432, 0.876, 0.931, 0.894, 0.695, 0.108, 0.444, 0.243, 0.119, 0.55, 0.302, 0.886, 0.706, 0.835, 0.936, 0.867, 0.335, 0.866, 0.94, 0.325, 0.648, 0.055, 0.324, 0.336, 0.71, 0.496, 0.114, 0.559, 0.702, 0.763, 0.799, 0.453, 0.694, 0.848, 0.189, 0.775, 0.91, 0.655, 0.921, 0.41, 0.23, 0.825, 0.929, 0.53, 0.25, 0.601, 0.877, 0.413, 0.857, 0.936, 0.623, 0.879, 0.897, 0.561, 0.721, 0.912, 0.665, 0.106, 0.923, 0.264, 0.941, 0.292, 0.484, 0.946, 0.648, 0.95, 0.744, 0.931, 0.802, 0.953, 0.537, 0.84, 0.956, 0.866, 0.959, 0.885, 0.937, 0.346, 0.211, 0.718, 0.943, 0.526, 0.786, 0.961, 0.898, 0.948, 0.354, 0.625, 0.952, 0.909, 0.964, 0.517, 0.919, 0.965, 0.926, 0.967, 0.932, 0.955, 0.938, 0.969, 0.36, 0.268, 0.83, 0.97, 0.512, 0.942, 0.971, 0.637, 0.438, 0.946, 0.973, 0.703, 0.584, 0.949, 0.974, 0.249, 0.859, 0.958, 0.952, 0.975, 0.419, 0.955, 0.976, 0.571, 0.88, 0.961, 0.957, 0.976, 0.96, 0.963, 0.961, 0.977, 0.963, 0.965, 0.965, 0.978, 0.675, 0.316, 0.967, 0.966, 0.979]
results_dict
Dict{String,Any}("finalQSA_Hybrid_record" => [0.0 0.0; 16.40986396547027 16.537390566447332; 19.543848193806564 16.18656347270154; 12.54187045179668 16.36492994384473; 16.188893562166836 14.043176953263332; 17.710212245352224 14.292542357886163; 18.611504121865405 17.5463902931764],"final_PolicyParameters_MF" => [0.0 0.0; 1.6868374033127855 1.6291812700662929; 2.6767549821005163 1.6108732948180793; 0.38274778756106576 1.4682087193174522; 1.5075040775817257 0.7985044187644829; 1.9214151089139273 0.9473374325288735; 2.449930182374272 2.082588111823717],"final_Tsas" => [0.14285714285714285 0.14285714285714285; 0.01040007477931304 0.005402192896428077; 5.623942148079032e-7 0.01040007477931304; 0.07420541281894939 0.9999953180660546; 0.000545679673630569 0.07420541281894939; 0.9993633172390396 0.03854510304141489; 0.000545679673630569 0.0020224161550774205]

[0.14285714285714285 0.14285714285714285; 0.01040007477931304 0.005402192896428077; 5.623942148079032e-7 0.4378975120304391; 0.07420541281894939 7.803223242279165e-7; 0.000545679673630569 0.07420541281894939; 0.00010611379349338995 0.03854510304141489; 0.37744435134582466 0.6885405414607555]

[0.14285714285714285 0.14285714285714285; 0.49096218504666733 0.005402192896428077; 5.623942148079032e-7 0.01040007477931304; 0.07420541281894939 7.803223242279165e-7; 0.006031492334433649 0.07420541281894939; 0.00010611379349338995 0.7687293817515106; 0.20508752609756103 0.3013473777638574]

[0.14285714285714285 0.14285714285714285; 0.01040007477931304 0.04454393002624519; 0.7711425703428347 0.01040007477931304; 0.07420541281894939 7.803223242279165e-7; 0.35874974628623185 0.07420541281894939; 0.00010611379349338995 0.03854510304141489; 0.000545679673630569 0.0020224161550774205]

[0.14285714285714285 0.14285714285714285; 0.4570374410567674 0.005402192896428077; 5.623942148079032e-7 0.5101021140729958; 0.07420541281894939 7.803223242279165e-7; 0.000545679673630569 0.07420541281894939; 0.00010611379349338995 0.03854510304141489; 0.41528540386209195 0.0020224161550774205]

[0.14285714285714285 0.14285714285714285; 0.01040007477931304 0.9284451054916144; 0.22884373313769388 0.01040007477931304; 0.07420541281894939 7.803223242279165e-7; 0.6330360426848122 0.5547675230863036; 0.00010611379349338995 0.03854510304141489; 0.000545679673630569 0.0020224161550774205]

[0.14285714285714285 0.14285714285714285; 0.01040007477931304 0.005402192896428077; 1.144694261206799e-5 0.01040007477931304; 0.5547675230863036 7.803223242279165e-7; 0.000545679673630569 0.07420541281894939; 0.00010611379349338995 0.03854510304141489; 0.000545679673630569 0.0020224161550774205],"finalQSA_MB_record" => [0.0 0.0; 0.9488969560476438 0.9731742424322544; 0.9737444516092788 0.9486488947032619; 0.9418376848864085 0.9999997771028979; 0.9735374371431774 0.9661754643880207; 0.999969688875967 0.9511556721320997; 0.9479348260139133 0.9479603028172703])
POPULATION_SIGNALS
subject_id: 6
algorithm_name: hybrid_actorcritic_FWD
param_string: alpha=0.644,
                eta_critic=0.0002,
                gamma=0.972,
                lambda_actor=0.8563,
                lambda_critic=0.4629,
                eta_fwd=0.24,
                w_MB=12.1269,
                w_MF=2.8638
param_vector: [0.644030167544776, 0.00020351207271904898, 0.9720012726758733, 0.856341395594059, 0.4628830908282809, 0.24003847973901876, 12.126880916735841, 2.863789486249355]
LL: -82.422
RPE
[0.0, 0.0, 1.0, 0.0, 1.0, 0.0, 0.0, 1.0, 0.001, 0.999, 0.0, 0.001, 0.999, -0.0, 0.0, 0.001, -0.001, 0.0, -0.0, 0.001, 0.999, 0.0, -0.0, 1.0, 0.001, 0.999, -0.0, 0.0, 0.0, 0.001, 0.999, -0.0, 0.0, 0.001, 0.998, -0.0, 0.0, 0.0, 0.001, 0.998, -0.0, 0.0, -0.0, 1.0, 0.0, -0.0, 0.0, 0.0, -0.0, 1.0, 0.001, 0.998, -0.0, 0.0, 0.001, 0.998, -0.0, 0.002, -0.002, -0.0, 0.0, 0.0, 0.999, -0.001, 0.001, 0.999, 0.0, 0.999, -0.0, 0.001, 0.999, -0.0, 0.002, 0.998, 0.002, 0.997, -0.0, 0.0, 0.002, 0.997, 0.001, -0.001, 0.001, 0.998, -0.0, 0.002, 0.997, 0.001, 0.001, 0.998, -0.001, 0.001, 0.998, -0.0, 0.001, 0.998, 0.002, 0.997, 0.001, 0.002, 0.997, 0.002, 0.996, 0.001, 0.998, 0.002, 0.996, 0.001, 0.002, 0.996, 0.002, 0.996, 0.001, 0.997, 0.0, 0.001, 0.002, 0.997, 0.001, 0.003, 0.996, 0.001, 0.997, 0.0, 0.002, 0.997, 0.002, 0.995, 0.002, 0.003, 0.995, 0.003, 0.995, 0.001, 0.997, 0.003, 0.995, 0.0, 0.001, 0.004, 0.995, 0.002, 0.003, 0.994, 0.0, 0.002, 0.003, 0.994, 0.0, 0.002, 0.003, 0.994, 0.001, 0.002, 0.996, 0.003, 0.994, 0.002, 0.003, 0.994, 0.001, 0.002, 0.996, 0.004, 0.993, 0.001, 0.996, 0.004, 0.993, 0.001, 0.996, 0.004, 0.993, -0.0, 0.003, 0.996, 0.004, 0.993]
SPE
[0.857, 0.857, 0.857, 0.857, 0.651, 0.651, 0.651, 0.495, 0.651, 0.376, 0.495, 0.495, 0.286, 0.857, 0.857, 0.376, 0.857, 0.376, 0.952, 0.495, 0.217, 0.286, 0.964, 0.857, 0.376, 0.165, 0.857, 0.857, 0.857, 0.286, 0.125, 0.964, 0.651, 0.588, 0.095, 0.651, 0.651, 0.651, 0.217, 0.072, 0.972, 0.405, 0.857, 0.651, 0.917, 0.651, 0.495, 0.495, 0.979, 0.495, 0.518, 0.055, 0.806, 0.376, 0.539, 0.042, 0.616, 0.937, 0.651, 0.468, 0.495, 0.797, 0.376, 0.495, 0.526, 0.286, 0.705, 0.217, 0.356, 0.4, 0.165, 0.937, 0.579, 0.032, 0.551, 0.024, 0.797, 0.376, 0.44, 0.018, 0.984, 0.526, 0.304, 0.125, 0.781, 0.335, 0.014, 0.6, 0.827, 0.095, 0.544, 0.231, 0.072, 0.691, 0.651, 0.055, 0.419, 0.011, 0.867, 0.318, 0.008, 0.242, 0.006, 0.845, 0.042, 0.38, 0.005, 0.808, 0.289, 0.004, 0.219, 0.003, 0.843, 0.032, 0.446, 0.286, 0.628, 0.024, 0.587, 0.569, 0.002, 0.641, 0.018, 0.339, 0.175, 0.014, 0.519, 0.002, 0.803, 0.394, 0.001, 0.3, 0.001, 0.775, 0.011, 0.413, 0.001, 0.868, 0.217, 0.433, 0.001, 0.61, 0.314, 0.0, 0.571, 0.972, 0.239, 0.0, 0.434, 0.739, 0.181, 0.0, 0.579, 0.698, 0.008, 0.138, 0.0, 0.831, 0.105, 0.0, 0.574, 0.531, 0.006, 0.08, 0.0, 0.94, 0.005, 0.286, 0.0, 0.783, 0.004, 0.405, 0.0, 0.851, 0.133, 0.003, 0.308, 0.0]
action_selection_prob
[0.5, 0.5, 0.5, 0.498, 0.784, 0.64, 0.693, 0.865, 0.697, 0.9, 0.736, 0.799, 0.918, 0.203, 0.499, 0.851, 0.07, 0.799, 0.854, 0.81, 0.934, 0.824, 0.869, 0.5, 0.801, 0.876, 0.155, 0.438, 0.247, 0.852, 0.902, 0.74, 0.423, 0.884, 0.918, 0.212, 0.398, 0.461, 0.883, 0.93, 0.903, 0.667, 0.092, 0.387, 0.247, 0.106, 0.563, 0.308, 0.9, 0.701, 0.822, 0.937, 0.863, 0.36, 0.861, 0.942, 0.367, 0.681, 0.053, 0.363, 0.305, 0.702, 0.436, 0.115, 0.559, 0.698, 0.719, 0.808, 0.529, 0.717, 0.859, 0.206, 0.782, 0.886, 0.585, 0.905, 0.332, 0.206, 0.836, 0.919, 0.502, 0.27, 0.584, 0.887, 0.48, 0.869, 0.929, 0.63, 0.891, 0.907, 0.642, 0.73, 0.921, 0.738, 0.094, 0.932, 0.202, 0.936, 0.27, 0.465, 0.943, 0.666, 0.948, 0.77, 0.938, 0.826, 0.952, 0.516, 0.862, 0.956, 0.885, 0.959, 0.902, 0.945, 0.335, 0.194, 0.697, 0.95, 0.496, 0.786, 0.962, 0.914, 0.954, 0.348, 0.599, 0.958, 0.924, 0.965, 0.551, 0.932, 0.967, 0.938, 0.969, 0.943, 0.961, 0.948, 0.97, 0.315, 0.265, 0.836, 0.972, 0.513, 0.952, 0.973, 0.662, 0.478, 0.955, 0.974, 0.737, 0.64, 0.958, 0.976, 0.213, 0.868, 0.963, 0.96, 0.977, 0.425, 0.963, 0.978, 0.607, 0.89, 0.966, 0.965, 0.978, 0.966, 0.968, 0.968, 0.979, 0.969, 0.97, 0.971, 0.98, 0.718, 0.263, 0.971, 0.972, 0.981]
results_dict
Dict{String,Any}("finalQSA_Hybrid_record" => [0.0 0.0; 17.516845988141966 17.621842019243488; 20.73965667812635 17.19186967277421; 13.057348845403366 16.98728907916987; 16.71837471480928 14.460449196779045; 18.42771776893002 14.857133598133537; 20.333979769198635 19.041991207479615],"final_PolicyParameters_MF" => [0.0 0.0; 2.1114395398604815 2.041969304452389; 3.14105721613561 1.9998002200800953; 0.5784085711297675 1.709527665078097; 1.7237638089476797 0.9718003205151009; 2.2006150501896715 1.1708780032364356; 3.101563637287792 2.650128037684631],"final_Tsas" => [0.14285714285714285 0.14285714285714285; 0.015894057610385478 0.00917947806852586; 4.216798692892192e-6 0.015894057610385478; 0.08250593032534027 0.9999667077983783; 0.0013438760326051954 0.08250593032534027; 0.997956058445315 0.047650599771949326; 0.0013438760326051954 0.004028958529189086]

[0.14285714285714285 0.14285714285714285; 0.015894057610385478 0.00917947806852586; 4.216798692892192e-6 0.4458991453100539; 0.08250593032534027 5.548700270303271e-6; 0.0013438760326051954 0.08250593032534027; 0.0003406569257808407 0.047650599771949326; 0.3534656005180705 0.670173591356511]

[0.14285714285714285 0.14285714285714285; 0.43835254533300366 0.00917947806852586; 4.216798692892192e-6 0.015894057610385478; 0.08250593032534027 5.548700270303271e-6; 0.010251873847575992 0.08250593032534027; 0.0003406569257808407 0.7140964013683042; 0.2129237084776626 0.3096816159975437]

[0.14285714285714285 0.14285714285714285; 0.015894057610385478 0.05542082594057747; 0.7659728353778266 0.015894057610385478; 0.08250593032534027 5.548700270303271e-6; 0.3876400539845774 0.08250593032534027; 0.0003406569257808407 0.047650599771949326; 0.0013438760326051954 0.004028958529189086]

[0.14285714285714285 0.14285714285714285; 0.4821771666150691 0.00917947806852586; 4.216798692892192e-6 0.47463056663801884; 0.08250593032534027 5.548700270303271e-6; 0.0013438760326051954 0.08250593032534027; 0.0003406569257808407 0.047650599771949326; 0.4282351868738464 0.004028958529189086]

[0.14285714285714285 0.14285714285714285; 0.015894057610385478 0.8986817837167932; 0.23395768339308315 0.015894057610385478; 0.08250593032534027 5.548700270303271e-6; 0.596732568037426 0.5049644180479584; 0.0003406569257808407 0.047650599771949326; 0.0013438760326051954 0.004028958529189086]

[0.14285714285714285 0.14285714285714285; 0.015894057610385478 0.00917947806852586; 5.2614034318865825e-5 0.015894057610385478; 0.5049644180479584 5.548700270303271e-6; 0.0013438760326051954 0.08250593032534027; 0.0003406569257808407 0.047650599771949326; 0.0013438760326051954 0.004028958529189086],"finalQSA_MB_record" => [0.0 0.0; 0.9458607943871911 0.970907692082497; 0.9719728824406114 0.9454186964074329; 0.9401488370622649 0.9999983058959905; 0.971550847585384 0.9629387166011777; 0.9998959924417938 0.948636359728765; 0.9443285405354392 0.9443970241601228])