DateTime of fitting: 2021-01-04T20:52:22.338
DATA_STATS
nr_subjects: 1
all_subject_ids: [13]
nr_puzzles: 1
nr_episodes: 51
nr_actions: 194
max_state_id: 7
max_action_id: 2
SUBJECT_SIGNALS
subject_id: 13
algorithm_name: Actor-Critic (TD-Lambda, ReplTrc) modulated Actor
param_string: alpha(actor)=0.8599,
                surpriseprobability=0.0308,
                stochasticity=2.7471,
                eta(critic)=0.0022,
                gamma=0.9646,
                lambda_actor=0.7306,
                lambda_critic=0.3164,
                temp=0.3233,
                nparticles=15,
                init_policy=nothing,
                init_Vs=nothing,
                use_replacing_trace=true
param_vector: [0.8598552022371273, 0.030767581203548975, 2.7471145891847737, 0.002152275405895892, 0.9646145730590793, 0.7305516079443203, 0.3163753088337565, 0.32328027499571116, 15.0]
LL: -67.849
RPE
[0.0, 0.0, 0.0, 0.0, 0.0, 0.0, 0.0, 0.0, 0.0, 1.0, 0.0, -0.0, 0.001, -0.001, 0.0, 0.002, 0.998, -0.0, 0.0, -0.001, 0.0, -0.001, 0.001, 0.003, 0.996, 0.001, 0.005, 0.994, 0.002, 0.006, 0.991, 0.002, 0.008, -0.01, -0.0, 0.002, 0.008, -0.01, 0.0, -0.0, 0.002, 0.008, 0.989, 0.002, 0.009, 0.987, -0.0, 0.0, 0.003, 0.01, 0.985, 0.004, 0.012, 0.983, 0.004, -0.005, 0.0, 0.018, 0.981, 0.001, 0.004, 0.015, 0.979, 0.005, 0.016, 0.977, 0.001, 0.023, 0.975, 0.005, 0.02, 0.972, 0.0, 0.026, 0.97, 0.005, 0.023, 0.968, 0.001, 0.03, 0.966, 0.007, 0.027, -0.028, -0.007, 0.007, 0.026, 0.964, 0.006, 0.028, 0.962, 0.008, -0.008, 0.008, 0.029, 0.96, 0.008, -0.01, 1.0, 0.009, 0.03, 0.958, 0.009, 0.031, 0.956, 0.001, -0.001, 0.009, 0.032, 0.954, 0.0, 0.043, 0.952, -0.001, 0.998, 0.002, 0.044, 0.95, 0.01, -0.009, 0.995, 0.009, 0.037, 0.948, 0.001, 0.047, 0.946, 0.003, 0.001, 0.993, 0.004, 0.048, 0.944, 0.003, 0.049, 0.942, 0.009, -0.006, 0.991, 0.01, 0.043, 0.94, 0.012, 0.045, 0.938, 0.013, -0.011, 0.011, 0.046, 0.935, 0.002, 0.056, 0.933, 0.005, -0.006, 0.005, 0.057, 0.931, 0.013, 0.051, 0.929, 0.013, -0.007, 0.989, 0.014, 0.052, 0.927, 0.004, 0.062, 0.925, 0.014, -0.007, 0.987, 0.013, 0.054, 0.923, 0.005, 0.066, 0.921, 0.014, -0.016, 0.015, 0.057, 0.92, 0.004, 0.069, 0.918, 0.008, 0.985, 0.015, 0.06, 0.916, 0.014, -0.011]
SPE
[0.857, 0.857, 0.857, 0.857, 0.857, 0.857, 0.857, 0.857, 0.857, 0.857, 0.815, 0.815, 0.815, 0.818, 0.776, 0.82, 0.815, 0.857, 0.818, 0.778, 0.741, 0.776, 0.815, 0.78, 0.776, 0.71, 0.745, 0.741, 0.68, 0.712, 0.71, 0.779, 0.684, 0.886, 0.743, 0.653, 0.657, 0.891, 0.778, 0.715, 0.628, 0.633, 0.706, 0.607, 0.609, 0.68, 0.902, 0.685, 0.598, 0.587, 0.655, 0.743, 0.567, 0.633, 0.578, 0.909, 0.776, 0.818, 0.611, 0.881, 0.559, 0.562, 0.592, 0.724, 0.545, 0.573, 0.89, 0.778, 0.556, 0.541, 0.529, 0.539, 0.891, 0.743, 0.524, 0.539, 0.514, 0.509, 0.868, 0.711, 0.496, 0.709, 0.499, 0.928, 0.741, 0.682, 0.485, 0.494, 0.537, 0.472, 0.482, 0.657, 0.901, 0.636, 0.475, 0.471, 0.615, 0.931, 0.857, 0.595, 0.476, 0.46, 0.524, 0.464, 0.449, 0.864, 0.657, 0.51, 0.454, 0.439, 0.856, 0.681, 0.429, 0.826, 0.818, 0.883, 0.654, 0.42, 0.589, 0.915, 0.781, 0.51, 0.456, 0.411, 0.838, 0.631, 0.402, 0.741, 0.899, 0.747, 0.71, 0.621, 0.394, 0.821, 0.6, 0.386, 0.519, 0.897, 0.714, 0.507, 0.458, 0.378, 0.887, 0.448, 0.371, 0.573, 0.882, 0.497, 0.439, 0.364, 0.814, 0.581, 0.357, 0.693, 0.912, 0.668, 0.575, 0.351, 0.862, 0.43, 0.344, 0.556, 0.888, 0.684, 0.541, 0.432, 0.338, 0.797, 0.557, 0.332, 0.526, 0.874, 0.659, 0.507, 0.435, 0.327, 0.875, 0.542, 0.321, 0.497, 0.913, 0.525, 0.436, 0.316, 0.789, 0.528, 0.311, 0.788, 0.633, 0.833, 0.428, 0.306, 0.497, 0.952]
action_selection_prob
[0.5, 0.5, 0.5, 0.5, 0.5, 0.5, 0.5, 0.5, 0.5, 0.5, 0.528, 0.46, 0.458, 0.304, 0.528, 0.54, 0.698, 0.327, 0.655, 0.451, 0.673, 0.319, 0.455, 0.681, 0.835, 0.686, 0.673, 0.886, 0.766, 0.79, 0.913, 0.629, 0.847, 0.929, 0.513, 0.817, 0.847, 0.929, 0.679, 0.513, 0.817, 0.847, 0.929, 0.85, 0.88, 0.94, 0.873, 0.623, 0.873, 0.902, 0.948, 0.634, 0.917, 0.954, 0.891, 0.928, 0.263, 0.3, 0.959, 0.516, 0.897, 0.932, 0.963, 0.626, 0.94, 0.966, 0.733, 0.612, 0.969, 0.909, 0.946, 0.971, 0.919, 0.765, 0.973, 0.926, 0.951, 0.975, 0.933, 0.835, 0.977, 0.796, 0.955, 0.978, 0.045, 0.797, 0.955, 0.978, 0.938, 0.905, 0.979, 0.837, 0.919, 0.837, 0.919, 0.98, 0.865, 0.93, 0.277, 0.884, 0.938, 0.981, 0.943, 0.944, 0.982, 0.053, 0.127, 0.947, 0.949, 0.983, 0.911, 0.752, 0.983, 0.08, 0.712, 0.899, 0.829, 0.984, 0.91, 0.954, 0.839, 0.682, 0.957, 0.985, 0.766, 0.87, 0.985, 0.081, 0.895, 0.888, 0.224, 0.912, 0.986, 0.817, 0.924, 0.986, 0.851, 0.96, 0.914, 0.874, 0.963, 0.987, 0.449, 0.965, 0.987, 0.369, 0.033, 0.891, 0.968, 0.988, 0.905, 0.934, 0.988, 0.527, 0.941, 0.527, 0.941, 0.988, 0.678, 0.929, 0.989, 0.235, 0.937, 0.93, 0.456, 0.943, 0.989, 0.915, 0.947, 0.989, 0.636, 0.949, 0.941, 0.924, 0.953, 0.989, 0.738, 0.952, 0.99, 0.93, 0.957, 0.8, 0.957, 0.99, 0.933, 0.956, 0.99, 0.061, 0.949, 0.16, 0.96, 0.99, 0.731, 0.963]
results_dict
Dict{String,Any}("Surprise" => [1.0000000000000002, 1.0000000000000002, 1.0000000000000002, 1.0000000000000002, 1.0000000000000002, 1.0000000000000002, 1.0000000000000002, 1.0000000000000002, 1.0000000000000002, 1.0000000000000002, 0.7712525633411873, 0.7712525633411873, 0.7712525633411873, 0.7831961711106917, 0.638878379259829, 0.7955155146475805, 0.7712525633411873, 1.0000000000000002, 0.7831961711106917, 0.6446946784324947, 0.5525705062036484, 0.638878379259829, 0.7712525633411873, 0.6508013227488347, 0.638878379259829, 0.49184627246923807, 0.5594027115708041, 0.5525705062036484, 0.44679864530501684, 0.4961733382315296, 0.49184627246923807, 0.6462732673964802, 0.4527203572912857, 1.256407341845722, 0.5558830798613364, 0.41205101517522763, 0.41631228829113376, 1.3047076360482934, 0.6446946784324947, 0.5015378913154894, 0.38443321404495506, 0.3893713400581602, 0.4856431933765062, 0.363371436062378, 0.3655775792757149, 0.44583701389893426, 1.4646318979568902, 0.45343739242595676, 0.35500415681990266, 0.3460514562488233, 0.41434655153329636, 0.5567887931573562, 0.3297205484250052, 0.38880284646813185, 0.3381669676820453, 1.5649726244791649, 0.638878379259829, 0.7831961711106917, 0.36766156124735316, 1.201689582191979, 0.32380689468157453, 0.32643169085884655, 0.34987192732880285, 0.5185311434438298, 0.31375404134347046, 0.3346936951371972, 1.2986860303187937, 0.6446946784324947, 0.3215900895600428, 0.3114135441106107, 0.3035307207881605, 0.3101622697850356, 1.3131074070228943, 0.5558830798613366, 0.3001076288389338, 0.3100434915127006, 0.2937414332569432, 0.2911923800711181, 1.0834450117013013, 0.4939350018957878, 0.2832330211991855, 0.49073268767309136, 0.28508524024709125, 1.9806300618684909, 0.552570506203648, 0.449477602422188, 0.277619572575216, 0.2823496615940958, 0.3087403306846633, 0.2706534890468532, 0.27557196641257836, 0.41704685612936426, 1.4470152050584448, 0.39293226533329495, 0.2718896285122535, 0.26981078618176046, 0.3710394262304796, 2.077763242521317, 1.0000000000000002, 0.3526947434355407, 0.2725294827412439, 0.2645135993067565, 0.299955455391887, 0.26670804463829073, 0.25930269230646197, 1.0483680896978715, 0.41683414899268856, 0.2914642920489473, 0.26179494637223705, 0.2548183593294264, 0.9888783377482184, 0.44821327429797797, 0.250381957591011, 0.8226173240318584, 0.7831961711106917, 1.21717887949613, 0.4130611772341461, 0.24628312465751181, 0.34771528203187085, 1.6733347679550945, 0.6523407625027667, 0.2912725832998826, 0.2627765666392028, 0.24248468279940863, 0.8813935682465558, 0.3869868485905848, 0.23895473034185102, 0.5525705062036484, 1.4110429080104352, 0.5656486912221723, 0.49184627246923807, 0.377402788901617, 0.2356657362776765, 0.7960386036874473, 0.35716808721247917, 0.23259381539157617, 0.2971233097803823, 1.3810091984563218, 0.5001946304456056, 0.28995641455025095, 0.26354236818169885, 0.22971814320937806, 1.2600130759371366, 0.25894965991772295, 0.227020480250188, 0.3345005515696479, 1.2080104607497089, 0.28388685570837374, 0.25469545349348915, 0.2246942446146872, 0.7678361887445241, 0.34129119941789154, 0.22229831929040483, 0.46523869046151634, 1.6159982484000086, 0.43065734865993094, 0.3361320388053047, 0.22003822197403183, 1.0356852592381787, 0.25074346568882366, 0.21790271410465067, 0.3220276706707165, 1.2698414900080248, 0.4525057503179462, 0.3110864998311739, 0.2515234295465056, 0.2158817651430097, 0.7036924945632043, 0.32279339063599455, 0.21396639432244735, 0.301410036685196, 1.1354477947349255, 0.4185484164252485, 0.2899916300047147, 0.25268672309326823, 0.21214853666641698, 1.1396547018441519, 0.31196484054580814, 0.21042092903562606, 0.28395290031694526, 1.6497038248040696, 0.30054888275017244, 0.25335926697880223, 0.2087770127933457, 0.6768876585891699, 0.3023488772210074, 0.20721085032621211, 0.6754110109666691, 0.3893168126095536, 0.8579401706422206, 0.24992424080822798, 0.20571705317094025, 0.28409551782252335, 3.002357172481644],"trialByTrial_Vs" => [0.0, 0.0, 0.0, 0.0, 0.0, 0.0, 0.0, 0.0, 0.0, 0.0, 5.30631037998804e-7, 1.866910278072499e-5, 5.697441145056404e-6, 0.0006568319108353009, 6.453172943075389e-7, 1.8922716178496955e-5, 0.002152275405895892, 0.00020205512998858262, 0.00020045211589079574, 0.0007168859444166524, 0.00020225438837603613, 0.0006787685908335395, 2.5376142056058525e-5, 0.0006777728783627714, 0.0042999185223689595, 0.00022172551243081543, 0.001339248842198258, 0.0064429393193818005, 0.0004263918675657491, 0.0020023426833803842, 0.008581347745438908, 0.00022859719354733683, 0.002667044373525793, 0.010715153727632851, 0.0007217053313374648, 0.0006324850679403199, 0.0026770661766977264, 0.010694374909401214, 0.00020297980789567578, 0.000723643926575616, 0.0006396224362106093, 0.002686739538786761, 0.010672344307551635, 0.0008471335828076053, 0.003352935642153906, 0.01280164988927113, 0.0010560660777261155, 0.0007867426803626491, 0.0010555784515132673, 0.00402072029291089, 0.014926372618955455, 0.00023673101517249196, 0.0046900832728229295, 0.01704652236016433, 0.0012659303890734707, 0.005361014694520203, 0.00045071367070213797, 0.0008514358349352317, 0.019162108955228387, 0.0006597039844667467, 0.0012905644374127322, 0.005414191761150614, 0.021273142225294844, 0.0007264469012558487, 0.006089563477220099, 0.023379631970373106, 0.0009441049209992355, 0.0015336317019677616, 0.025481587969380267, 0.001505137376637843, 0.00676647131520157, 0.02757901998018649, 0.0017238990771936166, 0.0022233284330317018, 0.029671937739660315, 0.0019366484521089204, 0.007447882386609125, 0.03176035096371386, 0.0021572596293539564, 0.0029174880444701075, 0.033844269347347924, 0.0011557387542525477, 0.008133761371190104, 0.035923702564697006, 0.008172430853521699, 0.0011815088867135194, 0.008161687699534834, 0.03586172819337641, 0.002371868696210874, 0.008851848042189345, 0.03793681928366877, 0.0014065247419416378, 0.009543471470602555, 0.0014179442076734392, 0.009530990402226144, 0.040007444206442505, 0.0016461898305114681, 0.010224090934707455, 0.00022330178156586522, 0.0018577065047530425, 0.01085923471479152, 0.042073612574120116, 0.002596211046210532, 0.011552408980053858, 0.04413533397843554, 0.0028265882227237584, 0.0036160753580398303, 0.0028274286645301938, 0.012247017512235723, 0.04619261799047864, 0.0030591851309315263, 0.0036848913421306446, 0.04824547416073968, 0.0032791798712737117, 0.0023750965805292004, 0.0020877963261780293, 0.004402266396506524, 0.050293912019153626, 0.0023117871772024164, 0.012943050926478463, 0.004522260124468192, 0.0039323250212342465, 0.013578444199972041, 0.052337941075144404, 0.004166254889374249, 0.005121004777910426, 0.05437757081766904, 0.0025275923200466822, 0.005843992109236678, 0.006664802381119127, 0.0027337854234217337, 0.006497705389037981, 0.0564128107152617, 0.0043885612050929826, 0.007220618265553249, 0.05844367021607767, 0.004615130185076574, 0.014280333977939666, 0.00880273329676498, 0.004829729917790796, 0.014918924258427654, 0.06047015874793721, 0.00296201027627641, 0.01562947088308942, 0.062492285718369296, 0.003205337746599703, 0.016341358188810027, 0.005067153214332242, 0.01632371691299685, 0.06451006051465533, 0.00530779459052935, 0.007944857601490997, 0.06652349250387267, 0.0032472546345737167, 0.008679005739926183, 0.003254648040105638, 0.008670444328289091, 0.06853259103293817, 0.0034900781564971305, 0.017036973806173, 0.07053736542865155, 0.003737751351978103, 0.017757250033381498, 0.010936062796281584, 0.003960098203027474, 0.0183913848340437, 0.07253782499773867, 0.005536912702798416, 0.009405882286278757, 0.07453397902689475, 0.004209548554335743, 0.01911158521658849, 0.013064800783183707, 0.005771080941447757, 0.019745826399371426, 0.0765258367828275, 0.00443372419083391, 0.010148255055062496, 0.07851340751230011, 0.006020283254335122, 0.020468771773204816, 0.004673044072783859, 0.020444296753382083, 0.0804967004421742, 0.006063017903660247, 0.010894677973609771, 0.08247572477945264, 0.006301606711424762, 0.015188957139671022, 0.004927300414349361, 0.02117137461114333, 0.08445048971132228, 0.006966433277685136, 0.02190249914819157, 0.0, 0.0, 0.0, 0.0, 0.0, 0.0, 0.0, 0.0, 0.0, 0.0, 0.0, 0.0, 0.0, 0.0, 0.0, 0.0, 0.0, 0.0, 0.0, 0.0, 0.0, 0.0, 0.0, 0.0, 0.0, 0.0, 0.0, 0.0, 0.0, 0.0, 0.0, 0.0, 0.0, 0.0, 0.0, 0.0, 0.0, 0.0, 0.0, 0.0, 0.0, 0.0, 0.0, 0.0, 0.0, 0.0, 0.0, 0.0, 0.0, 0.0],"final_V" => Dict{Int64,Any}(1 => [0.0, 0.08642100440519664, 0.017308541726673995, 0.011645118039199253, 0.021879535556412796, 0.00698990369415343, 0.005183774498019932]),"nparticles" => 15,"trial_by_trial_p_sa_max" => [0.5, 0.5, 0.5, 0.5, 0.5, 0.5, 0.5, 0.5, 0.5, 0.5, 0.527781830755794, 0.4600810199125499, 0.45790921204996077, 0.30366022922980224, 0.5278094705777294, 0.5398807639423436, 0.6980164409664945, 0.32725702542123786, 0.6547748571904354, 0.4506727178565349, 0.6727132888691532, 0.3189693556218152, 0.45541285609595344, 0.6811129922145044, 0.8348183695051908, 0.6856035710254714, 0.6733523961304253, 0.8858367465772536, 0.7665301033982576, 0.7900705819901231, 0.9125653753232488, 0.6289024987639035, 0.8472106782358978, 0.9290612941282288, 0.5126550194554157, 0.8165981037082073, 0.847283767374758, 0.9289851871521257, 0.6793147264780828, 0.5131673516681727, 0.8167715251851216, 0.8473423286364395, 0.9288946397688614, 0.84991494474733, 0.8803471928355694, 0.9401428931024816, 0.8732867201813727, 0.622608240689596, 0.8732821238564762, 0.9017519636714025, 0.9482905664074692, 0.6345132644534309, 0.9167170977182952, 0.9544671187088669, 0.8905526813966409, 0.9277535793987847, 0.26261526090032844, 0.2995400724989887, 0.9593120330993574, 0.5159087981736464, 0.8973354713767184, 0.9320530049184084, 0.9632147947273556, 0.6256572404196031, 0.9396089782742943, 0.9664263013126715, 0.732611635265365, 0.6119294155974381, 0.9691155254192747, 0.909137802882106, 0.9456592799728455, 0.9714004583176636, 0.9185835662385342, 0.7650202335085432, 0.9733660041473375, 0.9262629499283047, 0.9506171653474479, 0.9750748267512751, 0.9326591795256853, 0.8347854350292359, 0.9765741894488186, 0.7958066714173057, 0.9547526307763751, 0.9779004154382529, 0.04520735427392228, 0.7966522414309445, 0.9550344078023195, 0.9778765408032772, 0.9380363020528814, 0.9052827696734684, 0.9790603475035154, 0.8369489562394702, 0.9193523279211891, 0.837078661113013, 0.9193141057961153, 0.980121553125873, 0.8645485145884216, 0.9297711341439935, 0.27708335590631, 0.8836534584844191, 0.9375534226594588, 0.9810782669925514, 0.9426480087559111, 0.9440133603882315, 0.9819452096416613, 0.053358372040705475, 0.12682845206843762, 0.9466387631256421, 0.9492652654316619, 0.9827344665201906, 0.9105354088575321, 0.752287615913565, 0.9834560302161314, 0.0802497720196427, 0.7118131647631679, 0.8986695382944488, 0.8287911949111145, 0.9841182620101102, 0.9103136508893382, 0.9536182506433103, 0.8389343057691299, 0.6820681257181358, 0.9571855231423623, 0.9847281937165897, 0.7663284681428812, 0.8698116641565554, 0.9852917877161604, 0.08061478535780006, 0.8951517305669421, 0.8877640586714336, 0.22432066010985396, 0.9118460185994582, 0.9858141328855631, 0.8173199509064203, 0.9242974715441656, 0.9862995989624644, 0.8508992802437794, 0.9603321762444703, 0.9136768063993912, 0.8738970343559671, 0.9629837900515886, 0.9867519592836073, 0.44890818796734894, 0.9653641001314105, 0.9871744892081936, 0.3692901304482996, 0.032543168965915005, 0.8913458873029908, 0.9677452941211805, 0.9875700456677878, 0.9046667131831903, 0.9336780788338116, 0.9879411295217886, 0.5268851069762333, 0.9410125667256043, 0.5273051633348643, 0.9409976196521809, 0.9882899462626438, 0.6777691470865674, 0.9287001060105562, 0.9886184417887924, 0.23546436527852999, 0.9370165898787424, 0.929783896974602, 0.4560996512895944, 0.9434148403904127, 0.9889283416140943, 0.9150890163695874, 0.9468770462779885, 0.9892211812163045, 0.6358980757540327, 0.9487845128211546, 0.9407799611834552, 0.923517391831361, 0.9531028183104464, 0.9894983315038969, 0.7379555637016704, 0.9516995873619729, 0.9897610202935786, 0.9304839139647871, 0.956854354475228, 0.8002229333348355, 0.9568322314910146, 0.9900103505091402, 0.9334771135647935, 0.9557230559446825, 0.9902473156711757, 0.06118589788142677, 0.948769900007664, 0.16004706801059085, 0.9600339970195848, 0.9904728131368595, 0.73078985412909, 0.9627957596575165],"final_Tsas" => Dict{Tuple{Int64,Int64},Float64}[Dict((1, 6) => 0.05301334806855929,(2, 3) => 0.12462966048204926,(2, 6) => 0.11886567568047163,(2, 2) => 0.13579542559567798,(2, 1) => 1.0,(2, 5) => 0.04684061612467785,(1, 7) => 0.09439084782776869,(1, 4) => 0.10530452628218832,(1, 3) => 0.39059841373286786,(2, 4) => 0.07664516987520192,(1, 1) => 1.0,(1, 2) => 0.6992835647313623,(2, 7) => 0.06891217809575989,(1, 5) => 0.11337750820632769), Dict((1, 6) => 0.05301334806855929,(2, 3) => 0.12462966048204926,(2, 6) => 0.11886567568047163,(2, 2) => 0.13579542559567798,(2, 1) => 0.0,(2, 5) => 0.5699568737009718,(1, 7) => 0.09439084782776869,(1, 4) => 0.10530452628218832,(1, 3) => 0.10156693104452198,(2, 4) => 0.4873465059110569,(1, 1) => 0.0,(1, 2) => 0.04318128042400128,(2, 7) => 0.06891217809575989,(1, 5) => 0.11337750820632769), Dict((1, 6) => 0.05301334806855929,(2, 3) => 0.12462966048204926,(2, 6) => 0.2435366639773339,(2, 2) => 0.18522744642593253,(2, 1) => 0.0,(2, 5) => 0.13042215355796058,(1, 7) => 0.09439084782776869,(1, 4) => 0.10530452628218832,(1, 3) => 0.10156693104452198,(2, 4) => 0.10454541480016769,(1, 1) => 0.0,(1, 2) => 0.05890005698832935,(2, 7) => 0.06891217809575989,(1, 5) => 0.11337750820632769), Dict((1, 6) => 0.22242212609863016,(2, 3) => 0.25222203710770447,(2, 6) => 0.16213495762030725,(2, 2) => 0.13579542559567798,(2, 1) => 0.0,(2, 5) => 0.06255541802584345,(1, 7) => 0.33254326105983506,(1, 4) => 0.10530452628218832,(1, 3) => 0.10156693104452198,(2, 4) => 0.07664516987520192,(1, 1) => 0.0,(1, 2) => 0.05642013076267162,(2, 7) => 0.14416806115982617,(1, 5) => 0.11337750820632769), Dict((1, 6) => 0.5125111335585734,(2, 3) => 0.12462966048204926,(2, 6) => 0.11886567568047163,(2, 2) => 0.13579542559567798,(2, 1) => 0.0,(2, 5) => 0.04684061612467785,(1, 7) => 0.19550249980132095,(1, 4) => 0.10530452628218832,(1, 3) => 0.10156693104452198,(2, 4) => 0.07664516987520192,(1, 1) => 0.0,(1, 2) => 0.05585240624563278,(2, 7) => 0.4885386365238023,(1, 5) => 0.11337750820632769), Dict((1, 6) => 0.05301334806855929,(2, 3) => 0.12462966048204926,(2, 6) => 0.11886567568047163,(2, 2) => 0.13579542559567798,(2, 1) => 0.0,(2, 5) => 0.04684061612467785,(1, 7) => 0.09439084782776869,(1, 4) => 0.36817284230687036,(1, 3) => 0.10156693104452198,(2, 4) => 0.07664516987520192,(1, 1) => 0.0,(1, 2) => 0.04318128042400128,(2, 7) => 0.09164458993333177,(1, 5) => 0.15464899671746896), Dict((1, 6) => 0.05301334806855929,(2, 3) => 0.12462966048204926,(2, 6) => 0.11886567568047163,(2, 2) => 0.13579542559567798,(2, 1) => 0.0,(2, 5) => 0.09654370634119035,(1, 7) => 0.09439084782776869,(1, 4) => 0.10530452628218832,(1, 3) => 0.10156693104452198,(2, 4) => 0.10152739978796747,(1, 1) => 0.0,(1, 2) => 0.04318128042400128,(2, 7) => 0.06891217809575989,(1, 5) => 0.27846346225089247)],"gamma_surprise" => [0.03076758120354898, 0.03076758120354898, 0.03076758120354898, 0.03076758120354898, 0.03076758120354898, 0.03076758120354898, 0.03076758120354898, 0.03076758120354898, 0.03076758120354898, 0.03076758120354898, 0.0238977684931349, 0.0238977684931349, 0.0238977684931349, 0.024258871307481167, 0.019877599213471205, 0.02463105430151884, 0.0238977684931349, 0.03076758120354898, 0.024258871307481167, 0.020054934110229215, 0.01723856964295248, 0.019877599213471205, 0.0238977684931349, 0.02024105238471986, 0.019877599213471205, 0.0153732760891368, 0.01744799534767624, 0.01723856964295248, 0.013984946730801294, 0.015506426779770733, 0.0153732760891368, 0.020103053113282487, 0.014167672292339176, 0.03835403861139877, 0.01734012019675903, 0.012911376883524058, 0.013043159795971739, 0.039769851134118205, 0.020054934110229215, 0.015671452613950823, 0.012056422762313822, 0.012209399228137064, 0.0151823346500998, 0.01140342499304976, 0.011471864561324407, 0.013955267391768758, 0.04442805516383974, 0.014189793163490875, 0.011143766852057955, 0.0108657904939445, 0.012982372356155188, 0.017367882171003303, 0.010358322156624715, 0.0121917904785952, 0.010620852065752152, 0.04732773186233904, 0.019877599213471205, 0.024258871307481167, 0.011536505707803568, 0.03674506030783667, 0.01017443222121555, 0.010256060854865884, 0.010984433103301921, 0.016193838630907273, 0.009861673585914051, 0.01051291336885765, 0.03959356906603429, 0.020054934110229215, 0.01010548122792964, 0.009788829005082269, 0.009543408704126191, 0.009749880509976808, 0.040015645747508787, 0.01734012019675903, 0.00943679780018128, 0.009746183131948447, 0.009238464002046826, 0.00915902799327783, 0.03324961727069894, 0.01543755410968111, 0.008910908912957463, 0.015339003487688942, 0.008968659692957758, 0.05915441211145025, 0.017238569642952468, 0.01406761938118816, 0.008735844741085862, 0.0088833640623726, 0.00970561600214508, 0.008518510520586131, 0.0086719715463063, 0.013065873275034074, 0.04391714007343686, 0.012319682482270729, 0.008557083680728486, 0.008492212646958921, 0.011641262683135405, 0.06187593294916944, 0.03076758120354898, 0.011072075809256687, 0.00857704885708906, 0.008326873614560923, 0.00943205788291465, 0.008395374672337284, 0.008164173791126468, 0.03220781964812629, 0.01305929629214291, 0.009167502178679211, 0.00824199594423947, 0.00802411699686668, 0.03043580928460994, 0.01402860392688666, 0.007885518285305761, 0.025448835796118424, 0.024258871307481167, 0.03720106990520765, 0.012942620048532914, 0.007757431217268913, 0.01091746317907037, 0.0504395138888303, 0.02028796026461164, 0.009161527556313009, 0.008272644283547978, 0.0076387017332835115, 0.02721767181001478, 0.012135536822474974, 0.007528339059646839, 0.01723856964295248, 0.042872181518010914, 0.017639373554933106, 0.0153732760891368, 0.011838547931788157, 0.007425487768740321, 0.02464685120114232, 0.011210932239100569, 0.007329405394434239, 0.009343833583607644, 0.04199798159653695, 0.015630136051843768, 0.00912050707989759, 0.008296552973275082, 0.007239444353817687, 0.03845987664026767, 0.008153149151934637, 0.00715503723764873, 0.01050691036574062, 0.036931201044242364, 0.008931295743850699, 0.008020277787144496, 0.0070822401770981635, 0.023794428722105, 0.010717923524679946, 0.00700725109159034, 0.014553726185733022, 0.04879554626793701, 0.01348653253164615, 0.010557615551673187, 0.006936502848596243, 0.03183058195575629, 0.007896813697579351, 0.00686964538842669, 0.010119092410431593, 0.038748248862259436, 0.014161051373243786, 0.009778649372851266, 0.007921182990218772, 0.0068063661924348436, 0.02185011616320159, 0.010142909617948838, 0.006746385376150051, 0.00947736350471069, 0.03478999835216234, 0.013112299578155068, 0.009121604669339466, 0.007957526861479047, 0.006689451533227896, 0.03491439709647135, 0.009805988271801024, 0.006635338199396999, 0.00893335499547079, 0.04976265021049584, 0.009450541774876857, 0.007978537409815668, 0.006583840831020447, 0.021035316182341706, 0.009506603227150662, 0.0065347742128909385, 0.020990390335350533, 0.012207710300190865, 0.026512626244674303, 0.00787121643925826, 0.006487970225705317, 0.0089378017384803, 0.08701450568418992],"final_PolicyParameters" => Dict{Int64,Any}(1 => [0.0 0.0; 1.6549388276615424 0.14582682449704412; 1.2965396657348824 0.3100250715210633; 0.8328783932894683 1.8531111911291; 0.9003684830308423 1.951906458094822; 1.6779722100680472 1.3534663518319117; 2.1168945584030294 2.2852860466868856]),"particlefilterseeds" => [1, 2, 3])
POPULATION_SIGNALS
subject_id: 13
algorithm_name: Actor-Critic (TD-Lambda, ReplTrc) modulated Actor
param_string: alpha(actor)=0.7972,
                surpriseprobability=0.0043,
                stochasticity=2.7816,
                eta(critic)=0.0,
                gamma=0.9966,
                lambda_actor=0.7939,
                lambda_critic=0.305,
                temp=0.392,
                nparticles=15,
                init_policy=nothing,
                init_Vs=nothing,
                use_replacing_trace=true
param_vector: [0.7972414808175023, 0.004336552046615557, 2.7816353998652787, 3.24411867293681e-5, 0.9966448663088217, 0.7939275473003868, 0.3049775441960644, 0.39196929107560724, 15.0]
LL: -68.857
RPE
[0.0, 0.0, 0.0, 0.0, 0.0, 0.0, 0.0, 0.0, 0.0, 1.0, 0.0, -0.0, 0.0, -0.0, 0.0, 0.0, 1.0, -0.0, 0.0, -0.0, 0.0, -0.0, 0.0, 0.0, 1.0, 0.0, 0.0, 1.0, 0.0, 0.0, 1.0, 0.0, 0.0, -0.0, -0.0, 0.0, 0.0, -0.0, 0.0, -0.0, 0.0, 0.0, 1.0, 0.0, 0.0, 1.0, -0.0, 0.0, 0.0, 0.0, 1.0, 0.0, 0.0, 1.0, 0.0, -0.0, 0.0, 0.0, 1.0, 0.0, 0.0, 0.0, 1.0, 0.0, 0.0, 1.0, 0.0, 0.0, 1.0, 0.0, 0.0, 1.0, 0.0, 0.0, 1.0, 0.0, 0.0, 1.0, 0.0, 0.0, 0.999, 0.0, 0.0, -0.0, -0.0, 0.0, 0.0, 0.999, 0.0, 0.0, 0.999, 0.0, -0.0, 0.0, 0.0, 0.999, 0.0, -0.0, 1.0, 0.0, 0.0, 0.999, 0.0, 0.001, 0.999, 0.0, -0.0, 0.0, 0.001, 0.999, 0.0, 0.001, 0.999, -0.0, 1.0, 0.0, 0.001, 0.999, 0.0, -0.0, 1.0, 0.0, 0.001, 0.999, 0.0, 0.001, 0.999, 0.0, 0.0, 1.0, 0.0, 0.001, 0.999, 0.0, 0.001, 0.999, 0.0, -0.0, 1.0, 0.0, 0.001, 0.999, 0.0, 0.001, 0.999, 0.0, -0.0, 0.0, 0.001, 0.999, 0.0, 0.001, 0.999, 0.0, -0.0, 0.0, 0.001, 0.999, 0.0, 0.001, 0.999, 0.0, -0.0, 1.0, 0.0, 0.001, 0.999, 0.0, 0.001, 0.999, 0.0, -0.0, 1.0, 0.0, 0.001, 0.999, 0.0, 0.001, 0.999, 0.0, -0.0, 0.0, 0.001, 0.999, 0.0, 0.001, 0.999, 0.0, 1.0, 0.0, 0.001, 0.999, 0.0, -0.0]
SPE
[0.857, 0.857, 0.857, 0.857, 0.857, 0.857, 0.857, 0.857, 0.857, 0.857, 0.815, 0.815, 0.815, 0.815, 0.777, 0.815, 0.815, 0.857, 0.815, 0.777, 0.743, 0.777, 0.815, 0.777, 0.777, 0.711, 0.743, 0.743, 0.682, 0.711, 0.711, 0.777, 0.682, 0.886, 0.743, 0.655, 0.655, 0.891, 0.777, 0.711, 0.63, 0.63, 0.706, 0.608, 0.608, 0.68, 0.902, 0.682, 0.6, 0.586, 0.656, 0.743, 0.566, 0.634, 0.581, 0.909, 0.777, 0.815, 0.613, 0.881, 0.562, 0.562, 0.594, 0.723, 0.545, 0.576, 0.891, 0.777, 0.558, 0.545, 0.529, 0.542, 0.887, 0.743, 0.527, 0.542, 0.513, 0.512, 0.865, 0.711, 0.499, 0.706, 0.499, 0.928, 0.743, 0.68, 0.485, 0.499, 0.54, 0.472, 0.487, 0.656, 0.902, 0.634, 0.474, 0.475, 0.613, 0.931, 0.857, 0.594, 0.475, 0.464, 0.525, 0.464, 0.453, 0.864, 0.655, 0.512, 0.454, 0.443, 0.854, 0.682, 0.433, 0.824, 0.818, 0.884, 0.655, 0.424, 0.588, 0.915, 0.779, 0.511, 0.456, 0.415, 0.836, 0.63, 0.406, 0.743, 0.899, 0.744, 0.711, 0.621, 0.398, 0.818, 0.6, 0.39, 0.521, 0.897, 0.712, 0.51, 0.458, 0.383, 0.886, 0.448, 0.375, 0.571, 0.881, 0.498, 0.439, 0.368, 0.812, 0.582, 0.361, 0.694, 0.911, 0.668, 0.577, 0.355, 0.862, 0.43, 0.349, 0.555, 0.888, 0.683, 0.54, 0.433, 0.343, 0.795, 0.559, 0.337, 0.525, 0.873, 0.656, 0.509, 0.435, 0.331, 0.876, 0.543, 0.326, 0.499, 0.914, 0.524, 0.438, 0.32, 0.787, 0.528, 0.315, 0.787, 0.631, 0.832, 0.43, 0.31, 0.499, 0.952]
action_selection_prob
[0.5, 0.5, 0.5, 0.5, 0.5, 0.5, 0.5, 0.5, 0.5, 0.5, 0.549, 0.463, 0.452, 0.344, 0.549, 0.537, 0.625, 0.317, 0.653, 0.503, 0.683, 0.365, 0.439, 0.635, 0.781, 0.68, 0.623, 0.848, 0.761, 0.752, 0.883, 0.615, 0.818, 0.906, 0.581, 0.812, 0.818, 0.906, 0.691, 0.581, 0.812, 0.818, 0.906, 0.846, 0.858, 0.921, 0.87, 0.679, 0.87, 0.883, 0.932, 0.629, 0.901, 0.94, 0.887, 0.915, 0.269, 0.255, 0.947, 0.517, 0.896, 0.921, 0.952, 0.635, 0.93, 0.956, 0.735, 0.531, 0.96, 0.908, 0.937, 0.963, 0.917, 0.707, 0.965, 0.925, 0.943, 0.968, 0.931, 0.794, 0.97, 0.795, 0.947, 0.971, 0.053, 0.795, 0.947, 0.971, 0.937, 0.883, 0.973, 0.834, 0.901, 0.834, 0.901, 0.974, 0.861, 0.914, 0.259, 0.881, 0.925, 0.976, 0.941, 0.933, 0.977, 0.055, 0.157, 0.945, 0.939, 0.978, 0.897, 0.697, 0.979, 0.092, 0.61, 0.896, 0.789, 0.98, 0.908, 0.944, 0.775, 0.698, 0.949, 0.98, 0.772, 0.84, 0.981, 0.083, 0.872, 0.845, 0.225, 0.893, 0.982, 0.819, 0.908, 0.983, 0.851, 0.953, 0.882, 0.873, 0.956, 0.983, 0.437, 0.959, 0.984, 0.386, 0.039, 0.89, 0.961, 0.984, 0.903, 0.92, 0.985, 0.494, 0.929, 0.494, 0.929, 0.985, 0.65, 0.91, 0.986, 0.256, 0.921, 0.905, 0.47, 0.93, 0.986, 0.913, 0.936, 0.986, 0.635, 0.937, 0.92, 0.922, 0.943, 0.987, 0.735, 0.942, 0.987, 0.929, 0.947, 0.795, 0.947, 0.987, 0.932, 0.947, 0.988, 0.062, 0.931, 0.166, 0.951, 0.988, 0.769, 0.955]
results_dict
Dict{String,Any}("Surprise" => [1.0000000000000002, 1.0000000000000002, 1.0000000000000002, 1.0000000000000002, 1.0000000000000002, 1.0000000000000002, 1.0000000000000002, 1.0000000000000002, 1.0000000000000002, 1.0000000000000002, 0.773340693506996, 0.773340693506996, 0.773340693506996, 0.773340693506996, 0.6414854812363958, 0.773340693506996, 0.773340693506996, 1.0000000000000002, 0.773340693506996, 0.6414854812363958, 0.5552420044528426, 0.6414854812363958, 0.773340693506996, 0.6414854812363958, 0.6414854812363958, 0.4944329462714055, 0.5552420044528426, 0.5552420044528426, 0.44925275144753235, 0.4944329462714055, 0.4944329462714055, 0.6414854812363958, 0.44925275144753235, 1.2567862467957907, 0.5552420044528426, 0.4143622561537865, 0.4143622561537865, 1.308143496154949, 0.6414854812363958, 0.4944329462714055, 0.38660563855379065, 0.38660563855379065, 0.4859692346843633, 0.3639978905956569, 0.36399789059565696, 0.446897686367465, 1.462215244232424, 0.44925275144753235, 0.35735334574051164, 0.34522793716957806, 0.415814893860753, 0.5552420044528426, 0.3293950028085676, 0.3904979784875043, 0.34057175276175783, 1.5649297429507407, 0.6414854812363958, 0.773340693506996, 0.36947875431144556, 1.2054289974366323, 0.326225515601359, 0.3262255156013591, 0.35174850271494845, 0.5154982401767637, 0.31382036774161076, 0.33659127689979984, 1.308143496154949, 0.6414854812363958, 0.32348486960440515, 0.3138203677416111, 0.3029873190395781, 0.3120394317793237, 1.2644358575751713, 0.5552420044528426, 0.301958037154129, 0.3120394317793237, 0.29344533029015496, 0.293010553375545, 1.0597524197939343, 0.4944329462714055, 0.28501586029788684, 0.4859692346843635, 0.2849765823911762, 1.9757877378240072, 0.5552420044528426, 0.44689768636746485, 0.27740964604573676, 0.28505116705601286, 0.310470744018103, 0.27060775628946765, 0.27820887474056827, 0.415814893860753, 1.4533186129860078, 0.3904979784875043, 0.27133467354762136, 0.27199484492147297, 0.3694787543114455, 2.0785022365423225, 1.0000000000000002, 0.3517485027149484, 0.2719948449214729, 0.26632634484245343, 0.30104452435991386, 0.2663263448424532, 0.26113455714958483, 1.0513572493591576, 0.4143622561537865, 0.29262207455003697, 0.26147437067685303, 0.2563617722875701, 0.9752912224696022, 0.44925275144753235, 0.2519592342922101, 0.8111172445891635, 0.785205637862483, 1.226659306493004, 0.4143622561537865, 0.24788546919884993, 0.34695703819824053, 1.677452235763121, 0.647267870951337, 0.2922728724392853, 0.2624557856966083, 0.24410497446446822, 0.873608236567851, 0.38660563855379065, 0.24058718160104392, 0.5552420044528426, 1.4108579948732656, 0.558536880436043, 0.4944329462714055, 0.3772479345415808, 0.23730562780348644, 0.7853289468008641, 0.35735334574051164, 0.23423728904502142, 0.29841024116781045, 1.3863882861828356, 0.49651113153898113, 0.29126010701007415, 0.2633608355978853, 0.2313620390763473, 1.2567862467957907, 0.2588447042759388, 0.22866220744379945, 0.3331493714671996, 1.2054289974366323, 0.28473770641263607, 0.2546551930522302, 0.22612221600848253, 0.7605723635372685, 0.34164133574070693, 0.22372827816760507, 0.46761099306594767, 1.6129131183132763, 0.43062997126062574, 0.33754661739808767, 0.22146814851151986, 1.0377765510821673, 0.25075807170804365, 0.21933091331793023, 0.3210915445190696, 1.2702123545109631, 0.450660473743081, 0.310470744018103, 0.2519351546047921, 0.21730681431714796, 0.6966675011852481, 0.3242807857430708, 0.2153870997230527, 0.30104452435991386, 1.1250362592914855, 0.41536756727996704, 0.29084078038343486, 0.25303556241052577, 0.2135638977320616, 1.1493810494848347, 0.31271136948651934, 0.21183010863357074, 0.28486313505283983, 1.6553476309529607, 0.30022828880218705, 0.25406653843049454, 0.2101793124137404, 0.6715385361552251, 0.3025318882928099, 0.2086056893175834, 0.6713616911333633, 0.38735337927335683, 0.850618950515165, 0.25066440898604775, 0.20710395129752202, 0.28491251973286497, 2.9996488422400143],"trialByTrial_Vs" => [0.0, 0.0, 0.0, 0.0, 0.0, 0.0, 0.0, 0.0, 0.0, 0.0, 7.775974219265178e-9, 2.7690444092683574e-7, 8.416629655065494e-8, 9.860638325553667e-6, 7.802998327250729e-9, 2.7696496869436043e-7, 3.24411867293681e-5, 3.0052140112974425e-6, 2.9971834568972844e-6, 1.0771394664861248e-5, 3.0052664202141994e-6, 1.0138323317917627e-5, 3.6131069264037085e-7, 1.0138102169752786e-5, 6.488132102813979e-5, 3.282365650740736e-6, 1.999986959707471e-5, 9.732040293045717e-5, 6.280556789416832e-6, 2.986204605840086e-5, 0.00012975843247046124, 3.3591534090144383e-6, 3.972463151681332e-5, 0.00016219540968229185, 1.0855367899779292e-5, 9.279093846903246e-6, 3.9727117090773764e-5, 0.00016219068492816862, 3.022958515281687e-6, 1.0855837237167253e-5, 9.280809066513056e-6, 3.972953300034113e-5, 0.00016218565444874654, 1.2279692020856731e-5, 4.959252703960579e-5, 0.00019462157968301385, 1.5278920876169758e-5, 1.176730851168615e-5, 1.5278839794613456e-5, 5.9455930003237695e-5, 0.00022705645265737388, 3.361156981605424e-6, 6.931974185323331e-5, 0.0002594902734059632, 1.8278414543703506e-5, 7.918396255268256e-5, 6.361561546160253e-6, 1.267915442025024e-5, 0.0002919230419629173, 9.360817491366989e-6, 1.8556759401826517e-5, 8.00932361677831e-5, 0.00032435475836237046, 1.0273158094383423e-5, 8.995856497779017e-5, 0.000356785422638456, 1.3274466776917617e-5, 2.2545941427144054e-5, 0.000389215034825306, 2.1557356150283842e-5, 9.982430251710758e-5, 0.00042164359495705143, 2.455896346536078e-5, 3.2414594660612166e-5, 0.0004540711030678223, 2.755918008565491e-5, 0.00010969117747383414, 0.0004864975591917474, 3.0561257396576744e-5, 4.228438516961867e-5, 0.0005189229633629544, 1.6274384723208e-5, 0.00011955918971650786, 0.0005513473156155699, 0.00011956887589965611, 1.6280572402520724e-5, 0.00011956653783537686, 0.0005513329763258836, 3.356194404861529e-5, 0.00012943568665927302, 0.0005837562771592166, 1.9283680334344092e-5, 0.0001393052439357478, 1.9286374724597602e-5, 0.00013930252713590478, 0.000616178526142193, 2.2290271563640327e-5, 0.00014917249290354368, 3.3002570581406437e-6, 2.5290106599744382e-5, 0.00015902836605879953, 0.0006485997233089359, 3.656493462865157e-5, 0.00016889842045635686, 0.0006810198686935675, 3.9569378929403636e-5, 5.2155312822709256e-5, 3.95696561447262e-5, 0.00017876888319354344, 0.000713438962330209, 4.257444620930289e-5, 5.3068219098216316e-5, 0.0007458570042529801, 4.5576535514079226e-5, 3.5741336723253266e-5, 2.8294473430733744e-5, 6.294389650550512e-5, 0.0007782739944959998, 3.129746933814544e-5, 0.0001886397542334777, 6.818136396124277e-5, 5.543649845146911e-5, 0.0001984958050129611, 0.0008106899330933858, 5.844188133461841e-5, 7.281998199910468e-5, 0.0008431048200792548, 3.4298342228712446e-5, 8.269720395988572e-5, 0.00010062033880625114, 3.729695862801964e-5, 9.255742060046222e-5, 0.0008755186554877223, 6.144456397540766e-5, 0.00010243473064942311, 0.0009079314393529026, 6.444825748933835e-5, 0.00020836822148315856, 0.00013305826129241926, 6.744894139455601e-5, 0.00021822509014217788, 0.0009403431717089092, 4.03009921675954e-5, 0.00022809978010013835, 0.0009727538525898542, 4.33086382730058e-5, 0.00023797487803466148, 7.045526351018922e-5, 0.0002379710797546406, 0.0010051634820298487, 7.346237451681976e-5, 0.00011231244863720545, 0.0010375720600630026, 4.3591095022886e-5, 0.00012219275942573418, 4.3592855174333154e-5, 0.00012219097580935248, 0.001069979586723425, 4.6598678599430144e-5, 0.0002478465857520842, 0.0011023860620452237, 4.960744958088656e-5, 0.0002577239561334227, 0.00016549513145388688, 5.2609945602839714e-5, 0.0002675799525455793, 0.0011347914860625051, 7.64667856214185e-5, 0.00013207169437907937, 0.001167195858809375, 5.561918635510801e-5, 0.0002774574109581737, 0.00019793094932479268, 7.947242866192489e-5, 0.000287313496081732, 0.0011995991803199378, 5.862215234221263e-5, 0.00014195427702184924, 0.0012320014506282968, 8.248168407031369e-5, 0.0002971917706540705, 6.162903900851215e-5, 0.00029718643490303477, 0.0012644026697685542, 8.27644269462194e-5, 0.0001518379953539797, 0.0012968028377748112, 8.577119512999463e-5, 0.0002303657149392742, 6.463953769649512e-5, 0.00030706584543034707, 0.0013292019546811678, 9.56342276463225e-5, 0.00031694639160820016, 0.0, 0.0, 0.0, 0.0, 0.0, 0.0, 0.0, 0.0, 0.0, 0.0, 0.0, 0.0, 0.0, 0.0, 0.0, 0.0, 0.0, 0.0, 0.0, 0.0, 0.0, 0.0, 0.0, 0.0, 0.0, 0.0, 0.0, 0.0, 0.0, 0.0, 0.0, 0.0, 0.0, 0.0, 0.0, 0.0, 0.0, 0.0, 0.0, 0.0, 0.0, 0.0, 0.0, 0.0, 0.0, 0.0, 0.0, 0.0, 0.0, 0.0],"final_V" => Dict{Int64,Any}(1 => [0.0, 0.0013616000205217231, 0.0002627994283314679, 0.0001617228492441415, 0.00031694133836963185, 9.563983682407089e-5, 6.765060340546068e-5]),"nparticles" => 15,"trial_by_trial_p_sa_max" => [0.5, 0.5, 0.5, 0.5, 0.5, 0.5, 0.5, 0.5, 0.5, 0.5, 0.5490009633198603, 0.46296621128564025, 0.45240673319604174, 0.3439830332559876, 0.5490012654145942, 0.5370333879573417, 0.6250215447292777, 0.3166905837131035, 0.6533841547117566, 0.5032970702897909, 0.6833090466127635, 0.3650935161118242, 0.43925707901409333, 0.6349071028528573, 0.7809127897021733, 0.6795418217205937, 0.6227636965832055, 0.8475240353263961, 0.7611086362915456, 0.7515566092641169, 0.8833599496868486, 0.6148884332072072, 0.8184520660729785, 0.9056223204883815, 0.5807042410737963, 0.8118882819949516, 0.8184529740277834, 0.9056211297224414, 0.6913616756641409, 0.5807090527416056, 0.8118900748747175, 0.818453654283166, 0.9056196462310515, 0.8457145969092646, 0.8578379908343361, 0.9207654835629271, 0.8696046020996967, 0.6785877304792564, 0.8696045781625299, 0.8834771340042011, 0.9317308952936698, 0.6288883417364183, 0.9014063966165279, 0.9400340397247926, 0.88727613488846, 0.9146152624142132, 0.269085674819651, 0.25529295253680545, 0.9465383568368222, 0.5174778629943276, 0.8959436705153315, 0.9210876855166124, 0.9517707263328355, 0.6353964719215984, 0.9298250930593964, 0.9560707364978399, 0.7347969310797594, 0.5314722921552281, 0.9596670507264148, 0.9076481387700918, 0.9368352080173229, 0.96271925169003, 0.9170327090515019, 0.7066298257327063, 0.9653420831960805, 0.9247153175627756, 0.9425817816693446, 0.967620157993481, 0.931115805286242, 0.7942303520027669, 0.9696172350727044, 0.79516778298529, 0.9473765123594441, 0.9713822692385508, 0.052623005573911995, 0.7951761350087759, 0.9473790194090703, 0.9713818922808153, 0.9365270559119759, 0.8830727421427595, 0.9729530861737969, 0.8343741282568617, 0.9011252479239469, 0.8343752882597585, 0.9011248019091417, 0.9743607128350309, 0.8614812946439963, 0.9144096865582008, 0.2588300861776494, 0.8811399397088346, 0.924548490659288, 0.9756290445401696, 0.941160211153325, 0.9325845167604726, 0.9767777784610402, 0.054829355460511715, 0.1569130286439062, 0.9451704145452761, 0.9390857232801364, 0.9778230659066844, 0.8969786849700826, 0.6969269315207782, 0.9787782757243456, 0.0915253719183786, 0.6103679917383482, 0.8960858377582642, 0.7891779607883365, 0.9796545686479127, 0.9077668831631693, 0.9444513142244828, 0.7753194192651084, 0.6980861947049428, 0.9489454431114216, 0.9804613350413486, 0.7724721160020346, 0.840094339854177, 0.9812065324921906, 0.08288465676120942, 0.8716947031721611, 0.8447816192914195, 0.22464478095189674, 0.8930217933415601, 0.981896949001612, 0.8193270945184279, 0.908377227550093, 0.9825384102219767, 0.8508984026600656, 0.9527777398666641, 0.8817524781370698, 0.8733728674622199, 0.9560735277892985, 0.983135944143123, 0.43726254565313877, 0.9589450662877719, 0.9836939130820809, 0.3860857526190059, 0.03853423935935824, 0.8901454267379225, 0.9614683049640875, 0.9842161203063632, 0.9030867984041637, 0.9199218246999139, 0.9847058968013453, 0.4936565141797303, 0.9289081190020549, 0.49366067386320295, 0.9289079619915012, 0.9851661723654441, 0.6499822894505768, 0.9098058858038024, 0.9855995342388755, 0.25647292198792687, 0.9210184305332964, 0.9045701199276716, 0.47019226410379295, 0.9297644278033668, 0.9860082757436786, 0.9133551582474306, 0.9360960206973593, 0.9863944368654808, 0.6352618910613796, 0.9367892807931765, 0.9200284662961771, 0.921691444875233, 0.9425397507948177, 0.986759838292579, 0.7346814531649805, 0.9419738610357989, 0.9871061101106828, 0.9285879182505332, 0.947342575477118, 0.7951320703592386, 0.9473423151879901, 0.9874347161072404, 0.9322702983084331, 0.946868044610199, 0.987746974449524, 0.06248658471133418, 0.9311855484552917, 0.16563763228169154, 0.9514086046886789, 0.9880440753523375, 0.7689151773207474, 0.9548950513157806],"final_Tsas" => Dict{Tuple{Int64,Int64},Float64}[Dict((1, 6) => 0.05306681676864605,(2, 3) => 0.12378532192224903,(2, 6) => 0.11851145373218261,(2, 2) => 0.13587878234940565,(2, 1) => 1.0,(2, 5) => 0.04682375754095154,(1, 7) => 0.09438407705081553,(1, 4) => 0.10508059177497553,(1, 3) => 0.3918486120397004,(2, 4) => 0.07639124584311824,(1, 1) => 1.0,(1, 2) => 0.6945963977641634,(2, 7) => 0.06873081026594988,(1, 5) => 0.11366860770585357), Dict((1, 6) => 0.05306681676864605,(2, 3) => 0.12378532192224903,(2, 6) => 0.11851145373218261,(2, 2) => 0.13587878234940565,(2, 1) => 0.0,(2, 5) => 0.567558873060596,(1, 7) => 0.09438407705081553,(1, 4) => 0.10508059177497553,(1, 3) => 0.10135856466004985,(2, 4) => 0.4867271052785853,(1, 1) => 0.0,(1, 2) => 0.043145229319729445,(2, 7) => 0.06873081026594988,(1, 5) => 0.11366860770585357), Dict((1, 6) => 0.05306681676864605,(2, 3) => 0.12378532192224903,(2, 6) => 0.24632632163822354,(2, 2) => 0.18472730590356617,(2, 1) => 0.0,(2, 5) => 0.13098963625967094,(1, 7) => 0.09438407705081553,(1, 4) => 0.10508059177497553,(1, 3) => 0.10135856466004985,(2, 4) => 0.1038539556744707,(1, 1) => 0.0,(1, 2) => 0.0586559714255493,(2, 7) => 0.06873081026594988,(1, 5) => 0.11366860770585357), Dict((1, 6) => 0.22373765481879296,(2, 3) => 0.2572880684665058,(2, 6) => 0.161116409700863,(2, 2) => 0.13587878234940565,(2, 1) => 0.0,(2, 5) => 0.0636569332846954,(1, 7) => 0.33190209950181937,(1, 4) => 0.10508059177497553,(1, 3) => 0.10135856466004985,(2, 4) => 0.07639124584311824,(1, 1) => 0.0,(1, 2) => 0.0586559714255493,(2, 7) => 0.14285714285714282,(1, 5) => 0.11366860770585357), Dict((1, 6) => 0.5109282613379772,(2, 3) => 0.12378532192224903,(2, 6) => 0.11851145373218261,(2, 2) => 0.13587878234940565,(2, 1) => 0.0,(2, 5) => 0.04682375754095154,(1, 7) => 0.19617751524410293,(1, 4) => 0.10508059177497553,(1, 3) => 0.10135856466004985,(2, 4) => 0.07639124584311824,(1, 1) => 0.0,(1, 2) => 0.0586559714255493,(2, 7) => 0.4887800282827099,(1, 5) => 0.11366860770585357), Dict((1, 6) => 0.05306681676864605,(2, 3) => 0.12378532192224903,(2, 6) => 0.11851145373218261,(2, 2) => 0.13587878234940565,(2, 1) => 0.0,(2, 5) => 0.04682375754095154,(1, 7) => 0.09438407705081553,(1, 4) => 0.3695164493501465,(1, 3) => 0.10135856466004985,(2, 4) => 0.07639124584311824,(1, 1) => 0.0,(1, 2) => 0.043145229319729445,(2, 7) => 0.09343958779634758,(1, 5) => 0.15453255691765852), Dict((1, 6) => 0.05306681676864605,(2, 3) => 0.12378532192224903,(2, 6) => 0.11851145373218261,(2, 2) => 0.13587878234940565,(2, 1) => 0.0,(2, 5) => 0.09732328477218317,(1, 7) => 0.09438407705081553,(1, 4) => 0.10508059177497553,(1, 3) => 0.10135856466004985,(2, 4) => 0.1038539556744707,(1, 1) => 0.0,(1, 2) => 0.043145229319729445,(2, 7) => 0.06873081026594988,(1, 5) => 0.27712440455307347)],"gamma_surprise" => [0.004336552046615559, 0.004336552046615559, 0.004336552046615559, 0.004336552046615559, 0.004336552046615559, 0.004336552046615559, 0.004336552046615559, 0.004336552046615559, 0.004336552046615559, 0.004336552046615559, 0.0033569317621218275, 0.0033569317621218275, 0.0033569317621218275, 0.0033569317621218275, 0.0027861668771766786, 0.0033569317621218275, 0.0033569317621218275, 0.004336552046615559, 0.0033569317621218275, 0.0027861668771766786, 0.0024124888571078833, 0.0027861668771766786, 0.0033569317621218275, 0.0027861668771766786, 0.0027861668771766786, 0.002148845371999724, 0.0024124888571078833, 0.0024124888571078833, 0.0019528720692374697, 0.002148845371999724, 0.002148845371999724, 0.0027861668771766786, 0.0019528720692374697, 0.005444056649283085, 0.0024124888571078833, 0.0018014786125220737, 0.0018014786125220737, 0.005665261977492279, 0.0027861668771766786, 0.002148845371999724, 0.0016810069795292926, 0.0016810069795292926, 0.0021121390932237706, 0.0015828614182525538, 0.001582861418252554, 0.0019426546442822662, 0.006328287960083404, 0.0019528720692374697, 0.0015540122138859667, 0.0015013619644094057, 0.0018077826736261778, 0.0024124888571078833, 0.0014326047507516348, 0.001697902597392258, 0.0014811426735735554, 0.00676981426884822, 0.0027861668771766786, 0.0033569317621218275, 0.0016066569112215376, 0.005222752877997482, 0.0014188395752722485, 0.001418839575272249, 0.0015296758780050065, 0.002240191741627144, 0.0013649600062770205, 0.0014638569702810909, 0.005665261977492279, 0.0027861668771766786, 0.0014069365637305435, 0.001364960006277022, 0.0013179038164225093, 0.0013572243481537781, 0.0054770111989296995, 0.0024124888571078833, 0.0013134326297565759, 0.0013572243481537781, 0.0012764520107678527, 0.0012745631937959615, 0.004594481005441768, 0.002148845371999724, 0.0012398302878475367, 0.002112139093223771, 0.0012396596392055155, 0.008532002725220785, 0.0024124888571078833, 0.0019426546442822656, 0.0012067828836341157, 0.0012399836832007556, 0.0013504105102186122, 0.001177228248148726, 0.0012102554673629094, 0.0018077826736261778, 0.006290026621112549, 0.001697902597392258, 0.0011803868324737601, 0.0011832553767919362, 0.0016066569112215374, 0.008971573249416885, 0.004336552046615559, 0.0015296758780050062, 0.0011832553767919358, 0.0011586243512401943, 0.0013094643089312135, 0.0011586243512401934, 0.0011360636922445565, 0.004558250248090963, 0.0018014786125220737, 0.0012728755052323494, 0.0011375403664443608, 0.0011153228904073307, 0.004229854379549402, 0.0019528720692374697, 0.0010961902842138809, 0.0035203356536485843, 0.00340825979717903, 0.0053142484456306744, 0.0018014786125220737, 0.0010784858106374854, 0.001508870306582283, 0.007253050863374744, 0.002811210954682266, 0.0012713584436549361, 0.0011418051228256182, 0.0010620553207064468, 0.0037905251899923668, 0.0016810069795292926, 0.0010467660795797902, 0.0024124888571078833, 0.006107377567308616, 0.0024267701281497486, 0.002148845371999724, 0.0016403853218769466, 0.0010325031728341467, 0.00340879320685843, 0.0015540122138859667, 0.001019166612963765, 0.0012980207448781012, 0.006002087903893637, 0.0021578578427196163, 0.0012669585944708281, 0.001145738000952329, 0.0010066689919290368, 0.005444056649283085, 0.0011261129249180788, 0.0009949335631970159, 0.0014489095924528621, 0.005222752877997482, 0.0012386218061312322, 0.001107906503425005, 0.0009838926643097998, 0.0033016897524934096, 0.0014857873664714761, 0.0009734864114717142, 0.0020325119356422285, 0.006975940126222776, 0.001872071620415537, 0.00146800570782693, 0.000963661612958191, 0.004499634896426675, 0.0010909701291564758, 0.0009543708597157121, 0.001396541783717909, 0.005501894920477768, 0.0019589793576406827, 0.0013504105102186122, 0.0010960856363835265, 0.0009455717603343448, 0.0030251141651851123, 0.0014103933688511799, 0.0009372262943421661, 0.0013094643089312135, 0.004876134324736668, 0.001805841403782996, 0.0012651368642299032, 0.0011008678724705593, 0.0009293002630079781, 0.00498112397686842, 0.0013601429850759214, 0.0009217628209204599, 0.0012391667502327796, 0.00715815803600779, 0.0013059185360056074, 0.0011053483250657425, 0.0009145860748145956, 0.002916315785066538, 0.001315925436322582, 0.0009077447386454434, 0.0029155500326231917, 0.0016842527685437397, 0.0036911444693200064, 0.0010905630762789431, 0.0009012158359186725, 0.0012393813094401325, 0.012896301994991588],"final_PolicyParameters" => Dict{Int64,Any}(1 => [0.0 0.0; 1.9368070341044803 0.19662392942953794; 1.488291350070565 0.41238432086636445; 1.0663569160110578 2.228939076794219; 1.2328480707541216 2.4294545192082837; 2.033358772839699 1.56210495249023; 2.550545449653429 2.768086007709769]),"particlefilterseeds" => [1, 2, 3])