DateTime of fitting: 2020-02-09T16:20:53.489
DATA_STATS
nr_subjects: 1
all_subject_ids: [17]
nr_puzzles: 1
nr_episodes: 48
nr_actions: 197
max_state_id: 7
max_action_id: 2
SUBJECT_SIGNALS
subject_id: 17
algorithm_name: Forward Learner
param_string: eta=0.1826, gamma=0.9627,
                temp=0.053,
                initTsas=nothing, initR=nothing
param_vector: [0.18260618267117423, 0.9626964105402676, 0.05297547778657458]
LL: -123.441
RPE
Float64[]
SPE
[0.857, 0.857, 0.857, 0.857, 0.857, 0.857, 0.857, 0.857, 0.857, 0.701, 0.701, 0.701, 0.573, 0.701, 0.701, 0.573, 0.573, 0.701, 0.701, 0.701, 0.857, 0.573, 0.573, 0.883, 0.468, 0.573, 0.573, 0.468, 0.383, 0.468, 0.922, 0.857, 0.857, 0.701, 0.468, 0.701, 0.701, 0.573, 0.313, 0.922, 0.573, 0.565, 0.256, 0.936, 0.468, 0.383, 0.383, 0.209, 0.495, 0.462, 0.171, 0.808, 0.383, 0.468, 0.313, 0.573, 0.514, 0.573, 0.256, 0.313, 0.922, 0.209, 0.383, 0.171, 0.977, 0.565, 0.468, 0.14, 0.798, 0.313, 0.313, 0.114, 0.653, 0.256, 0.53, 0.42, 0.936, 0.256, 0.462, 0.378, 0.468, 0.565, 0.383, 0.773, 0.093, 0.313, 0.463, 0.495, 0.076, 0.433, 0.699, 0.062, 0.256, 0.492, 0.309, 0.688, 0.378, 0.252, 0.472, 0.65, 0.051, 0.209, 0.511, 0.206, 0.642, 0.309, 0.169, 0.171, 0.617, 0.042, 0.256, 0.034, 0.977, 0.209, 0.028, 0.171, 0.023, 0.965, 0.524, 0.138, 0.297, 0.595, 0.019, 0.14, 0.015, 0.789, 0.533, 0.113, 0.114, 0.012, 0.498, 0.462, 0.835, 0.407, 0.436, 0.092, 0.471, 0.89, 0.01, 0.381, 0.378, 0.99, 0.209, 0.333, 0.356, 0.075, 0.741, 0.389, 0.062, 0.437, 0.309, 0.844, 0.171, 0.405, 0.252, 0.475, 0.719, 0.008, 0.093, 0.007, 0.71, 0.42, 0.05, 0.331, 0.663, 0.006, 0.388, 0.464, 0.041, 0.498, 0.777, 0.755, 0.14, 0.076, 0.005, 0.271, 0.626, 0.617, 0.114, 0.221, 0.91, 0.442, 0.034, 0.407, 0.702, 0.505, 0.093, 0.181, 0.492, 0.027, 0.148, 0.402, 0.997, 0.062, 0.004, 0.051, 0.0]
action_selection_prob
[0.5, 0.5, 0.5, 0.5, 0.5, 0.5, 0.5, 0.527, 0.498, 0.476, 0.529, 0.627, 0.462, 0.45, 0.504, 0.575, 0.698, 0.507, 0.469, 0.541, 0.396, 0.444, 0.533, 0.369, 0.473, 0.393, 0.485, 0.42, 0.462, 0.629, 0.742, 0.589, 0.307, 0.66, 0.477, 0.585, 0.324, 0.724, 0.369, 0.401, 0.571, 0.642, 0.384, 0.627, 0.746, 0.463, 0.416, 0.367, 0.63, 0.668, 0.377, 0.644, 0.758, 0.63, 0.776, 0.555, 0.65, 0.328, 0.784, 0.458, 0.579, 0.794, 0.661, 0.797, 0.325, 0.586, 0.366, 0.798, 0.316, 0.418, 0.688, 0.802, 0.3, 0.422, 0.298, 0.647, 0.39, 0.463, 0.581, 0.66, 0.544, 0.348, 0.532, 0.674, 0.797, 0.533, 0.686, 0.317, 0.798, 0.309, 0.687, 0.801, 0.533, 0.694, 0.659, 0.32, 0.602, 0.679, 0.326, 0.697, 0.79, 0.525, 0.7, 0.69, 0.335, 0.621, 0.702, 0.513, 0.701, 0.783, 0.66, 0.783, 0.514, 0.667, 0.783, 0.672, 0.783, 0.487, 0.705, 0.705, 0.51, 0.704, 0.78, 0.672, 0.78, 0.489, 0.707, 0.71, 0.673, 0.778, 0.325, 0.294, 0.508, 0.326, 0.721, 0.715, 0.494, 0.623, 0.777, 0.506, 0.28, 0.505, 0.371, 0.331, 0.736, 0.72, 0.333, 0.635, 0.723, 0.499, 0.264, 0.499, 0.362, 0.334, 0.254, 0.496, 0.754, 0.773, 0.664, 0.773, 0.503, 0.755, 0.725, 0.335, 0.755, 0.772, 0.497, 0.756, 0.727, 0.503, 0.642, 0.228, 0.355, 0.662, 0.778, 0.336, 0.756, 0.222, 0.354, 0.337, 0.244, 0.647, 0.728, 0.501, 0.65, 0.217, 0.348, 0.339, 0.741, 0.729, 0.339, 0.741, 0.73, 0.693, 0.803, 0.695, 0.0]
results_dict
Dict{String,Any}("QSA_record" => [0.0, 0.0, 0.0, 0.0, 0.0, 0.0, 0.0, 0.8253991036644555, 0.8272378198403678, 0.8355267586425077, 0.8439981596831768, 0.8746683662773174, 0.850221391558376, 0.8553984567063688, 0.8597869985984419, 0.8691857456571602, 0.9105618502762157, 0.8683933274375465, 0.8689129051993464, 0.8746577921839782, 0.8770490141617839, 0.8650547870561304, 0.873394037856684, 0.8711096814015195, 0.8661470290057098, 0.8633683435665831, 0.8657455150269342, 0.8595625448430764, 0.863576072708936, 0.8861717500603846, 0.9325632861204234, 0.8710404323938985, 0.8691317397033539, 0.8921537018139744, 0.859413051075907, 0.8760767542535686, 0.8771450006778656, 0.917763328174233, 0.8625589385870037, 0.8639849875787015, 0.8854338039382202, 0.921739619766209, 0.8737263615542625, 0.9007230992473182, 0.9427094055929492, 0.8835123557612526, 0.8865320408866099, 0.8811597099339984, 0.9086789666516761, 0.9449515637085816, 0.8857043884227752, 0.9169200482345766, 0.958593175148634, 0.9190504754983326, 0.9674266156450969, 0.9061950461991187, 0.926176713798101, 0.9224471102678223, 0.9745558000786186, 0.8964704556738805, 0.9202764932677817, 0.9796634657626464, 0.9341844220272935, 0.9838817830464142, 0.9006418685366386, 0.9288974945254974, 0.9346103766983406, 0.9872289583218298, 0.900611303703952, 0.9122413249093071, 0.9417848661899876, 0.9897047544504678, 0.9005611488379345, 0.9141492719246037, 0.9000580441876997, 0.9342207070942296, 0.941009542810631, 0.9042530271476943, 0.9306938872247786, 0.9645499252938999, 0.9150824054682944, 0.9047953750227435, 0.9135954073306061, 0.9382393532844182, 0.9919693359872652, 0.9143270195026275, 0.942123748340275, 0.9317744388388176, 0.9935240487830106, 0.9058537322053525, 0.9413716524576884, 0.994736351403652, 0.9153783960770716, 0.9450600249366407, 0.9728746458651969, 0.9102230434799838, 0.940465098789547, 0.9784548694793662, 0.9123072911673767, 0.9494853196000796, 0.9959906864822415, 0.9203295783698828, 0.9517046210775332, 0.983093421489676, 0.9155822335204726, 0.9468631349299829, 0.9864448166814305, 0.9218498111204706, 0.9542311448528248, 0.9968675400614526, 0.9529879894103929, 0.9974598151270886, 0.9227998800315339, 0.954798572255533, 0.9979348250274738, 0.9562057319828624, 0.9983210091511338, 0.9200762581415188, 0.956210670668729, 0.989347964503077, 0.9232698908715534, 0.9566628182023292, 0.9986467674690187, 0.9577651044375928, 0.9988997041563372, 0.9216943657535752, 0.957791866192777, 0.991452843641633, 0.9587258993198722, 0.9991102418378269, 0.9206445108687615, 0.9118662550318761, 0.9243866486860572, 0.920977182383416, 0.9581558592956824, 0.9930958569086723, 0.9232265463435667, 0.9540763113122532, 0.9992799349223646, 0.9246708489385903, 0.9085224267816359, 0.9243475973208549, 0.9276625728223755, 0.9223329749030104, 0.9586608821517837, 0.9944477910366947, 0.9229006748692145, 0.9562520902949897, 0.9954914055618664, 0.924433803278303, 0.9054441818213086, 0.9243597881671345, 0.9271665762532506, 0.923224021971974, 0.9026806036613074, 0.9238445422425209, 0.9597285339186922, 0.9994203736399421, 0.9598456938885002, 0.9995271937382808, 0.9248667592243119, 0.9602533547068284, 0.99635759545164, 0.9239944388537674, 0.9604890596833133, 0.9996156601993252, 0.9247497293123815, 0.9608587243403428, 0.9970399440972559, 0.9255247808049474, 0.9581877342853903, 0.9351005955812183, 0.9273070097379091, 0.9604888831396009, 0.9996878431682381, 0.9248225489706439, 0.9610331300224499, 0.9332237375404003, 0.9271857180021029, 0.925085757806825, 0.901322779074327, 0.9590082508281169, 0.9976036900392853, 0.9259290662189777, 0.9595492643383987, 0.9317301966398961, 0.9268447483615625, 0.9255091378245104, 0.9615163941337783, 0.9980568124852589, 0.9256231278706439, 0.9615965848341814, 0.9984148252109654, 0.9605430208753606, 0.9997251158731042, 0.9609340007225595, 0.0],"final_Tsas" => Dict{Int64,Any}(1 => [0.14285714285714285 0.14285714285714285; 0.7990469213733564 0.042607892228198475; 0.9969721736332512 0.05212651640483101; 0.012708027360908432 0.010387462995252107; 0.01902021598752181 0.0005046377277914669; 0.0006173740455250574 0.006940203204878892; 0.010387462995252107 0.0037902358215860877]

[0.14285714285714285 0.14285714285714285; 0.0020699520113669424 0.042607892228198475; 0.0005046377277914669 0.05212651640483101; 0.012708027360908432 0.5218043799529173; 0.01902021598752181 0.6710687352431248; 0.0006173740455250574 0.006940203204878892; 0.010387462995252107 0.0037902358215860877]

[0.14285714285714285 0.14285714285714285; 0.0020699520113669424 0.5950914819093731; 0.0005046377277914669 0.05212651640483101; 0.012708027360908432 0.42625830507082213; 0.01902021598752181 0.3264080761179178; 0.0006173740455250574 0.9583587807707267; 0.010387462995252107 0.0037902358215860877]

[0.14285714285714285 0.14285714285714285; 0.007997135898634624 0.042607892228198475; 0.0005046377277914669 0.5875146436544124; 0.012708027360908432 0.010387462995252107; 0.2560896505188888 0.0005046377277914669; 0.11768681139379994 0.006940203204878892; 0.6675240729350884 0.2073110156785573]

[0.14285714285714285 0.14285714285714285; 0.0020699520113669424 0.042607892228198475; 0.0005046377277914669 0.05212651640483101; 0.012708027360908432 0.010387462995252107; 0.01902021598752181 0.0005046377277914669; 0.8792263183785748 0.006940203204878892; 0.280538612088651 0.6828858764183445]

[0.14285714285714285 0.14285714285714285; 0.18467613468254115 0.042607892228198475; 0.0005046377277914669 0.15185277432143257; 0.9237518358345495 0.010387462995252107; 0.01902021598752181 0.0005046377277914669; 0.0006173740455250574 0.006940203204878892; 0.010387462995252107 0.09464216461675386]

[0.14285714285714285 0.14285714285714285; 0.0020699520113669424 0.19186905694963446; 0.0005046377277914669 0.05212651640483101; 0.012708027360908432 0.010387462995252107; 0.6488092695435022 0.0005046377277914669; 0.0006173740455250574 0.006940203204878892; 0.010387462995252107 0.0037902358215860877]),"final_Reward" => Dict{Int64,Any}(1 => [1.0, 0.0, 0.0, 0.0, 0.0, 0.0, 0.0]),"final_Qsa" => [0.0 0.0; 0.9849123594385913 0.9431105196262383; 0.9997756149564472 0.9252915591407097; 0.9261010556678633 0.9532720261535073; 0.8993981261901964 0.9527935815711618; 0.9173879878553529 0.9612173103013911; 0.9189547314575408 0.9185927400990993])
POPULATION_SIGNALS
subject_id: 17
algorithm_name: Forward Learner
param_string: eta=0.1692, gamma=0.9856,
                temp=0.0118,
                initTsas=nothing, initR=nothing
param_vector: [0.16921432907904174, 0.9855564353951695, 0.011831814925089175]
LL: -129.206
RPE
Float64[]
SPE
[0.857, 0.857, 0.857, 0.857, 0.857, 0.857, 0.857, 0.857, 0.857, 0.712, 0.712, 0.712, 0.592, 0.712, 0.712, 0.592, 0.592, 0.712, 0.712, 0.712, 0.857, 0.592, 0.592, 0.881, 0.491, 0.592, 0.592, 0.491, 0.408, 0.491, 0.918, 0.857, 0.857, 0.712, 0.491, 0.712, 0.712, 0.592, 0.339, 0.918, 0.592, 0.578, 0.282, 0.932, 0.491, 0.408, 0.408, 0.234, 0.508, 0.48, 0.195, 0.812, 0.408, 0.491, 0.339, 0.592, 0.52, 0.592, 0.282, 0.339, 0.918, 0.234, 0.408, 0.195, 0.973, 0.578, 0.491, 0.162, 0.808, 0.339, 0.339, 0.134, 0.672, 0.282, 0.519, 0.432, 0.932, 0.282, 0.48, 0.399, 0.491, 0.578, 0.408, 0.776, 0.112, 0.339, 0.467, 0.508, 0.093, 0.431, 0.705, 0.077, 0.282, 0.492, 0.331, 0.695, 0.399, 0.275, 0.467, 0.656, 0.064, 0.234, 0.509, 0.229, 0.649, 0.331, 0.19, 0.195, 0.622, 0.053, 0.282, 0.044, 0.973, 0.234, 0.037, 0.195, 0.03, 0.961, 0.52, 0.158, 0.303, 0.598, 0.025, 0.162, 0.021, 0.798, 0.528, 0.131, 0.134, 0.017, 0.492, 0.48, 0.841, 0.408, 0.439, 0.109, 0.471, 0.887, 0.015, 0.379, 0.399, 0.987, 0.234, 0.339, 0.365, 0.09, 0.736, 0.398, 0.075, 0.431, 0.331, 0.851, 0.195, 0.403, 0.275, 0.466, 0.712, 0.012, 0.112, 0.01, 0.72, 0.421, 0.062, 0.335, 0.66, 0.008, 0.387, 0.46, 0.052, 0.495, 0.781, 0.761, 0.162, 0.093, 0.007, 0.278, 0.625, 0.632, 0.134, 0.231, 0.906, 0.444, 0.043, 0.411, 0.709, 0.525, 0.112, 0.192, 0.487, 0.036, 0.16, 0.404, 0.996, 0.077, 0.006, 0.064, 0.0]
action_selection_prob
[0.5, 0.5, 0.5, 0.5, 0.5, 0.5, 0.5, 0.557, 0.489, 0.455, 0.551, 0.721, 0.433, 0.414, 0.506, 0.628, 0.819, 0.513, 0.445, 0.573, 0.32, 0.401, 0.559, 0.279, 0.453, 0.322, 0.477, 0.362, 0.433, 0.713, 0.87, 0.659, 0.188, 0.761, 0.459, 0.655, 0.204, 0.848, 0.283, 0.328, 0.629, 0.749, 0.3, 0.718, 0.874, 0.433, 0.348, 0.277, 0.717, 0.782, 0.292, 0.738, 0.883, 0.72, 0.901, 0.596, 0.744, 0.216, 0.908, 0.426, 0.637, 0.916, 0.765, 0.92, 0.215, 0.646, 0.274, 0.92, 0.203, 0.361, 0.803, 0.924, 0.181, 0.369, 0.178, 0.739, 0.314, 0.433, 0.637, 0.758, 0.58, 0.253, 0.558, 0.778, 0.919, 0.559, 0.795, 0.21, 0.921, 0.191, 0.796, 0.923, 0.56, 0.805, 0.755, 0.207, 0.671, 0.784, 0.215, 0.81, 0.913, 0.546, 0.814, 0.799, 0.228, 0.7, 0.815, 0.525, 0.816, 0.906, 0.765, 0.907, 0.528, 0.775, 0.907, 0.783, 0.906, 0.474, 0.82, 0.818, 0.52, 0.819, 0.904, 0.783, 0.904, 0.479, 0.822, 0.824, 0.784, 0.902, 0.212, 0.179, 0.517, 0.214, 0.84, 0.831, 0.487, 0.701, 0.9, 0.513, 0.161, 0.51, 0.288, 0.221, 0.857, 0.837, 0.225, 0.721, 0.841, 0.499, 0.143, 0.498, 0.273, 0.226, 0.132, 0.493, 0.877, 0.897, 0.771, 0.897, 0.505, 0.879, 0.844, 0.227, 0.879, 0.896, 0.496, 0.879, 0.846, 0.505, 0.733, 0.105, 0.262, 0.768, 0.901, 0.229, 0.879, 0.099, 0.261, 0.231, 0.12, 0.742, 0.848, 0.502, 0.746, 0.095, 0.251, 0.234, 0.865, 0.849, 0.235, 0.865, 0.851, 0.807, 0.921, 0.809, 0.0]
results_dict
Dict{String,Any}("QSA_record" => [0.0, 0.0, 0.0, 0.0, 0.0, 0.0, 0.0, 0.9171790441095182, 0.9188484213594648, 0.9263867816604783, 0.9305561091814455, 0.9435557325416101, 0.9349469991665406, 0.9374138236049667, 0.9395519125047531, 0.9432499408277982, 0.9601617027540801, 0.9423541284097932, 0.9428979603348933, 0.9458271000090926, 0.9470145526795459, 0.9424928429334216, 0.9458582511096225, 0.9451104091559932, 0.9430472814764022, 0.9421476018866252, 0.9430752092805919, 0.9405957246424052, 0.9419974817931374, 0.9509081394570026, 0.9697750107697604, 0.9465299213555255, 0.9453109440831051, 0.9538938750910768, 0.939756507874353, 0.9465534170166581, 0.947135845799129, 0.9636934478144141, 0.9409494101485708, 0.9421224469602538, 0.9509938142723023, 0.9660574008350792, 0.94549042458176, 0.9570191934753801, 0.9742666352988265, 0.9504311435936075, 0.9516905352189668, 0.9502142836312789, 0.9612683621220397, 0.9760607385339736, 0.9523412207214718, 0.9648391172310417, 0.9814889920238846, 0.9657646152402948, 0.9852346810660234, 0.9611236746607261, 0.9689227195634013, 0.9674599520277097, 0.988351888340337, 0.9575041068749426, 0.966787067037069, 0.9905617525067338, 0.9723612422868426, 0.9924097490186066, 0.9592707762346137, 0.9704267389441691, 0.9727397619197697, 0.9939176547011834, 0.9593756861377762, 0.9641268152800324, 0.9757417552567546, 0.9950284003284451, 0.9594308542494038, 0.9649935395084176, 0.95925517853045, 0.9727962036373621, 0.9755244697943036, 0.9611255266285155, 0.9713876317796247, 0.98475167883264, 0.965490235211098, 0.9615848139421262, 0.9649499756684022, 0.9744930409184164, 0.9960759821012499, 0.9652554318717597, 0.9761006953100091, 0.9723229593714142, 0.9967901472854346, 0.9617498732526585, 0.9758659517754402, 0.9973513531845386, 0.9657930862605095, 0.9774169079641224, 0.9882165005356675, 0.9636201844598418, 0.9755339506639387, 0.9904981505271314, 0.9645298896678054, 0.9793498975716202, 0.9979617463473612, 0.9680115106419983, 0.9803170915885289, 0.9924521534925003, 0.9659820187068298, 0.9782689102958719, 0.9938575611251846, 0.9687365189761225, 0.9814579572400017, 0.9983905781107085, 0.9809495942120523, 0.9986752806928119, 0.9692053291740658, 0.9817498304197885, 0.9989067834967316, 0.9823732743807335, 0.9990975065847121, 0.968060878376889, 0.9823804713209124, 0.995124916999755, 0.9694727426881735, 0.9826040662756825, 0.9992625034524353, 0.9831074533376238, 0.9993911690587921, 0.9687855712299942, 0.9831212066734489, 0.9960358908496431, 0.9835547631107778, 0.9995005433926969, 0.9683641838795582, 0.965295794277476, 0.9700363238286106, 0.9684967604823059, 0.9833107903380681, 0.9967510409859164, 0.9694823876936984, 0.9814775905169715, 0.9995899953279864, 0.9701867381819832, 0.964045935561676, 0.9700453271254895, 0.971465170542943, 0.9691032587296506, 0.9835521606830417, 0.9973485562759304, 0.9693578483294982, 0.9824368860760668, 0.9978139345556327, 0.9701009715394553, 0.9628274694432677, 0.9700660815040716, 0.9712876482810648, 0.9695180246960103, 0.9617122921844148, 0.969832601575836, 0.9840420520960538, 0.9996653994072767, 0.9841096899583575, 0.9997227392449552, 0.9702619247991422, 0.9842900724974749, 0.9982086245774155, 0.9698825730597339, 0.9844059030278547, 0.9997712347979935, 0.9702693065318765, 0.9845819804978514, 0.9985223135262369, 0.9705880481775023, 0.9833335670891152, 0.9744321457966372, 0.9714133564477289, 0.9844254053097891, 0.9998114556483076, 0.9702840370333875, 0.9846742965244231, 0.9737341802069122, 0.9713833412118559, 0.9704080953086477, 0.9612519862854791, 0.9837085110419679, 0.99878632711296, 0.9707988443137526, 0.9839584083384695, 0.9731754287271667, 0.9712457051636812, 0.9706155678969547, 0.9849082796797923, 0.9990010596817429, 0.9706751868714713, 0.9849521418718981, 0.999172209812492, 0.9845003605953269, 0.9998324465265161, 0.9846397980688736, 0.0],"final_Tsas" => Dict{Int64,Any}(1 => [0.14285714285714285 0.14285714285714285; 0.8060743021091391 0.04697166385501645; 0.9952275087919908 0.056538846900123514; 0.015444360437160616 0.012830953347731586; 0.022376488461569245 0.0007954152013348825; 0.0009574252772717346 0.008855985987037308; 0.012830953347731586 0.005078131148370164]

[0.14285714285714285 0.14285714285714285; 0.002911862778214968 0.04697166385501645; 0.0007954152013348825 0.056538846900123514; 0.015444360437160616 0.5244931389644673; 0.022376488461569245 0.6642013094845165; 0.0009574252772717346 0.008855985987037308; 0.012830953347731586 0.005078131148370164]

[0.14285714285714285 0.14285714285714285; 0.002911862778214968 0.5775891769565298; 0.0007954152013348825 0.056538846900123514; 0.015444360437160616 0.4113520942968747; 0.022376488461569245 0.33182161450880904; 0.0009574252772717346 0.9468640840777761; 0.012830953347731586 0.005078131148370164]

[0.14285714285714285 0.14285714285714285; 0.010152054920744308 0.04697166385501645; 0.0007954152013348825 0.5637373437439457; 0.015444360437160616 0.012830953347731586; 0.24722876763528118 0.0007954152013348825; 0.12783916624380068 0.008855985987037308; 0.6586406707464522 0.20248145899977907]

[0.14285714285714285 0.14285714285714285; 0.002911862778214968 0.04697166385501645; 0.0007954152013348825 0.056538846900123514; 0.015444360437160616 0.012830953347731586; 0.022376488461569245 0.0007954152013348825; 0.8673737073698407 0.008855985987037308; 0.27720456251488984 0.6780883532209995]

[0.14285714285714285 0.14285714285714285; 0.1721261918572567 0.04697166385501645; 0.0007954152013348825 0.15356842175543672; 0.9073338373770362 0.012830953347731586; 0.022376488461569245 0.0007954152013348825; 0.0009574252772717346 0.008855985987037308; 0.012830953347731586 0.09911766318574074]

[0.14285714285714285 0.14285714285714285; 0.002911862778214968 0.18755250376838792; 0.0007954152013348825 0.056538846900123514; 0.015444360437160616 0.012830953347731586; 0.6408887900568725 0.0007954152013348825; 0.0009574252772717346 0.008855985987037308; 0.012830953347731586 0.005078131148370164]),"final_Reward" => Dict{Int64,Any}(1 => [1.0, 0.0, 0.0, 0.0, 0.0, 0.0, 0.0]),"final_Qsa" => [0.0 0.0; 0.994248841040493 0.9775945821347146; 0.9998607037219376 0.9707291077670395; 0.9709115287727749 0.9816518428657767; 0.9604220301375481 0.9816918722062302; 0.9675578038159729 0.9847722101676025; 0.9681599155485949 0.9680566861910633])