DateTime of fitting: 2020-02-09T16:10:00.141
DATA_STATS
nr_subjects: 1
all_subject_ids: [7]
nr_puzzles: 1
nr_episodes: 58
nr_actions: 192
max_state_id: 7
max_action_id: 2
SUBJECT_SIGNALS
subject_id: 7
algorithm_name: Forward Learner
param_string: eta=0.1932, gamma=0.9036,
                temp=0.0468,
                initTsas=nothing, initR=nothing
param_vector: [0.19322650872818128, 0.9035994722726053, 0.046774872189160877]
LL: -80.195
RPE
Float64[]
SPE
[0.857, 0.857, 0.857, 0.857, 0.692, 0.692, 0.692, 0.692, 0.857, 0.857, 0.857, 0.857, 0.857, 0.558, 0.692, 0.45, 0.558, 0.692, 0.857, 0.692, 0.558, 0.692, 0.558, 0.857, 0.558, 0.692, 0.857, 0.558, 0.692, 0.45, 0.907, 0.45, 0.45, 0.45, 0.939, 0.363, 0.643, 0.558, 0.692, 0.363, 0.925, 0.558, 0.293, 0.519, 0.925, 0.363, 0.293, 0.556, 0.558, 0.236, 0.795, 0.45, 0.555, 0.45, 0.968, 0.419, 0.448, 0.363, 0.556, 0.363, 0.347, 0.961, 0.28, 0.384, 0.338, 0.795, 0.293, 0.226, 0.555, 0.293, 0.711, 0.236, 0.182, 0.31, 0.273, 0.555, 0.236, 0.979, 0.25, 0.22, 0.202, 0.177, 0.905, 0.147, 0.554, 0.293, 0.119, 0.776, 0.191, 0.096, 0.554, 0.961, 0.143, 0.486, 0.154, 0.077, 0.73, 0.062, 0.447, 0.384, 0.05, 0.757, 0.124, 0.041, 0.484, 0.818, 0.115, 0.455, 0.093, 0.686, 0.1, 0.033, 0.508, 0.66, 0.075, 0.367, 0.061, 0.732, 0.026, 0.41, 0.551, 0.998, 0.432, 0.049, 0.331, 0.987, 0.081, 0.21, 0.267, 0.696, 0.039, 0.349, 0.558, 0.989, 0.032, 0.215, 0.638, 0.17, 0.847, 0.246, 0.137, 0.333, 0.646, 0.026, 0.281, 0.021, 0.99, 0.227, 0.017, 0.41, 0.609, 0.11, 0.827, 0.089, 0.341, 0.013, 0.837, 0.275, 0.011, 0.46, 0.614, 0.009, 0.222, 0.007, 0.999, 0.371, 0.589, 0.072, 0.859, 0.058, 0.3, 0.476, 0.047, 0.93, 0.198, 0.038, 0.466, 0.999, 0.384, 0.03, 0.388, 0.31, 0.025, 0.798, 0.16, 0.02, 0.446, 0.25, 0.016, 1.0, 0.129, 0.0]
action_selection_prob
[0.5, 0.5, 0.5, 0.5, 0.5, 0.5, 0.5, 0.5, 0.5, 0.5, 0.5, 0.5, 0.621, 0.38, 0.554, 0.32, 0.499, 0.632, 0.192, 0.435, 0.631, 0.845, 0.447, 0.747, 0.934, 0.577, 0.584, 0.612, 0.818, 0.677, 0.909, 0.485, 0.736, 0.94, 0.486, 0.581, 0.809, 0.574, 0.797, 0.947, 0.547, 0.213, 0.626, 0.882, 0.301, 0.787, 0.95, 0.307, 0.848, 0.959, 0.315, 0.165, 0.307, 0.868, 0.963, 0.922, 0.211, 0.139, 0.524, 0.881, 0.938, 0.769, 0.948, 0.78, 0.933, 0.506, 0.799, 0.949, 0.491, 0.093, 0.475, 0.82, 0.954, 0.785, 0.939, 0.461, 0.083, 0.45, 0.809, 0.949, 0.83, 0.957, 0.845, 0.947, 0.433, 0.924, 0.949, 0.434, 0.807, 0.951, 0.431, 0.93, 0.956, 0.576, 0.811, 0.951, 0.837, 0.952, 0.436, 0.932, 0.953, 0.439, 0.819, 0.953, 0.438, 0.935, 0.955, 0.841, 0.959, 0.434, 0.817, 0.951, 0.435, 0.935, 0.96, 0.844, 0.962, 0.846, 0.949, 0.432, 0.936, 0.949, 0.861, 0.976, 0.444, 0.938, 0.742, 0.918, 0.386, 0.914, 0.975, 0.88, 0.025, 0.755, 0.978, 0.397, 0.922, 0.922, 0.398, 0.78, 0.928, 0.404, 0.925, 0.975, 0.869, 0.975, 0.414, 0.872, 0.975, 0.426, 0.931, 0.931, 0.87, 0.935, 0.864, 0.974, 0.422, 0.866, 0.974, 0.431, 0.932, 0.974, 0.864, 0.974, 0.866, 0.428, 0.942, 0.94, 0.767, 0.942, 0.431, 0.942, 0.943, 0.436, 0.846, 0.945, 0.779, 0.973, 0.938, 0.96, 0.436, 0.941, 0.96, 0.446, 0.872, 0.96, 0.45, 0.944, 0.961, 0.728, 0.875, 0.0]
results_dict
Dict{String,Any}("QSA_record" => [0.0, 0.0, 0.0, 0.0, 0.0, 0.0, 0.0, 0.0, 0.0, 0.0, 0.0, 0.0, 0.6532532689642506, 0.6329950546189855, 0.6444690392035322, 0.6214471580718652, 0.631735767611867, 0.6529971469546614, 0.6530646593695025, 0.6401828953800079, 0.6515542836687088, 0.7194414716227157, 0.6553585770487504, 0.6808198461079153, 0.7929655965356293, 0.6945206452531574, 0.7093296502636067, 0.7217266594401684, 0.783323567653577, 0.7521247396808307, 0.8373059059623913, 0.7125166891481721, 0.7568117805925596, 0.8614946302658467, 0.7232821659555309, 0.735467234594605, 0.8026712328301626, 0.7421589811939349, 0.7750297928101981, 0.9004665584381668, 0.7478574631767779, 0.7482098506360352, 0.7730355749315052, 0.8540285156570678, 0.7573463265754732, 0.8156735711667982, 0.9269360853579137, 0.7628556533914432, 0.8142248014321161, 0.9432297363315233, 0.7693178663224306, 0.7666253983849677, 0.7683518596603213, 0.8312742221578774, 0.9559310403720662, 0.8891274799734298, 0.7547015036782324, 0.7365484851048578, 0.766904744402966, 0.8224027662466444, 0.9298694267404495, 0.8204907590929609, 0.9446692828528447, 0.8318417222239584, 0.9180145833378611, 0.7840294787580799, 0.849518364281324, 0.9591145829668167, 0.7869293739056864, 0.7496442436302644, 0.7850549658519002, 0.8597050373407992, 0.9675898828077778, 0.8479315569320407, 0.9378629900843432, 0.7910764171227712, 0.75102701236012, 0.789180347091369, 0.8576825222330333, 0.9509361874193446, 0.8648538883668312, 0.9609019773460378, 0.8718384756923178, 0.977192576312175, 0.7942868187610146, 0.8700970990758959, 0.9818275793053647, 0.796785299599865, 0.8790968881196212, 0.9854633626908985, 0.7990586702262026, 0.8787942127499118, 0.9700311558342275, 0.8133565726660144, 0.8842856994730636, 0.9886436196629078, 0.882478150609681, 0.9908776377403867, 0.8024764961624351, 0.8826068217927378, 0.9926818276967827, 0.8041078305018137, 0.8907627489237456, 0.9941214723018319, 0.805590500034897, 0.8873359387995212, 0.9765354368587943, 0.8892847805409593, 0.981162548646056, 0.8061483599842808, 0.893615081965818, 0.9954466083393657, 0.8075086636117603, 0.8897144215162014, 0.9849453265816046, 0.8930284868361014, 0.9879030584652075, 0.894498999531092, 0.9964275550343372, 0.808761337332443, 0.8925018784699449, 0.9971242969661818, 0.8806289940535061, 0.9893033029816591, 0.7880112046099728, 0.8742192050335071, 0.8632606703704315, 0.9587413861778609, 0.7809517251722163, 0.8607837217935586, 0.9915138814397285, 0.8882279196086098, 0.8208610558851973, 0.8716086804225893, 0.9932133382954318, 0.7882239935175259, 0.8700349940177654, 0.967710984141684, 0.7915825652000249, 0.8815610360276971, 0.9741512339269205, 0.7952383884614272, 0.8770573851403402, 0.9947194428675522, 0.8947210736602758, 0.9957578567337688, 0.798342380184672, 0.8963297430812622, 0.9965869211496584, 0.8010567031585846, 0.8826112967563713, 0.9796266738553279, 0.8982850415145848, 0.983615842984919, 0.8973952147591565, 0.9972917610551858, 0.8040111873370475, 0.8985097559370713, 0.9978193664492729, 0.8059088542943393, 0.8872524934936052, 0.9982431380146496, 0.8996666564105609, 0.9985859189621711, 0.9003916071471008, 0.7987781410953544, 0.889452348434417, 0.98496628905375, 0.8683310948735321, 0.987891672254584, 0.8030604387422643, 0.8924122001412504, 0.9904659771587667, 0.8050080880247358, 0.8952377337630629, 0.9923307468102547, 0.8754018214007618, 0.9988526722239934, 0.8827903233194435, 0.9933167643801017, 0.7990056961217894, 0.8866555360156082, 0.99462507970617, 0.8016391800900393, 0.8934374739267922, 0.995675579067209, 0.8037111555529273, 0.8904914529384075, 0.996516985950049, 0.8599207145332891, 0.8959314821367129, 0.0],"final_Tsas" => Dict{Int64,Any}(1 => [0.14285714285714285 0.14285714285714285; 0.9870930701458491 0.1152533558959741; 0.8021633095550988 0.07501650377893436; 0.06052132665673646 0.0037126114308570096; 0.03178068830895833 0.0012689298004024024; 0.025639816862039786 0.00034990271787778925; 0.039392330874504104 9.648438545571096e-5]

[0.14285714285714285 0.14285714285714285; 7.784104450731983e-5 0.1152533558959741; 0.0005375812046823483 0.07501650377893436; 0.06052132665673646 0.8958640588405051; 0.03178068830895833 0.7985454870392035; 0.025639816862039786 0.199862947433689; 0.039392330874504104 9.648438545571096e-5]

[0.14285714285714285 0.14285714285714285; 0.0006644658767686133 0.3084798646241554; 0.0005375812046823483 0.07501650377893436; 0.06052132665673646 0.08557288400521; 0.03178068830895833 0.17253719535970252; 0.025639816862039786 0.5036947903933555; 0.039392330874504104 9.648438545571096e-5]

[0.14285714285714285 0.14285714285714285; 7.784104450731983e-5 0.1152533558959741; 0.0005375812046823483 0.549900977326394; 0.06052132665673646 0.0037126114308570096; 0.03178068830895833 0.02384159839948445; 0.23326802920277165 0.19357641144605908; 0.6077559897000762 0.2871786768708236]

[0.14285714285714285 0.14285714285714285; 7.784104450731983e-5 0.1152533558959741; 0.19376408993286365 0.07501650377893436; 0.06052132665673646 0.0037126114308570096; 0.03178068830895833 0.0012689298004024024; 0.6385328864870294 0.00034990271787778925; 0.039392330874504104 0.6402567244157088]

[0.14285714285714285 0.14285714285714285; 0.011931099799353015 0.1152533558959741; 0.0005375812046823483 0.07501650377893436; 0.6368720400595814 0.0037126114308570096; 0.03178068830895833 0.0012689298004024024; 0.025639816862039786 0.00034990271787778925; 0.19528235592740348 0.0721786611716449]

[0.14285714285714285 0.14285714285714285; 7.784104450731983e-5 0.1152533558959741; 0.0019222756933080555 0.07501650377893436; 0.06052132665673646 0.0037126114308570096; 0.8093158701462501 0.0012689298004024024; 0.025639816862039786 0.10181614257326312; 0.039392330874504104 9.648438545571096e-5]),"final_Reward" => Dict{Int64,Any}(1 => [1.0, 0.0, 0.0, 0.0, 0.0, 0.0, 0.0]),"final_Qsa" => [0.0 0.0; 0.9970903451384525 0.8465764647327038; 0.9617228406189784 0.8261770128244444; 0.7991897293715774 0.8968009278879484; 0.7576014590756267 0.8929214408311761; 0.8137562803209221 0.8502504188342754; 0.8123267267117937 0.8050937088145558])
POPULATION_SIGNALS
subject_id: 7
algorithm_name: Forward Learner
param_string: eta=0.1692, gamma=0.9856,
                temp=0.0118,
                initTsas=nothing, initR=nothing
param_vector: [0.16921432907904174, 0.9855564353951695, 0.011831814925089175]
LL: -85.791
RPE
Float64[]
SPE
[0.857, 0.857, 0.857, 0.857, 0.712, 0.712, 0.712, 0.712, 0.857, 0.857, 0.857, 0.857, 0.857, 0.592, 0.712, 0.491, 0.592, 0.712, 0.857, 0.712, 0.592, 0.712, 0.592, 0.857, 0.592, 0.712, 0.857, 0.592, 0.712, 0.491, 0.901, 0.491, 0.491, 0.491, 0.932, 0.408, 0.661, 0.592, 0.712, 0.408, 0.918, 0.592, 0.339, 0.549, 0.918, 0.408, 0.339, 0.578, 0.592, 0.282, 0.803, 0.491, 0.568, 0.491, 0.961, 0.456, 0.472, 0.408, 0.578, 0.408, 0.364, 0.953, 0.302, 0.403, 0.379, 0.803, 0.339, 0.251, 0.568, 0.339, 0.723, 0.282, 0.209, 0.335, 0.315, 0.561, 0.282, 0.973, 0.278, 0.261, 0.231, 0.217, 0.901, 0.173, 0.557, 0.339, 0.144, 0.771, 0.234, 0.12, 0.553, 0.953, 0.18, 0.508, 0.195, 0.099, 0.748, 0.083, 0.46, 0.403, 0.069, 0.752, 0.162, 0.057, 0.486, 0.827, 0.15, 0.442, 0.125, 0.688, 0.134, 0.047, 0.505, 0.687, 0.103, 0.368, 0.086, 0.739, 0.039, 0.42, 0.541, 0.997, 0.423, 0.071, 0.349, 0.981, 0.112, 0.196, 0.29, 0.704, 0.059, 0.351, 0.592, 0.985, 0.049, 0.241, 0.62, 0.163, 0.831, 0.246, 0.136, 0.335, 0.655, 0.041, 0.292, 0.034, 0.986, 0.242, 0.028, 0.401, 0.597, 0.113, 0.816, 0.094, 0.337, 0.023, 0.85, 0.28, 0.02, 0.446, 0.621, 0.016, 0.232, 0.013, 0.998, 0.37, 0.581, 0.078, 0.847, 0.065, 0.308, 0.483, 0.054, 0.915, 0.205, 0.045, 0.443, 0.999, 0.401, 0.037, 0.382, 0.333, 0.031, 0.801, 0.17, 0.026, 0.433, 0.277, 0.021, 0.999, 0.141, 0.0]
action_selection_prob
[0.5, 0.5, 0.5, 0.5, 0.5, 0.5, 0.5, 0.5, 0.5, 0.5, 0.5, 0.5, 0.606, 0.396, 0.546, 0.352, 0.496, 0.602, 0.253, 0.451, 0.596, 0.78, 0.461, 0.695, 0.878, 0.555, 0.563, 0.577, 0.744, 0.622, 0.837, 0.487, 0.662, 0.868, 0.485, 0.557, 0.734, 0.552, 0.721, 0.88, 0.533, 0.29, 0.585, 0.793, 0.361, 0.709, 0.879, 0.369, 0.758, 0.891, 0.378, 0.251, 0.372, 0.773, 0.897, 0.814, 0.297, 0.229, 0.517, 0.79, 0.863, 0.682, 0.877, 0.692, 0.842, 0.505, 0.716, 0.874, 0.494, 0.185, 0.483, 0.732, 0.879, 0.692, 0.844, 0.473, 0.173, 0.465, 0.713, 0.86, 0.733, 0.874, 0.749, 0.865, 0.452, 0.833, 0.868, 0.453, 0.715, 0.871, 0.451, 0.841, 0.868, 0.555, 0.719, 0.869, 0.737, 0.871, 0.453, 0.841, 0.872, 0.455, 0.726, 0.873, 0.454, 0.846, 0.865, 0.741, 0.872, 0.451, 0.723, 0.867, 0.451, 0.845, 0.875, 0.744, 0.879, 0.747, 0.864, 0.449, 0.846, 0.864, 0.76, 0.904, 0.454, 0.853, 0.668, 0.832, 0.419, 0.825, 0.905, 0.783, 0.094, 0.677, 0.912, 0.425, 0.832, 0.833, 0.427, 0.693, 0.839, 0.43, 0.835, 0.904, 0.771, 0.905, 0.436, 0.774, 0.906, 0.444, 0.841, 0.839, 0.772, 0.843, 0.767, 0.902, 0.442, 0.769, 0.903, 0.448, 0.843, 0.903, 0.768, 0.903, 0.769, 0.446, 0.855, 0.849, 0.692, 0.852, 0.449, 0.857, 0.853, 0.452, 0.743, 0.855, 0.698, 0.902, 0.84, 0.876, 0.451, 0.857, 0.879, 0.457, 0.77, 0.879, 0.459, 0.86, 0.879, 0.66, 0.773, 0.0]
results_dict
Dict{String,Any}("QSA_record" => [0.0, 0.0, 0.0, 0.0, 0.0, 0.0, 0.0, 0.0, 0.0, 0.0, 0.0, 0.0, 0.9138352819661784, 0.9117535216866044, 0.9181174719689715, 0.9145419835765787, 0.9188186149941953, 0.9233757721001803, 0.9240167763058909, 0.9221402621245335, 0.92453334490667, 0.937660815856548, 0.9260087104160221, 0.9315854779301024, 0.9532296536509328, 0.9336526967327382, 0.9374092292280406, 0.9423954667824627, 0.9542205862864985, 0.9481617990150488, 0.9647349354868839, 0.9451678098191765, 0.9526546280661088, 0.9708361147210743, 0.9461679639830819, 0.9488686945534126, 0.961066486666078, 0.9497592341333353, 0.9560782854796748, 0.9784832030350641, 0.9523926567831283, 0.9528162096491753, 0.9575859375885459, 0.9714978865451687, 0.954456821316586, 0.9650868545738035, 0.9842934908578961, 0.9566706414053348, 0.9656206864696175, 0.9876498506267731, 0.9585126233465732, 0.9582735680442872, 0.9588931077799268, 0.969406518527977, 0.9903135619457621, 0.9796126500786799, 0.9565127950025318, 0.9538082846773517, 0.9590810893806782, 0.9683929512126223, 0.9865354284837653, 0.9674842100445021, 0.9890352210758333, 0.9697978711378822, 0.9839746088206034, 0.9625232958986307, 0.9736355789688506, 0.9918242158759821, 0.9636585533685648, 0.957556403807049, 0.9634430839175482, 0.975824039545445, 0.9934085946995614, 0.9735481770923405, 0.987852728549617, 0.9645863668565896, 0.9581114951443725, 0.964529227911233, 0.9755047699601794, 0.9902064301031788, 0.976840973876393, 0.9919885563518356, 0.9782359617674009, 0.9952901319803852, 0.9657573060385612, 0.9781869349458304, 0.9961641693994266, 0.9663448854760163, 0.9799266612494193, 0.996855301885711, 0.9668658612644004, 0.9799303318780634, 0.9938085337523006, 0.9695104705866965, 0.981017943643725, 0.9974875507775883, 0.9805586487676524, 0.9979276070419, 0.9677242571264942, 0.9807855997238893, 0.998294868760354, 0.9681031896682137, 0.9824092138774232, 0.9985936511820193, 0.9684434903085629, 0.9817684479844069, 0.9950890346401509, 0.9820153220592004, 0.9959478084253063, 0.9686008236949778, 0.9830565988306944, 0.9988867866961818, 0.968918244297558, 0.9822836784014529, 0.9966830612877121, 0.9828650530080898, 0.9972603001263565, 0.9832007482116318, 0.9991070301468448, 0.969243743666651, 0.9828671856127362, 0.9992613295235492, 0.981533586859443, 0.9975361594567879, 0.9657949530788565, 0.98009928486974, 0.9787483637431258, 0.9938636052507175, 0.9647012007955194, 0.9781572645087755, 0.9979615579451023, 0.9824326748918868, 0.9714778415251286, 0.9799596267866246, 0.9983244232850025, 0.9658757741468103, 0.9795608213422359, 0.9950803978885319, 0.9664651750130733, 0.9814065309643043, 0.9959470927141535, 0.9670708278011927, 0.9807078542913605, 0.998661830085739, 0.9835644542952962, 0.9988944682897148, 0.967626525240247, 0.9838757472863554, 0.9990854392003481, 0.9680838053629619, 0.9816341618663637, 0.9967348995593738, 0.9842432151597963, 0.9972978591164156, 0.9841628651485474, 0.9992548995379562, 0.9686736361192146, 0.9843763352268468, 0.9993828599766821, 0.9690095051372254, 0.9824547681465357, 0.9994884061802904, 0.9846238155922368, 0.9995763259149226, 0.9847709520203191, 0.9681641236590569, 0.9827989124686194, 0.9974713239940745, 0.9799728727921577, 0.9979006969671086, 0.9686284847493735, 0.9833031899915945, 0.9982937177464647, 0.9689606032570869, 0.9837021583331875, 0.9985874682056819, 0.9809676700057544, 0.9996464869430655, 0.9820599768209373, 0.9987366898385318, 0.9678968237809561, 0.9824314680968405, 0.998942397112668, 0.9683434687287086, 0.9835340770377231, 0.9991244315516158, 0.9686984730162594, 0.9830660931449421, 0.9992742719696495, 0.9785266669065351, 0.9839832047031354, 0.0],"final_Tsas" => Dict{Int64,Any}(1 => [0.14285714285714285 0.14285714285714285; 0.9823639899914188 0.1186836672744226; 0.821490482539916 0.0819160405145035; 0.06805467267803018 0.006112444311588641; 0.03902338527006356 0.0024191338718290876; 0.0324200693131968 0.0007954152013348825; 0.04697166385501645 0.0002615338282359064]

[0.14285714285714285 0.14285714285714285; 0.00021727855695949415 0.1186836672744226; 0.0011524335466816507 0.0819160405145035; 0.06805467267803018 0.8827145536851214; 0.03902338527006356 0.7699012265101518; 0.0324200693131968 0.20475891800430945; 0.04697166385501645 0.0002615338282359064]

[0.14285714285714285 0.14285714285714285; 0.0013513490885174587 0.28789799635346436; 0.0011524335466816507 0.0819160405145035; 0.06805467267803018 0.08672322475693534; 0.03902338527006356 0.19149814675551718; 0.0324200693131968 0.5250201020546611; 0.04697166385501645 0.0002615338282359064]

[0.14285714285714285 0.14285714285714285; 0.00021727855695949415 0.1186836672744226; 0.0011524335466816507 0.508503756912979; 0.06805467267803018 0.006112444311588641; 0.03902338527006356 0.0289240912470146; 0.22982339716460573 0.17000974428037663; 0.5775891769565298 0.2779522773414067]

[0.14285714285714285 0.14285714285714285; 0.00021727855695949415 0.1186836672744226; 0.17036676262572337 0.0819160405145035; 0.06805467267803018 0.006112444311588641; 0.03902338527006356 0.0024191338718290876; 0.6080762562694103 0.0007954152013348825; 0.04697166385501645 0.6406356001488035]

[0.14285714285714285 0.14285714285714285; 0.015415546692225687 0.1186836672744226; 0.0011524335466816507 0.0819160405145035; 0.5916719639318189 0.006112444311588641; 0.03902338527006356 0.0024191338718290876; 0.0324200693131968 0.0007954152013348825; 0.18755250376838792 0.0803659871968462]

[0.14285714285714285 0.14285714285714285; 0.00021727855695949415 0.1186836672744226; 0.0035330206476339885 0.0819160405145035; 0.06805467267803018 0.006112444311588641; 0.7658596883796185 0.0024191338718290876; 0.0324200693131968 0.09782499005664806; 0.04697166385501645 0.0002615338282359064]),"final_Reward" => Dict{Int64,Any}(1 => [1.0, 0.0, 0.0, 0.0, 0.0, 0.0, 0.0]),"final_Qsa" => [0.0 0.0; 0.999376051523018 0.9756935423470858; 0.9944937008579212 0.9726486082165077; 0.9685907341500843 0.9841192347873597; 0.9614710231003224 0.9834615513756899; 0.970644162874489 0.9770545018067103; 0.9705372834594197 0.9689412081585477])