DateTime of fitting: 2021-01-04T22:23:26.343
DATA_STATS
nr_subjects: 1
all_subject_ids: [20]
nr_puzzles: 1
nr_episodes: 52
nr_actions: 201
max_state_id: 7
max_action_id: 2
SUBJECT_SIGNALS
subject_id: 20
algorithm_name: Actor-Critic (TD-Lambda, ReplTrc) modulated Actor
param_string: alpha(actor)=0.7345,
                surpriseprobability=0.0021,
                stochasticity=2.7607,
                eta(critic)=0.0035,
                gamma=0.9572,
                lambda_actor=0.7738,
                lambda_critic=0.3114,
                temp=0.447,
                nparticles=15,
                init_policy=nothing,
                init_Vs=nothing,
                use_replacing_trace=true
param_vector: [0.7344503270020931, 0.002082886797878879, 2.7607270147370704, 0.0034520713954494485, 0.9571588374354882, 0.7737806758467157, 0.31135336296571453, 0.44699183483207944, 15.0]
LL: -104.006
RPE
[0.0, 0.0, 0.0, 0.0, 0.0, 1.0, 0.003, 0.997, -0.001, -0.0, 0.0, 0.001, 0.999, 0.006, -0.007, 0.004, 0.996, 0.001, 0.007, 0.992, 0.001, 0.006, -0.005, -0.001, 0.0, 0.006, 0.993, 0.009, -0.009, 0.008, -0.008, 0.009, -0.001, -0.008, 0.008, -0.008, 0.009, 0.989, 0.001, -0.001, 0.009, -0.008, 0.011, 0.985, 0.016, 0.982, 0.002, 0.018, 0.978, 0.003, 0.02, 0.975, 0.001, 0.024, -0.027, 0.002, 0.023, 0.972, 0.003, 0.025, 0.968, 0.002, -0.003, 0.004, 0.027, 0.965, 0.002, 0.032, 0.962, 0.003, -0.003, 0.005, 0.032, 0.958, 0.008, -0.005, 0.037, 0.955, 0.008, -0.005, -0.004, 0.004, 0.039, -0.037, -0.003, 0.002, -0.003, -0.006, 0.008, -0.005, 0.039, -0.037, -0.003, 0.002, -0.003, 0.037, 0.952, -0.0, 0.008, -0.002, 0.039, 0.949, 0.007, 0.001, -0.002, 0.041, 0.946, 0.004, 0.005, -0.001, 0.043, 0.942, 0.0, 0.009, 0.045, 0.939, 0.01, 0.047, 0.936, 0.009, 0.002, -0.003, 0.987, 0.003, -0.004, 0.012, -0.001, 0.984, 0.015, 0.981, 0.003, 0.014, 0.977, 0.004, 0.056, 0.933, 0.063, 0.929, 0.019, 0.974, 0.064, 0.926, 0.02, 0.97, 0.065, 0.923, 0.005, 0.067, 0.92, 0.005, 0.021, -0.016, 0.062, 0.917, 0.013, 0.064, 0.913, 0.021, 0.967, 0.005, -0.006, 0.006, 0.023, 0.963, 0.025, 0.96, 0.005, 0.03, 0.957, 0.031, 0.953, 0.071, 0.91, 0.005, 0.077, 0.907, 0.076, 0.904, 0.03, 0.95, 0.011, 0.032, 0.947, -0.007, 0.041, 0.944, 0.012, -0.001, -0.001, -0.001, 0.037, 0.94, 0.012, 0.075, 0.901, 0.006, 0.084, 0.898, 0.08, 0.895, 0.038]
SPE
[0.857, 0.857, 0.857, 0.857, 0.857, 0.857, 0.857, 0.818, 0.818, 0.815, 0.815, 0.815, 0.857, 0.815, 0.857, 0.857, 0.815, 0.857, 0.815, 0.777, 0.777, 0.871, 0.815, 0.857, 0.779, 0.832, 0.779, 0.777, 0.777, 0.871, 0.742, 0.787, 0.815, 0.71, 0.839, 0.681, 0.763, 0.742, 0.743, 0.871, 0.742, 0.654, 0.733, 0.71, 0.882, 0.681, 0.742, 0.796, 0.654, 0.882, 0.707, 0.629, 0.711, 0.763, 0.899, 0.722, 0.733, 0.62, 0.852, 0.681, 0.599, 0.705, 0.787, 0.826, 0.657, 0.579, 0.69, 0.882, 0.561, 0.682, 0.763, 0.806, 0.634, 0.543, 0.722, 0.895, 0.705, 0.527, 0.694, 0.862, 0.733, 0.677, 0.679, 0.777, 0.655, 0.843, 0.633, 0.815, 0.667, 0.843, 0.655, 0.742, 0.625, 0.816, 0.605, 0.637, 0.512, 0.912, 0.643, 0.587, 0.618, 0.497, 0.815, 0.803, 0.57, 0.611, 0.484, 0.666, 0.838, 0.554, 0.594, 0.471, 0.891, 0.777, 0.578, 0.458, 0.903, 0.563, 0.447, 0.633, 0.539, 0.802, 0.743, 0.668, 0.705, 0.742, 0.783, 0.711, 0.612, 0.682, 0.646, 0.81, 0.655, 0.627, 0.656, 0.436, 0.88, 0.425, 0.605, 0.63, 0.857, 0.415, 0.599, 0.607, 0.837, 0.405, 0.61, 0.636, 0.396, 0.896, 0.594, 0.524, 0.571, 0.388, 0.821, 0.557, 0.379, 0.578, 0.585, 0.614, 0.679, 0.879, 0.563, 0.565, 0.548, 0.547, 0.608, 0.797, 0.529, 0.535, 0.513, 0.836, 0.371, 0.594, 0.627, 0.363, 0.817, 0.356, 0.544, 0.497, 0.864, 0.532, 0.483, 0.644, 0.782, 0.469, 0.71, 0.777, 0.902, 0.742, 0.52, 0.456, 0.822, 0.544, 0.349, 0.599, 0.621, 0.342, 0.811, 0.336, 0.519]
action_selection_prob
[0.5, 0.5, 0.5, 0.5, 0.5, 0.5, 0.454, 0.694, 0.382, 0.449, 0.583, 0.551, 0.353, 0.544, 0.211, 0.5, 0.611, 0.33, 0.648, 0.748, 0.526, 0.594, 0.35, 0.262, 0.382, 0.595, 0.651, 0.481, 0.295, 0.633, 0.294, 0.633, 0.183, 0.293, 0.634, 0.293, 0.634, 0.818, 0.507, 0.294, 0.493, 0.437, 0.73, 0.818, 0.532, 0.858, 0.558, 0.628, 0.884, 0.653, 0.79, 0.901, 0.332, 0.727, 0.915, 0.721, 0.727, 0.914, 0.769, 0.829, 0.925, 0.804, 0.212, 0.804, 0.857, 0.933, 0.831, 0.313, 0.939, 0.389, 0.513, 0.851, 0.877, 0.944, 0.536, 0.561, 0.407, 0.949, 0.613, 0.655, 0.414, 0.868, 0.586, 0.048, 0.654, 0.892, 0.654, 0.108, 0.614, 0.654, 0.587, 0.045, 0.654, 0.892, 0.654, 0.892, 0.957, 0.868, 0.629, 0.721, 0.895, 0.944, 0.125, 0.906, 0.768, 0.906, 0.949, 0.819, 0.613, 0.803, 0.916, 0.953, 0.315, 0.168, 0.923, 0.956, 0.578, 0.93, 0.959, 0.668, 0.83, 0.935, 0.17, 0.284, 0.327, 0.302, 0.94, 0.404, 0.638, 0.639, 0.551, 0.568, 0.76, 0.648, 0.69, 0.961, 0.733, 0.963, 0.792, 0.823, 0.831, 0.965, 0.858, 0.861, 0.878, 0.967, 0.718, 0.765, 0.968, 0.767, 0.893, 0.115, 0.944, 0.97, 0.788, 0.947, 0.971, 0.9, 0.78, 0.819, 0.187, 0.819, 0.91, 0.834, 0.919, 0.867, 0.842, 0.717, 0.89, 0.926, 0.906, 0.932, 0.972, 0.86, 0.781, 0.973, 0.937, 0.974, 0.941, 0.917, 0.875, 0.945, 0.927, 0.052, 0.824, 0.934, 0.113, 0.05, 0.112, 0.05, 0.888, 0.94, 0.848, 0.891, 0.975, 0.865, 0.853, 0.976, 0.835, 0.977, 0.861]
results_dict
Dict{String,Any}("Surprise" => [1.0000000000000002, 1.0000000000000002, 1.0000000000000002, 1.0000000000000002, 1.0000000000000002, 1.0000000000000002, 1.0000000000000002, 0.7839930278458511, 0.7839930278458511, 0.7720805435268255, 0.7720805435268255, 0.7720805435268255, 1.0000000000000002, 0.7720805435268255, 1.0000000000000002, 1.0000000000000002, 0.7720805435268255, 1.0000000000000002, 0.7720805435268255, 0.6399109402872597, 0.6399109402872597, 1.1034924076843207, 0.7720805435268255, 1.0000000000000002, 0.6456907014504477, 0.8480536956845505, 0.6456907014504477, 0.6399109402872597, 0.6399109402872597, 1.1034924076843207, 0.553627768708645, 0.6699183619299879, 0.7720805435268255, 0.49286941757923247, 0.8860402717634127, 0.4477689683484527, 0.6032246832965733, 0.553627768708645, 0.5569123964486976, 1.1034924076843207, 0.553627768708645, 0.4129645708391597, 0.5351302994476296, 0.49286941757923247, 1.2069848153686404, 0.4477689683484527, 0.553627768708645, 0.6999257835727164, 0.41296457083915994, 1.2069848153686404, 0.48765514685946315, 0.3852916907786683, 0.494937527876831, 0.6032246832965736, 1.4139696307372822, 0.5139998585134311, 0.5351302994476296, 0.37603791034840484, 0.9620134239211371, 0.44776756729751577, 0.356210839521995, 0.4845843704585557, 0.6699183619299879, 0.8199554701436298, 0.41618999787781186, 0.33949128299371456, 0.46076004588365677, 1.2069848153686404, 0.32520176617341967, 0.44916816521997605, 0.6032246832965736, 0.734529416331745, 0.39056129199847933, 0.3128484028780872, 0.5139998585134311, 1.3622234268951217, 0.4845843704585557, 0.3020626529655361, 0.466176669403504, 1.037986576078863, 0.5351302994476296, 0.442935300850356, 0.4455776502369843, 0.6399109402872597, 0.41456351502730326, 0.9084470122816392, 0.3893136994899281, 0.7720805435268255, 0.4292711105380719, 0.9099777350718145, 0.4145635150273033, 0.553627768708645, 0.3805047701060707, 0.7755094353587311, 0.3618814089939277, 0.39380799262312194, 0.29256392955285754, 1.6176741143475148, 0.3999276029029859, 0.34596478875269915, 0.3740052476154876, 0.2841348384142181, 0.7720805435268255, 0.7242730484256032, 0.3322047858956058, 0.3675466916180776, 0.27660433624092295, 0.4282744536325466, 0.8799703134290866, 0.3201908957456517, 0.35224115414898505, 0.26983600260198176, 1.3088078285577482, 0.6399109402872597, 0.3388914565959222, 0.2637197013927466, 1.4657158345794425, 0.32714462464513605, 0.25816554143964593, 0.3893136994899281, 0.3096105818527886, 0.7230959319798858, 0.5569123964486976, 0.4303701634892448, 0.4845843704585557, 0.553627768708645, 0.6568471664517808, 0.494937527876831, 0.36835780481403285, 0.44916816521997616, 0.4039829132356952, 0.7520154270603587, 0.4139629122690401, 0.3834986915343866, 0.41586527777297483, 0.2530994291617807, 1.1899328803943123, 0.24845974426340767, 0.3618814089939277, 0.3860337566196551, 1.0000000000000004, 0.24419482097002407, 0.35634630004233886, 0.3633318644855162, 0.8760077135301793, 0.2402610159165056, 0.3659917480151906, 0.3926517353981086, 0.23662120923241503, 1.3771018205826386, 0.3515611689131245, 0.3002216959779435, 0.33287595789010016, 0.23324362959174155, 0.7959023779641015, 0.3227093001485238, 0.23010092437819507, 0.3383191385257679, 0.3445129614862925, 0.37027970116553033, 0.4455776502369843, 1.1780187804437063, 0.32665723415271986, 0.32865797834156935, 0.3163085535416691, 0.3151170326098126, 0.3648851510649848, 0.7041738269212191, 0.3034174912930414, 0.3070631010307786, 0.2932073422205499, 0.8732173543948082, 0.2271694173125965, 0.35162466847713375, 0.3835043365721849, 0.22442851088294477, 0.779107587339381, 0.2218602016629464, 0.3132120816553292, 0.28421899081513957, 1.0478044976706484, 0.3050064471090411, 0.27624536762654145, 0.4007434448853941, 0.6548975380163576, 0.269123721208696, 0.49286941757923247, 0.6399109402872597, 1.4642259028843527, 0.553627768708645, 0.29755498171718686, 0.26272435718431636, 0.8038054126080633, 0.31357658807615235, 0.2194486843980742, 0.35599184583577953, 0.37644982626019524, 0.21718002645396361, 0.7554019045163165, 0.21504189845781124, 0.29703475685814656],"trialByTrial_Vs" => [0.0, 0.0, 0.0, 0.0, 0.0, 0.0, 8.114609808550841e-6, 0.0034520713954494485, 0.0010447092405759836, 0.00030658783465674306, 9.136765793950848e-5, 0.0003060385210663412, 0.0010287677552350326, 0.0010692150408878334, 0.006892225993979617, 0.0, 0.004477287770944073, 0.0003990333783482953, 0.0010389554335340145, 0.00791390324935025, 0.0007119742416389822, 0.0013360906808863042, 0.007178057449538352, 0.0020821440378867434, 0.0011734791473995791, 0.001349578527385955, 0.007159710587738109, 0.0014839414107900586, 0.01058706615106793, 0.0021713560094545237, 0.010565855673204286, 0.0021900401392175154, 0.011338655285766263, 0.010545177034865233, 0.0022160822878674337, 0.01052418051154256, 0.0022345612328287627, 0.011327569574670016, 0.001506934875602963, 0.002389977077633541, 0.0015086575370457306, 0.010807232214521413, 0.0032813892465450942, 0.014740537391210782, 0.00162461209799672, 0.01814172339917848, 0.0007203963284841983, 0.0024212709502685055, 0.02153116827021747, 0.001044607115858924, 0.004332370220586367, 0.02490891253557069, 0.0026890514875194302, 0.003490672603099364, 0.028274996586564342, 0.001374337714072302, 0.0035449318810194456, 0.02819119038528142, 0.0017033549263940223, 0.0054028603851273265, 0.03154594377879817, 0.0020377479000429325, 0.0046255851394943585, 0.0020432532463370446, 0.006484757127623569, 0.034889116324086374, 0.0023812016549216225, 0.004717091201304083, 0.03822074799906094, 0.0027159964279075497, 0.0058165432035338655, 0.0027162204721152008, 0.007570526183219828, 0.041540878643630146, 0.002752958107501356, 0.011093974878845577, 0.005907540697014034, 0.044849547960172084, 0.002873135119269228, 0.011406120376050754, 0.007017966439457939, 0.0030588269247201786, 0.0070075966594619205, 0.04814679551400938, 0.011389400125485304, 0.008667682592229515, 0.01138101022143692, 0.008672192646759079, 0.002895914938764559, 0.011366764075436422, 0.0071033150574296025, 0.04801536490687256, 0.011379590391175563, 0.008661149468576209, 0.011371209920894895, 0.008665653343056265, 0.04788548393778153, 0.0030999369051734242, 0.002927447958430689, 0.011690742367309097, 0.009773462547660615, 0.05117225122387211, 0.0031361102161874773, 0.01088492961236247, 0.01201391181394629, 0.010885411082607986, 0.054447672354630876, 0.0031909068041713496, 0.007201041297714303, 0.012340722298275137, 0.01200049255703493, 0.0577117864977961, 0.003052279744492648, 0.0032377749161491753, 0.013119151897990903, 0.06096463268589622, 0.003161694243564453, 0.014241351115175023, 0.0642062498167166, 0.003533311301232023, 0.01267114988073061, 0.015367052437940162, 0.012674858689141857, 0.003654296691452604, 0.007315431016169617, 0.0036043777102972917, 0.01637162355422475, 0.016083175567469153, 0.003692277543744692, 0.01947972669259415, 0.0039466812819013005, 0.007404098610894388, 0.02286455268073692, 0.004271996869941995, 0.008459333186962403, 0.06743667665376468, 0.0047526237144653065, 0.0706559518267335, 0.005925756536749439, 0.02623769400790745, 0.006993769744454464, 0.07386411383196362, 0.00816646586381015, 0.029599191010389648, 0.009234392776545402, 0.07706120103290352, 0.004628815178392977, 0.00961234500328548, 0.0802472516605683, 0.00499571223431255, 0.010406628798646308, 0.03294908388522368, 0.01738047116106344, 0.08342230381399687, 0.0050602543426095286, 0.018539060474240456, 0.08658639546070752, 0.010565689054460215, 0.03323804606891923, 0.005450272616600741, 0.010790525887976823, 0.005461394221014805, 0.011633613575146843, 0.036575377356293536, 0.012705445350767185, 0.039901187937793556, 0.005800402201489068, 0.010872369882452897, 0.04321551758371849, 0.013781144678835624, 0.04651840592707764, 0.014868187519121553, 0.08973956443715199, 0.006141010479515186, 0.011961938586303872, 0.09288184844916786, 0.01604982379103734, 0.09601328507242947, 0.017241656274970613, 0.04980989246406432, 0.006516601224669044, 0.018324242673050085, 0.05309001655452816, 0.019410555542222565, 0.01316075743056858, 0.056358817422445785, 0.00687838918002312, 0.019700849869303313, 0.019718300180340625, 0.019697104902756966, 0.019714466741488405, 0.05961633415638985, 0.006927195880781817, 0.020020984498500545, 0.09913391175289725, 0.007322649878338464, 0.014272332891071856, 0.10224376580726552, 0.020810830525105885, 0.10534288442340867, 0.022007456364485558, 0.0, 0.0, 0.0, 0.0, 0.0, 0.0, 0.0, 0.0, 0.0, 0.0, 0.0, 0.0, 0.0, 0.0, 0.0, 0.0, 0.0, 0.0, 0.0, 0.0, 0.0, 0.0, 0.0, 0.0, 0.0, 0.0, 0.0, 0.0, 0.0, 0.0, 0.0, 0.0, 0.0, 0.0, 0.0, 0.0, 0.0, 0.0, 0.0, 0.0, 0.0, 0.0, 0.0, 0.0, 0.0, 0.0, 0.0, 0.0, 0.0, 0.0, 0.0],"final_V" => Dict{Int64,Any}(1 => [0.0, 0.10843130466082593, 0.06286260570999647, 0.021206208966317402, 0.015484478316661407, 0.022139194458877142, 0.007705766996173277]),"nparticles" => 15,"trial_by_trial_p_sa_max" => [0.5, 0.5, 0.5, 0.5, 0.5, 0.5, 0.4544527226799779, 0.6941977739444878, 0.38207314721165614, 0.4494176562385465, 0.5825040461577868, 0.5505979876684507, 0.35270194208927136, 0.5440732206552583, 0.21086628137840088, 0.5, 0.6113664377355243, 0.32989688149432067, 0.6475450132832148, 0.7479526986329976, 0.5260534116186107, 0.5943677111790103, 0.35032151458450816, 0.26173257116910476, 0.38194191513577036, 0.5945622408313228, 0.6505499427408049, 0.48119745102483363, 0.29477878544497804, 0.633153515706255, 0.29414454234058834, 0.6333853721113987, 0.18272115138233205, 0.2934885014307013, 0.6338210403662904, 0.2928606483733539, 0.6340495240110291, 0.8180774757389592, 0.5073011961820224, 0.2940692136145115, 0.49268232470775813, 0.4367215325389162, 0.7299894098030394, 0.8180275484762095, 0.5324569714393607, 0.8578215037115289, 0.5581939961939751, 0.6284311000988874, 0.8835470719959583, 0.6534043034152783, 0.7896409982872228, 0.9014556202531692, 0.33177192567413677, 0.7268350076478903, 0.9146082072757524, 0.7207872715000448, 0.7272572707710981, 0.914470616727337, 0.7688103699376203, 0.8290489922114676, 0.9245567461155022, 0.8040067765136051, 0.2118972429798684, 0.8040278128712299, 0.8565800164409337, 0.9325086375152043, 0.8305807282221396, 0.3129113134972071, 0.9389353263591774, 0.3892918299138855, 0.513236137384241, 0.851149807817303, 0.8767295487831305, 0.9442351876773776, 0.53619314163741, 0.5610730521246287, 0.40651336229311863, 0.9486794629324014, 0.6127620876662287, 0.6545213904531269, 0.4140966294642092, 0.8675045712060842, 0.5862276467250791, 0.047540920470573386, 0.6543881400824707, 0.8920646965284474, 0.6542023233119942, 0.10793629294044971, 0.6137211723052999, 0.6538084584231898, 0.5865670849448313, 0.045086869305016916, 0.6543051626861569, 0.8918732739924796, 0.6541195000264628, 0.8918736314245106, 0.9567806968739655, 0.868059124985336, 0.6287400971741165, 0.7206534731352604, 0.8950481980021765, 0.9443914956725842, 0.12453253664368644, 0.9064662586162873, 0.7682919054279493, 0.90645888598342, 0.948769573103735, 0.8186553965140191, 0.6130820471295796, 0.8032996346681518, 0.9156792031883052, 0.9525001767940393, 0.3145560809090061, 0.1681352079148966, 0.9232713412529705, 0.9557165396866345, 0.5778011138817042, 0.9296265739459801, 0.9585177832730029, 0.6684378378044894, 0.8297792958490913, 0.9350212326917126, 0.17023468387841087, 0.2841587282380179, 0.32714931360744676, 0.30221096818303195, 0.9395812045029655, 0.4035338867498937, 0.638348007160003, 0.639342449761044, 0.5512338619646466, 0.5682326100259676, 0.7600588022234464, 0.6481093455476912, 0.6895168686168953, 0.9609791541274453, 0.7326667655280329, 0.9631587896815612, 0.7921469998459088, 0.8231571340916636, 0.8306948227805983, 0.9651023105072578, 0.858021011354325, 0.8606366505221344, 0.8777373179934124, 0.9668460111123552, 0.7175924755668016, 0.7646974545902218, 0.9684191234157381, 0.7670499535303009, 0.8929613148115223, 0.11480090013202059, 0.9435499720577311, 0.9698454523995377, 0.7877469502139419, 0.9471002269597958, 0.9711445778873021, 0.8997470863296317, 0.7804362885871792, 0.8186261454096231, 0.18727831606546017, 0.8186598532664602, 0.9101742409330608, 0.8343419315345324, 0.9186721856015205, 0.8674684806373405, 0.8417733043004768, 0.7171172129470564, 0.8896998387550802, 0.9257242282901854, 0.905591324354926, 0.9316719432917762, 0.9723327508877548, 0.8599521070445134, 0.7813429356332258, 0.9734235712953575, 0.9368056258742617, 0.9744285066786232, 0.9412323627262281, 0.9174925373519423, 0.8747529630991376, 0.9450304229887287, 0.9267278250607781, 0.05162890081914692, 0.8238105132226372, 0.9340971926867632, 0.11327793965117731, 0.04976698920455217, 0.11222238436442805, 0.04965900414805685, 0.8879914774192186, 0.9401111968297081, 0.8482347286553844, 0.8913729468060128, 0.9753572939546451, 0.865395559705393, 0.8527546806322165, 0.9762182536487547, 0.8345951298829763, 0.977018538138501, 0.8605964609873827],"final_Tsas" => Dict{Tuple{Int64,Int64},Float64}[Dict((1, 6) => 0.09423784016381477,(2, 3) => 0.07203445782750909,(2, 6) => 0.057128234338973495,(2, 2) => 0.11835869104410476,(2, 1) => 1.0,(2, 5) => 0.07409372618187478,(1, 7) => 0.11349298672778513,(1, 4) => 0.11835869104410476,(1, 3) => 0.5559884460916034,(2, 4) => 0.062341329040265674,(1, 1) => 1.0,(1, 2) => 0.6706172950889312,(2, 7) => 0.061000669610882644,(1, 5) => 0.09746578394449348), Dict((1, 6) => 0.09423784016381477,(2, 3) => 0.07203445782750909,(2, 6) => 0.20198052804208733,(2, 2) => 0.11835869104410476,(2, 1) => 0.0,(2, 5) => 0.3961555270902043,(1, 7) => 0.11349298672778513,(1, 4) => 0.11835869104410476,(1, 3) => 0.07400192565139936,(2, 4) => 0.46788159686327613,(1, 1) => 0.0,(1, 2) => 0.05177163435013367,(2, 7) => 0.061000669610882644,(1, 5) => 0.1327701742098874), Dict((1, 6) => 0.09423784016381477,(2, 3) => 0.07203445782750909,(2, 6) => 0.49168511544831495,(2, 2) => 0.28984785373537103,(2, 1) => 0.0,(2, 5) => 0.23337584200042139,(1, 7) => 0.11349298672778513,(1, 4) => 0.11835869104410476,(1, 3) => 0.07400192565139936,(2, 4) => 0.22041175793539533,(1, 1) => 0.0,(1, 2) => 0.05177163435013367,(2, 7) => 0.061000669610882644,(1, 5) => 0.09746578394449348), Dict((1, 6) => 0.12837299357114648,(2, 3) => 0.4895155485285082,(2, 6) => 0.07782141915370404,(2, 2) => 0.11835869104410476,(2, 1) => 0.0,(2, 5) => 0.07409372618187478,(1, 7) => 0.31904207963328934,(1, 4) => 0.11835869104410476,(1, 3) => 0.07400192565139936,(2, 4) => 0.062341329040265674,(1, 1) => 0.0,(1, 2) => 0.05177163435013367,(2, 7) => 0.19207855054768433,(1, 5) => 0.09746578394449348), Dict((1, 6) => 0.366302652202448,(2, 3) => 0.1503121623339464,(2, 6) => 0.057128234338973495,(2, 2) => 0.11835869104410476,(2, 1) => 0.0,(2, 5) => 0.07409372618187478,(1, 7) => 0.11349298672778513,(1, 4) => 0.11835869104410476,(1, 3) => 0.07400192565139936,(2, 4) => 0.062341329040265674,(1, 1) => 0.0,(1, 2) => 0.05177163435013367,(2, 7) => 0.4145346150404987,(1, 5) => 0.09746578394449348), Dict((1, 6) => 0.09423784016381477,(2, 3) => 0.07203445782750909,(2, 6) => 0.057128234338973495,(2, 2) => 0.11835869104410476,(2, 1) => 0.0,(2, 5) => 0.07409372618187478,(1, 7) => 0.11349298672778513,(1, 4) => 0.28984785373537103,(1, 3) => 0.07400192565139936,(2, 4) => 0.062341329040265674,(1, 1) => 0.0,(1, 2) => 0.05177163435013367,(2, 7) => 0.14938415596828664,(1, 5) => 0.1327701742098874), Dict((1, 6) => 0.12837299357114648,(2, 3) => 0.07203445782750909,(2, 6) => 0.057128234338973495,(2, 2) => 0.11835869104410476,(2, 1) => 0.0,(2, 5) => 0.07409372618187478,(1, 7) => 0.11349298672778513,(1, 4) => 0.11835869104410476,(1, 3) => 0.07400192565139936,(2, 4) => 0.062341329040265674,(1, 1) => 0.0,(1, 2) => 0.07052453316040022,(2, 7) => 0.061000669610882644,(1, 5) => 0.344596515802251)],"gamma_surprise" => [0.0020828867978788792, 0.0020828867978788792, 0.0020828867978788792, 0.0020828867978788792, 0.0020828867978788792, 0.0020828867978788792, 0.0020828867978788792, 0.0016337037601728383, 0.0016337037601728383, 0.0016089201743723495, 0.0016089201743723495, 0.0016089201743723495, 0.0020828867978788792, 0.0016089201743723495, 0.0020828867978788792, 0.0020828867978788792, 0.0016089201743723495, 0.0020828867978788792, 0.0016089201743723495, 0.0013338624792131465, 0.0013338624792131465, 0.002297954413647731, 0.0016089201743723495, 0.0020828867978788792, 0.0013458938886273491, 0.001766959066121554, 0.0013458938886273491, 0.0013338624792131465, 0.0013338624792131465, 0.002297954413647731, 0.001154217095448245, 0.0013963241162277525, 0.0016089201743723495, 0.0010276767333604908, 0.0018459597510753307, 0.0009337260768302382, 0.0012574879649184748, 0.001154217095448245, 0.0011610570191933883, 0.002297954413647731, 0.001154217095448245, 0.0008612114802808281, 0.0011156961320315168, 0.0010276767333604908, 0.0025129293481460212, 0.0009337260768302382, 0.001154217095448245, 0.001458777940396904, 0.0008612114802808286, 0.0025129293481460212, 0.001016815568482187, 0.0008035478128181487, 0.001031984477830184, 0.0012574879649184755, 0.002942601412868184, 0.001071688371627566, 0.0011156961320315168, 0.00078426366127277, 0.0020039236139863734, 0.0009337231579671803, 0.0007429430969758094, 0.001010419125574138, 0.0013963241162277525, 0.0017085151379290834, 0.0008679320661873599, 0.0007080960850727073, 0.0009607901527916794, 0.0025129293481460212, 0.0006783118519356553, 0.0009366410687290676, 0.0012574879649184755, 0.0015307880658043936, 0.0008145289152237753, 0.0006525617930249186, 0.001071688371627566, 0.002835218103522206, 0.001010419125574138, 0.0006300782722065151, 0.0009720740730888998, 0.002161837487351299, 0.0011156961320315168, 0.0009236558107937068, 0.0009291607990633875, 0.0013338624792131465, 0.0008645430943884746, 0.0018925531879556757, 0.0008119291309878291, 0.0016089201743723495, 0.0008951872949838072, 0.0018957360729876648, 0.0008645430943884749, 0.001154217095448245, 0.0007935723390744846, 0.0016160540127031968, 0.0007547611840095098, 0.0008212944592059411, 0.0006102767949044672, 0.0033651026991240464, 0.0008340463844858037, 0.0007215884975454, 0.0007800276520907441, 0.0005927044652824445, 0.0016089201743723495, 0.001509445657382917, 0.0006929087585142926, 0.0007665679735262184, 0.0005770049230973772, 0.0008931107569899674, 0.0018333368977153475, 0.0006678670662127498, 0.0007346696721013321, 0.0005628939240456876, 0.0027243462155687563, 0.0013338624792131465, 0.0007068458777087109, 0.0005501419757863763, 0.00304996159678155, 0.0006823615367938899, 0.000538561760513765, 0.0008119291309878291, 0.0006458124737022692, 0.0015069961451576394, 0.0011610570191933883, 0.0008974771654735061, 0.001010419125574138, 0.001154217095448245, 0.0013691168654615857, 0.001031984477830184, 0.000768258359347887, 0.0009366410687290678, 0.000842496582236565, 0.0015671724867024686, 0.000863291660804127, 0.0007998114013698605, 0.0008672554747987629, 0.0005279988723280605, 0.0024775153603314825, 0.0005183248930668947, 0.0007547611840095098, 0.0008050941875047959, 0.0020828867978788797, 0.0005094321456412476, 0.0007432254147762273, 0.00075778404701049, 0.0018250962541720198, 0.0005012296691376429, 0.0007633274053741087, 0.0008188850362530815, 0.000493640096162762, 0.0028660959965085223, 0.0007332524662539757, 0.0006262405895910836, 0.0006943077090345163, 0.00048659720496863177, 0.0016584795954416533, 0.0006731165196725009, 0.0004800439821551576, 0.0007056530025405083, 0.0007185625564437139, 0.0007722636299334851, 0.0009291607990633875, 0.0024527702954629735, 0.0006813456254787532, 0.0006855159412231507, 0.0006597744632979904, 0.0006572907544156176, 0.0007610211977834198, 0.0014676186736710705, 0.0006329025667831817, 0.0006405021218056585, 0.0006116181074284807, 0.0018192933270294726, 0.0004739310758785821, 0.0007333848104055614, 0.0007998231650460287, 0.00046821555071633247, 0.0016235398885795027, 0.0004628598777147582, 0.0006533198848835534, 0.000592879902876437, 0.0021822408662717794, 0.0006362148820949683, 0.0005762565353372332, 0.0008357463956056231, 0.001365058652836965, 0.0005614088969404109, 0.0010276767333604908, 0.0013338624792131465, 0.0030468706915390722, 0.001154217095448245, 0.0006206814704724235, 0.0005480667401638857, 0.0016749201399691516, 0.0006540797008189935, 0.00045783110937614905, 0.0007424866845735284, 0.0007851220775069106, 0.0004531002012453917, 0.0015742186714226085, 0.0004486414505789585, 0.0006195969856336311],"final_PolicyParameters" => Dict{Int64,Any}(1 => [0.0 0.0; 2.1966198124304426 0.505198019579266; 3.238435574607456 1.9662293886072955; 0.6420586944435068 1.6421175688362724; 1.6321913011608895 2.498206397587014; 1.800590188799752 2.6181600084326764; 1.241512972939683 2.1287275988987915]),"particlefilterseeds" => [1, 2, 3])
POPULATION_SIGNALS
subject_id: 20
algorithm_name: Actor-Critic (TD-Lambda, ReplTrc) modulated Actor
param_string: alpha(actor)=0.7972,
                surpriseprobability=0.0043,
                stochasticity=2.7816,
                eta(critic)=0.0,
                gamma=0.9966,
                lambda_actor=0.7939,
                lambda_critic=0.305,
                temp=0.392,
                nparticles=15,
                init_policy=nothing,
                init_Vs=nothing,
                use_replacing_trace=true
param_vector: [0.7972414808175023, 0.004336552046615557, 2.7816353998652787, 3.24411867293681e-5, 0.9966448663088217, 0.7939275473003868, 0.3049775441960644, 0.39196929107560724, 15.0]
LL: -104.986
RPE
[0.0, 0.0, 0.0, 0.0, 0.0, 1.0, 0.0, 1.0, -0.0, -0.0, 0.0, 0.0, 1.0, 0.0, -0.0, 0.0, 1.0, 0.0, 0.0, 1.0, 0.0, 0.0, -0.0, -0.0, 0.0, 0.0, 1.0, 0.0, -0.0, 0.0, -0.0, 0.0, -0.0, -0.0, 0.0, -0.0, 0.0, 1.0, 0.0, -0.0, 0.0, -0.0, 0.0, 1.0, 0.0, 1.0, 0.0, 0.0, 1.0, 0.0, 0.0, 1.0, 0.0, 0.0, -0.0, 0.0, 0.0, 1.0, 0.0, 0.0, 1.0, 0.0, -0.0, 0.0, 0.0, 1.0, 0.0, 0.0, 1.0, 0.0, -0.0, 0.0, 0.0, 1.0, 0.0, -0.0, 0.0, 1.0, 0.0, -0.0, -0.0, 0.0, 0.0, -0.0, -0.0, 0.0, -0.0, -0.0, 0.0, -0.0, 0.0, -0.0, -0.0, 0.0, -0.0, 0.0, 1.0, -0.0, 0.0, -0.0, 0.0, 1.0, 0.0, 0.0, -0.0, 0.0, 0.999, 0.0, 0.0, -0.0, 0.0, 0.999, 0.0, 0.0, 0.0, 0.999, 0.0, 0.0, 0.999, 0.0, 0.0, -0.0, 1.0, 0.0, -0.0, 0.0, 0.0, 1.0, 0.0, 1.0, 0.0, 0.0, 1.0, 0.0, 0.001, 0.999, 0.001, 0.999, 0.0, 1.0, 0.001, 0.999, 0.0, 1.0, 0.001, 0.999, 0.0, 0.001, 0.999, 0.0, 0.0, -0.0, 0.001, 0.999, 0.0, 0.001, 0.999, 0.0, 1.0, 0.0, -0.0, 0.0, 0.0, 1.0, 0.0, 1.0, 0.0, 0.0, 1.0, 0.0, 1.0, 0.001, 0.999, 0.0, 0.001, 0.999, 0.001, 0.999, 0.0, 1.0, 0.0, 0.0, 0.999, -0.0, 0.0, 0.999, 0.0, -0.0, 0.0, -0.0, 0.0, 0.999, 0.0, 0.001, 0.999, 0.0, 0.001, 0.999, 0.001, 0.999, 0.0]
SPE
[0.857, 0.857, 0.857, 0.857, 0.857, 0.857, 0.857, 0.818, 0.818, 0.815, 0.815, 0.815, 0.857, 0.815, 0.857, 0.857, 0.815, 0.857, 0.815, 0.777, 0.777, 0.87, 0.815, 0.857, 0.779, 0.832, 0.779, 0.777, 0.777, 0.87, 0.743, 0.787, 0.815, 0.711, 0.839, 0.682, 0.764, 0.743, 0.744, 0.87, 0.743, 0.655, 0.734, 0.711, 0.881, 0.682, 0.743, 0.796, 0.655, 0.881, 0.708, 0.63, 0.712, 0.764, 0.899, 0.723, 0.734, 0.621, 0.852, 0.682, 0.6, 0.706, 0.787, 0.826, 0.658, 0.581, 0.691, 0.881, 0.562, 0.683, 0.764, 0.806, 0.635, 0.545, 0.723, 0.895, 0.706, 0.529, 0.694, 0.862, 0.734, 0.678, 0.68, 0.777, 0.656, 0.843, 0.634, 0.815, 0.668, 0.843, 0.656, 0.745, 0.626, 0.816, 0.606, 0.638, 0.513, 0.911, 0.644, 0.588, 0.619, 0.499, 0.815, 0.803, 0.571, 0.612, 0.485, 0.667, 0.838, 0.555, 0.595, 0.472, 0.891, 0.777, 0.58, 0.46, 0.902, 0.564, 0.448, 0.634, 0.54, 0.803, 0.744, 0.669, 0.706, 0.743, 0.783, 0.712, 0.613, 0.683, 0.647, 0.81, 0.656, 0.628, 0.657, 0.437, 0.88, 0.427, 0.606, 0.631, 0.857, 0.417, 0.6, 0.608, 0.837, 0.407, 0.611, 0.637, 0.398, 0.896, 0.595, 0.525, 0.572, 0.389, 0.821, 0.558, 0.381, 0.579, 0.587, 0.615, 0.68, 0.879, 0.564, 0.567, 0.55, 0.548, 0.609, 0.797, 0.531, 0.536, 0.514, 0.836, 0.373, 0.595, 0.628, 0.365, 0.817, 0.358, 0.545, 0.499, 0.864, 0.533, 0.484, 0.645, 0.782, 0.471, 0.711, 0.777, 0.902, 0.743, 0.521, 0.458, 0.822, 0.545, 0.35, 0.6, 0.621, 0.344, 0.811, 0.337, 0.52]
action_selection_prob
[0.5, 0.5, 0.5, 0.5, 0.5, 0.5, 0.422, 0.734, 0.351, 0.441, 0.623, 0.559, 0.31, 0.524, 0.175, 0.5, 0.645, 0.273, 0.69, 0.789, 0.514, 0.595, 0.376, 0.214, 0.36, 0.595, 0.624, 0.441, 0.316, 0.625, 0.316, 0.625, 0.149, 0.316, 0.625, 0.316, 0.625, 0.851, 0.532, 0.262, 0.468, 0.524, 0.753, 0.819, 0.528, 0.867, 0.574, 0.61, 0.895, 0.698, 0.819, 0.914, 0.295, 0.745, 0.927, 0.773, 0.745, 0.927, 0.819, 0.858, 0.936, 0.851, 0.185, 0.851, 0.884, 0.943, 0.873, 0.34, 0.949, 0.395, 0.598, 0.89, 0.902, 0.954, 0.486, 0.668, 0.31, 0.958, 0.613, 0.754, 0.424, 0.903, 0.576, 0.039, 0.754, 0.915, 0.754, 0.085, 0.613, 0.754, 0.576, 0.039, 0.754, 0.915, 0.754, 0.915, 0.961, 0.904, 0.642, 0.808, 0.908, 0.936, 0.09, 0.919, 0.843, 0.919, 0.943, 0.831, 0.62, 0.868, 0.928, 0.949, 0.28, 0.151, 0.936, 0.954, 0.554, 0.942, 0.958, 0.687, 0.886, 0.947, 0.114, 0.25, 0.295, 0.344, 0.951, 0.402, 0.623, 0.694, 0.453, 0.541, 0.808, 0.624, 0.711, 0.961, 0.752, 0.964, 0.819, 0.862, 0.858, 0.967, 0.884, 0.892, 0.902, 0.969, 0.728, 0.797, 0.971, 0.791, 0.915, 0.089, 0.954, 0.972, 0.817, 0.957, 0.974, 0.921, 0.763, 0.849, 0.155, 0.849, 0.93, 0.839, 0.937, 0.878, 0.872, 0.699, 0.902, 0.943, 0.919, 0.947, 0.975, 0.889, 0.79, 0.976, 0.951, 0.977, 0.955, 0.93, 0.902, 0.958, 0.939, 0.039, 0.841, 0.946, 0.087, 0.04, 0.122, 0.04, 0.878, 0.951, 0.855, 0.877, 0.978, 0.876, 0.872, 0.979, 0.783, 0.98, 0.837]
results_dict
Dict{String,Any}("Surprise" => [1.0000000000000002, 1.0000000000000002, 1.0000000000000002, 1.0000000000000002, 1.0000000000000002, 1.0000000000000002, 1.0000000000000002, 0.785205637862483, 0.785205637862483, 0.773340693506996, 0.773340693506996, 0.773340693506996, 1.0000000000000002, 0.773340693506996, 1.0000000000000002, 1.0000000000000002, 0.773340693506996, 1.0000000000000002, 0.773340693506996, 0.6414854812363958, 0.6414854812363958, 1.1027144987183164, 0.773340693506996, 1.0000000000000002, 0.647267870951337, 0.8488937956713309, 0.647267870951337, 0.6414854812363958, 0.6414854812363958, 1.1027144987183164, 0.5552420044528426, 0.6713616911333633, 0.773340693506996, 0.4944329462714055, 0.8866703467534981, 0.44925275144753235, 0.6046595595136378, 0.5552420044528426, 0.558536880436043, 1.1027144987183164, 0.5552420044528426, 0.4143622561537865, 0.5365635340821214, 0.4944329462714055, 1.2054289974366323, 0.44925275144753235, 0.5552420044528426, 0.7012379010303297, 0.4143622561537865, 1.2054289974366323, 0.489043466656146, 0.38660563855379065, 0.4965111315389814, 0.6046595595136378, 1.4108579948732656, 0.5154982401767637, 0.5365635340821214, 0.3772479345415808, 0.9622234489178327, 0.4490920670094801, 0.35735334574051164, 0.4859692346843635, 0.6713616911333633, 0.8207427406181976, 0.4174458151033013, 0.34057175276175783, 0.4620441303186464, 1.2054289974366323, 0.3262255156013591, 0.45066047374308094, 0.6046595595136378, 0.7354986733417714, 0.3917496429536277, 0.31382036774161076, 0.5154982401767638, 1.3595007455141077, 0.48596923468436337, 0.3029873190395781, 0.46761099306594767, 1.0377765510821682, 0.5365635340821214, 0.44412563750965606, 0.446897686367465, 0.6414854812363958, 0.415814893860753, 0.9088465745438632, 0.3904979784875043, 0.773340693506996, 0.43062997126062574, 0.910371370309099, 0.4158148938607529, 0.5602635864972367, 0.38160416288237914, 0.7763208897124049, 0.3629252526681389, 0.39488886839707243, 0.29344533029015496, 1.6130304492347625, 0.4012102662072718, 0.34695703819824014, 0.37503355385460335, 0.2849765823911762, 0.773340693506996, 0.7251228962166829, 0.3331493714671995, 0.36850976634000365, 0.27740964604573676, 0.4293831563595949, 0.8804951604121317, 0.3210915445190696, 0.3531604616656915, 0.27060775628946765, 1.3064797214157862, 0.6414854812363958, 0.33976997655495766, 0.2644604723546743, 1.4622152442324239, 0.3279852426180042, 0.25887763492005783, 0.39049797848750456, 0.310470744018103, 0.7238398048388305, 0.558536880436043, 0.4317358604502976, 0.48596923468436337, 0.5552420044528426, 0.6576641528072196, 0.4965111315389814, 0.3694787543114455, 0.45066047374308094, 0.40504074580007227, 0.7529122246960235, 0.4153675672799668, 0.3845073842523531, 0.4169980663793521, 0.2537849148397604, 1.1888827554108359, 0.24912048490811461, 0.362925252668139, 0.38735337927335683, 1.0000000000000002, 0.24483249743931543, 0.357322799496681, 0.36457228242694195, 0.8764561123480118, 0.24087714887431702, 0.366953913954759, 0.3937295714533129, 0.23721717798181235, 1.3750183202204902, 0.35247837519278785, 0.30104452435991386, 0.3336623419379281, 0.23382068840276027, 0.7965334617347428, 0.3234650087548624, 0.23066021665465233, 0.3391957699985611, 0.3456808683649907, 0.3711704799879056, 0.446897686367465, 1.1772407476547253, 0.3274961577460509, 0.3297599727089887, 0.3171124663286514, 0.3161592426736718, 0.3657267965340941, 0.7050858853249864, 0.30440545579888534, 0.3078345030543371, 0.29414600318273887, 0.8736082365678517, 0.2277119879016435, 0.3524327470954675, 0.3845129000338865, 0.22495531679102176, 0.7797011005790131, 0.22237212140472556, 0.3139379885891032, 0.2851127327950121, 1.047632566810275, 0.30570567951235605, 0.2770980735339523, 0.402031742128526, 0.6558320658184962, 0.26993883092004195, 0.4944329462714055, 0.6414854812363958, 1.4607303380287875, 0.5552420044528426, 0.2982292649243028, 0.2635049229874965, 0.8043334705371633, 0.3143036407381279, 0.2199465261719779, 0.3567491808166792, 0.3773957152714814, 0.21766453530912167, 0.7559842733974106, 0.2155137625926592, 0.2976799198491862],"trialByTrial_Vs" => [0.0, 0.0, 0.0, 0.0, 0.0, 0.0, 8.416629655065494e-8, 3.24411867293681e-5, 9.945530900391646e-6, 2.9971834568972844e-6, 9.110068108896351e-7, 2.9971361509022706e-6, 9.860638325553667e-6, 1.0222198715696992e-5, 6.488132102813979e-5, 0.0, 4.230150516411258e-5, 3.908295415558193e-6, 9.861588912451614e-6, 7.474131958245273e-5, 6.906084200369896e-6, 1.2857898831146984e-5, 6.787668859296508e-5, 1.972358688115957e-5, 1.1134419723193427e-5, 1.2859176521805326e-5, 6.78750941918207e-5, 1.4131994545450681e-5, 0.00010031407897258385, 2.0634432794538535e-5, 0.00010031227417233938, 2.063622036278667e-5, 0.00010718008161471587, 0.00010031051539967604, 2.0638706227784455e-5, 0.00010030871078377816, 2.0640493619319328e-5, 0.00010717925054223652, 1.4134398299885514e-5, 2.272092294781634e-5, 1.4134589250367218e-5, 0.00010330383603336229, 3.050287084237457e-5, 0.00013961696024952428, 1.504795713920945e-5, 0.00017205361763901434, 6.932249827316648e-6, 2.299826496197359e-5, 0.00020448922274484517, 9.931121941282025e-6, 4.036565704958754e-5, 0.00023692377560115404, 2.4911973629123633e-5, 3.2862752417780416e-5, 0.00026935727624207724, 1.2930508583202184e-5, 3.286792572872357e-5, 0.0002693498576227473, 1.592985090797568e-5, 5.0230309946252093e-5, 0.0003017823063230887, 1.892970762740252e-5, 4.273355050717443e-5, 1.89302398611936e-5, 6.009610030356682e-5, 0.00033421370287630575, 2.193044246403568e-5, 4.364470073997847e-5, 0.00036664404731653134, 2.499800929385145e-5, 5.3512162296108266e-5, 2.4930399557053124e-5, 6.996229939167425e-5, 0.00039907333967789725, 2.5275872646777787e-5, 0.00010629930727835775, 5.442329973039287e-5, 0.00043150157999453416, 2.6189715785613703e-5, 0.00010929721255977982, 6.429186907524921e-5, 2.7931072233287827e-5, 6.429104284973292e-5, 0.00046392876830057166, 0.00010929575875410789, 7.982963591512707e-5, 0.00010929508107848222, 7.983028672380284e-5, 2.61919574612645e-5, 0.00010929383472306096, 6.430038295375136e-5, 0.0004639170126482319, 0.00010929522924783052, 7.982948593625977e-5, 0.00010929455158088966, 7.983013673642839e-5, 0.0004639053692902641, 2.7935084523309764e-5, 2.6197424226454716e-5, 0.0001122931519662942, 8.969861001827435e-5, 0.0004963315063789223, 2.8212937854667106e-5, 9.95674918291113e-5, 0.0001152920983090649, 9.956783106125908e-5, 0.0005287565915252123, 2.8492492358363797e-5, 6.433532828787959e-5, 0.00011829139062115459, 0.00010943712134976517, 0.0005611806247632603, 2.7111747699178767e-5, 2.8771307502929332e-5, 0.00011930682009005583, 0.0005936036061271916, 2.8024568815689555e-5, 0.00012917692724524296, 0.0006260255356511301, 3.102802193470682e-5, 0.00012129102887547147, 0.00013904744277844048, 0.00012129141068323216, 3.194194933760657e-5, 6.524881876833366e-5, 3.177429314492139e-5, 0.00014890629587039405, 0.00015372866257529764, 3.2219906983411e-5, 0.00018616486216441747, 3.4774842008044454e-5, 6.615975909713547e-5, 0.00021860000948472965, 3.7773877169503386e-5, 7.602316343627275e-5, 0.0006584464133691988, 4.208368349860221e-5, 0.0006908662393155195, 5.195848152107545e-5, 0.00025103410457037105, 6.182307541589092e-5, 0.0007232850135242129, 7.169796157415938e-5, 0.00028346714745547733, 8.156264392255233e-5, 0.0007557027360293988, 4.0776041000373646e-5, 8.589613189301115e-5, 0.0007881194068651955, 4.377921501457847e-5, 9.143761818725368e-5, 0.00031589913817418316, 0.00015876555804398226, 0.0008205350260657205, 4.405975908490202e-5, 0.00016863948464655444, 0.00085294959366509, 9.235554540261743e-5, 0.00031889524577949466, 4.706512876975174e-5, 9.577169403204803e-5, 4.706621662481695e-5, 0.00010222035372421076, 0.0003513260871686473, 0.00011208557079597973, 0.00038375587646281866, 5.006656995086756e-5, 9.668207916750054e-5, 0.00041618461369613997, 0.00012195119658102163, 0.00044861229890274124, 0.00013181795974777534, 0.0008853631096974193, 5.3067144495235545e-5, 0.00010654893338907112, 0.0009177755741968225, 0.0001416942173599146, 0.0009501869871974124, 0.00015157161127751632, 0.00048103893211675155, 5.6071269474835816e-5, 0.00016143814220456547, 0.0005134645133722988, 0.00017130508170770274, 0.00011642673912171735, 0.0005458890427035097, 5.907376885651485e-5, 0.00017851381933779462, 0.00017430305275640843, 0.0001785136993770069, 0.00017430312263828026, 0.0005783125201445099, 5.9161812328901605e-5, 0.00018151295861646542, 0.000982597348733301, 6.216786691639761e-5, 0.0001262958674826087, 0.001015006658838599, 0.00018417110203139072, 0.0010474149175474163, 0.00019404930282570533, 0.0, 0.0, 0.0, 0.0, 0.0, 0.0, 0.0, 0.0, 0.0, 0.0, 0.0, 0.0, 0.0, 0.0, 0.0, 0.0, 0.0, 0.0, 0.0, 0.0, 0.0, 0.0, 0.0, 0.0, 0.0, 0.0, 0.0, 0.0, 0.0, 0.0, 0.0, 0.0, 0.0, 0.0, 0.0, 0.0, 0.0, 0.0, 0.0, 0.0, 0.0, 0.0, 0.0, 0.0, 0.0, 0.0, 0.0, 0.0, 0.0, 0.0, 0.0],"final_V" => Dict{Int64,Any}(1 => [0.0, 0.0010798221248938611, 0.0006107349457294241, 0.00019138978908289398, 0.00013617521754942118, 0.00019406275412730308, 6.517280452940946e-5]),"nparticles" => 15,"trial_by_trial_p_sa_max" => [0.5, 0.5, 0.5, 0.5, 0.5, 0.5, 0.42212308246822544, 0.7335160141443056, 0.35142547510436173, 0.4410172819203502, 0.6228400779802354, 0.5589828428091258, 0.3097723840976247, 0.5244637058682723, 0.17470222936135182, 0.5, 0.6448699799268189, 0.27292770679406675, 0.6903980066506744, 0.788582174976672, 0.514125785574567, 0.5945754540352346, 0.37628447390811487, 0.21435902508889929, 0.3599714793178093, 0.5945778305898092, 0.6237234935806917, 0.4409644713845266, 0.31590868785215115, 0.6246822917974009, 0.3159035618975488, 0.6246851579500501, 0.1486586947575455, 0.3158987349642226, 0.6246906043334457, 0.3158936119130294, 0.6246934781635881, 0.8513470892103215, 0.5319731050182945, 0.26239610305034633, 0.46802649425539716, 0.5240400800104518, 0.7525123940547755, 0.819219615383831, 0.5280180333735364, 0.8673701147773529, 0.5740489749221134, 0.6098578821568711, 0.8953947272897506, 0.6984341670301558, 0.8189850691981982, 0.9136772504305457, 0.29519041250535144, 0.7452562023030632, 0.9265322484911038, 0.7726341098770615, 0.745260693750724, 0.9265313117980178, 0.8194037944539735, 0.8581861782991137, 0.9360587553376003, 0.8509332059709142, 0.18500647846781265, 0.8509333898229177, 0.8837233150373872, 0.9434012363417096, 0.8734142335229644, 0.34011155118444036, 0.9492323211110811, 0.395004462604864, 0.5981414280088018, 0.8901682382590275, 0.901589698536347, 0.9539747630896065, 0.4861483792152357, 0.6683997181800033, 0.3095761421672088, 0.9579072088389473, 0.6134228086986517, 0.7544790890595936, 0.42369743311866853, 0.9030983018531547, 0.5763048065809389, 0.038779260213097265, 0.7544797225571226, 0.9147579123476266, 0.7544790985062868, 0.08524201333780555, 0.6134368415711031, 0.7544772163322366, 0.5763078118691218, 0.03875716722847661, 0.7544816244591366, 0.9147535571973991, 0.7544810012361154, 0.914753435477219, 0.9612591753594636, 0.903613229637148, 0.6416496661245649, 0.8076622272062733, 0.9075599812301264, 0.9361202106744014, 0.08990541745208629, 0.9192925078249463, 0.8428385239071962, 0.9192925395074474, 0.9434502361536347, 0.8306098722269339, 0.6204127790391456, 0.867540080356802, 0.928408224509061, 0.9492721966212111, 0.2802515723701246, 0.15124489993952253, 0.9356894012187049, 0.9540077556758322, 0.5544620629113473, 0.9416362889378638, 0.957934883174991, 0.6868691326780394, 0.8857301952043032, 0.9465831454976966, 0.11426973563872295, 0.24968584024214083, 0.2945549788093106, 0.3440827955970447, 0.950755708965154, 0.40224170517925695, 0.6232429279634588, 0.6935638703554493, 0.4530550913503249, 0.5409346781988951, 0.8082606843621613, 0.6240827453632211, 0.7112671059837075, 0.9612442217999468, 0.7518460293023086, 0.9640708660763165, 0.8186840111649976, 0.861514200052981, 0.8579974524207524, 0.9665132118903488, 0.8836088107728125, 0.8917777325563261, 0.9015049736434122, 0.9686446212391067, 0.7281284291469511, 0.7966898668810727, 0.9705209051859757, 0.7910142000770308, 0.9146989323900958, 0.08877251568161858, 0.9543278216488474, 0.9721852748844736, 0.8172092055873185, 0.9574230385807789, 0.9736717065312626, 0.9211649211599665, 0.7631174969831872, 0.8494289190896577, 0.15543235671073644, 0.8494292997476924, 0.929886414611971, 0.8389928526494288, 0.9368850778991754, 0.8784279554458322, 0.8723165037232774, 0.699075052187415, 0.9024230043778312, 0.9426228203206296, 0.9185301337980453, 0.9474108897422997, 0.975007282847437, 0.8893361292204602, 0.7902670521865365, 0.9762138566688852, 0.951467188474639, 0.977309255032889, 0.954945719079761, 0.9300813433820357, 0.902452661117402, 0.9579600343320163, 0.9387672094496686, 0.03940192566151669, 0.840742727809007, 0.9455350746221569, 0.08715726179793075, 0.03987283586833188, 0.12215311857845007, 0.03987269068160629, 0.8778469190186127, 0.9509565402646374, 0.8548914858992303, 0.8765731788787111, 0.9783081652943325, 0.8763306400937461, 0.8721107862360117, 0.979222797090636, 0.7833193702910817, 0.9800633836220781, 0.836649595066922],"final_Tsas" => Dict{Tuple{Int64,Int64},Float64}[Dict((1, 6) => 0.0944799051112893,(2, 3) => 0.07230389182113042,(2, 6) => 0.05738709129128584,(2, 2) => 0.11881863647336686,(2, 1) => 1.0,(2, 5) => 0.0743627811082171,(1, 7) => 0.11366860770585357,(1, 4) => 0.11851145373218272,(1, 3) => 0.5543729909286368,(2, 4) => 0.06260655395708162,(1, 1) => 1.0,(1, 2) => 0.669172743074601,(2, 7) => 0.06126451179547977,(1, 5) => 0.09769912016758821), Dict((1, 6) => 0.0944799051112893,(2, 3) => 0.07230389182113042,(2, 6) => 0.20180200600600956,(2, 2) => 0.11881863647336686,(2, 1) => 0.0,(2, 5) => 0.3951644840710943,(1, 7) => 0.11366860770585357,(1, 4) => 0.11851145373218272,(1, 3) => 0.07427116817856058,(2, 4) => 0.4668109565060298,(1, 1) => 0.0,(1, 2) => 0.052020947895754156,(2, 7) => 0.06126451179547977,(1, 5) => 0.13282202670390855), Dict((1, 6) => 0.0944799051112893,(2, 3) => 0.07230389182113042,(2, 6) => 0.4906318354354571,(2, 2) => 0.28708818115979884,(2, 1) => 0.0,(2, 5) => 0.23302161038782013,(1, 7) => 0.11366860770585357,(1, 4) => 0.11851145373218272,(1, 3) => 0.07427116817856058,(2, 4) => 0.2201562737085619,(1, 1) => 0.0,(1, 2) => 0.052020947895754156,(2, 7) => 0.06126451179547977,(1, 5) => 0.09769912016758821), Dict((1, 6) => 0.12844550143489997,(2, 3) => 0.4881967400334144,(2, 6) => 0.07801779339338924,(2, 2) => 0.11881863647336686,(2, 1) => 0.0,(2, 5) => 0.0743627811082171,(1, 7) => 0.31798835376487855,(1, 4) => 0.11851145373218272,(1, 3) => 0.07427116817856058,(2, 4) => 0.06260655395708162,(1, 1) => 0.0,(1, 2) => 0.052020947895754156,(2, 7) => 0.19192017594646488,(1, 5) => 0.09769912016758821), Dict((1, 6) => 0.36518937668504303,(2, 3) => 0.15028380086093365,(2, 6) => 0.05738709129128584,(2, 2) => 0.11881863647336686,(2, 1) => 0.0,(2, 5) => 0.0743627811082171,(1, 7) => 0.11366860770585357,(1, 4) => 0.11851145373218272,(1, 3) => 0.07427116817856058,(2, 4) => 0.06260655395708162,(1, 1) => 0.0,(1, 2) => 0.052020947895754156,(2, 7) => 0.4136587144200049,(1, 5) => 0.09769912016758821), Dict((1, 6) => 0.0944799051112893,(2, 3) => 0.07230389182113042,(2, 6) => 0.05738709129128584,(2, 2) => 0.11881863647336686,(2, 1) => 0.0,(2, 5) => 0.0743627811082171,(1, 7) => 0.11366860770585357,(1, 4) => 0.28893127760690396,(1, 3) => 0.07427116817856058,(2, 4) => 0.06260655395708162,(1, 1) => 0.0,(1, 2) => 0.052020947895754156,(2, 7) => 0.14936306245161107,(1, 5) => 0.13282202670390855), Dict((1, 6) => 0.12844550143489997,(2, 3) => 0.07230389182113042,(2, 6) => 0.05738709129128584,(2, 2) => 0.11881863647336686,(2, 1) => 0.0,(2, 5) => 0.0743627811082171,(1, 7) => 0.11366860770585357,(1, 4) => 0.11851145373218272,(1, 3) => 0.07427116817856058,(2, 4) => 0.06260655395708162,(1, 1) => 0.0,(1, 2) => 0.0707225174466283,(2, 7) => 0.06126451179547977,(1, 5) => 0.34355946592183045)],"gamma_surprise" => [0.004336552046615559, 0.004336552046615559, 0.004336552046615559, 0.004336552046615559, 0.004336552046615559, 0.004336552046615559, 0.004336552046615559, 0.00340825979717903, 0.00340825979717903, 0.0033569317621218275, 0.0033569317621218275, 0.0033569317621218275, 0.004336552046615559, 0.0033569317621218275, 0.004336552046615559, 0.004336552046615559, 0.0033569317621218275, 0.004336552046615559, 0.0033569317621218275, 0.0027861668771766786, 0.0027861668771766786, 0.004779849743219105, 0.0033569317621218275, 0.004336552046615559, 0.002811210954682266, 0.0036836859724257414, 0.002811210954682266, 0.0027861668771766786, 0.0027861668771766786, 0.004779849743219105, 0.0024124888571078833, 0.0029155500326231917, 0.0033569317621218275, 0.002148845371999724, 0.003846982744795101, 0.0019528720692374697, 0.0026266408011178756, 0.0024124888571078833, 0.0024267701281497486, 0.004779849743219105, 0.0024124888571078833, 0.0018014786125220737, 0.002331521388529082, 0.002148845371999724, 0.005222752877997482, 0.0019528720692374697, 0.0024124888571078833, 0.0030448996188818015, 0.0018014786125220737, 0.005222752877997482, 0.0021254720450650817, 0.0016810069795292926, 0.002157857842719617, 0.0026266408011178756, 0.006107377567308616, 0.002240191741627144, 0.002331521388529082, 0.0016403853218769466, 0.004173415755591343, 0.0019521749481513121, 0.0015540122138859667, 0.002112139093223771, 0.0029155500326231917, 0.003561962533193191, 0.0018148603429501346, 0.0014811426735735554, 0.0020083636776182883, 0.005222752877997482, 0.001418839575272249, 0.0019589793576406823, 0.0026266408011178756, 0.003193190943075393, 0.0017033356201701117, 0.0013649600062770205, 0.0022401917416271446, 0.005886368928296463, 0.0021121390932237706, 0.0013179038164225093, 0.0020325119356422285, 0.004499634896426679, 0.002331521388529082, 0.001930627871571736, 0.0019426546442822662, 0.0027861668771766786, 0.0018077826736261778, 0.00394281903603937, 0.001697902597392258, 0.0033569317621218275, 0.001872071620415537, 0.003949407881859327, 0.0018077826736261772, 0.002434254178952904, 0.001659296057294306, 0.003369824659902333, 0.0015782043647339665, 0.0017169616023620263, 0.0012764520107678527, 0.0069764440487837765, 0.001744398851618148, 0.0015088703065822815, 0.0016307722436715044, 0.0012396596392055155, 0.0033569317621218275, 0.0031482859959420665, 0.001448909592452862, 0.001602450075351376, 0.0012067828836341157, 0.0018666614773157782, 0.0038202929145346224, 0.001396541783717909, 0.0015358067426281664, 0.001177228248148726, 0.005658097329151643, 0.0027861668771766786, 0.001477660910461456, 0.0011505164110984453, 0.0063282879600834036, 0.0014264821679429622, 0.0011262560294811672, 0.0016979025973922594, 0.0013504105102186122, 0.0031427326705024293, 0.0024267701281497486, 0.0018768702136713333, 0.0021121390932237706, 0.0024124888571078833, 0.002856235072236839, 0.002157857842719617, 0.0016066569112215374, 0.0019589793576406823, 0.0017610238430683526, 0.0032685453246521293, 0.0018058414037829952, 0.0016718987754933052, 0.0018129172686774033, 0.0011041244391461267, 0.005151432408394563, 0.0010838532219976489, 0.0015782043647339671, 0.0016842527685437397, 0.004336552046615559, 0.0010652172660417178, 0.0015538795847246918, 0.0015853552274603998, 0.0038028349336955746, 0.001048026370334199, 0.0015956953088554703, 0.00171192965298228, 0.0010321187299349034, 0.005953156972083866, 0.0015328450654835779, 0.0013094643089312135, 0.0014511373297520069, 0.0010173558273592889, 0.003457259303034097, 0.001406850304228245, 0.0010036183885832723, 0.0014751673678074235, 0.0015033287559464707, 0.001614001408911221, 0.0019426546442822662, 0.00510124488675665, 0.00142435805677931, 0.0014341898013192406, 0.001379259221859042, 0.001375118941268727, 0.001590367687785115, 0.0030615570962796127, 0.0013240641178501487, 0.001338959380384337, 0.001279495954156351, 0.00379052518999237, 0.000990803153476549, 0.0015326469437995807, 0.0016719227188831704, 0.0009788202755227427, 0.0033844476937474346, 0.0009675912122720513, 0.001365470898959357, 0.001240251164408365, 0.004542174915032262, 0.001329712145262853, 0.0012054291198490949, 0.001747964256029357, 0.0028483009826283726, 0.0011743216312087171, 0.002148845371999724, 0.0027861668771766786, 0.006321902096089354, 0.0024124888571078833, 0.0012972345581074211, 0.0011463641272639236, 0.0034909961311845577, 0.001367059126034144, 0.0009570470017733663, 0.001551388975249921, 0.0016410268615771242, 0.0009471268450318657, 0.003281837945928442, 0.000937776932922207, 0.0012948481166926552],"final_PolicyParameters" => Dict{Int64,Any}(1 => [0.0 0.0; 2.3037025144790495 0.760903508787007; 3.4228223114298197 2.2216189570549143; 0.8766671699406869 1.7228885647622838; 2.123011498388569 2.956129557309443; 2.4649982847225274 3.1053563878834867; 1.621528577817826 2.4507673026504895]),"particlefilterseeds" => [1, 2, 3])