DateTime of fitting: 2021-01-04T21:33:58.147
DATA_STATS
nr_subjects: 1
all_subject_ids: [16]
nr_puzzles: 1
nr_episodes: 51
nr_actions: 188
max_state_id: 7
max_action_id: 2
SUBJECT_SIGNALS
subject_id: 16
algorithm_name: Actor-Critic (TD-Lambda, ReplTrc) modulated Actor
param_string: alpha(actor)=0.7506,
                surpriseprobability=0.0523,
                stochasticity=2.8096,
                eta(critic)=0.0005,
                gamma=0.9436,
                lambda_actor=0.697,
                lambda_critic=0.2729,
                temp=0.5332,
                nparticles=15,
                init_policy=nothing,
                init_Vs=nothing,
                use_replacing_trace=true
param_vector: [0.7505648545505547, 0.0523391990882319, 2.809594653946513, 0.00047289787374371964, 0.9435633744284366, 0.6970081889435727, 0.27287721417256666, 0.5332348769077873, 15.0]
LL: -103.63
RPE
[0.0, 0.0, 0.0, 0.0, 0.0, 0.0, 0.0, 0.0, 0.0, 0.0, 1.0, -0.0, 0.0, 1.0, 0.0, 1.0, 0.0, -0.0, 0.0, -0.0, 0.0, 0.001, 0.999, 0.0, -0.0, 0.001, -0.001, 0.0, 0.001, -0.001, 0.0, 0.001, 0.999, 0.0, -0.0, 0.0, 0.001, 0.998, 0.0, -0.0, 0.002, 0.998, 0.0, 0.0, -0.0, 0.0, 0.0, 1.0, 0.0, 0.001, 0.999, 0.001, 0.999, 0.0, 0.002, 0.997, 0.0, 0.001, 0.998, 0.0, 0.003, -0.003, 0.0, 0.002, 0.998, 0.0, 0.002, 0.997, 0.0, 0.002, 0.997, 0.001, 0.003, -0.003, 0.003, 0.997, 0.003, 0.996, 0.003, 0.996, 0.003, 0.996, 0.0, 0.0, 0.003, 0.996, 0.001, 0.003, -0.0, 0.995, 0.0, 0.004, 0.995, -0.0, 0.004, 0.995, 0.0, 0.004, 0.0, 0.994, 0.001, -0.0, -0.0, 0.0, 0.004, 0.995, 0.001, 0.005, 0.994, 0.001, 0.005, 0.994, 0.0, 0.005, 0.993, 0.006, 0.993, 0.006, 0.992, 0.001, 0.005, 0.994, 0.001, 0.005, 0.993, 0.001, 0.006, 0.992, 0.001, 0.0, 0.006, 0.993, 0.001, 0.0, 0.006, 0.992, 0.001, 0.007, 0.991, 0.001, -0.0, 0.008, 0.991, 0.0, 0.008, 0.99, 0.001, 0.008, 0.99, 0.0, 0.008, 0.989, 0.0, -0.0, 0.0, 0.006, 0.992, 0.001, 0.009, 0.989, 0.002, 0.006, 0.992, 0.002, 0.009, 0.988, 0.001, 0.0, 0.001, 0.009, -0.004, 0.991, 0.01, 0.988, 0.001, 0.001, 0.01, 0.987, 0.007, 0.991, 0.001, 0.007, 0.99, 0.001, 0.01, 0.987, 0.001, -0.0]
SPE
[0.857, 0.857, 0.857, 0.857, 0.857, 0.818, 0.857, 0.857, 0.816, 0.857, 0.857, 0.857, 0.818, 0.821, 0.857, 0.857, 0.781, 0.785, 0.816, 0.818, 0.748, 0.818, 0.782, 0.816, 0.751, 0.78, 0.816, 0.778, 0.783, 0.875, 0.716, 0.747, 0.758, 0.744, 0.88, 0.688, 0.717, 0.726, 0.714, 0.73, 0.748, 0.697, 0.885, 0.781, 0.785, 0.816, 0.746, 0.816, 0.852, 0.718, 0.778, 0.818, 0.744, 0.778, 0.885, 0.673, 0.748, 0.699, 0.714, 0.881, 0.69, 0.778, 0.715, 0.89, 0.687, 0.687, 0.671, 0.648, 0.833, 0.672, 0.662, 0.727, 0.866, 0.744, 0.783, 0.636, 0.875, 0.625, 0.76, 0.613, 0.845, 0.603, 0.661, 0.702, 0.88, 0.591, 0.698, 0.729, 0.908, 0.573, 0.639, 0.646, 0.594, 0.674, 0.876, 0.554, 0.652, 0.637, 0.887, 0.538, 0.617, 0.678, 0.89, 0.631, 0.616, 0.587, 0.671, 0.837, 0.57, 0.647, 0.671, 0.521, 0.822, 0.648, 0.505, 0.739, 0.492, 0.71, 0.478, 0.869, 0.597, 0.555, 0.637, 0.822, 0.54, 0.616, 0.638, 0.466, 0.901, 0.624, 0.579, 0.527, 0.85, 0.656, 0.619, 0.453, 0.904, 0.601, 0.441, 0.621, 0.9, 0.688, 0.43, 0.605, 0.903, 0.419, 0.609, 0.585, 0.409, 0.809, 0.568, 0.399, 0.599, 0.874, 0.583, 0.561, 0.512, 0.799, 0.553, 0.39, 0.591, 0.831, 0.499, 0.573, 0.551, 0.381, 0.921, 0.578, 0.665, 0.537, 0.938, 0.486, 0.663, 0.386, 0.841, 0.645, 0.524, 0.377, 0.836, 0.474, 0.602, 0.544, 0.463, 0.786, 0.511, 0.37, 0.583, 0.857]
action_selection_prob
[0.5, 0.5, 0.5, 0.5, 0.5, 0.5, 0.5, 0.5, 0.5, 0.5, 0.5, 0.428, 0.475, 0.653, 0.487, 0.453, 0.489, 0.412, 0.41, 0.368, 0.489, 0.588, 0.75, 0.402, 0.348, 0.553, 0.192, 0.402, 0.652, 0.808, 0.564, 0.652, 0.808, 0.427, 0.288, 0.626, 0.712, 0.834, 0.463, 0.291, 0.561, 0.863, 0.515, 0.345, 0.426, 0.324, 0.345, 0.574, 0.535, 0.485, 0.657, 0.398, 0.753, 0.416, 0.598, 0.884, 0.502, 0.682, 0.81, 0.575, 0.615, 0.101, 0.468, 0.615, 0.847, 0.547, 0.693, 0.863, 0.613, 0.741, 0.872, 0.593, 0.783, 0.116, 0.334, 0.891, 0.478, 0.818, 0.596, 0.904, 0.68, 0.852, 0.382, 0.251, 0.203, 0.915, 0.559, 0.344, 0.876, 0.924, 0.399, 0.656, 0.888, 0.26, 0.723, 0.931, 0.354, 0.77, 0.902, 0.937, 0.487, 0.206, 0.438, 0.414, 0.794, 0.91, 0.491, 0.508, 0.919, 0.567, 0.617, 0.942, 0.501, 0.696, 0.946, 0.425, 0.95, 0.555, 0.953, 0.629, 0.791, 0.927, 0.679, 0.751, 0.934, 0.72, 0.791, 0.956, 0.247, 0.348, 0.821, 0.939, 0.693, 0.156, 0.821, 0.958, 0.282, 0.844, 0.96, 0.377, 0.235, 0.559, 0.962, 0.345, 0.328, 0.964, 0.564, 0.862, 0.966, 0.439, 0.876, 0.967, 0.523, 0.474, 0.523, 0.526, 0.944, 0.593, 0.888, 0.969, 0.627, 0.898, 0.948, 0.678, 0.906, 0.97, 0.719, 0.651, 0.419, 0.913, 0.971, 0.951, 0.329, 0.972, 0.729, 0.476, 0.917, 0.973, 0.475, 0.954, 0.251, 0.445, 0.957, 0.406, 0.923, 0.974, 0.344, 0.429]
results_dict
Dict{String,Any}("Surprise" => [1.0000000000000002, 1.0000000000000002, 1.0000000000000002, 1.0000000000000002, 1.0000000000000002, 0.78680605552843, 1.0000000000000002, 1.0000000000000002, 0.7750041841709038, 1.0000000000000002, 1.0000000000000002, 1.0000000000000002, 0.78680605552843, 0.7989729262189015, 1.0000000000000002, 1.0000000000000002, 0.6509291016818125, 0.664802330769565, 0.7750041841709038, 0.78680605552843, 0.5667767019130717, 0.78680605552843, 0.6555389006651894, 0.7750041841709038, 0.5748187581978254, 0.6494117937980779, 0.7750041841709038, 0.6435696066654895, 0.6570169443099529, 1.1450393581729148, 0.5025153245509464, 0.5651749868864108, 0.5912884197245921, 0.5573824466941469, 1.1906707469157172, 0.4582576082702258, 0.5053802762754253, 0.5222066454908442, 0.500150280310259, 0.5294449845340563, 0.5659453447053389, 0.4720163409025531, 1.240623268801276, 0.6509291016818125, 0.6648023307695649, 0.7750041841709038, 0.5616217321538398, 0.7750041841709038, 0.9667773043986382, 0.5067587509282367, 0.6435696066654895, 0.78680605552843, 0.5573824466941469, 0.6435696066654895, 1.2453466752172622, 0.4362149044291508, 0.5675160507141028, 0.4745391831164178, 0.500150280310259, 1.1971496820785241, 0.46034803582803835, 0.6435696066654895, 0.500412789201056, 1.294483567362311, 0.45651853387663865, 0.45703933104185157, 0.43436353867535527, 0.4053806195188476, 0.8533808712302752, 0.4354960648057019, 0.4222835147714445, 0.523086324122073, 1.069470045458034, 0.5573824466941469, 0.6570169443099529, 0.3929173659867403, 1.1437629655318262, 0.3804725958512422, 0.5963384119917848, 0.3691828884867021, 0.9196161821949195, 0.3599156359621189, 0.42130734611238385, 0.4793195189161116, 1.194478258647562, 0.34959241100994165, 0.4729917636480579, 0.5277075023192231, 1.5469993297163585, 0.3342374443047026, 0.395988309076092, 0.40356513477737443, 0.3521595463176779, 0.43874702958663747, 1.1528424418504497, 0.3206543315215285, 0.4101432388326021, 0.3938436472633976, 1.2639149006273558, 0.3091292165911107, 0.3732127149269277, 0.4438097755111735, 1.2967213577229795, 0.38667165771483947, 0.3718312795671553, 0.3460930423215066, 0.43464696387207025, 0.8767944860185052, 0.33210188831433796, 0.4043279376986959, 0.4336034568264823, 0.29827320492434584, 0.803781912899868, 0.4058674704293716, 0.288760593634237, 0.5475264415091451, 0.28094897466275137, 0.4934172048831192, 0.2738989308519165, 1.0923223320068818, 0.3540747422707249, 0.32075284376800706, 0.3934066130897225, 0.8047031832962651, 0.310636853419937, 0.37188359232291074, 0.3948479665477936, 0.26754959030006475, 1.4402505075114038, 0.37954118524872515, 0.33934776973078634, 0.30170897439039496, 0.949873173251854, 0.415246451232446, 0.3746587253103984, 0.26134617079618566, 1.490732569517598, 0.3583564497138468, 0.25573608128317526, 0.37711631425718734, 1.4235433876203474, 0.4576930790751948, 0.25063745932817993, 0.36188453568358864, 1.4697549337171811, 0.24598293191127177, 0.3651931557535556, 0.3440627502186712, 0.2417165293593711, 0.7479858623987561, 0.33077635061778543, 0.23779135906934087, 0.356033541817367, 1.1380932141732165, 0.34224904515539967, 0.32552203026568355, 0.2929525452120133, 0.7108008909776414, 0.31963902414691625, 0.2341678286495286, 0.34890805064927877, 0.8440214624844269, 0.28510521763545627, 0.33485066299438243, 0.3178763267431445, 0.23081227232714976, 1.8026102526817078, 0.33813778860027266, 0.42602320877294547, 0.30866418824060726, 2.3004574027808, 0.278031658002848, 0.4241225271786337, 0.23255162981899638, 0.9010223888192802, 0.402016364436985, 0.29997077446594794, 0.22948085116965386, 0.8703345574048283, 0.27162226254338334, 0.35925754039130947, 0.313526587428401, 0.26578729463480694, 0.6663479154596094, 0.2921654790749607, 0.2268419054905167, 0.3427675295501707, 1.002156756972659],"trialByTrial_Vs" => [0.0, 0.0, 0.0, 0.0, 0.0, 0.0, 0.0, 0.0, 0.0, 0.0, 0.0, 3.135047002439788e-5, 2.0783598855496498e-6, 0.00047289787374371964, 1.3778357423350676e-7, 8.072023246487544e-6, 6.272629378441334e-5, 0.00012176029983292574, 0.00012399110802063104, 0.00048096607974757713, 6.275731679633276e-5, 0.0001217854049285258, 0.0009455721150884479, 0.00012190063720796625, 0.00024379490245339405, 0.0001261799808304216, 0.0014180228297894708, 0.00012196405991265729, 0.00024384349109642139, 0.0014174541246312921, 9.419661324920136e-5, 0.0002442031467291336, 0.0014168766871786723, 0.00012264443371832597, 0.0003663076520881727, 0.0001257001266468468, 0.00036621728033600626, 0.0018891045229496681, 0.00012481248242794216, 0.0004884173145171153, 0.00012663950485184428, 0.0023611090431812053, 0.0001330453131635894, 0.00024910597616021517, 0.0004888615303207958, 0.00015726777235006977, 0.0002491672934507534, 0.0004887166453704068, 0.00013364464622287318, 0.0003709683231711125, 0.0009613834060516677, 0.000165132588343481, 0.001433826643626813, 0.00018866553741460394, 0.0004928651125783663, 0.0028328903534787274, 0.000220323351656077, 0.0006153114654619738, 0.0019060464637994444, 0.00025192849579076365, 0.0005197751436073239, 0.003304448559397738, 0.0002872800006800361, 0.0005206408672535897, 0.0023780429722231764, 0.0003188621922276531, 0.0006429265103486173, 0.0033111457658509145, 0.00035054707653375616, 0.0007373992003251848, 0.0028498162745016604, 0.0002528016302349002, 0.0008597354051536352, 0.003782477805802308, 0.00038220909009335725, 0.0033213664761886077, 0.0005048662574732374, 0.003812441018010193, 0.000627624749091985, 0.003792693682787814, 0.0007503187814815759, 0.004283535996502722, 0.00025538197693233575, 0.0007654570689174668, 0.0008687314505191043, 0.004263797999753182, 0.0002637458649825784, 0.0009914643132990025, 0.004754408195181591, 0.004734679532488745, 0.00027251385581444, 0.0007970836043483611, 0.004875456306645561, 0.0008731140453305158, 0.0009200488010544185, 0.005205338386348693, 0.0009047849743446222, 0.0010430628776298219, 0.005346048587468337, 0.005675774666637392, 0.00030440135375029207, 0.0010761287479305437, 0.0010242840101382736, 0.0009133362268851249, 0.0010760603060414899, 0.005467122250648605, 0.00030526064831516123, 0.0010323754672185686, 0.0059374347339044954, 0.00033729771617699577, 0.0011555739525438398, 0.00614598847860941, 0.0009450606201599076, 0.0012787818425824095, 0.006615979927469541, 0.0009769317586006178, 0.0070857491183728295, 0.0011005290323775757, 0.007555296156424589, 0.00036937702756132903, 0.0011990855405721171, 0.0064075248073870595, 0.000401477134235838, 0.0014020839560397725, 0.006877392576273405, 0.0004336671752888938, 0.0015254125752136379, 0.00802462114668043, 0.0004659778448469912, 0.0012242202012460253, 0.0013223577092248305, 0.007347038145690904, 0.000474495200603464, 0.0014458764067191423, 0.0016490550894944088, 0.008493724194146287, 0.0004831324005099894, 0.0017727913334203145, 0.00896260540377843, 0.0005155782972255697, 0.0014777877083232882, 0.0012560345350594007, 0.009431264880483499, 0.001380260821533292, 0.0015096347244457514, 0.009899702729118524, 0.0005241937561072235, 0.001896621190691783, 0.010367919054490948, 0.0014122753705966033, 0.002020848441433859, 0.010835913961358652, 0.001444518852029322, 0.0016338930680335718, 0.0014445318207720313, 0.0016337767957321121, 0.007816461620717212, 0.0014763822187107104, 0.0021451687857655384, 0.011303687554429974, 0.0005567778086626668, 0.0022695821078580615, 0.008285663106380296, 0.0005892935113326028, 0.0023929574007032846, 0.01177123993836374, 0.0006221250447921358, 0.0015086747966517146, 0.0017573005276921559, 0.0025174052409029646, 0.01223857121776928, 0.008754642707658451, 0.0015111318859093727, 0.012357384356736325, 0.0006231366714605162, 0.0017665689880214793, 0.002552267371379096, 0.01282443844969271, 0.0016361869133811962, 0.009223400529480332, 0.000631976229992143, 0.0017989834605336185, 0.009691936676724975, 0.0017601659852615917, 0.002676981583239944, 0.013291271673761613, 0.0006644211637228615, 0.0019230375622701513, 0.0, 0.0, 0.0, 0.0, 0.0, 0.0, 0.0, 0.0, 0.0, 0.0, 0.0, 0.0, 0.0, 0.0, 0.0, 0.0, 0.0, 0.0, 0.0, 0.0, 0.0, 0.0, 0.0, 0.0, 0.0, 0.0, 0.0, 0.0, 0.0, 0.0, 0.0, 0.0, 0.0, 0.0, 0.0, 0.0, 0.0, 0.0, 0.0, 0.0, 0.0, 0.0, 0.0, 0.0, 0.0, 0.0, 0.0, 0.0, 0.0, 0.0],"final_V" => Dict{Int64,Any}(1 => [0.0, 0.0019229280644404384, 0.0017926629474737958, 0.01375788413339146, 0.0028017882815009115, 0.010160251254221812, 0.0006649368440864934]),"nparticles" => 15,"trial_by_trial_p_sa_max" => [0.5, 0.5, 0.5, 0.5, 0.5, 0.5, 0.5, 0.5, 0.5, 0.5, 0.5, 0.4283783071736912, 0.47466426678522106, 0.6528162335906236, 0.48651123283983316, 0.45271201343556783, 0.4887834898847349, 0.411791369368433, 0.40989119849803557, 0.3681209842695074, 0.4887959246235923, 0.5882000109836736, 0.750117500899015, 0.402155801906864, 0.34838122210655925, 0.5533857130668439, 0.19180216573133596, 0.4021911595053974, 0.6515900954340308, 0.8083255286678481, 0.5635611930384817, 0.6516111438896971, 0.808331398142518, 0.42658117049676475, 0.28752920819504374, 0.6255273124893012, 0.7124895711388285, 0.8335591384766996, 0.4628475102199648, 0.29133350444585665, 0.5614536707883662, 0.8627511699807611, 0.5152363919362597, 0.3445609708090048, 0.4264371152856485, 0.32413407678247885, 0.3445653671078099, 0.5736004806567597, 0.5353242731213136, 0.4846849675048656, 0.6573926915000097, 0.3977579386552628, 0.7534181464938007, 0.41574871718282375, 0.5985216566488938, 0.8835156242685747, 0.5018540712396018, 0.6818610229098828, 0.8104821184208572, 0.575115197574437, 0.6150176257990525, 0.10103405343015719, 0.46848708821892626, 0.6151065497327031, 0.8471248779331331, 0.5472585907161163, 0.6934727597217719, 0.8627374104148269, 0.6128949500743428, 0.7405616283668566, 0.8723172567538378, 0.5926523860505777, 0.7830622159324342, 0.11644329026738673, 0.3340322882420986, 0.8905836734531489, 0.4784813311602319, 0.8181388164996539, 0.5955694606012981, 0.9043864980260891, 0.6800869747542986, 0.8523978703276848, 0.382142202341003, 0.25085314929550157, 0.20281405691299673, 0.9151592734098406, 0.5590382792878531, 0.34420805614479094, 0.8761382577290566, 0.9237882022999373, 0.39854801564759174, 0.6562044266149538, 0.8877889964340273, 0.2602428169655613, 0.7228976608806013, 0.9308476364487114, 0.35390511448130035, 0.7704897794061687, 0.902253282113796, 0.9367259176404303, 0.48709788478396704, 0.20604289122060213, 0.4374625041712738, 0.4142082720142297, 0.7939870080617181, 0.9097815214261747, 0.49099369424583683, 0.507589658499891, 0.9194488821950138, 0.5668450278272109, 0.6173552990124287, 0.9416938126074184, 0.5009218251843399, 0.6957435779750472, 0.9459460081749064, 0.424775508514407, 0.9496255392023536, 0.5552534685494355, 0.9528398337473292, 0.6292723563457063, 0.791021631524515, 0.9272737892978428, 0.6794953148343641, 0.75111749886373, 0.9337315038546765, 0.7198703474233881, 0.7910440579596524, 0.955671294122751, 0.247414005148718, 0.34794256178010047, 0.8207377944094707, 0.9391483370953024, 0.6931793110028684, 0.15646589693747787, 0.8208401723859654, 0.9581840365712939, 0.28157601612617983, 0.8436601045558219, 0.960428738462385, 0.37665608400103884, 0.23544155598754735, 0.5590111450154636, 0.9624458646392804, 0.34510461544366966, 0.32781725117919985, 0.9642681608162557, 0.5637719492640187, 0.8615928248473759, 0.9659224039808647, 0.43862812965544346, 0.8760135396786103, 0.9674306985496872, 0.5228618174082929, 0.4741728650213926, 0.5228497021558177, 0.525862604183577, 0.9437550736562512, 0.5933061312138754, 0.8878203268174554, 0.9688114497554103, 0.6270853980535247, 0.8976464157647779, 0.9477195645647061, 0.6778785864468881, 0.9059030617089785, 0.9700801040759467, 0.7188362054189795, 0.650849707086789, 0.41861077015430054, 0.9129922820203061, 0.9712497191085837, 0.9511663869766609, 0.32867258955215356, 0.9719623019272569, 0.7285741619035321, 0.47571954385436666, 0.9170741920049084, 0.9729918355631724, 0.47530983799086596, 0.9541900289150956, 0.2505971936603115, 0.4454747876251393, 0.9568634172292053, 0.4060662869755718, 0.9226680684972156, 0.9739484600804742, 0.3443339467929311, 0.4285771908988149],"final_Tsas" => Dict{Tuple{Int64,Int64},Float64}[Dict((1, 6) => 0.5484958273477945,(2, 3) => 0.06827840081177665,(2, 6) => 0.1187127795624576,(2, 2) => 0.08035524900196098,(2, 1) => 1.0,(2, 5) => 0.10603091170258508,(1, 7) => 0.07546292617949939,(1, 4) => 0.12524574316693343,(1, 3) => 0.09274842642524195,(2, 4) => 0.6373434440392292,(1, 1) => 1.0,(1, 2) => 0.0840728219803811,(2, 7) => 0.08460657530147693,(1, 5) => 0.06520796275136648), Dict((1, 6) => 0.06553268934635809,(2, 3) => 0.42781199347072135,(2, 6) => 0.1187127795624576,(2, 2) => 0.08035524900196098,(2, 1) => 0.0,(2, 5) => 0.10603091170258508,(1, 7) => 0.18140090070088988,(1, 4) => 0.12524574316693343,(1, 3) => 0.09274842642524195,(2, 4) => 0.05719187377330633,(1, 1) => 0.0,(1, 2) => 0.0840728219803811,(2, 7) => 0.43468757471117575,(1, 5) => 0.06520796275136648), Dict((1, 6) => 0.06553268934635809,(2, 3) => 0.06827840081177665,(2, 6) => 0.28772332262525435,(2, 2) => 0.08035524900196098,(2, 1) => 0.0,(2, 5) => 0.14376977611622863,(1, 7) => 0.09632735442314007,(1, 4) => 0.12524574316693343,(1, 3) => 0.09274842642524195,(2, 4) => 0.05719187377330633,(1, 1) => 0.0,(1, 2) => 0.16549022091773233,(2, 7) => 0.11472002073483646,(1, 5) => 0.06520796275136648), Dict((1, 6) => 0.10501422743810176,(2, 3) => 0.06827840081177665,(2, 6) => 0.1187127795624576,(2, 2) => 0.12677551854553812,(2, 1) => 0.0,(2, 5) => 0.14376977611622863,(1, 7) => 0.07546292617949939,(1, 4) => 0.12524574316693343,(1, 3) => 0.34447548333473776,(2, 4) => 0.05719187377330633,(1, 1) => 0.0,(1, 2) => 0.10880119585499379,(2, 7) => 0.08460657530147693,(1, 5) => 0.5010526752160375), Dict((1, 6) => 0.06553268934635809,(2, 3) => 0.23079600247039547,(2, 6) => 0.1187127795624576,(2, 2) => 0.08035524900196098,(2, 1) => 0.0,(2, 5) => 0.10603091170258508,(1, 7) => 0.42042004015797263,(1, 4) => 0.12524574316693343,(1, 3) => 0.09274842642524195,(2, 4) => 0.05719187377330633,(1, 1) => 0.0,(1, 2) => 0.3657895653358466,(2, 7) => 0.11216610334808019,(1, 5) => 0.06520796275136648), Dict((1, 6) => 0.06553268934635809,(2, 3) => 0.06827840081177665,(2, 6) => 0.1187127795624576,(2, 2) => 0.471448236444657,(2, 1) => 0.0,(2, 5) => 0.28833680095720243,(1, 7) => 0.07546292617949939,(1, 4) => 0.12524574316693343,(1, 3) => 0.19178238453905277,(2, 4) => 0.07669718709423942,(1, 1) => 0.0,(1, 2) => 0.0840728219803811,(2, 7) => 0.08460657530147693,(1, 5) => 0.17290751102712995), Dict((1, 6) => 0.08435918782867138,(2, 3) => 0.06827840081177665,(2, 6) => 0.1187127795624576,(2, 2) => 0.08035524900196098,(2, 1) => 0.0,(2, 5) => 0.10603091170258508,(1, 7) => 0.07546292617949939,(1, 4) => 0.2485255409983998,(1, 3) => 0.09274842642524195,(2, 4) => 0.05719187377330633,(1, 1) => 0.0,(1, 2) => 0.107700551950284,(2, 7) => 0.08460657530147693,(1, 5) => 0.06520796275136648)],"gamma_surprise" => [0.05233919908823191, 0.05233919908823191, 0.05233919908823191, 0.05233919908823191, 0.05233919908823191, 0.0416454958982242, 0.05233919908823191, 0.05233919908823191, 0.04104646560593951, 0.05233919908823191, 0.05233919908823191, 0.05233919908823191, 0.0416454958982242, 0.04226226957959114, 0.05233919908823191, 0.05233919908823191, 0.03470313733069797, 0.03541656903631917, 0.04104646560593951, 0.0416454958982242, 0.030352876779309926, 0.0416454958982242, 0.03494031358851111, 0.04104646560593951, 0.03077030488686925, 0.034625045645987416, 0.04104646560593951, 0.03432424624003044, 0.03501633493371178, 0.05947892391630309, 0.027004388520366154, 0.030269695788970492, 0.0316240525641701, 0.029864806363745118, 0.06170298498939338, 0.0246847567436433, 0.027154165948561886, 0.028032905463171096, 0.026880711108764853, 0.02841043199886732, 0.03030970414144962, 0.025407062139221063, 0.06412562822678294, 0.03470313733069797, 0.035416569036319165, 0.04104646560593951, 0.030085115598138392, 0.04104646560593951, 0.05068848945225875, 0.027226215092068483, 0.03432424624003044, 0.0416454958982242, 0.029864806363745118, 0.03432424624003044, 0.06435406107906143, 0.023525325451586865, 0.030391268162545435, 0.025539390152947195, 0.026880711108764853, 0.06201791399976167, 0.02479456889525002, 0.03432424624003044, 0.026894440276394913, 0.06672381668934857, 0.024593382661850453, 0.024620748073039215, 0.023427819367691803, 0.021898830201961948, 0.045010680024836325, 0.023487468558478056, 0.022791121050077336, 0.028078802094930206, 0.0557724167560576, 0.029864806363745118, 0.03501633493371178, 0.021239860210150303, 0.059416561302828186, 0.020580980941925862, 0.0318855308166576, 0.019982487755879855, 0.04833533204479373, 0.019490662616996106, 0.022739634154588108, 0.02579002959753304, 0.061888086682798014, 0.018942214096177787, 0.025458229233307976, 0.028319837734463175, 0.07871513054079743, 0.018125305076681718, 0.021402312704252097, 0.02180289523940649, 0.019078657230874447, 0.023658653643416228, 0.05985999104456495, 0.0174015266818779, 0.022150410056067864, 0.021288866050924157, 0.06525097571897935, 0.016786571724168236, 0.020196201991987253, 0.023925121669709067, 0.06683145424561283, 0.020909296592964543, 0.020122950676511427, 0.01875616164812595, 0.023442747816066586, 0.04618856711864053, 0.01801158227485246, 0.021843206033380958, 0.023387782414631044, 0.016206614240457717, 0.04250583210271474, 0.021924553477945856, 0.015697862118895865, 0.029352217690209122, 0.015279688595832544, 0.026528440033769817, 0.014901978742553936, 0.05689634847142211, 0.01918042509972447, 0.01740677976444393, 0.021265744930743746, 0.04255247788583634, 0.016867059688334417, 0.020125724786629585, 0.021341995026182555, 0.014561561364341256, 0.07368371151913897, 0.020531632405020237, 0.01839733364109582, 0.016390236319787855, 0.04984637797921993, 0.02241983775262304, 0.020272865700214533, 0.014228740183027049, 0.07606992692785762, 0.01940786605752524, 0.013927558247258456, 0.020403133154045825, 0.07289127274941067, 0.024655097245854372, 0.01365367515675353, 0.019595195978856013, 0.07507983835830621, 0.013403514652678014, 0.019770807950277594, 0.018648183878039508, 0.01317410267520118, 0.039672266819979804, 0.017940981382134884, 0.012962945105915313, 0.019284488094477963, 0.05913944584098282, 0.018551704837311066, 0.01766102545471366, 0.015922120308228455, 0.0377745214910971, 0.017347382998593026, 0.012767934254925964, 0.018905833963017683, 0.04453901459869024, 0.015502225846759712, 0.018157955380863813, 0.01725336878891603, 0.01258727647843451, 0.09054362241285926, 0.018332938558899017, 0.02298831672483796, 0.016761742671139362, 0.11273106917101038, 0.015123426936721333, 0.02288810291264437, 0.012680928952103628, 0.04740436418132176, 0.0217210392870819, 0.01629734811794574, 0.012515576573023122, 0.04586387276334387, 0.01477994312331282, 0.019455717856438737, 0.01702129662152268, 0.014467034863184845, 0.03549598554674204, 0.015880022168880476, 0.012373432870317978, 0.018579287265099654, 0.05244616174426873],"final_PolicyParameters" => Dict{Int64,Any}(1 => [0.0 0.0; 2.0786240907625246 2.2321108684769375; 2.7491110564960715 2.737418538567146; 0.3485114947765112 2.298759096310207; 2.5629694230694957 1.20316727647536; 2.2143231591287904 0.5299568353155928; 2.043384798398232 1.700437505664183]),"particlefilterseeds" => [1, 2, 3])
POPULATION_SIGNALS
subject_id: 16
algorithm_name: Actor-Critic (TD-Lambda, ReplTrc) modulated Actor
param_string: alpha(actor)=0.7972,
                surpriseprobability=0.0043,
                stochasticity=2.7816,
                eta(critic)=0.0,
                gamma=0.9966,
                lambda_actor=0.7939,
                lambda_critic=0.305,
                temp=0.392,
                nparticles=15,
                init_policy=nothing,
                init_Vs=nothing,
                use_replacing_trace=true
param_vector: [0.7972414808175023, 0.004336552046615557, 2.7816353998652787, 3.24411867293681e-5, 0.9966448663088217, 0.7939275473003868, 0.3049775441960644, 0.39196929107560724, 15.0]
LL: -106.536
RPE
[0.0, 0.0, 0.0, 0.0, 0.0, 0.0, 0.0, 0.0, 0.0, 0.0, 1.0, -0.0, 0.0, 1.0, 0.0, 1.0, 0.0, 0.0, 0.0, -0.0, 0.0, 0.0, 1.0, 0.0, -0.0, 0.0, -0.0, 0.0, 0.0, -0.0, 0.0, 0.0, 1.0, 0.0, -0.0, 0.0, 0.0, 1.0, 0.0, -0.0, 0.0, 1.0, 0.0, 0.0, -0.0, 0.0, 0.0, 1.0, 0.0, 0.0, 1.0, 0.0, 1.0, 0.0, 0.0, 1.0, 0.0, 0.0, 1.0, 0.0, 0.0, -0.0, 0.0, 0.0, 1.0, 0.0, 0.0, 1.0, 0.0, 0.0, 1.0, 0.0, 0.0, -0.0, 0.0, 1.0, 0.0, 1.0, 0.0, 1.0, 0.0, 1.0, 0.0, 0.0, 0.0, 1.0, 0.0, 0.0, -0.0, 1.0, 0.0, 0.0, 1.0, 0.0, 0.0, 1.0, 0.0, 0.0, 0.0, 1.0, 0.0, -0.0, -0.0, 0.0, 0.0, 1.0, 0.0, 0.0, 1.0, 0.0, 0.0, 1.0, 0.0, 0.0, 1.0, 0.0, 1.0, 0.0, 0.999, 0.0, 0.0, 1.0, 0.0, 0.0, 1.0, 0.0, 0.0, 0.999, 0.0, 0.0, 0.0, 0.999, 0.0, 0.0, 0.0, 0.999, 0.0, 0.0, 0.999, 0.0, -0.0, 0.001, 0.999, 0.0, 0.001, 0.999, 0.0, 0.001, 0.999, 0.0, 0.001, 0.999, 0.0, -0.0, 0.0, 0.0, 0.999, 0.0, 0.001, 0.999, 0.0, 0.0, 0.999, 0.0, 0.001, 0.999, 0.0, 0.0, 0.0, 0.001, -0.0, 0.999, 0.001, 0.999, 0.0, 0.0, 0.001, 0.999, 0.001, 0.999, 0.0, 0.001, 0.999, 0.0, 0.001, 0.999, 0.0, -0.0]
SPE
[0.857, 0.857, 0.857, 0.857, 0.857, 0.815, 0.857, 0.857, 0.818, 0.857, 0.857, 0.857, 0.815, 0.815, 0.857, 0.857, 0.779, 0.78, 0.815, 0.815, 0.744, 0.815, 0.777, 0.815, 0.745, 0.777, 0.815, 0.777, 0.777, 0.876, 0.712, 0.743, 0.754, 0.743, 0.881, 0.683, 0.711, 0.723, 0.711, 0.724, 0.743, 0.694, 0.886, 0.777, 0.777, 0.815, 0.743, 0.815, 0.854, 0.711, 0.777, 0.815, 0.743, 0.777, 0.886, 0.668, 0.743, 0.694, 0.711, 0.881, 0.682, 0.777, 0.705, 0.891, 0.682, 0.68, 0.667, 0.644, 0.834, 0.668, 0.655, 0.723, 0.862, 0.743, 0.777, 0.63, 0.876, 0.621, 0.754, 0.608, 0.845, 0.6, 0.656, 0.696, 0.881, 0.586, 0.694, 0.723, 0.909, 0.566, 0.631, 0.643, 0.594, 0.668, 0.869, 0.548, 0.646, 0.633, 0.884, 0.53, 0.608, 0.669, 0.891, 0.625, 0.613, 0.588, 0.668, 0.832, 0.571, 0.644, 0.668, 0.514, 0.823, 0.646, 0.499, 0.734, 0.484, 0.706, 0.471, 0.867, 0.593, 0.555, 0.634, 0.816, 0.54, 0.613, 0.637, 0.458, 0.902, 0.618, 0.575, 0.525, 0.848, 0.645, 0.618, 0.445, 0.906, 0.6, 0.434, 0.614, 0.902, 0.68, 0.423, 0.6, 0.905, 0.412, 0.606, 0.583, 0.402, 0.81, 0.567, 0.393, 0.594, 0.876, 0.578, 0.558, 0.512, 0.799, 0.552, 0.384, 0.588, 0.824, 0.499, 0.571, 0.55, 0.375, 0.922, 0.574, 0.658, 0.536, 0.939, 0.487, 0.656, 0.381, 0.841, 0.638, 0.523, 0.373, 0.838, 0.475, 0.594, 0.541, 0.464, 0.783, 0.511, 0.365, 0.576, 0.857]
action_selection_prob
[0.5, 0.5, 0.5, 0.5, 0.5, 0.5, 0.5, 0.5, 0.5, 0.5, 0.5, 0.347, 0.44, 0.693, 0.438, 0.377, 0.451, 0.381, 0.341, 0.319, 0.451, 0.619, 0.808, 0.343, 0.33, 0.533, 0.139, 0.343, 0.67, 0.861, 0.623, 0.67, 0.861, 0.441, 0.263, 0.727, 0.737, 0.843, 0.552, 0.329, 0.579, 0.881, 0.659, 0.27, 0.481, 0.21, 0.27, 0.519, 0.705, 0.544, 0.629, 0.223, 0.783, 0.42, 0.713, 0.904, 0.602, 0.797, 0.848, 0.715, 0.465, 0.08, 0.5, 0.465, 0.884, 0.654, 0.672, 0.819, 0.746, 0.845, 0.906, 0.75, 0.875, 0.133, 0.198, 0.921, 0.472, 0.685, 0.676, 0.932, 0.779, 0.805, 0.215, 0.224, 0.112, 0.94, 0.624, 0.344, 0.86, 0.947, 0.292, 0.564, 0.885, 0.166, 0.723, 0.952, 0.365, 0.803, 0.907, 0.956, 0.504, 0.16, 0.547, 0.522, 0.84, 0.918, 0.419, 0.344, 0.93, 0.601, 0.601, 0.96, 0.667, 0.741, 0.963, 0.246, 0.965, 0.523, 0.968, 0.715, 0.776, 0.939, 0.783, 0.813, 0.946, 0.826, 0.854, 0.97, 0.144, 0.297, 0.833, 0.951, 0.715, 0.133, 0.881, 0.971, 0.231, 0.9, 0.973, 0.444, 0.316, 0.492, 0.974, 0.314, 0.525, 0.976, 0.417, 0.913, 0.977, 0.522, 0.924, 0.978, 0.668, 0.703, 0.668, 0.297, 0.955, 0.754, 0.932, 0.979, 0.601, 0.939, 0.959, 0.714, 0.944, 0.98, 0.782, 0.807, 0.508, 0.949, 0.98, 0.962, 0.17, 0.981, 0.805, 0.629, 0.952, 0.982, 0.437, 0.965, 0.166, 0.269, 0.967, 0.342, 0.955, 0.982, 0.365, 0.456]
results_dict
Dict{String,Any}("Surprise" => [1.0000000000000002, 1.0000000000000002, 1.0000000000000002, 1.0000000000000002, 1.0000000000000002, 0.773340693506996, 1.0000000000000002, 1.0000000000000002, 0.785205637862483, 1.0000000000000002, 1.0000000000000002, 1.0000000000000002, 0.773340693506996, 0.773340693506996, 1.0000000000000002, 1.0000000000000002, 0.647267870951337, 0.6488609017247907, 0.773340693506996, 0.773340693506996, 0.558536880436043, 0.773340693506996, 0.6414854812363958, 0.773340693506996, 0.5594514612088201, 0.6414854812363958, 0.773340693506996, 0.6414854812363958, 0.6414854812363958, 1.154071748077475, 0.4965111315389814, 0.5552420044528426, 0.5799507819832401, 0.5552420044528426, 1.2028154973241603, 0.45066047374308094, 0.4944329462714055, 0.5154982401767637, 0.4944329462714055, 0.5184295905458179, 0.5552420044528426, 0.46761099306594756, 1.2567862467957907, 0.6414854812363958, 0.6414854812363958, 0.773340693506996, 0.5552420044528426, 0.773340693506996, 0.9774970224785855, 0.4944329462714055, 0.6414854812363958, 0.773340693506996, 0.5552420044528426, 0.6414854812363958, 1.2567862467957907, 0.43062997126062574, 0.5552420044528426, 0.46761099306594767, 0.4944329462714055, 1.2054289974366323, 0.44925275144753235, 0.6414854812363958, 0.4849807740328194, 1.308143496154949, 0.44925275144753235, 0.4459906106572504, 0.4295058215200784, 0.4012102662072718, 0.8592589890393656, 0.43062997126062574, 0.4143622561537865, 0.5154982401767637, 1.0377765510821673, 0.5552420044528426, 0.6414854812363958, 0.38660563855379065, 1.154071748077475, 0.3772479345415808, 0.5799507819832401, 0.36399789059565696, 0.9244468978356655, 0.35735334574051164, 0.4153675672799668, 0.4695955356280201, 1.2054289974366323, 0.34522793716957806, 0.46761099306594756, 0.5154982401767637, 1.5649297429507405, 0.3293950028085676, 0.38735337927335683, 0.40016571149505764, 0.35174850271494845, 0.4297222165614744, 1.0941503504331989, 0.31585975430291857, 0.40309502425635874, 0.38973770912362726, 1.226659306493004, 0.30415586587881666, 0.36457228242694195, 0.43204625944158154, 1.308143496154949, 0.38098800915323455, 0.36876084445555507, 0.34695703819824053, 0.43062997126062574, 0.850618950515165, 0.3331493714671996, 0.4012102662072718, 0.4304195215142343, 0.29393520629983216, 0.8083546962091958, 0.4037480224334283, 0.2849326234261808, 0.5365635340821219, 0.2769426114068074, 0.4859692346843635, 0.26980343179358673, 1.075553102164335, 0.3510664025255437, 0.3210915445190696, 0.39049797848750434, 0.7776210022264212, 0.310470744018103, 0.36947875431144556, 0.39372957145331267, 0.2633860509061952, 1.460864040575606, 0.373599100566105, 0.3359398620853817, 0.30104452435991413, 0.9402475802060661, 0.402262916035507, 0.3741020026213296, 0.25758627116172733, 1.5121754251586152, 0.3573227994966811, 0.2523190299193507, 0.370020437847247, 1.4603130118234422, 0.446897686367465, 0.24751419983841388, 0.35684312067048635, 1.5116064278565131, 0.24311344878737948, 0.36292525266813896, 0.3428138733299936, 0.23906786001518812, 0.7514840780243308, 0.3301436572588152, 0.23533610616537037, 0.35207297640774293, 1.1496132252066233, 0.3388061118940261, 0.322860055617435, 0.29262207455003697, 0.7094824007864146, 0.3189834508820769, 0.2318830323732937, 0.34695703819824025, 0.8104123548517772, 0.28505116705601286, 0.3331493714671996, 0.3171124663286514, 0.2286785453719064, 1.821715989746532, 0.3356711754472248, 0.41803836517719356, 0.3078345030543371, 2.3352884833381147, 0.27820887474056827, 0.4158148938607529, 0.23066021665465233, 0.9011648898784093, 0.39454686768505015, 0.2994945778225582, 0.2277119879016435, 0.8804951604121317, 0.27199484492147297, 0.35218407753777864, 0.31143791025528755, 0.26632634484245343, 0.6596238273218744, 0.29195727712646236, 0.22495531679102176, 0.33694799970822603, 0.9989193566825072],"trialByTrial_Vs" => [0.0, 0.0, 0.0, 0.0, 0.0, 0.0, 0.0, 0.0, 0.0, 0.0, 0.0, 2.9971834568972844e-6, 2.7690444092683574e-7, 3.24411867293681e-5, 2.558270806832069e-8, 9.110068108896351e-7, 5.9944974894655535e-6, 9.860638325553667e-6, 1.0138262792113694e-5, 3.335216398611567e-5, 5.994668540296369e-6, 9.860795465279723e-6, 6.488132102813979e-5, 9.886240675563868e-6, 1.9722571888760227e-5, 1.0415690177050676e-5, 9.732040293045717e-5, 9.886645322565767e-6, 1.9722869291379916e-5, 9.731789332812887e-5, 8.992322275295675e-6, 1.9724536689997104e-5, 9.7315363711282e-5, 9.97164858796263e-6, 2.9586721962722313e-5, 1.1990321951273992e-5, 2.958632233681643e-5, 0.0001297533934147643, 1.0249119603776459e-5, 3.9448916626797454e-5, 1.0425489697586976e-5, 0.00016219037079006788, 1.116108834218517e-5, 2.0289434501868047e-5, 3.4262425578759765e-5, 1.4988667541223952e-5, 2.028970920968008e-5, 3.426189181651722e-5, 1.1245633016766482e-5, 3.0150459234733196e-5, 6.67019670494552e-5, 1.4243584783363739e-5, 9.914098988785504e-5, 1.7986054712816716e-5, 4.001161835046095e-5, 0.0001946262958713315, 2.0984883179822408e-5, 4.987533223612147e-5, 0.00013157896036585765, 2.3983405379032558e-5, 4.244616241296429e-5, 0.0002270611686926928, 2.4105988897091398e-5, 4.245017931721561e-5, 0.00016401587851760287, 2.710446454251522e-5, 5.2313126224829876e-5, 0.00022796598153915616, 3.0103501355753008e-5, 5.973730935014374e-5, 0.0001964517443772294, 2.4069406669728284e-5, 6.960042433191746e-5, 0.0002603997727815492, 3.3102392456787286e-5, 0.00022888655797887483, 4.296710037240029e-5, 0.00026339081580808744, 5.283226363464649e-5, 0.0002613203193566757, 6.269706033170603e-5, 0.0002958234578268171, 2.4349086100217268e-5, 6.217719023452034e-5, 7.051572614677548e-5, 0.00029375302854476736, 2.526179174058572e-5, 8.038067798956271e-5, 0.0003282550476921509, 0.0003261846855772841, 2.6176704622336384e-5, 6.517594764029544e-5, 0.00033811236696007377, 7.256231234736469e-5, 7.504206954175172e-5, 0.0003586152904883591, 7.556127759542259e-5, 8.49083321101314e-5, 0.00037054258492300984, 0.0003910448433121245, 2.917681292340968e-5, 8.791375874461709e-5, 8.338485821455898e-5, 7.647508394335123e-5, 8.791356547992959e-5, 0.00038039998985129963, 2.926286502414367e-5, 8.429626868537458e-5, 0.0004128288359535651, 3.2263813213914976e-5, 9.416344930729207e-5, 0.00042347334408271116, 7.947436029740171e-5, 0.0001040305490263952, 0.00045590079283424896, 8.247441722703299e-5, 0.0004883271896008667, 9.234335352862083e-5, 0.0005207525344166919, 3.52649584876676e-5, 9.777990002101937e-5, 0.0004452566300255788, 3.826623645644251e-5, 0.00011389805734509994, 0.00047768337210146977, 4.12680007493392e-5, 0.00012376573504179592, 0.0005531768273158512, 4.427040505328659e-5, 0.00010221269832295034, 0.00010764737192572096, 0.000510109062215366, 4.5184066892669145e-5, 0.00011751598106257634, 0.000133634789085888, 0.00058560006833247, 4.609837721475899e-5, 0.00014350425157162613, 0.0006180222575006727, 4.910151129201294e-5, 0.00012051635502878543, 0.00010521246913268205, 0.0006504433948545823, 0.00011508431081224161, 0.00012351643586532878, 0.0006828634804283211, 5.0015702438651904e-5, 0.00015337412246212316, 0.00071528251425601, 0.00011808520063328191, 0.00016324585876598523, 0.0007477004963717689, 0.00012108732875060262, 0.00013338841227704862, 0.00012108758799497209, 0.00013338811692498008, 0.0005425337004013944, 0.00012408754638781584, 0.0001731180033063012, 0.0007801174268097166, 5.3019595549690606e-5, 0.00018299055604619437, 0.0005749572866936808, 5.602309826921743e-5, 0.00019285817821084285, 0.0008125333056039707, 5.902834802621073e-5, 0.00012708992304549102, 0.0001432566196383883, 0.00020273081899606533, 0.0008449481327886478, 0.0006073798211263499, 0.00012736944598435994, 0.0008547950088535353, 5.9115504391703086e-5, 0.0001441745670445938, 0.00020574456167842849, 0.0008872084650184058, 0.00013724516099425434, 0.0006398013037335252, 6.003108053721928e-5, 0.00014717775670137294, 0.0006722217345493291, 0.00014711572434935536, 0.00021561846249214855, 0.0009196208696522924, 6.303421537350475e-5, 0.00015704872637360305, 0.0, 0.0, 0.0, 0.0, 0.0, 0.0, 0.0, 0.0, 0.0, 0.0, 0.0, 0.0, 0.0, 0.0, 0.0, 0.0, 0.0, 0.0, 0.0, 0.0, 0.0, 0.0, 0.0, 0.0, 0.0, 0.0, 0.0, 0.0, 0.0, 0.0, 0.0, 0.0, 0.0, 0.0, 0.0, 0.0, 0.0, 0.0, 0.0, 0.0, 0.0, 0.0, 0.0, 0.0, 0.0, 0.0, 0.0, 0.0, 0.0, 0.0],"final_V" => Dict{Int64,Any}(1 => [0.0, 0.00015704848523389215, 0.00015011926186362862, 0.0009520322227893078, 0.00022549277134676772, 0.0007046411136078832, 6.303717492646543e-5]),"nparticles" => 15,"trial_by_trial_p_sa_max" => [0.5, 0.5, 0.5, 0.5, 0.5, 0.5, 0.5, 0.5, 0.5, 0.5, 0.5, 0.34661584528824335, 0.4399600329841136, 0.6933657632944237, 0.4381908928856701, 0.37715992201976456, 0.451331182642096, 0.3805720322950828, 0.34142359875860734, 0.3187165998854512, 0.4513325401653601, 0.6194269959041664, 0.8080582045384253, 0.3426024433810105, 0.32999677930769283, 0.5332854667510163, 0.13863115358121014, 0.3426064282812744, 0.6700004355677853, 0.8613753776054658, 0.6228015149538038, 0.6700008642878679, 0.8613775629598234, 0.4407811653637579, 0.2632663636009076, 0.7272240333820417, 0.736734719703794, 0.8427903713992805, 0.5515371898733435, 0.32934963268632683, 0.5786533622075218, 0.8805989707227156, 0.6587792586008698, 0.2701266987868352, 0.4812208601061491, 0.20962831861794046, 0.27012723641872843, 0.5187808490356043, 0.7052453579674113, 0.5440547935549168, 0.6293979103311439, 0.22327155732922324, 0.7826614882355978, 0.4196799443277326, 0.7126706911339343, 0.9038205781779998, 0.6019376866583103, 0.7973690103271568, 0.8484076532531634, 0.7149122706390355, 0.46477352083110074, 0.0804969687412468, 0.49992184019737046, 0.46478290635688346, 0.8838876923110495, 0.6536820150165512, 0.6722889878294348, 0.8192590744786477, 0.7456440539984008, 0.844921949033411, 0.9059721080926495, 0.7500512417520221, 0.874837361892982, 0.1325950762421716, 0.19800123531079206, 0.9210181415304759, 0.47245425867118557, 0.6847952778083977, 0.6764113033306798, 0.9319209613048244, 0.778555074332641, 0.8046732904159599, 0.21452566565882245, 0.22356192470844097, 0.11201471904067212, 0.9401822635187126, 0.6242300928200565, 0.3444677484791676, 0.8596383805298577, 0.9466572199201934, 0.29199931903104476, 0.5640926405953243, 0.8847061304463999, 0.16616081692165435, 0.7227700462094458, 0.9518681880740184, 0.3652312132361824, 0.8027834148506939, 0.9065155902853298, 0.9561521131623629, 0.5036418989524747, 0.1604876095753613, 0.5474015412585291, 0.5215093844443937, 0.839513189279158, 0.9184892768486433, 0.41890211963589213, 0.34399810139246567, 0.930049497188126, 0.6014934603373854, 0.6007708153554798, 0.959736029371876, 0.6669656900494964, 0.7408413299132454, 0.9627784704487623, 0.24637002047995113, 0.9653934799126981, 0.5233200113597053, 0.9676651883923374, 0.7147469478163613, 0.7762931428913298, 0.9387416284334991, 0.7826743314501456, 0.8125846450027647, 0.9455140440136296, 0.8260250390525574, 0.8542195153286064, 0.9696570140920344, 0.14442400980759862, 0.29742213422048425, 0.8325351420522588, 0.9509389289885591, 0.7146299488813506, 0.13321263395804595, 0.88105040360822, 0.9714176653622731, 0.23054467638159334, 0.8996748200610768, 0.9729851707408458, 0.4436528378366889, 0.3164109084720009, 0.49152498472837497, 0.9743896532270906, 0.313553813530815, 0.5247923995587254, 0.9756552826579085, 0.4173372699212777, 0.9133214690019018, 0.9768016768343245, 0.5224044047976791, 0.9237355129357198, 0.9778449247882286, 0.6675820574649057, 0.7033346998695051, 0.667582332173564, 0.2966657129176502, 0.9553818052978782, 0.7539945614591803, 0.9319358908346673, 0.9787983459414175, 0.6005132228604079, 0.9385566089734392, 0.9590870407507749, 0.7141749447578587, 0.9440101258439751, 0.979673061392765, 0.7823516098916167, 0.8073678316150648, 0.5078304618826842, 0.9485813478089286, 0.9804784294195485, 0.9622241750952394, 0.16988654795249908, 0.9810692556872286, 0.8048092283493424, 0.6287258031755094, 0.9516789797176567, 0.9817696318529866, 0.4373893439271295, 0.9649145111352699, 0.16615164893113207, 0.26911786754367245, 0.9672471239794669, 0.3424055093004977, 0.9551280592814051, 0.9824200072429902, 0.36530255953600693, 0.4561722035440367],"final_Tsas" => Dict{Tuple{Int64,Int64},Float64}[Dict((1, 6) => 0.547063339362283,(2, 3) => 0.06725014144800427,(2, 6) => 0.11851145373218272,(2, 2) => 0.07857016169332477,(2, 1) => 1.0,(2, 5) => 0.10508059177497552,(1, 7) => 0.07423346476447817,(1, 4) => 0.12378532192224903,(1, 3) => 0.09128661749873813,(2, 4) => 0.6424237982473419,(1, 1) => 1.0,(1, 2) => 0.08078108573908337,(2, 7) => 0.08316496003973854,(1, 5) => 0.06398764110004224), Dict((1, 6) => 0.06398764110004224,(2, 3) => 0.42815628204803835,(2, 6) => 0.11851145373218272,(2, 2) => 0.07857016169332477,(2, 1) => 0.0,(2, 5) => 0.10508059177497552,(1, 7) => 0.18098140846417876,(1, 4) => 0.12378532192224903,(1, 3) => 0.09128661749873813,(2, 4) => 0.056227087009131434,(1, 1) => 0.0,(1, 2) => 0.08078108573908337,(2, 7) => 0.4412145094916944,(1, 5) => 0.06398764110004224), Dict((1, 6) => 0.06398764110004224,(2, 3) => 0.06725014144800427,(2, 6) => 0.28893127760690396,(2, 2) => 0.07857016169332477,(2, 1) => 0.0,(2, 5) => 0.1428571428571428,(1, 7) => 0.10092045068940332,(1, 4) => 0.12378532192224903,(1, 3) => 0.09128661749873813,(2, 4) => 0.056227087009131434,(1, 1) => 0.0,(1, 2) => 0.1679036673790018,(2, 7) => 0.11306282517467542,(1, 5) => 0.06398764110004224), Dict((1, 6) => 0.10999485045835083,(2, 3) => 0.06725014144800427,(2, 6) => 0.11851145373218272,(2, 2) => 0.13313458598525255,(2, 1) => 0.0,(2, 5) => 0.1428571428571428,(1, 7) => 0.07423346476447817,(1, 4) => 0.12378532192224903,(1, 3) => 0.35382747386879826,(2, 4) => 0.056227087009131434,(1, 1) => 0.0,(1, 2) => 0.10982194628572285,(2, 7) => 0.08316496003973854,(1, 5) => 0.5010561300039744), Dict((1, 6) => 0.06398764110004224,(2, 3) => 0.23559301071194028,(2, 6) => 0.11851145373218272,(2, 2) => 0.07857016169332477,(2, 1) => 0.0,(2, 5) => 0.10508059177497552,(1, 7) => 0.4211642817885049,(1, 4) => 0.12378532192224903,(1, 3) => 0.09128661749873813,(2, 4) => 0.056227087009131434,(1, 1) => 0.0,(1, 2) => 0.37010918283230176,(2, 7) => 0.11306282517467542,(1, 5) => 0.06398764110004224), Dict((1, 6) => 0.06398764110004224,(2, 3) => 0.06725014144800427,(2, 6) => 0.11851145373218272,(2, 2) => 0.47401460554812386,(2, 1) => 0.0,(2, 5) => 0.29396334718581185,(1, 7) => 0.07423346476447817,(1, 4) => 0.12378532192224903,(1, 3) => 0.18973943863751075,(2, 4) => 0.07644076670700073,(1, 1) => 0.0,(1, 2) => 0.08078108573908337,(2, 7) => 0.08316496003973854,(1, 5) => 0.1790056644958139), Dict((1, 6) => 0.08699124577919654,(2, 3) => 0.06725014144800427,(2, 6) => 0.11851145373218272,(2, 2) => 0.07857016169332477,(2, 1) => 0.0,(2, 5) => 0.10508059177497552,(1, 7) => 0.07423346476447817,(1, 4) => 0.2572880684665058,(1, 3) => 0.09128661749873813,(2, 4) => 0.056227087009131434,(1, 1) => 0.0,(1, 2) => 0.10982194628572285,(2, 7) => 0.08316496003973854,(1, 5) => 0.06398764110004224)],"gamma_surprise" => [0.004336552046615559, 0.004336552046615559, 0.004336552046615559, 0.004336552046615559, 0.004336552046615559, 0.0033569317621218275, 0.004336552046615559, 0.004336552046615559, 0.00340825979717903, 0.004336552046615559, 0.004336552046615559, 0.004336552046615559, 0.0033569317621218275, 0.0033569317621218275, 0.004336552046615559, 0.004336552046615559, 0.002811210954682266, 0.00281811030082648, 0.0033569317621218275, 0.0033569317621218275, 0.0024267701281497486, 0.0033569317621218275, 0.0027861668771766786, 0.0033569317621218275, 0.002430734203607114, 0.0027861668771766786, 0.0033569317621218275, 0.0027861668771766786, 0.0027861668771766786, 0.00500135059790562, 0.002157857842719617, 0.0024124888571078833, 0.002519576323337103, 0.0024124888571078833, 0.0052114883985541266, 0.0019589793576406823, 0.002148845371999724, 0.002240191741627144, 0.002148845371999724, 0.00225290176089041, 0.0024124888571078833, 0.002032511935642228, 0.005444056649283085, 0.0027861668771766786, 0.0027861668771766786, 0.0033569317621218275, 0.0024124888571078833, 0.0033569317621218275, 0.004239380414740566, 0.002148845371999724, 0.0027861668771766786, 0.0033569317621218275, 0.0024124888571078833, 0.0027861668771766786, 0.005444056649283085, 0.001872071620415537, 0.0024124888571078833, 0.0020325119356422285, 0.002148845371999724, 0.005222752877997482, 0.0019528720692374697, 0.0027861668771766786, 0.0021078520611796203, 0.005665261977492279, 0.0019528720692374697, 0.0019387192500968059, 0.0018671937450278724, 0.001744398851618148, 0.0037284969437123843, 0.001872071620415537, 0.0018014786125220737, 0.002240191741627144, 0.004499634896426675, 0.0024124888571078833, 0.0027861668771766786, 0.0016810069795292926, 0.00500135059790562, 0.0016403853218769466, 0.002519576323337103, 0.001582861418252554, 0.004010225997081208, 0.0015540122138859667, 0.0018058414037829952, 0.002041120316171841, 0.005222752877997482, 0.0015013619644094057, 0.002032511935642228, 0.002240191741627144, 0.006769814268848219, 0.0014326047507516348, 0.0016842527685437397, 0.0017398651944552964, 0.0015296758780050065, 0.0018681327233275227, 0.004742903471402352, 0.0013738181210067933, 0.0017525791201111979, 0.0016946025141693043, 0.0053142484456306744, 0.0013229799196472782, 0.0015853552274603998, 0.001878217065914229, 0.005665261977492279, 0.0016566213282063794, 0.0016035401278094322, 0.001508870306582283, 0.001872071620415537, 0.0036911444693200064, 0.0014489095924528621, 0.001744398851618148, 0.0018711584470866938, 0.0012785801881583614, 0.003508387962724281, 0.0017554132459439973, 0.0012394686529482138, 0.0023315213885290844, 0.0012047536449041028, 0.002112139093223771, 0.0011737332923750026, 0.004662664331280309, 0.0015267141049299944, 0.001396541783717909, 0.0016979025973922583, 0.0033754490903606313, 0.0013504105102186122, 0.0016066569112215376, 0.0017119296529822792, 0.001145847573179261, 0.006322477089493317, 0.0016245448905717426, 0.0014610280647877273, 0.0013094643089312148, 0.004078489384309651, 0.0017489676021702559, 0.0016267281344482856, 0.0011206442030766831, 0.006543094728150004, 0.0015538795847246923, 0.0010977539161753308, 0.001609008600640253, 0.0063201073629796135, 0.0019426546442822662, 0.0010768722527738938, 0.0015517968559312114, 0.006540648813258512, 0.0010577459400455318, 0.0015782043647339667, 0.0014908790928889171, 0.0010401625687790177, 0.00326236567531898, 0.001435856123480582, 0.0010239426716211475, 0.0015310847813524578, 0.00498212515419519, 0.0014734752360017777, 0.0014042228688688396, 0.0012728755052323494, 0.003080588420129519, 0.0013873856524581438, 0.0010089335753756595, 0.001508870306582282, 0.003517287117171083, 0.0012399836832007556, 0.0014489095924528621, 0.001379259221859042, 0.0009950045805253995, 0.007871915309231422, 0.0014598612320239936, 0.001817431793263619, 0.001338959380384337, 0.0100687962040829, 0.0012102554673629094, 0.0018077826736261772, 0.0010036183885832723, 0.003909624126511953, 0.0017154771473528612, 0.0013027312329756018, 0.000990803153476549, 0.0038202929145346224, 0.0011832553767919362, 0.0015315671947529468, 0.0013546115573622463, 0.0011586243512401943, 0.0028647215563711663, 0.0012699873783237516, 0.0009788202755227427, 0.0014654061071222072, 0.004331886080995838],"final_PolicyParameters" => Dict{Int64,Any}(1 => [0.0 0.0; 3.1999255052721365 3.2688235108331867; 3.9955689300809123 4.067709473868759; 0.6691421604842394 2.260343469419024; 3.042029355797021 1.8150133448986263; 2.3927278203259474 1.0395503870508533; 3.2035930059462956 2.987100079196767]),"particlefilterseeds" => [1, 2, 3])