DateTime of fitting: 2021-01-04T20:21:05.741
DATA_STATS
nr_subjects: 1
all_subject_ids: [10]
nr_puzzles: 1
nr_episodes: 59
nr_actions: 188
max_state_id: 7
max_action_id: 2
SUBJECT_SIGNALS
subject_id: 10
algorithm_name: Actor-Critic (TD-Lambda, ReplTrc) modulated Actor
param_string: alpha(actor)=0.8192,
                surpriseprobability=0.0276,
                stochasticity=2.814,
                eta(critic)=0.0057,
                gamma=0.9761,
                lambda_actor=0.7854,
                lambda_critic=0.2906,
                temp=0.1668,
                nparticles=15,
                init_policy=nothing,
                init_Vs=nothing,
                use_replacing_trace=true
param_vector: [0.8192354288965089, 0.027605621822624472, 2.814020084436772, 0.005707046728399749, 0.9761164667495287, 0.7854203211792806, 0.29057320250392826, 0.16682860282922019, 15.0]
LL: -15.979
RPE
[0.0, 0.0, 1.0, 0.0, 0.0, 0.001, -0.002, 0.0, 1.0, 0.001, 0.004, 0.994, 0.004, 0.007, 0.989, 0.005, 0.011, 0.983, 0.006, 0.015, -0.021, 0.02, 0.977, 0.006, 0.02, 0.972, 0.008, 0.024, 0.966, 0.0, 0.009, 0.028, 0.961, 0.004, 0.994, 0.009, 0.031, 0.955, 0.01, -0.003, 0.989, 0.011, 0.033, 0.95, 0.015, -0.001, 0.983, 0.014, 0.035, 0.944, 0.017, 0.001, 0.977, 0.016, 0.037, -0.058, 0.019, 0.037, 0.939, 0.018, 0.003, 0.972, 0.019, 0.039, 0.934, 0.023, 0.006, 0.966, 0.024, 0.041, 0.929, -0.002, 0.071, 0.923, 0.023, 0.008, 0.961, 0.024, 0.048, 0.918, -0.002, 0.028, 0.051, 0.913, 0.029, 0.008, 0.955, 0.03, 0.053, 0.908, 0.03, 0.01, 0.95, 0.031, 0.054, 0.902, 0.032, 0.012, 0.944, 0.033, 0.056, 0.897, 0.034, 0.014, 0.939, 0.035, 0.058, 0.892, 0.041, 0.015, 0.934, 0.041, 0.059, 0.887, 0.039, 0.017, 0.928, 0.044, 0.061, 0.882, 0.045, 0.019, 0.923, 0.044, 0.062, 0.877, 0.048, 0.021, 0.918, 0.048, 0.064, 0.872, 0.048, 0.023, 0.912, 0.049, 0.065, 0.867, 0.05, 0.024, 0.907, 0.054, 0.067, 0.862, 0.052, 0.026, 0.902, 0.057, 0.068, 0.857, 0.055, 0.028, 0.897, 0.055, 0.07, 0.852, 0.061, 0.029, 0.892, 0.062, 0.071, 0.847, 0.063, -0.062, 0.059, 0.074, 0.843, 0.06, 0.029, 0.887, 0.061, 0.075, 0.838, 0.067, 0.031, 0.882, 0.068, 0.077, 0.833, -0.004, 0.069, 0.08, 0.828, 0.1, 0.877, 0.069, 0.082, 0.823]
SPE
[0.857, 0.857, 0.857, 0.857, 0.857, 0.816, 0.857, 0.857, 0.857, 0.783, 0.816, 0.816, 0.857, 0.778, 0.778, 0.816, 0.744, 0.744, 0.748, 0.712, 0.881, 0.857, 0.725, 0.778, 0.684, 0.699, 0.716, 0.657, 0.672, 0.876, 0.686, 0.632, 0.647, 0.881, 0.818, 0.763, 0.61, 0.624, 0.733, 0.902, 0.785, 0.706, 0.603, 0.603, 0.659, 0.878, 0.751, 0.68, 0.596, 0.583, 0.634, 0.854, 0.72, 0.656, 0.59, 0.911, 0.611, 0.573, 0.578, 0.634, 0.84, 0.69, 0.613, 0.569, 0.561, 0.59, 0.821, 0.662, 0.57, 0.566, 0.545, 0.908, 0.816, 0.53, 0.594, 0.805, 0.637, 0.575, 0.563, 0.515, 0.889, 0.565, 0.55, 0.501, 0.548, 0.794, 0.613, 0.532, 0.548, 0.488, 0.571, 0.782, 0.592, 0.556, 0.546, 0.477, 0.541, 0.771, 0.571, 0.526, 0.544, 0.466, 0.512, 0.759, 0.554, 0.499, 0.541, 0.454, 0.516, 0.75, 0.537, 0.502, 0.54, 0.443, 0.487, 0.74, 0.52, 0.488, 0.538, 0.433, 0.475, 0.731, 0.506, 0.476, 0.536, 0.423, 0.464, 0.723, 0.491, 0.452, 0.536, 0.414, 0.464, 0.716, 0.477, 0.454, 0.535, 0.405, 0.443, 0.708, 0.464, 0.441, 0.534, 0.396, 0.434, 0.702, 0.452, 0.43, 0.533, 0.388, 0.425, 0.696, 0.44, 0.416, 0.532, 0.38, 0.42, 0.69, 0.429, 0.41, 0.53, 0.372, 0.401, 0.959, 0.407, 0.528, 0.365, 0.399, 0.694, 0.418, 0.391, 0.527, 0.358, 0.392, 0.689, 0.408, 0.384, 0.526, 0.351, 0.908, 0.376, 0.52, 0.345, 0.93, 0.398, 0.368, 0.513, 0.338]
action_selection_prob
[0.5, 0.5, 0.5, 0.5, 0.5, 0.803, 0.138, 0.5, 0.5, 0.861, 0.359, 0.916, 0.347, 0.855, 0.942, 0.773, 0.91, 0.955, 0.902, 0.934, 0.964, 0.138, 0.964, 0.867, 0.942, 0.969, 0.916, 0.953, 0.973, 0.905, 0.933, 0.96, 0.976, 0.922, 0.827, 0.94, 0.965, 0.979, 0.949, 0.969, 0.916, 0.956, 0.973, 0.981, 0.944, 0.975, 0.942, 0.961, 0.977, 0.982, 0.952, 0.979, 0.955, 0.965, 0.981, 0.984, 0.958, 0.981, 0.984, 0.966, 0.982, 0.964, 0.969, 0.983, 0.985, 0.962, 0.984, 0.969, 0.966, 0.985, 0.986, 0.969, 0.799, 0.987, 0.972, 0.986, 0.973, 0.974, 0.986, 0.987, 0.976, 0.972, 0.987, 0.988, 0.974, 0.988, 0.976, 0.976, 0.988, 0.989, 0.977, 0.989, 0.979, 0.979, 0.989, 0.989, 0.98, 0.99, 0.981, 0.981, 0.99, 0.99, 0.982, 0.99, 0.982, 0.983, 0.991, 0.99, 0.977, 0.991, 0.984, 0.979, 0.991, 0.991, 0.984, 0.991, 0.985, 0.98, 0.992, 0.991, 0.981, 0.992, 0.986, 0.984, 0.992, 0.991, 0.982, 0.992, 0.987, 0.983, 0.993, 0.992, 0.985, 0.993, 0.987, 0.986, 0.993, 0.992, 0.986, 0.993, 0.988, 0.984, 0.993, 0.992, 0.987, 0.993, 0.989, 0.985, 0.994, 0.992, 0.987, 0.994, 0.989, 0.988, 0.994, 0.993, 0.985, 0.994, 0.99, 0.986, 0.994, 0.993, 0.987, 0.994, 0.988, 0.994, 0.993, 0.989, 0.994, 0.99, 0.989, 0.994, 0.993, 0.987, 0.995, 0.991, 0.987, 0.995, 0.993, 0.989, 0.988, 0.995, 0.994, 0.99, 0.991, 0.988, 0.995, 0.994]
results_dict
Dict{String,Any}("Surprise" => [1.0000000000000002, 1.0000000000000002, 1.0000000000000002, 1.0000000000000002, 1.0000000000000002, 0.7752652481720125, 1.0000000000000002, 1.0000000000000002, 1.0000000000000002, 0.6587812493222074, 0.7752652481720125, 0.7752652481720125, 1.0000000000000002, 0.6438972658573191, 0.6438972658573191, 0.7752652481720125, 0.5577193518281979, 0.5577193518281979, 0.566335040527073, 0.4968357319048283, 1.1995416801613201, 1.0000000000000002, 0.5203354581116705, 0.6438972658573191, 0.4515352866509563, 0.4741427480138326, 0.5023299767433063, 0.4165140204368189, 0.435546662713744, 1.152298638855382, 0.4552872228438803, 0.3886297410869483, 0.4050589151915507, 1.1995416801613197, 0.7870571882977816, 0.6034042053037801, 0.3659025225030365, 0.3803531491041692, 0.5357157810212695, 1.4533977329289915, 0.6650958636988964, 0.48535307686212076, 0.35958692100130585, 0.3599192555847004, 0.41921008493968404, 1.1663305837527955, 0.5739800238084654, 0.44641901263051686, 0.35392834159529807, 0.3427329407846987, 0.39064487563188405, 0.9782539796588944, 0.5105806606242397, 0.4154200302048516, 0.34830991811257134, 1.5999932856577943, 0.3674566129205586, 0.334302502175389, 0.33849207143871113, 0.3901547986883114, 0.8915278231513861, 0.46066670852903463, 0.3691673123549971, 0.3313351866710274, 0.3251259239843736, 0.34825225763255985, 0.7981343816119304, 0.42294623931555286, 0.3320831998630983, 0.32950555043439295, 0.3142328090370551, 1.555162088348481, 0.7752652481720125, 0.30386928089590937, 0.3514560676307079, 0.7308741176286916, 0.39336541082387316, 0.33630955613440533, 0.32708268963403625, 0.2946898791703864, 1.2867184386086175, 0.32869579319753156, 0.31715989815061607, 0.2865020119560249, 0.3160635700345589, 0.6948518303692472, 0.3695117871102905, 0.30504291183870946, 0.31574710418590907, 0.27915281558312355, 0.3330045923299807, 0.6547661001309611, 0.34985108652632513, 0.32168921580109716, 0.3143910290057511, 0.272959970968473, 0.3109493456800021, 0.6231906288621365, 0.333357235569406, 0.301425487734334, 0.31307741817028567, 0.2672961873933623, 0.29292186969335976, 0.5937772781454068, 0.31998739266536147, 0.2852826685976457, 0.31140888246266335, 0.26172914613442927, 0.2953433456739888, 0.5716653814287894, 0.3086522132715796, 0.2867403658136541, 0.31034419297693566, 0.25663920378416544, 0.2783823009077248, 0.5503174195548014, 0.297867978368604, 0.27905768511269124, 0.3093631400995567, 0.25196739093231163, 0.2721549318928623, 0.5319529102830451, 0.2891428389739365, 0.27250164467701543, 0.3080307905148625, 0.24766409368268083, 0.2663622670061684, 0.5164156244586412, 0.28069681613212805, 0.2606530945090593, 0.3082077563004274, 0.24368726567088075, 0.2667469835172134, 0.5022846090764193, 0.27318092913469266, 0.2614807909664215, 0.3074088249706187, 0.2400010356635261, 0.256643312424041, 0.4897922796187416, 0.26668446649509353, 0.2554495390718261, 0.306289425876882, 0.2365746121349693, 0.25218417376132, 0.480083850692068, 0.26057130287859315, 0.2506871549238564, 0.30562900824931793, 0.2333814133704385, 0.24829727740285523, 0.4699264144496853, 0.2550403154572334, 0.24444374822873402, 0.30500788555933894, 0.23039837065818236, 0.24631202057375357, 0.4607859221750274, 0.25001110016244427, 0.24227867154174046, 0.3040597913484921, 0.2276053656331855, 0.23854850260675844, 3.4448900680741006, 0.24107779867773924, 0.3029570509039294, 0.22498477254360963, 0.23772208383821639, 0.4665289099817492, 0.24541759257347542, 0.23458810735912106, 0.30211748478203476, 0.22252108327646627, 0.23508851954917906, 0.45943983874050104, 0.2412049684094669, 0.23187035423478228, 0.30165467447103816, 0.22020059817781854, 1.5544003626168004, 0.22886948035658453, 0.297420671570217, 0.2180111695677028, 2.0277693350330708, 0.23732732397574538, 0.22606458365890664, 0.29308451918098555, 0.2159419877509486],"trialByTrial_Vs" => [0.0, 0.0, 0.0, 0.0, 0.0, 0.0004591195930687569, 0.001618708426977284, 0.0, 3.629373632528602e-6, 0.0005931193199585744, 0.002068594042952613, 0.005707046728399749, 1.1505419818950538e-5, 0.003698051348982322, 0.011381523074439358, 0.0004979320470347196, 0.005340634988688276, 0.01702361491881292, 0.0010634262975701754, 0.006996142064823651, 0.022633507081384723, 0.001618722767815123, 0.022546306025015304, 0.000994398541666119, 0.007184852651473527, 0.02812467993137749, 0.0011498555825784679, 0.008873706476054228, 0.03367121779718758, 0.0015077635880337715, 0.0016752251074296175, 0.01057484203839829, 0.039186101312216656, 0.0016603130359954536, 0.005710655389027362, 0.003292114682359179, 0.012288064146988256, 0.044669511129323776, 0.003831080190431721, 0.014013179438219992, 0.011385111140272144, 0.004336478083404212, 0.015596908340068905, 0.0501216268703737, 0.0022105010585170967, 0.01732468684889712, 0.017027182507386336, 0.004888671456179599, 0.018911814480301565, 0.05554262713212081, 0.0027445592195305523, 0.0206420986414828, 0.02263705430956344, 0.005456890609804791, 0.022232464052088372, 0.06093268949205946, 0.003294968273783278, 0.022360100778133905, 0.06065018930583602, 0.005597002044125442, 0.024090796481845183, 0.028214910311225187, 0.0061510138214955976, 0.025683523888514713, 0.06601110256978107, 0.003891561632823218, 0.027416533357076094, 0.03376093322804117, 0.004474666557415357, 0.029012198698354134, 0.07134142085122189, 0.005102874832675655, 0.0033171132664113305, 0.07664131875715328, 0.006750525164110139, 0.03074727686257093, 0.0392753047329141, 0.007336658276743748, 0.032345726477932865, 0.08191096989807978, 0.007973554953438669, 0.005631890852116321, 0.03410355125907116, 0.08715054689370264, 0.006291336889656642, 0.03587205103774783, 0.04475820546193097, 0.006906489831208397, 0.03746292193675778, 0.09236022137857443, 0.008146464162987796, 0.03923283843996851, 0.05020981502028016, 0.008770422615864394, 0.04082607411380199, 0.09754016400772131, 0.009450170560369828, 0.042597268259052676, 0.05563031198813486, 0.01008606102924715, 0.0441927249622553, 0.10269054446223322, 0.010777378889504101, 0.04596505995174955, 0.06101987392650287, 0.011425045858045999, 0.04756259624166748, 0.1078115314548222, 0.00757777769134811, 0.049335937532298514, 0.06637867738304301, 0.008263033590536165, 0.050935414239063885, 0.11290329273534894, 0.012127780174257953, 0.052709629512770785, 0.07170689789784836, 0.009002850649055988, 0.05431090970965041, 0.11796599509631786, 0.009757460536091528, 0.05608586884413451, 0.0770047100091965, 0.012806374495074897, 0.0576888178182377, 0.12299980437834075, 0.010468863861833164, 0.05946439285803484, 0.08227228725926689, 0.011195463793569845, 0.06106887808137604, 0.1280048854755693, 0.013558269640583336, 0.06284494320928055, 0.08750980219982567, 0.014286469117654077, 0.0644508343101927, 0.1329814023410965, 0.015067829668343, 0.06622726581902896, 0.09271742639787799, 0.011975520931672428, 0.06783443455392348, 0.1379295179923275, 0.015806618442917083, 0.06961111081866095, 0.09789533044128808, 0.012788988757530397, 0.07121943104413009, 0.1428493945163194, 0.016560368044925586, 0.07299623249433786, 0.10304368394436726, 0.01732896501365558, 0.0746055801395958, 0.1477411930750909, 0.013616706534353724, 0.07638238923223246, 0.10816265555343005, 0.01442122332340154, 0.07799264227189069, 0.15260507391090158, 0.015277329239085174, 0.07976934346442595, 0.01814963846544653, 0.07951130390837974, 0.15744119635150092, 0.018995353537583096, 0.08129845054763271, 0.11325241295231857, 0.01979430783103028, 0.08290076228922957, 0.1622497188153475, 0.015602105205179448, 0.08468756857471817, 0.11831312286789541, 0.016439491527875903, 0.08629053855831408, 0.16703079881679833, 0.02064995731482637, 0.017333042863828828, 0.08807689422229466, 0.17178459297126866, 0.020884173225308975, 0.12334495107550518, 0.01823388306129815, 0.08987184222649462, 0.17651125700036224, 0.0, 0.0, 0.0, 0.0, 0.0, 0.0, 0.0, 0.0, 0.0, 0.0, 0.0, 0.0, 0.0, 0.0, 0.0, 0.0, 0.0, 0.0, 0.0, 0.0, 0.0, 0.0, 0.0, 0.0, 0.0, 0.0, 0.0, 0.0, 0.0, 0.0, 0.0, 0.0, 0.0, 0.0, 0.0, 0.0, 0.0, 0.0, 0.0, 0.0, 0.0, 0.0, 0.0, 0.0, 0.0, 0.0, 0.0, 0.0, 0.0, 0.0, 0.0, 0.0, 0.0, 0.0, 0.0, 0.0, 0.0, 0.0, 0.0],"final_V" => Dict{Int64,Any}(1 => [0.0, 0.09167522631485271, 0.02287115812305435, 0.12834806240440483, 0.0052197798598631814, 0.18121094573697236, 0.01914197406870322]),"nparticles" => 15,"trial_by_trial_p_sa_max" => [0.5, 0.5, 0.5, 0.5, 0.5, 0.8027049009096728, 0.1381936374370704, 0.5, 0.4997832995785904, 0.8614860707035898, 0.35854570511858663, 0.915863900887292, 0.34682693667368997, 0.8555112968035986, 0.9420968001639136, 0.7731907695325247, 0.909845165094347, 0.9554403161484443, 0.9019738502285529, 0.9337056636075222, 0.9636323849221027, 0.13819342142155955, 0.9635999345227031, 0.8669749824279892, 0.9421271015189217, 0.9691783129542764, 0.9157749669462617, 0.9527760511005724, 0.9732296364153791, 0.9052118372593558, 0.9326971010508932, 0.9600609817985911, 0.9763107060706002, 0.921747837594986, 0.8267582298587087, 0.9401540282380558, 0.965370335685681, 0.9787352401170124, 0.9491648040999167, 0.969417066749145, 0.9160726764182748, 0.9556899180901978, 0.972548938293189, 0.9806942079074005, 0.9439129387144597, 0.975134637203883, 0.9421322058862079, 0.9608074227835232, 0.977235450874948, 0.9823107296789435, 0.9518247033889916, 0.9790317895475208, 0.955416506944922, 0.9648654534225837, 0.9805395177584659, 0.9836678504582665, 0.9577828415438203, 0.9805492273172005, 0.9836424462578262, 0.966461801410024, 0.9818684739703343, 0.9635840736055074, 0.9694429982526331, 0.9830025303445876, 0.9848017805165099, 0.9624834837082803, 0.984014138121718, 0.969145752653573, 0.9662039511264229, 0.9848991134735116, 0.985801023379674, 0.9692856418284365, 0.7987516782031705, 0.9866713059510109, 0.9719671871539123, 0.9856995759851932, 0.973188674191043, 0.9740868040417978, 0.9864094995351441, 0.9874361879951139, 0.9759311405031841, 0.9718259828029356, 0.9870598575450733, 0.9881137864717275, 0.9740054253854629, 0.9876501136027976, 0.9762653402353791, 0.9758449588502593, 0.9881798962856536, 0.9887182797964591, 0.9771655750717672, 0.988672504186302, 0.9786877366316936, 0.9785954466759005, 0.989118328002639, 0.9892609252080456, 0.9798736113940977, 0.9895356839045407, 0.9806458967889408, 0.9809924234197458, 0.9899160529495393, 0.9897507698009486, 0.9820065289369239, 0.9902741892410476, 0.9822624086706795, 0.9829058975699176, 0.9906025333051407, 0.9901951804100915, 0.9774629705216381, 0.9909132298154529, 0.9836199776700963, 0.9788702939512878, 0.9911995407328557, 0.9906002151430433, 0.9837301683612696, 0.9914716413858148, 0.984776517486921, 0.9801273889248114, 0.9917235129984966, 0.9909708939928271, 0.9812441654000136, 0.9919637901868698, 0.9857738346245976, 0.9844710187651347, 0.9921870791234052, 0.9913114166552375, 0.9822295121822017, 0.9924008076774117, 0.9866428114873831, 0.9831174908846134, 0.9926001212295963, 0.991625323772211, 0.9851575150179416, 0.9927914694097125, 0.987406835018833, 0.9857797973331408, 0.9929704709926693, 0.9919156215308507, 0.9863587754797325, 0.9931427783058175, 0.988083902315595, 0.9839304453600405, 0.9933044196895319, 0.9921848789896686, 0.9868860103109454, 0.9934603921538065, 0.9886881022663739, 0.9846711680179423, 0.9936070811261664, 0.9924353048585891, 0.987374592718914, 0.9937489345868201, 0.9892306354034676, 0.9878286075223757, 0.9938826525273806, 0.9926688086261048, 0.985347153915237, 0.9940122192987901, 0.9897205086378684, 0.9859602939351695, 0.9941346120022413, 0.9928870496377573, 0.9865304091547469, 0.9942534204508533, 0.9882559272773123, 0.9942515983715042, 0.993091476811108, 0.9886552898606268, 0.9943656745254148, 0.9901650519183255, 0.9890236241220539, 0.9944735684561831, 0.9932833610090213, 0.9868565624763981, 0.994578721598715, 0.9905702919032868, 0.9873528654195884, 0.9946783460408984, 0.9934638216086992, 0.9893730975433623, 0.9878186156202771, 0.9947755818775896, 0.993633848446368, 0.9896255363144985, 0.9909412298262609, 0.9882513648711403, 0.9948692210226682, 0.9937943200509356],"final_Tsas" => Dict{Tuple{Int64,Int64},Float64}[Dict((1, 6) => 0.6676085240297975,(2, 3) => 0.05301076612037966,(2, 6) => 0.14285714285714285,(2, 2) => 0.03721728106601972,(2, 1) => 1.0,(2, 5) => 0.12968945761170575,(1, 7) => 0.14285714285714285,(1, 4) => 0.13595521163154936,(1, 3) => 0.13595521163154936,(2, 4) => 0.6111642346255746,(1, 1) => 1.0,(1, 2) => 0.13595521163154936,(2, 7) => 0.05674546859569484,(1, 5) => 0.13641534037992226), Dict((1, 6) => 0.049964961311890474,(2, 3) => 0.595110908267015,(2, 6) => 0.14285714285714285,(2, 2) => 0.03721728106601972,(2, 1) => 0.0,(2, 5) => 0.12968945761170575,(1, 7) => 0.14285714285714285,(1, 4) => 0.13595521163154936,(1, 3) => 0.13595521163154936,(2, 4) => 0.0648059608957376,(1, 1) => 0.0,(1, 2) => 0.13595521163154936,(2, 7) => 0.6393619206263823,(1, 5) => 0.13641534037992226), Dict((1, 6) => 0.049964961311890474,(2, 3) => 0.05301076612037966,(2, 6) => 0.14285714285714285,(2, 2) => 0.04889960879442647,(2, 1) => 0.0,(2, 5) => 0.12968945761170575,(1, 7) => 0.14285714285714285,(1, 4) => 0.13595521163154936,(1, 3) => 0.13595521163154936,(2, 4) => 0.0648059608957376,(1, 1) => 0.0,(1, 2) => 0.13595521163154936,(2, 7) => 0.05674546859569484,(1, 5) => 0.13641534037992226), Dict((1, 6) => 0.049964961311890474,(2, 3) => 0.08622683006449065,(2, 6) => 0.14285714285714285,(2, 2) => 0.3078926462383804,(2, 1) => 0.0,(2, 5) => 0.12968945761170575,(1, 7) => 0.14285714285714285,(1, 4) => 0.13595521163154936,(1, 3) => 0.18426873021070375,(2, 4) => 0.0648059608957376,(1, 1) => 0.0,(1, 2) => 0.13595521163154936,(2, 7) => 0.05674546859569484,(1, 5) => 0.18150795772046635), Dict((1, 6) => 0.0648109463481373,(2, 3) => 0.05301076612037966,(2, 6) => 0.14285714285714285,(2, 2) => 0.03721728106601972,(2, 1) => 0.0,(2, 5) => 0.12968945761170575,(1, 7) => 0.14285714285714285,(1, 4) => 0.13595521163154936,(1, 3) => 0.13595521163154936,(2, 4) => 0.0648059608957376,(1, 1) => 0.0,(1, 2) => 0.18426873021070375,(2, 7) => 0.07691073639514359,(1, 5) => 0.13641534037992226), Dict((1, 6) => 0.049964961311890474,(2, 3) => 0.05301076612037966,(2, 6) => 0.14285714285714285,(2, 2) => 0.4943386207031141,(2, 1) => 0.0,(2, 5) => 0.22186325432976525,(1, 7) => 0.14285714285714285,(1, 4) => 0.13595521163154936,(1, 3) => 0.13595521163154936,(2, 4) => 0.0648059608957376,(1, 1) => 0.0,(1, 2) => 0.13595521163154936,(2, 7) => 0.05674546859569484,(1, 5) => 0.13641534037992226), Dict((1, 6) => 0.06772068437450357,(2, 3) => 0.10661919718697593,(2, 6) => 0.14285714285714285,(2, 2) => 0.03721728106601972,(2, 1) => 0.0,(2, 5) => 0.12968945761170575,(1, 7) => 0.14285714285714285,(1, 4) => 0.18426873021070375,(1, 3) => 0.13595521163154936,(2, 4) => 0.0648059608957376,(1, 1) => 0.0,(1, 2) => 0.13595521163154936,(2, 7) => 0.05674546859569484,(1, 5) => 0.13641534037992226)],"gamma_surprise" => [0.027605621822624476, 0.027605621822624476, 0.027605621822624476, 0.027605621822624476, 0.027605621822624476, 0.021535282911658637, 0.027605621822624476, 0.027605621822624476, 0.027605621822624476, 0.018358999654115464, 0.021535282911658637, 0.021535282911658637, 0.027605621822624476, 0.0179516570549409, 0.0179516570549409, 0.021535282911658637, 0.015586491725445819, 0.015586491725445819, 0.0158234629786006, 0.01390865277005946, 0.03293268520339933, 0.027605621822624476, 0.014556938677704157, 0.0179516570549409, 0.012656541378636095, 0.013281812367253927, 0.014060298646890925, 0.011686366603659938, 0.012213853769054678, 0.031676741968159526, 0.012760366243435928, 0.010912539384023605, 0.01136861821502627, 0.032932685203399314, 0.021855679931184455, 0.016841736232706066, 0.010280930808718917, 0.010682619264871147, 0.014980773652495335, 0.03962597651902915, 0.018531714984884002, 0.01359157095492884, 0.010105271664098189, 0.010114516614782456, 0.011761121921946399, 0.032050117797232415, 0.0160336398354678, 0.012514926891395361, 0.009947833651334084, 0.009636197682210757, 0.010968502767244091, 0.027021530769298356, 0.01428793701779639, 0.011656029686720004, 0.009791463336739142, 0.04344915308295126, 0.010324145985108356, 0.00940139787587478, 0.009518097303291916, 0.010954893160161744, 0.024685098021898572, 0.01290919112353237, 0.010371711683986398, 0.009318727391010672, 0.009145690428006526, 0.009789858291105681, 0.022156465596898742, 0.011864697712833976, 0.009339568610255875, 0.00926774618520781, 0.008841979874431286, 0.04228320128003505, 0.021535282911658637, 0.008552861835892487, 0.009879032132402214, 0.020327253531068346, 0.011044046165099, 0.009457307304332153, 0.009200227222974698, 0.00829663723763094, 0.03524172293404243, 0.009245181336396298, 0.0089236082341798, 0.008067977562350595, 0.008893036272577051, 0.019344773450682636, 0.010381289191339424, 0.008585611845137526, 0.008884211025617601, 0.007862649335234449, 0.009365239335116174, 0.01824914694833182, 0.009834361600136125, 0.009049891787961194, 0.008846392532283965, 0.007689562260856491, 0.008750397226826138, 0.01738439832605, 0.009375063903412756, 0.0084846611816712, 0.008809755540939511, 0.007531209309220854, 0.008247271586096033, 0.01657749148806811, 0.009002446412250675, 0.008033916370061346, 0.008763215685587562, 0.007375511902648803, 0.008314881823400143, 0.01597001486720215, 0.008686315345764984, 0.00807463547643329, 0.008733516407533639, 0.007233115104019372, 0.007841117104035959, 0.015382813229809666, 0.00838536249306806, 0.007859990940290643, 0.00870614857867785, 0.007102379979818775, 0.007667057364130281, 0.014877114056816937, 0.008141738524856194, 0.007676749857804071, 0.008668978421731007, 0.006981926857149572, 0.007505093102569218, 0.014448861640190738, 0.00790579401582979, 0.007345411566744771, 0.008673915609376703, 0.006870585912496659, 0.0075158515050181415, 0.014059046651293657, 0.007695738975921551, 0.007368564838549357, 0.008651625747387703, 0.006767358663528414, 0.007233230064265729, 0.013714179189937933, 0.007514103264018198, 0.007199827019840854, 0.008620393277821077, 0.006671387653078057, 0.007108447151160378, 0.013445998377262923, 0.007343123539084834, 0.007066548087441672, 0.008601965974444818, 0.006581932359140406, 0.0069996520671197614, 0.013165258249768068, 0.007188375991767398, 0.006891767399262475, 0.008584634472975443, 0.006498349886703548, 0.006944075092611807, 0.012912488692068541, 0.007047625281665777, 0.006831142915501404, 0.008558178150845452, 0.006420079368190988, 0.006726676796596573, 0.08908569725482245, 0.00679751398800725, 0.008527404689517902, 0.00634662926629336, 0.00670352935854393, 0.013071319379738468, 0.006919033678725795, 0.006615738965230991, 0.008503974182155023, 0.006277566967433206, 0.0066297577831883605, 0.012875253399441221, 0.006801075323504847, 0.006539595447660579, 0.008491057655809538, 0.006212510197302746, 0.04226336606439145, 0.006455506150737242, 0.00837287567108694, 0.0061511198964439885, 0.05443343643078925, 0.006692472017545587, 0.0063768955765794635, 0.008251813225125202, 0.006093094273853717],"final_PolicyParameters" => Dict{Int64,Any}(1 => [0.0 0.0; 0.40241220957982904 1.2844624119025903; 0.10560746565754235 0.8726417421704258; 0.13774975904261796 0.9276419434422851; 0.30536929928049966 0.6625974979941748; 0.8512612831518905 0.0; 0.0 0.7454561559857051]),"particlefilterseeds" => [1, 2, 3])
POPULATION_SIGNALS
subject_id: 10
algorithm_name: Actor-Critic (TD-Lambda, ReplTrc) modulated Actor
param_string: alpha(actor)=0.7972,
                surpriseprobability=0.0043,
                stochasticity=2.7816,
                eta(critic)=0.0,
                gamma=0.9966,
                lambda_actor=0.7939,
                lambda_critic=0.305,
                temp=0.392,
                nparticles=15,
                init_policy=nothing,
                init_Vs=nothing,
                use_replacing_trace=true
param_vector: [0.7972414808175023, 0.004336552046615557, 2.7816353998652787, 3.24411867293681e-5, 0.9966448663088217, 0.7939275473003868, 0.3049775441960644, 0.39196929107560724, 15.0]
LL: -21.162
RPE
[0.0, 0.0, 1.0, 0.0, 0.0, 0.0, -0.0, 0.0, 1.0, 0.0, 0.0, 1.0, 0.0, 0.0, 1.0, 0.0, 0.0, 1.0, 0.0, 0.0, -0.0, 0.0, 1.0, 0.0, 0.0, 1.0, 0.0, 0.0, 1.0, 0.0, 0.0, 0.0, 1.0, 0.0, 1.0, 0.0, 0.0, 1.0, 0.0, -0.0, 1.0, 0.0, 0.0, 1.0, 0.0, -0.0, 1.0, 0.0, 0.0, 1.0, 0.0, 0.0, 1.0, 0.0, 0.0, -0.0, 0.0, 0.0, 1.0, 0.0, 0.0, 1.0, 0.0, 0.0, 1.0, 0.0, 0.0, 1.0, 0.0, 0.0, 1.0, -0.0, 0.0, 1.0, 0.0, 0.0, 1.0, 0.0, 0.0, 1.0, -0.0, 0.0, 0.0, 0.999, 0.0, 0.0, 1.0, 0.0, 0.0, 0.999, 0.0, 0.0, 1.0, 0.0, 0.0, 0.999, 0.0, 0.0, 1.0, 0.0, 0.0, 0.999, 0.0, 0.0, 1.0, 0.0, 0.0, 0.999, 0.0, 0.0, 1.0, 0.0, 0.0, 0.999, 0.0, 0.0, 1.0, 0.0, 0.0, 0.999, 0.0, 0.0, 1.0, 0.0, 0.0, 0.999, 0.0, 0.0, 1.0, 0.0, 0.0, 0.999, 0.0, 0.0, 0.999, 0.0, 0.0, 0.999, 0.0, 0.0, 0.999, 0.0, 0.0, 0.999, 0.0, 0.0, 0.999, 0.0, 0.0, 0.999, 0.0, 0.0, 0.999, 0.0, 0.0, 0.999, 0.0, 0.0, 0.999, 0.0, 0.0, 0.999, 0.0, -0.0, 0.0, 0.001, 0.999, 0.0, 0.0, 0.999, 0.0, 0.001, 0.999, 0.0, 0.0, 0.999, 0.0, 0.001, 0.999, -0.0, 0.0, 0.001, 0.999, 0.001, 0.999, 0.0, 0.001, 0.999]
SPE
[0.857, 0.857, 0.857, 0.857, 0.857, 0.818, 0.857, 0.857, 0.857, 0.782, 0.815, 0.815, 0.857, 0.777, 0.777, 0.815, 0.743, 0.743, 0.746, 0.711, 0.881, 0.857, 0.722, 0.777, 0.682, 0.694, 0.714, 0.655, 0.667, 0.876, 0.684, 0.63, 0.643, 0.881, 0.815, 0.764, 0.608, 0.62, 0.734, 0.902, 0.777, 0.706, 0.6, 0.599, 0.657, 0.876, 0.743, 0.68, 0.595, 0.579, 0.632, 0.852, 0.711, 0.656, 0.589, 0.911, 0.609, 0.572, 0.574, 0.634, 0.837, 0.682, 0.613, 0.568, 0.557, 0.587, 0.818, 0.655, 0.567, 0.566, 0.541, 0.909, 0.815, 0.526, 0.594, 0.802, 0.63, 0.576, 0.562, 0.511, 0.887, 0.563, 0.549, 0.497, 0.546, 0.793, 0.608, 0.529, 0.547, 0.484, 0.571, 0.779, 0.586, 0.555, 0.545, 0.472, 0.54, 0.767, 0.566, 0.525, 0.543, 0.46, 0.512, 0.756, 0.548, 0.499, 0.541, 0.449, 0.514, 0.746, 0.53, 0.499, 0.539, 0.439, 0.487, 0.737, 0.514, 0.486, 0.538, 0.428, 0.473, 0.728, 0.499, 0.475, 0.536, 0.419, 0.46, 0.72, 0.484, 0.449, 0.535, 0.409, 0.464, 0.712, 0.471, 0.453, 0.534, 0.401, 0.443, 0.705, 0.458, 0.438, 0.533, 0.392, 0.433, 0.699, 0.445, 0.427, 0.532, 0.384, 0.424, 0.693, 0.434, 0.415, 0.531, 0.376, 0.417, 0.687, 0.423, 0.407, 0.53, 0.369, 0.398, 0.959, 0.406, 0.529, 0.361, 0.398, 0.69, 0.412, 0.391, 0.528, 0.354, 0.389, 0.685, 0.402, 0.381, 0.527, 0.348, 0.907, 0.373, 0.52, 0.341, 0.928, 0.393, 0.365, 0.513, 0.335]
action_selection_prob
[0.5, 0.5, 0.5, 0.5, 0.5, 0.653, 0.31, 0.5, 0.5, 0.727, 0.482, 0.734, 0.422, 0.681, 0.825, 0.603, 0.781, 0.871, 0.79, 0.835, 0.897, 0.31, 0.897, 0.716, 0.857, 0.915, 0.817, 0.883, 0.928, 0.783, 0.849, 0.901, 0.937, 0.818, 0.649, 0.858, 0.914, 0.944, 0.878, 0.924, 0.79, 0.894, 0.932, 0.95, 0.872, 0.939, 0.852, 0.906, 0.944, 0.954, 0.889, 0.949, 0.886, 0.916, 0.953, 0.958, 0.902, 0.953, 0.958, 0.92, 0.956, 0.907, 0.927, 0.959, 0.962, 0.913, 0.961, 0.922, 0.921, 0.964, 0.964, 0.928, 0.576, 0.967, 0.933, 0.966, 0.933, 0.938, 0.967, 0.969, 0.943, 0.934, 0.969, 0.971, 0.939, 0.97, 0.941, 0.943, 0.972, 0.972, 0.946, 0.973, 0.947, 0.949, 0.974, 0.974, 0.952, 0.975, 0.952, 0.955, 0.976, 0.975, 0.957, 0.977, 0.956, 0.959, 0.978, 0.976, 0.947, 0.979, 0.96, 0.95, 0.979, 0.977, 0.961, 0.98, 0.963, 0.953, 0.981, 0.978, 0.956, 0.981, 0.966, 0.963, 0.982, 0.979, 0.958, 0.982, 0.968, 0.96, 0.983, 0.98, 0.965, 0.983, 0.97, 0.966, 0.984, 0.981, 0.968, 0.984, 0.972, 0.962, 0.984, 0.982, 0.969, 0.985, 0.973, 0.964, 0.985, 0.982, 0.97, 0.986, 0.975, 0.971, 0.986, 0.983, 0.965, 0.986, 0.976, 0.967, 0.986, 0.983, 0.968, 0.987, 0.972, 0.987, 0.984, 0.973, 0.987, 0.977, 0.974, 0.987, 0.985, 0.969, 0.988, 0.978, 0.97, 0.988, 0.985, 0.975, 0.971, 0.988, 0.985, 0.975, 0.979, 0.972, 0.988, 0.986]
results_dict
Dict{String,Any}("Surprise" => [1.0000000000000002, 1.0000000000000002, 1.0000000000000002, 1.0000000000000002, 1.0000000000000002, 0.785205637862483, 1.0000000000000002, 1.0000000000000002, 1.0000000000000002, 0.6548938123554949, 0.773340693506996, 0.773340693506996, 1.0000000000000002, 0.6414854812363958, 0.6414854812363958, 0.773340693506996, 0.5552420044528426, 0.5552420044528426, 0.5629422405064433, 0.4944329462714055, 1.2054289974366323, 1.0000000000000002, 0.5140382018463714, 0.6414854812363958, 0.44925275144753235, 0.46629043781324436, 0.49931708909979317, 0.4143622561537865, 0.42941736639846867, 1.154071748077475, 0.4525751907923216, 0.38660563855379065, 0.4000837497538522, 1.2054289974366328, 0.773340693506996, 0.6046595595136376, 0.3639978905956569, 0.3761917269331627, 0.5365635340821213, 1.462215244232424, 0.6414854812363958, 0.48596923468436337, 0.35735334574051164, 0.3563556845371166, 0.4167427795136868, 1.1485081910495556, 0.5552420044528426, 0.446897686367465, 0.35291302004094627, 0.3396236353523273, 0.38838093526107453, 0.9681032508232442, 0.4944329462714055, 0.4158148938607529, 0.34799241461879327, 1.6118001029956341, 0.3653645774687043, 0.3340113091773459, 0.33565965866866293, 0.3904979784875043, 0.8748717121537744, 0.44925275144753235, 0.36947875431144556, 0.330927861190689, 0.32259203514618906, 0.34630757514597377, 0.7865670316565038, 0.4143622561537865, 0.3302663036063138, 0.328993620038052, 0.3111805905150635, 1.5620128660928407, 0.773340693506996, 0.3011292540376858, 0.35174850271494845, 0.7222234698267933, 0.38660563855379065, 0.33659127689979984, 0.3265280050336519, 0.29220855642913324, 1.2644358575751709, 0.3270077063789404, 0.31664293124431026, 0.2842378993898243, 0.31447239665483134, 0.688855868512291, 0.36399789059565696, 0.30353808852814823, 0.3150615417524351, 0.27707320299376004, 0.3331493714671995, 0.6476512227857529, 0.34522793716957806, 0.3210915445190696, 0.31363413009810004, 0.2705981194781237, 0.310470744018103, 0.6140892439456951, 0.3293950028085676, 0.30104452435991413, 0.31233923442116346, 0.26471766729421853, 0.29262207455003697, 0.5862239550649043, 0.31585975430291857, 0.28505116705601286, 0.31115920716251705, 0.2593535417582078, 0.2939159566118747, 0.5627183541712273, 0.30415586587881666, 0.2853828145197567, 0.3100794031704515, 0.2544406088033812, 0.27820887474056827, 0.5426234803722654, 0.29393520629983216, 0.27776344479347065, 0.3090875668529793, 0.2499242476465974, 0.2709183526014434, 0.5252471583069698, 0.2849326234261808, 0.27199484492147297, 0.30817336364310327, 0.24575831187933814, 0.2647350932113409, 0.5100726439778425, 0.2769426114068074, 0.2591220116556625, 0.3073280176051419, 0.2419035473438224, 0.26632634484245343, 0.4967063570929049, 0.26980343179358673, 0.26113455714958483, 0.30654402813570125, 0.23832635170035554, 0.2563617722875701, 0.48484324967176345, 0.2633860509061952, 0.25400364576375906, 0.30581494631662276, 0.23499779258298292, 0.2519592342922101, 0.47424323785716926, 0.25758627116172733, 0.24931729835737187, 0.30513519675649775, 0.2318928235637881, 0.24788546919884993, 0.4647147821057264, 0.2523190299193507, 0.24410497446446822, 0.3044999344761708, 0.22898965294250734, 0.24501044551972959, 0.45610320795471004, 0.24751419983841388, 0.24103875214094908, 0.3039049290484361, 0.22626923170124036, 0.23736453485655595, 3.510280460655578, 0.24058718160104392, 0.3033463686190462, 0.22371483517843582, 0.23730562780348644, 0.4614011202644676, 0.24311344878737948, 0.23443937427023415, 0.30282119124516543, 0.22131171904228802, 0.23395555889048045, 0.4536907255912705, 0.23906786001518812, 0.23078408708392265, 0.3023264029853384, 0.21904683461037439, 1.5357676917636633, 0.2278261214887161, 0.2978471517830116, 0.2169085919055617, 1.9796107304681947, 0.23533610616537037, 0.22506079349518024, 0.29361301550744956, 0.21488666136338674],"trialByTrial_Vs" => [0.0, 0.0, 0.0, 0.0, 0.0, 2.9971834568972844e-6, 9.860638325553667e-6, 0.0, 1.3470376057045667e-10, 3.908314621222964e-6, 1.2857501892561837e-5, 3.24411867293681e-5, 8.420724032707581e-8, 2.27184521142376e-5, 6.488132102813979e-5, 3.0823416512708457e-6, 3.257981142007785e-5, 9.732040293045717e-5, 6.9058818030756294e-6, 4.2441579773162275e-5, 0.00012975843247046124, 9.860638328580684e-6, 0.0001297557197081078, 6.080821971690398e-6, 4.335446235874395e-5, 0.00016219269700794363, 7.184504594473087e-6, 5.3217338960348195e-5, 0.00019462862201374197, 9.07989024445856e-6, 1.0183980247514689e-5, 6.308062448903289e-5, 0.00022706349475964043, 9.991733619617328e-6, 3.244132142875872e-5, 1.9852776813243683e-5, 7.294431890788588e-5, 0.0002594973152797756, 2.2852727868600977e-5, 8.2808422179997e-5, 6.48814557231606e-5, 2.58514739666493e-5, 9.266783209892461e-5, 0.000291930083608283, 1.3183801781055996e-5, 0.00010253202433642738, 9.732053762110831e-5, 2.8851895165943885e-5, 0.00011239152335973718, 0.00032436179977929683, 1.6183526344456e-5, 0.00012225580453321106, 0.00012975856715674285, 3.185288377362076e-5, 0.00013211539263147882, 0.0003567924638269504, 1.9183818383959154e-5, 0.00013211965007578475, 0.00035678328832719464, 3.1941614243002976e-5, 0.000141984019789851, 0.0001621955443642041, 3.494205995463752e-5, 0.00015184369679555052, 0.0003892129005832842, 2.2185785393457327e-5, 0.000161708155408433, 0.0001946314692776308, 2.5187212380096705e-5, 0.00017156792143026574, 0.000421641460784267, 2.8190314125112572e-5, 1.9723872557350274e-5, 0.000454068968964273, 3.794418050478565e-5, 0.000181432468890896, 0.00022706634193116066, 4.094576105153568e-5, 0.0001912923238994458, 0.0004864954251574309, 4.394923778810766e-5, 3.119012774335596e-5, 0.0002011576888561356, 0.0005189208293978685, 3.4194364133354096e-5, 0.00021102346242276115, 0.0002595001623589302, 3.719695282367155e-5, 0.00022088308630757278, 0.0005513451817197124, 4.486197105282154e-5, 0.00023074894858934032, 0.0002919329305950749, 4.7864878466438225e-5, 0.00024060866137553586, 0.0005837684821570879, 5.08699033718408e-5, 0.0002504746123430457, 0.00032436464667372916, 5.38732806709346e-5, 0.0002603344140012203, 0.0006161907307441197, 5.687877538390126e-5, 0.00027020045362507534, 0.0003567953106290261, 5.988262253479037e-5, 0.0002800603441258267, 0.0006486119275149309, 4.020165907878546e-5, 0.00028992647237663263, 0.0003892249224950979, 4.320671203865491e-5, 0.0002997864516905612, 0.0006810320725036435, 6.288858702164187e-5, 0.0003096526685389263, 0.00042165348230607563, 4.621388223270237e-5, 0.0003195127366366352, 0.0007134511657443789, 4.9221619588251956e-5, 0.0003293790420531704, 0.00045408099009608914, 6.589356877098258e-5, 0.0003392391989052654, 0.0007458692072712568, 5.222770948737188e-5, 0.00034910559286058435, 0.0004865074458992673, 5.523436663930336e-5, 0.000358965838437674, 0.0007782861971183961, 6.890133240861945e-5, 0.000368832320902393, 0.0005189328497497377, 7.190811341916913e-5, 0.00037869265517508836, 0.0008107021353199146, 7.491701135718516e-5, 0.0003885592261198265, 0.0005513572016816272, 5.824314078538008e-5, 0.0003984196490587414, 0.000843117021909929, 7.792426197950003e-5, 0.00040828630845412026, 0.000583780501729061, 6.125314673619494e-5, 0.00041814682002987115, 0.0008755308569225545, 8.093207980736055e-5, 0.0004280135678465151, 0.0006162027499261635, 8.394046481916017e-5, 0.0004378741680297212, 0.0009079436403919059, 6.426371974051144e-5, 0.0004477410042382572, 0.0006486239463070582, 6.727331025160455e-5, 0.0004576016929995402, 0.0009403553723520962, 7.028501734839184e-5, 0.000467468617570598, 8.69509665184168e-5, 0.00046746000022219563, 0.0009727660528372379, 8.996247803780734e-5, 0.00047732733330128256, 0.000681044090905867, 9.297212114752858e-5, 0.0004871877907828292, 0.0010051756818814418, 7.057232473583653e-5, 0.0004970552121685656, 0.0007134631837567111, 7.358326163862911e-5, 0.0005069157581665649, 0.0010375842595188181, 9.598410214119086e-5, 7.659653631355686e-5, 0.0005167832678295878, 0.0010699917857834758, 9.689946762217438e-5, 0.0007458812248937104, 7.961015632946454e-5, 0.0005266511856312208, 0.0011023982607095224, 0.0, 0.0, 0.0, 0.0, 0.0, 0.0, 0.0, 0.0, 0.0, 0.0, 0.0, 0.0, 0.0, 0.0, 0.0, 0.0, 0.0, 0.0, 0.0, 0.0, 0.0, 0.0, 0.0, 0.0, 0.0, 0.0, 0.0, 0.0, 0.0, 0.0, 0.0, 0.0, 0.0, 0.0, 0.0, 0.0, 0.0, 0.0, 0.0, 0.0, 0.0, 0.0, 0.0, 0.0, 0.0, 0.0, 0.0, 0.0, 0.0, 0.0, 0.0, 0.0, 0.0, 0.0, 0.0, 0.0, 0.0, 0.0, 0.0],"final_V" => Dict{Int64,Any}(1 => [0.0, 0.0005365195115345985, 0.0001067737236360243, 0.0007782982143509838, 2.959407472048532e-5, 0.0011348036843310647, 8.262412167713943e-5]),"nparticles" => 15,"trial_by_trial_p_sa_max" => [0.5, 0.5, 0.5, 0.5, 0.5, 0.6533841547117566, 0.3097723840976247, 0.5, 0.4999994372490119, 0.7274423409175385, 0.48152365377627376, 0.7335160141443056, 0.42212264799681537, 0.680845851804637, 0.825301781459475, 0.6034310957241122, 0.7807169577224756, 0.8706795814363371, 0.7904428547018639, 0.8350551623858838, 0.897461327054606, 0.3097723840916354, 0.8974608436176512, 0.7157701300503876, 0.8566463450750619, 0.9150852759987529, 0.8167247109287344, 0.8826673085482998, 0.9275521932954189, 0.7832654200997751, 0.8490627875075242, 0.9008224557382274, 0.936832404752169, 0.8179934709029505, 0.6492223085699205, 0.8575061466927081, 0.914175206470801, 0.9440076393520617, 0.8782422871994566, 0.924393385835651, 0.7902847718596303, 0.8938322913380002, 0.9324475361560772, 0.949720383994355, 0.872043076313205, 0.9389711015579847, 0.8521990604325325, 0.9059778017918827, 0.944348852623484, 0.9543760455875518, 0.8891109779800119, 0.9488652998455473, 0.8861290473132262, 0.9156790694284084, 0.9527047916690077, 0.9582429776118309, 0.9022602211835374, 0.952704913594105, 0.9582426149466723, 0.9196916790507231, 0.9560131928213877, 0.9074471199956838, 0.9269140888238568, 0.9588893960570114, 0.9615053941457128, 0.9126858892580145, 0.9614155550196795, 0.9220608973296026, 0.9211346576713647, 0.963649415558057, 0.9642953638805303, 0.9281197578855297, 0.5761953053208294, 0.9667083082337864, 0.9329655765142069, 0.9656406577489698, 0.932696653573118, 0.9381022849569032, 0.9674251266284773, 0.968815785491261, 0.942518705040256, 0.9339844681088093, 0.9690347104868922, 0.970672328926669, 0.9389766035901933, 0.970493237898428, 0.940781638612771, 0.9432734626130634, 0.9718203814606355, 0.9723202241549326, 0.9455735770594965, 0.9730341250154403, 0.9471341764869158, 0.9490269444639001, 0.9741474860724109, 0.9737927637635719, 0.9520734474042928, 0.9751731694692803, 0.9522567229397324, 0.95477862335506, 0.9761204480828582, 0.9751165167447567, 0.9571980588472471, 0.976998552700179, 0.9564747175291567, 0.9593731265428507, 0.9778142619909256, 0.976312943864139, 0.9470128872407803, 0.9785744449979121, 0.9600081705957997, 0.9502940728521999, 0.9792841681352753, 0.9773995687611652, 0.9613400500524085, 0.9799486495664308, 0.9630111325674678, 0.9531970557130045, 0.9805717492975512, 0.9783908410547744, 0.9557825990863634, 0.9811575033614196, 0.9655946768947495, 0.9631262752378649, 0.981708902322609, 0.9792987819708876, 0.9580992037980122, 0.9822291177024152, 0.9678409037194464, 0.9601870717606199, 0.9827205009101837, 0.9801334738360996, 0.9647562942309826, 0.9831855793691454, 0.9698118051302717, 0.9662489763394517, 0.9836262263017973, 0.9809034357755841, 0.9676213996907685, 0.9840444812537081, 0.9715550641252442, 0.9620786472705443, 0.9844418540501286, 0.9816159153237206, 0.9688869908266234, 0.9848200091841506, 0.9731079567708399, 0.9637999434431583, 0.9851801764190344, 0.9822771171118457, 0.9700579525964484, 0.9855237280656995, 0.9745000437737037, 0.9711444728477686, 0.9858516753054247, 0.9828923839215825, 0.9653728070632566, 0.9861651600682192, 0.9757550679770522, 0.9668153532359114, 0.9864650209732897, 0.9834663412897667, 0.9681434409883802, 0.9867522162984297, 0.9721554759022693, 0.986752189706978, 0.9840030139466629, 0.9730984208523232, 0.9870274651413048, 0.9768923182282631, 0.973979753855469, 0.9872914990372255, 0.984505920286421, 0.9689169688240574, 0.9875450507950909, 0.9779276268275244, 0.970085908300515, 0.9877886518045503, 0.9849781495572307, 0.974805578401762, 0.9711707591713337, 0.9880229513562545, 0.9854224253494435, 0.9754209689615454, 0.9788741104648516, 0.9721800940698861, 0.9882484374472433, 0.9858411581375257],"final_Tsas" => Dict{Tuple{Int64,Int64},Float64}[Dict((1, 6) => 0.670779596837384,(2, 3) => 0.05208863701635572,(2, 6) => 0.14285714285714285,(2, 2) => 0.03643077366875845,(2, 1) => 1.0,(2, 5) => 0.12955043487973136,(1, 7) => 0.14285714285714285,(1, 4) => 0.13587878234940565,(1, 3) => 0.13587878234940565,(2, 4) => 0.6160741533997461,(1, 1) => 1.0,(1, 2) => 0.13587878234940565,(2, 7) => 0.05627147200648053,(1, 5) => 0.13587878234940565), Dict((1, 6) => 0.04938548192323301,(2, 3) => 0.5938386587008972,(2, 6) => 0.14285714285714285,(2, 2) => 0.03643077366875845,(2, 1) => 0.0,(2, 5) => 0.12955043487973136,(1, 7) => 0.14285714285714285,(1, 4) => 0.13587878234940565,(1, 3) => 0.13587878234940565,(2, 4) => 0.06398764110004225,(1, 1) => 0.0,(1, 2) => 0.13587878234940565,(2, 7) => 0.6421415318236103,(1, 5) => 0.13587878234940565), Dict((1, 6) => 0.04938548192323301,(2, 3) => 0.05208863701635572,(2, 6) => 0.14285714285714285,(2, 2) => 0.04952766396233281,(2, 1) => 0.0,(2, 5) => 0.12955043487973136,(1, 7) => 0.14285714285714285,(1, 4) => 0.13587878234940565,(1, 3) => 0.13587878234940565,(2, 4) => 0.06398764110004225,(1, 1) => 0.0,(1, 2) => 0.13587878234940565,(2, 7) => 0.05627147200648053,(1, 5) => 0.13587878234940565), Dict((1, 6) => 0.04938548192323301,(2, 3) => 0.08954044469674298,(2, 6) => 0.14285714285714285,(2, 2) => 0.3114654698338203,(2, 1) => 0.0,(2, 5) => 0.12955043487973136,(1, 7) => 0.14285714285714285,(1, 4) => 0.13587878234940565,(1, 3) => 0.18472730590356617,(2, 4) => 0.06398764110004225,(1, 1) => 0.0,(1, 2) => 0.13587878234940565,(2, 7) => 0.05627147200648053,(1, 5) => 0.18472730590356617), Dict((1, 6) => 0.06453887597747493,(2, 3) => 0.05208863701635572,(2, 6) => 0.14285714285714285,(2, 2) => 0.03643077366875845,(2, 1) => 0.0,(2, 5) => 0.12955043487973136,(1, 7) => 0.14285714285714285,(1, 4) => 0.13587878234940565,(1, 3) => 0.13587878234940565,(2, 4) => 0.06398764110004225,(1, 1) => 0.0,(1, 2) => 0.18472730590356617,(2, 7) => 0.0765011081439865,(1, 5) => 0.13587878234940565), Dict((1, 6) => 0.04938548192323301,(2, 3) => 0.05208863701635572,(2, 6) => 0.14285714285714285,(2, 2) => 0.49328377152881286,(2, 1) => 0.0,(2, 5) => 0.2226973907216118,(1, 7) => 0.14285714285714285,(1, 4) => 0.13587878234940565,(1, 3) => 0.13587878234940565,(2, 4) => 0.06398764110004225,(1, 1) => 0.0,(1, 2) => 0.13587878234940565,(2, 7) => 0.05627147200648053,(1, 5) => 0.13587878234940565), Dict((1, 6) => 0.06713959949220878,(2, 3) => 0.10826634853693658,(2, 6) => 0.14285714285714285,(2, 2) => 0.03643077366875845,(2, 1) => 0.0,(2, 5) => 0.12955043487973136,(1, 7) => 0.14285714285714285,(1, 4) => 0.18472730590356617,(1, 3) => 0.13587878234940565,(2, 4) => 0.06398764110004225,(1, 1) => 0.0,(1, 2) => 0.13587878234940565,(2, 7) => 0.05627147200648053,(1, 5) => 0.13587878234940565)],"gamma_surprise" => [0.004336552046615559, 0.004336552046615559, 0.004336552046615559, 0.004336552046615559, 0.004336552046615559, 0.00340825979717903, 0.004336552046615559, 0.004336552046615559, 0.004336552046615559, 0.0028442377057953465, 0.0033569317621218275, 0.0033569317621218275, 0.004336552046615559, 0.0027861668771766786, 0.0027861668771766786, 0.0033569317621218275, 0.0024124888571078833, 0.0024124888571078833, 0.0024458640293086834, 0.002148845371999724, 0.005222752877997482, 0.004336552046615559, 0.0022338610519768137, 0.0027861668771766786, 0.0019528720692374697, 0.002026783660697121, 0.0021700261868830475, 0.0018014786125220737, 0.0018668099213079625, 0.00500135059790562, 0.0019672860814766787, 0.0016810069795292926, 0.001739509456023639, 0.005222752877997484, 0.0033569317621218275, 0.0026266408011178747, 0.0015828614182525538, 0.00163580013231716, 0.0023315213885290818, 0.006328287960083404, 0.0027861668771766786, 0.0021121390932237706, 0.0015540122138859667, 0.0015496804366020448, 0.0018118094087764167, 0.004977360059378902, 0.0024124888571078833, 0.0019426546442822662, 0.0015347323321999457, 0.001477025412054621, 0.0016887131437838246, 0.004198810921251343, 0.002148845371999724, 0.0018077826736261772, 0.0015133662075467412, 0.00697115983039969, 0.0015887950760452162, 0.0014526528252152978, 0.0014598112177358735, 0.001697902597392258, 0.0037959865123108607, 0.0019528720692374697, 0.0016066569112215376, 0.0014392618633101268, 0.0014030587966566402, 0.0015060501313302198, 0.0034141488814112765, 0.0018014786125220737, 0.0014363887690533375, 0.0014308615546469406, 0.001353493849795055, 0.006757281258623876, 0.0033569317621218275, 0.0013098323779490522, 0.0015296758780050065, 0.003135736951029395, 0.0016810069795292926, 0.0014638569702810909, 0.0014201533120895586, 0.0012710790309013534, 0.005477011198929698, 0.0014222366879282943, 0.0013772198233440547, 0.0012364503114125078, 0.0013677921234844864, 0.0029912954596077153, 0.001582861418252554, 0.0013202963352294248, 0.0013703510881673726, 0.0012053210586927664, 0.001448909592452862, 0.002812871243322355, 0.0015013619644094057, 0.001396541783717909, 0.0013641510716619113, 0.001177186374361241, 0.0013504105102186122, 0.002667494077872167, 0.0014326047507516348, 0.0013094643089312148, 0.0013585265767186694, 0.0011516340307547812, 0.0012728755052323494, 0.0025467605007334702, 0.0013738181210067933, 0.0012399836832007556, 0.001353400967826866, 0.001128324142365164, 0.0012784965615548728, 0.002444893669151284, 0.0013229799196472782, 0.0012414245716124467, 0.0013487106462226348, 0.001106973963582453, 0.0012102554673629094, 0.0023577914954342988, 0.0012785801881583614, 0.001208320113419836, 0.0013444023891127455, 0.001087346365408079, 0.0011785778466184404, 0.0022824607476273047, 0.0012394686529482138, 0.0011832553767919362, 0.0013404313153955942, 0.0010692409927055431, 0.001151709753567494, 0.002216666086910206, 0.0012047536449041028, 0.00112731800032087, 0.0013367593121814212, 0.0010524874016713708, 0.0011586243512401943, 0.0021587044694529856, 0.0011737332923750026, 0.0011360636922445565, 0.0013333538047033528, 0.0010369396787882437, 0.0011153228904073307, 0.0021072556042270483, 0.001145847573179261, 0.0011050750050082333, 0.0013301867852158389, 0.0010224721810931565, 0.0010961902842138809, 0.0020612801438341932, 0.0011206442030766831, 0.0010847085731925856, 0.001327234039393203, 0.0010089761343046106, 0.0010784858106374854, 0.0020199487306805275, 0.0010977539161753308, 0.0010620553207064468, 0.0013244745248841892, 0.000996356893797987, 0.0010659906572686895, 0.0019825915131204443, 0.0010768722527738938, 0.0010487287485728524, 0.0013218898682029732, 0.0009845317224880814, 0.0010327592093452413, 0.015058586715065774, 0.0010467660795797902, 0.0013194635135475074, 0.0009734279752804458, 0.0010325031728341467, 0.0020055743162611123, 0.0010577459400455318, 0.0010200449890259123, 0.001317182162227534, 0.0009629816058740471, 0.0010179420526605172, 0.001972125604606206, 0.0010401625687790177, 0.0010041568160893601, 0.001315032810572787, 0.0009531359310618402, 0.0066444988014495825, 0.0009912992706068973, 0.0012955745997252001, 0.0009438406021709665, 0.008548370351228818, 0.0010239426716211475, 0.0009792787738355472, 0.0012771804897732755, 0.0009350507442337863],"final_PolicyParameters" => Dict{Int64,Any}(1 => [0.0 0.0; 0.343028775424957 2.0879494512652483; 0.123106630430747 1.5815817376939811; 0.15558228269200902 1.6761329812015462; 0.3140463575476567 0.7014739016984621; 1.674724817039525 0.0; 0.0 1.4069911128408745]),"particlefilterseeds" => [1, 2, 3])