DateTime of fitting: 2020-02-09T16:16:18.4
DATA_STATS
nr_subjects: 1
all_subject_ids: [13]
nr_puzzles: 1
nr_episodes: 51
nr_actions: 194
max_state_id: 7
max_action_id: 2
SUBJECT_SIGNALS
subject_id: 13
algorithm_name: Forward Learner
param_string: eta=0.1678, gamma=0.9818,
                temp=0.01,
                initTsas=nothing, initR=nothing
param_vector: [0.16777750996916374, 0.9817897414306033, 0.010036214287489045]
LL: -84.767
RPE
Float64[]
SPE
[0.857, 0.857, 0.857, 0.857, 0.857, 0.857, 0.857, 0.857, 0.857, 0.857, 0.713, 0.713, 0.713, 0.713, 0.594, 0.713, 0.713, 0.857, 0.713, 0.594, 0.494, 0.594, 0.713, 0.594, 0.594, 0.411, 0.494, 0.494, 0.342, 0.411, 0.411, 0.594, 0.342, 0.943, 0.494, 0.285, 0.285, 0.953, 0.594, 0.411, 0.237, 0.237, 0.544, 0.197, 0.197, 0.453, 0.973, 0.342, 0.304, 0.164, 0.377, 0.494, 0.137, 0.314, 0.253, 0.981, 0.594, 0.713, 0.261, 0.931, 0.211, 0.262, 0.217, 0.51, 0.218, 0.181, 0.953, 0.594, 0.151, 0.175, 0.182, 0.125, 0.909, 0.494, 0.104, 0.289, 0.151, 0.087, 0.797, 0.411, 0.072, 0.521, 0.126, 0.996, 0.494, 0.434, 0.105, 0.218, 0.368, 0.087, 0.181, 0.361, 0.949, 0.3, 0.228, 0.151, 0.25, 0.997, 0.857, 0.208, 0.326, 0.126, 0.306, 0.271, 0.104, 0.881, 0.285, 0.255, 0.226, 0.087, 0.806, 0.342, 0.072, 0.761, 0.713, 0.931, 0.285, 0.06, 0.312, 0.902, 0.594, 0.344, 0.324, 0.05, 0.726, 0.237, 0.042, 0.494, 0.967, 0.494, 0.411, 0.332, 0.035, 0.604, 0.276, 0.029, 0.506, 0.792, 0.411, 0.421, 0.392, 0.024, 0.943, 0.326, 0.02, 0.26, 0.931, 0.35, 0.272, 0.017, 0.713, 0.23, 0.014, 0.453, 0.984, 0.377, 0.327, 0.012, 0.851, 0.226, 0.01, 0.216, 0.837, 0.342, 0.18, 0.324, 0.008, 0.594, 0.272, 0.007, 0.15, 0.747, 0.285, 0.509, 0.392, 0.006, 0.91, 0.226, 0.005, 0.424, 0.989, 0.271, 0.44, 0.004, 0.65, 0.188, 0.003, 0.634, 0.237, 0.708, 0.366, 0.003, 0.461, 0.0]
action_selection_prob
[0.5, 0.5, 0.5, 0.5, 0.5, 0.5, 0.5, 0.5, 0.5, 0.5, 0.42, 0.417, 0.492, 0.433, 0.372, 0.641, 0.857, 0.652, 0.435, 0.323, 0.417, 0.307, 0.559, 0.737, 0.938, 0.427, 0.817, 0.968, 0.45, 0.856, 0.978, 0.569, 0.88, 0.981, 0.27, 0.424, 0.844, 0.964, 0.394, 0.257, 0.376, 0.815, 0.945, 0.451, 0.871, 0.968, 0.493, 0.175, 0.433, 0.888, 0.973, 0.589, 0.907, 0.979, 0.506, 0.917, 0.48, 0.835, 0.983, 0.547, 0.438, 0.891, 0.986, 0.495, 0.913, 0.987, 0.522, 0.884, 0.987, 0.512, 0.919, 0.986, 0.531, 0.901, 0.986, 0.512, 0.922, 0.986, 0.528, 0.917, 0.986, 0.465, 0.923, 0.985, 0.114, 0.457, 0.922, 0.98, 0.505, 0.936, 0.982, 0.5, 0.94, 0.41, 0.894, 0.984, 0.443, 0.916, 0.553, 0.362, 0.872, 0.981, 0.387, 0.89, 0.981, 0.59, 0.078, 0.424, 0.903, 0.981, 0.451, 0.933, 0.981, 0.553, 0.706, 0.429, 0.936, 0.976, 0.418, 0.904, 0.798, 0.367, 0.881, 0.972, 0.377, 0.93, 0.971, 0.611, 0.934, 0.851, 0.574, 0.918, 0.969, 0.359, 0.922, 0.969, 0.364, 0.895, 0.888, 0.331, 0.884, 0.965, 0.585, 0.892, 0.965, 0.442, 0.098, 0.347, 0.911, 0.964, 0.357, 0.92, 0.964, 0.555, 0.924, 0.483, 0.88, 0.969, 0.48, 0.929, 0.968, 0.52, 0.931, 0.922, 0.509, 0.925, 0.966, 0.333, 0.892, 0.965, 0.504, 0.925, 0.932, 0.312, 0.921, 0.962, 0.503, 0.895, 0.962, 0.324, 0.921, 0.422, 0.876, 0.965, 0.277, 0.907, 0.964, 0.713, 0.938, 0.571, 0.887, 0.961, 0.265, 0.0]
results_dict
Dict{String,Any}("QSA_record" => [0.0, 0.0, 0.0, 0.0, 0.0, 0.0, 0.0, 0.0, 0.0, 0.0, 0.8955390299530797, 0.898260047538465, 0.9024967174623141, 0.9034490668944277, 0.9030578788573198, 0.9087597993668416, 0.9246628922537586, 0.9166497266081368, 0.915124314739049, 0.9129628937418388, 0.9137624672014811, 0.9143365673676043, 0.9182165281904089, 0.9229769419370357, 0.9450014826432044, 0.9171627071919796, 0.9308069155141464, 0.9572569283698324, 0.9249556273991307, 0.9409685589310315, 0.9678050709492828, 0.9350273244265709, 0.9496042666847246, 0.975546443971784, 0.9305133863443917, 0.9301301188460771, 0.9435317971727262, 0.9648723644830848, 0.9287352469838119, 0.9207030461107361, 0.9201650780591307, 0.9332961389286056, 0.9524313298972485, 0.9236139078627824, 0.9405901430634778, 0.9620718307958842, 0.9313385120836735, 0.923132008829242, 0.9319413566317477, 0.9506920961432858, 0.9716197092934566, 0.939755914538765, 0.9565527022828932, 0.9776004033245627, 0.9417096301308447, 0.9616799156614125, 0.9411156547020362, 0.9480164207589702, 0.982140670289509, 0.9426963905392589, 0.9406459581599182, 0.9580591625140569, 0.9856908008462236, 0.9426982913881, 0.9620395521819398, 0.9884459519619746, 0.9459590478803916, 0.9569905646842195, 0.9907388504879325, 0.9494170121296864, 0.9677856605270001, 0.992673173915164, 0.9520265845143199, 0.9632819710182324, 0.9940734644716182, 0.9526959065043147, 0.9716620714249885, 0.9952530455383298, 0.954563159641536, 0.9677104956375847, 0.996127533286828, 0.9539241147174692, 0.9743083968689101, 0.9968712422735873, 0.9486992170606005, 0.9488526684217162, 0.967508488406101, 0.9887063181477627, 0.9504067561107694, 0.9699543224475636, 0.990980302555173, 0.9522830658884311, 0.9722529289821806, 0.9486202406122735, 0.9654563438786931, 0.9919936969926911, 0.9497002278092077, 0.9680173115231993, 0.9544557193081493, 0.9468074092145398, 0.9640429794306599, 0.9933114906695767, 0.9500868905380853, 0.9673402193550944, 0.9947313777991095, 0.955907300624271, 0.9449533507181616, 0.9524640095428628, 0.9700082005116427, 0.995813803272491, 0.9540756323966013, 0.970580904110846, 0.9966410378809154, 0.9571292517550098, 0.9663600442649543, 0.9554308582492931, 0.9730830592901043, 0.9973248184272715, 0.9563423296542342, 0.9740603411330515, 0.9735759656106358, 0.9552754163602276, 0.9721487860604044, 0.9977557878427843, 0.9565780766448886, 0.9753402547802239, 0.9981912279110055, 0.9614669655719121, 0.9764728843866586, 0.9789932879806916, 0.9599944140677735, 0.9745440436745106, 0.9985309873963186, 0.9576875851144464, 0.9758108902098378, 0.9987876420119361, 0.9583735088911217, 0.9753440177447014, 0.9830651396435839, 0.9579290994437999, 0.9746697367455809, 0.9989934920086774, 0.9620427587820484, 0.9758910779573318, 0.9991819016048179, 0.959323462341631, 0.9545372196373253, 0.9593829543334443, 0.9768580895186783, 0.9993320229265518, 0.9599370601154766, 0.9777494810939671, 0.9994533790561821, 0.9623824414858538, 0.9784451136631673, 0.9585568749650327, 0.9721046895564056, 0.9995380248617113, 0.9584535427697157, 0.9776481581783969, 0.999617213360987, 0.959827280960073, 0.978365174113297, 0.9860785181579923, 0.9590892629221213, 0.9773377859260265, 0.9996814883971304, 0.9587354744651979, 0.9741217036360593, 0.9997392085533207, 0.9601054370106273, 0.9781788031525119, 0.9886801551233227, 0.9587743524489114, 0.9776447699770103, 0.9997826077477212, 0.9603464596406822, 0.9756460279981789, 0.9998217230271323, 0.959919850531288, 0.9784099734276155, 0.9560281615736168, 0.972147292920809, 0.9998332961244883, 0.9570183088663793, 0.9765400233558679, 0.9998653630192003, 0.9669450905417895, 0.9905933061888292, 0.9601975511442765, 0.9743092777027071, 0.9998897444089442, 0.9587383858922647, 0.0],"final_Tsas" => Dict{Int64,Any}(1 => [0.14285714285714285 0.14285714285714285; 0.99779193237858 0.11888892714726232; 0.8027718983932116 0.08234179005497969; 0.039498271990438615 0.006294664336251245; 0.05702945221349387 0.00011072365988104915; 0.0003332757730835132 0.06852668955315154; 0.022766508938398267 0.0030194675616810863]

[0.14285714285714285 0.14285714285714285; 3.6785538726759405e-5 0.11888892714726232; 0.03287135026779806 0.08234179005497969; 0.039498271990438615 0.8431458395241013; 0.05702945221349387 0.6955582969965325; 0.0003332757730835132 0.06852668955315154; 0.022766508938398267 0.0030194675616810863]

[0.14285714285714285 0.14285714285714285; 0.00019304012353350594 0.28666643711642603; 0.03287135026779806 0.08234179005497969; 0.039498271990438615 0.044900177417038785; 0.05702945221349387 0.18138804016223734; 0.0003332757730835132 0.47263812015282314; 0.022766508938398267 0.0030194675616810863]

[0.14285714285714285 0.14285714285714285; 0.00016682411837336454 0.11888892714726232; 0.03287135026779806 0.5059492596701219; 0.039498271990438615 0.006294664336251245; 0.05702945221349387 0.00011072365988104915; 0.3822964286913513 0.18472843208141917; 0.4755145579051321 0.2018619826142258]

[0.14285714285714285 0.14285714285714285; 0.001737846763332959 0.11888892714726232; 0.03287135026779806 0.08234179005497969; 0.039498271990438615 0.006294664336251245; 0.05702945221349387 0.00011072365988104915; 0.6160371924432312 0.06852668955315154; 0.41065289740287664 0.7741575721781424]

[0.14285714285714285 0.14285714285714285; 3.6785538726759405e-5 0.11888892714726232; 0.03287135026779806 0.08234179005497969; 0.7630103680573683 0.006294664336251245; 0.2248069621826576 0.00011072365988104915; 0.0003332757730835132 0.06852668955315154; 0.022766508938398267 0.011902574960907472]

[0.14285714285714285 0.14285714285714285; 3.6785538726759405e-5 0.11888892714726232; 0.03287135026779806 0.08234179005497969; 0.039498271990438615 0.08677532571385495; 0.4900457767498731 0.12261076820170606; 0.0003332757730835132 0.06852668955315154; 0.022766508938398267 0.0030194675616810863]),"final_Reward" => Dict{Int64,Any}(1 => [1.0, 0.0, 0.0, 0.0, 0.0, 0.0, 0.0]),"final_Qsa" => [0.0 0.0; 0.9999103966172195 0.9680515612276926; 0.9923598468844136 0.9638357635241834; 0.9556224298165458 0.9776160068816945; 0.9537506053285896 0.97556261991837; 0.9585884115587485 0.9690146586949939; 0.960145282811043 0.958331505297671])
POPULATION_SIGNALS
subject_id: 13
algorithm_name: Forward Learner
param_string: eta=0.1692, gamma=0.9856,
                temp=0.0118,
                initTsas=nothing, initR=nothing
param_vector: [0.16921432907904174, 0.9855564353951695, 0.011831814925089175]
LL: -87.429
RPE
Float64[]
SPE
[0.857, 0.857, 0.857, 0.857, 0.857, 0.857, 0.857, 0.857, 0.857, 0.857, 0.712, 0.712, 0.712, 0.712, 0.592, 0.712, 0.712, 0.857, 0.712, 0.592, 0.491, 0.592, 0.712, 0.592, 0.592, 0.408, 0.491, 0.491, 0.339, 0.408, 0.408, 0.592, 0.339, 0.943, 0.491, 0.282, 0.282, 0.953, 0.592, 0.408, 0.234, 0.234, 0.544, 0.195, 0.195, 0.452, 0.973, 0.339, 0.303, 0.162, 0.375, 0.491, 0.134, 0.312, 0.252, 0.981, 0.592, 0.712, 0.259, 0.932, 0.209, 0.262, 0.215, 0.508, 0.218, 0.179, 0.953, 0.592, 0.149, 0.174, 0.181, 0.123, 0.909, 0.491, 0.103, 0.289, 0.15, 0.085, 0.796, 0.408, 0.071, 0.52, 0.125, 0.996, 0.491, 0.432, 0.104, 0.218, 0.369, 0.086, 0.181, 0.359, 0.95, 0.298, 0.229, 0.151, 0.248, 0.997, 0.857, 0.206, 0.327, 0.125, 0.306, 0.272, 0.104, 0.881, 0.282, 0.255, 0.226, 0.086, 0.806, 0.339, 0.072, 0.761, 0.712, 0.932, 0.282, 0.06, 0.311, 0.902, 0.592, 0.345, 0.325, 0.049, 0.726, 0.234, 0.041, 0.491, 0.968, 0.491, 0.408, 0.331, 0.034, 0.603, 0.275, 0.028, 0.508, 0.791, 0.408, 0.422, 0.394, 0.024, 0.943, 0.327, 0.02, 0.259, 0.932, 0.35, 0.272, 0.016, 0.714, 0.228, 0.014, 0.451, 0.985, 0.375, 0.327, 0.011, 0.851, 0.226, 0.009, 0.215, 0.837, 0.339, 0.179, 0.325, 0.008, 0.593, 0.272, 0.006, 0.148, 0.747, 0.282, 0.511, 0.394, 0.005, 0.911, 0.226, 0.004, 0.424, 0.989, 0.272, 0.441, 0.004, 0.65, 0.187, 0.003, 0.632, 0.234, 0.707, 0.366, 0.003, 0.462, 0.0]
action_selection_prob
[0.5, 0.5, 0.5, 0.5, 0.5, 0.5, 0.5, 0.5, 0.5, 0.5, 0.441, 0.437, 0.493, 0.451, 0.411, 0.601, 0.777, 0.606, 0.455, 0.374, 0.444, 0.362, 0.54, 0.672, 0.866, 0.451, 0.738, 0.913, 0.468, 0.774, 0.93, 0.548, 0.798, 0.937, 0.335, 0.449, 0.762, 0.904, 0.427, 0.325, 0.415, 0.736, 0.874, 0.469, 0.789, 0.911, 0.498, 0.256, 0.456, 0.806, 0.921, 0.562, 0.827, 0.931, 0.506, 0.838, 0.486, 0.752, 0.94, 0.532, 0.459, 0.808, 0.947, 0.497, 0.833, 0.949, 0.516, 0.801, 0.95, 0.51, 0.84, 0.948, 0.523, 0.819, 0.948, 0.51, 0.843, 0.947, 0.521, 0.837, 0.946, 0.476, 0.845, 0.945, 0.199, 0.471, 0.844, 0.933, 0.505, 0.862, 0.938, 0.5, 0.867, 0.438, 0.81, 0.942, 0.461, 0.835, 0.535, 0.404, 0.787, 0.935, 0.424, 0.806, 0.935, 0.56, 0.156, 0.449, 0.82, 0.935, 0.468, 0.857, 0.935, 0.535, 0.644, 0.452, 0.862, 0.925, 0.445, 0.821, 0.718, 0.409, 0.796, 0.916, 0.416, 0.853, 0.915, 0.576, 0.858, 0.765, 0.55, 0.837, 0.911, 0.403, 0.843, 0.91, 0.407, 0.811, 0.803, 0.383, 0.799, 0.903, 0.558, 0.808, 0.903, 0.461, 0.181, 0.395, 0.83, 0.902, 0.402, 0.841, 0.902, 0.537, 0.845, 0.488, 0.794, 0.91, 0.486, 0.852, 0.909, 0.515, 0.854, 0.842, 0.507, 0.847, 0.905, 0.384, 0.807, 0.903, 0.503, 0.847, 0.855, 0.369, 0.841, 0.899, 0.503, 0.811, 0.898, 0.378, 0.842, 0.447, 0.791, 0.903, 0.343, 0.825, 0.902, 0.65, 0.863, 0.548, 0.802, 0.896, 0.333, 0.0]
results_dict
Dict{String,Any}("QSA_record" => [0.0, 0.0, 0.0, 0.0, 0.0, 0.0, 0.0, 0.0, 0.0, 0.0, 0.9120588628123334, 0.9150959410128958, 0.919587140986089, 0.920588008371672, 0.9208099481468913, 0.925700202274349, 0.9388246136189247, 0.932627295518844, 0.9314432594362594, 0.9297526618048246, 0.930534109495055, 0.9309864300627474, 0.9341961691572287, 0.9381190726729015, 0.9559212492734472, 0.9334512225519384, 0.9445556818275694, 0.9658613827702154, 0.939883393610206, 0.9528628467843959, 0.9743917796307857, 0.9480602465352835, 0.959885340120444, 0.9806247996264512, 0.9443904804552337, 0.9441321864687418, 0.9549241236653147, 0.9719697491696998, 0.9429011208847415, 0.9363497799197742, 0.9359346171698683, 0.9465170085648348, 0.9618232973332838, 0.938739991329333, 0.9524314982087254, 0.96962126373411, 0.9450631554753859, 0.938290732780285, 0.9455634613209383, 0.9606665246706346, 0.9773654221204899, 0.9518757936731658, 0.9654156793334925, 0.9821867325208584, 0.9535311701164212, 0.9695618572316205, 0.9529783168542482, 0.958545561123323, 0.9858378453120133, 0.954256065737554, 0.9526458037398219, 0.9665965771705523, 0.9886753078125089, 0.9542500960587603, 0.9698071888706817, 0.9908749222374393, 0.9569300836978599, 0.9657988290760686, 0.9927061649708041, 0.9597528277998896, 0.9744358771630267, 0.9942442659439222, 0.9618576879424705, 0.9708631539599533, 0.9953539402874876, 0.9623947670298397, 0.9775384209397878, 0.9962868254799072, 0.9638947026966166, 0.974410473836488, 0.9969765838397855, 0.9633555566133656, 0.9796482252815404, 0.9975621341542722, 0.9591017763106315, 0.9592214800592525, 0.9741453238787833, 0.9909936047500222, 0.9604970195980258, 0.9761189920810815, 0.9928260621972989, 0.9620137310612611, 0.977972988897743, 0.9590366377743473, 0.9724797451038363, 0.9936314415697036, 0.9599006841293535, 0.9745437620718861, 0.9636795996258586, 0.9575506689733084, 0.971338509020257, 0.9946853530184062, 0.9602372280177972, 0.9740068724168125, 0.9958259285811268, 0.9648671177894499, 0.9560466783066673, 0.9621643085835092, 0.9761618544965353, 0.9966926221702364, 0.9634666552516443, 0.9766754460003083, 0.9973526659470316, 0.9658734793442141, 0.9732716096010988, 0.9645471904036447, 0.9786755464673579, 0.997895881701827, 0.9652867222841852, 0.9794175650184815, 0.9790558285556272, 0.9644367965592359, 0.9778869470557395, 0.9982368322905814, 0.9654838442165171, 0.9804743724235401, 0.9985821678318779, 0.969371759140702, 0.9813746371508331, 0.983386061975291, 0.9681857706142117, 0.9798263630085304, 0.9988507134599683, 0.9663739790770045, 0.9808372428912477, 0.9990531531614415, 0.9669259211171757, 0.9804460918532311, 0.9866319803807081, 0.9665707845113448, 0.979912129410517, 0.9992151212068798, 0.9698337337430086, 0.9808888264744429, 0.9993633692704137, 0.9676782876068921, 0.9637676390971738, 0.967734059594764, 0.9816608533609696, 0.9994812223078391, 0.9681768690213353, 0.9823792755714659, 0.9995762884773687, 0.9701043328789344, 0.9829309316861581, 0.9670079401645771, 0.9778239632146696, 0.9996425284055822, 0.9669346012984388, 0.9822891161354029, 0.9997043111551516, 0.9680747369407371, 0.9828596613941025, 0.9890277107994793, 0.9674841901048581, 0.9820395713691061, 0.9997543287483247, 0.9671949658358027, 0.979444820198155, 0.999799232883061, 0.9683004144622874, 0.9827092930957153, 0.9910953748213103, 0.9672253668245319, 0.9822842319707865, 0.9998328883603554, 0.968494887487186, 0.9806678546909477, 0.9998632212662879, 0.9681481576232787, 0.9828932383443895, 0.9649971396059442, 0.9778404818785938, 0.9998719500790082, 0.9657985388892333, 0.9813798579970157, 0.9998968322015174, 0.9737484694423666, 0.992609119384769, 0.968327171053694, 0.9795809179472371, 0.9999156609158991, 0.9671872147330837, 0.0],"final_Tsas" => Dict{Int64,Any}(1 => [0.14285714285714285 0.14285714285714285; 0.9978825240947303 0.1186836672744226; 0.8054795841208191 0.0819160405145035; 0.03902338527006356 0.006112444311588641; 0.056538846900123514 0.0001035077475168318; 0.00031480300803212694 0.06805467267803018; 0.022376488461569245 0.002911862778214968]

[0.14285714285714285 0.14285714285714285; 3.403351785925376e-5 0.1186836672744226; 0.0324200693131968 0.0819160405145035; 0.03902338527006356 0.844312971742421; 0.056538846900123514 0.6957479903695946; 0.00031480300803212694 0.06805467267803018; 0.022376488461569245 0.002911862778214968]

[0.14285714285714285 0.14285714285714285; 0.0001816106399079434 0.28789799635346436; 0.0324200693131968 0.0819160405145035; 0.03902338527006356 0.04451402625428902; 0.056538846900123514 0.18081063736100417; 0.00031480300803212694 0.47487941652575666; 0.022376488461569245 0.002911862778214968]

[0.14285714285714285 0.14285714285714285; 0.00015663847621305848 0.1186836672744226; 0.0324200693131968 0.508503756912979; 0.03902338527006356 0.006112444311588641; 0.056538846900123514 0.0001035077475168318; 0.3822895043282925 0.18484722008409238; 0.4753351197928245 0.20234241777924758]

[0.14285714285714285 0.14285714285714285; 0.0016771262355709015 0.1186836672744226; 0.0324200693131968 0.0819160405145035; 0.03902338527006356 0.006112444311588641; 0.056538846900123514 0.0001035077475168318; 0.6161364806315468 0.06805467267803018; 0.4127824378993292 0.7743833946914462]

[0.14285714285714285 0.14285714285714285; 3.403351785925376e-5 0.1186836672744226; 0.0324200693131968 0.0819160405145035; 0.7658596883796185 0.006112444311588641; 0.22575317597916522 0.0001035077475168318; 0.00031480300803212694 0.06805467267803018; 0.022376488461569245 0.011626736416446237]

[0.14285714285714285 0.14285714285714285; 3.403351785925376e-5 0.1186836672744226; 0.0324200693131968 0.0819160405145035; 0.03902338527006356 0.08672322475693534; 0.49155258952021713 0.1230273412793339; 0.00031480300803212694 0.06805467267803018; 0.022376488461569245 0.002911862778214968]),"final_Reward" => Dict{Int64,Any}(1 => [1.0, 0.0, 0.0, 0.0, 0.0, 0.0, 0.0]),"final_Qsa" => [0.0 0.0; 0.999931613072443 0.9746238271601307; 0.9940090945282077 0.9712331905055456; 0.9646712787727924 0.9822417557259505; 0.9631247692212838 0.9805911940226362; 0.9670651433735378 0.9754167718166513; 0.9682892545799793 0.9668542868624344])