DateTime of fitting: 2020-02-09T16:14:02.189
DATA_STATS
nr_subjects: 1
all_subject_ids: [11]
nr_puzzles: 1
nr_episodes: 53
nr_actions: 194
max_state_id: 7
max_action_id: 2
SUBJECT_SIGNALS
subject_id: 11
algorithm_name: Forward Learner
param_string: eta=0.1365, gamma=0.9877,
                temp=0.0103,
                initTsas=nothing, initR=nothing
param_vector: [0.13645453341765781, 0.98770013337852, 0.010288074103401044]
LL: -100.89
RPE
Float64[]
SPE
[0.857, 0.857, 0.74, 0.74, 0.857, 0.857, 0.639, 0.639, 0.552, 0.552, 0.477, 0.477, 0.74, 0.74, 0.412, 0.931, 0.857, 0.492, 0.639, 0.639, 0.355, 0.949, 0.857, 0.552, 0.552, 0.307, 0.503, 0.477, 0.477, 0.265, 0.962, 0.229, 0.512, 0.198, 0.442, 0.412, 0.412, 0.171, 0.382, 0.975, 0.355, 0.355, 0.264, 0.33, 0.228, 0.285, 0.949, 0.74, 0.246, 0.197, 0.212, 0.402, 0.307, 0.17, 0.183, 0.988, 0.74, 0.347, 0.265, 0.263, 0.158, 0.227, 0.137, 0.299, 0.962, 0.639, 0.259, 0.334, 0.196, 0.118, 0.169, 0.102, 0.146, 0.994, 0.289, 0.126, 0.212, 0.109, 0.183, 0.094, 0.158, 0.223, 0.975, 0.193, 0.352, 0.081, 0.137, 0.166, 0.304, 0.07, 0.118, 0.984, 0.552, 0.261, 0.262, 0.061, 0.102, 0.052, 0.088, 0.045, 0.991, 0.039, 0.202, 0.034, 0.175, 0.225, 0.986, 0.639, 0.151, 0.194, 0.852, 0.552, 0.13, 0.168, 0.736, 0.477, 0.112, 0.145, 0.635, 0.412, 0.097, 0.125, 0.548, 0.355, 0.084, 0.029, 0.072, 0.025, 0.063, 0.108, 0.474, 0.307, 0.054, 0.022, 1.0, 0.093, 0.679, 0.019, 0.863, 0.081, 0.587, 0.016, 0.289, 0.999, 0.265, 0.25, 0.149, 0.216, 0.128, 0.186, 0.07, 0.559, 0.229, 0.161, 0.111, 0.139, 0.996, 0.477, 0.06, 0.574, 0.219, 0.12, 0.052, 0.554, 0.198, 0.104, 0.189, 0.089, 0.163, 0.077, 0.045, 0.478, 0.171, 0.067, 0.039, 0.413, 0.147, 0.058, 0.033, 0.356, 0.127, 0.05, 0.141, 0.043, 0.122, 0.037, 1.0, 0.719, 0.227, 0.032, 0.029, 0.402, 0.11, 0.0]
action_selection_prob
[0.5, 0.5, 0.504, 0.709, 0.49, 0.492, 0.517, 0.804, 0.562, 0.865, 0.607, 0.895, 0.457, 0.475, 0.634, 0.903, 0.502, 0.861, 0.426, 0.459, 0.632, 0.89, 0.5, 0.403, 0.436, 0.598, 0.856, 0.371, 0.435, 0.644, 0.883, 0.6, 0.848, 0.664, 0.885, 0.347, 0.45, 0.689, 0.897, 0.723, 0.339, 0.427, 0.657, 0.909, 0.696, 0.92, 0.317, 0.545, 0.922, 0.72, 0.925, 0.314, 0.47, 0.727, 0.925, 0.745, 0.46, 0.311, 0.436, 0.689, 0.931, 0.715, 0.933, 0.295, 0.464, 0.426, 0.29, 0.428, 0.724, 0.932, 0.742, 0.934, 0.753, 0.934, 0.473, 0.709, 0.913, 0.74, 0.921, 0.754, 0.924, 0.278, 0.465, 0.275, 0.429, 0.755, 0.924, 0.268, 0.445, 0.764, 0.926, 0.264, 0.397, 0.262, 0.457, 0.769, 0.927, 0.779, 0.928, 0.784, 0.929, 0.735, 0.911, 0.769, 0.921, 0.256, 0.47, 0.582, 0.922, 0.254, 0.448, 0.613, 0.921, 0.252, 0.435, 0.638, 0.92, 0.251, 0.43, 0.658, 0.92, 0.249, 0.429, 0.675, 0.919, 0.767, 0.92, 0.769, 0.92, 0.248, 0.435, 0.69, 0.919, 0.769, 0.92, 0.264, 0.4, 0.733, 0.904, 0.263, 0.382, 0.699, 0.887, 0.733, 0.668, 0.899, 0.707, 0.907, 0.721, 0.91, 0.241, 0.425, 0.695, 0.909, 0.731, 0.912, 0.739, 0.372, 0.247, 0.417, 0.684, 0.918, 0.242, 0.425, 0.721, 0.918, 0.704, 0.92, 0.715, 0.92, 0.241, 0.444, 0.729, 0.918, 0.241, 0.45, 0.736, 0.919, 0.241, 0.457, 0.741, 0.919, 0.723, 0.919, 0.73, 0.919, 0.736, 0.466, 0.684, 0.923, 0.24, 0.457, 0.755, 0.0]
results_dict
Dict{String,Any}("QSA_record" => [0.0, 0.0, 0.9262863943898377, 0.938159325750726, 0.9386348943268712, 0.9398109168674974, 0.9426420075871975, 0.9570860911512673, 0.9471759507983454, 0.9650608535703719, 0.9531532240986552, 0.972154880071242, 0.9515164106986647, 0.953109303611825, 0.9611915139245412, 0.9788026232200958, 0.956394534882824, 0.97382867477526, 0.9523795121938894, 0.9540944915601743, 0.96195865514554, 0.9780778109703766, 0.9561585598769052, 0.9507111304397746, 0.9517749403592792, 0.9578998728956265, 0.9719495706372271, 0.9490886254255052, 0.9522778580587485, 0.9618771004340626, 0.9768372291767272, 0.959914183390308, 0.9726466243222296, 0.9619420551690645, 0.976658837005664, 0.9509021831413904, 0.9558986183581397, 0.9671999811778068, 0.9815259224525551, 0.9700285850532185, 0.9539108861860365, 0.9578348673658014, 0.9674922330240885, 0.9845143378259956, 0.9698545803150869, 0.9870043693104845, 0.955180930350276, 0.9650554448614966, 0.9894702045088974, 0.9745929774049933, 0.9912173809021451, 0.9582803751950676, 0.9653071354610201, 0.9769922434282418, 0.9927971987368823, 0.9784257815339337, 0.9660875873496189, 0.9589790132617605, 0.9644401756908354, 0.975123390497984, 0.9937040995212226, 0.9767128032940198, 0.9946731245690988, 0.9591650078556998, 0.9668055527274999, 0.9654294412144453, 0.9593325156353115, 0.9656189905760174, 0.9785270759678445, 0.9955672536742954, 0.9797328928309741, 0.9962361270303715, 0.9808770223534607, 0.9968146535565938, 0.9679326097391835, 0.9763686458622532, 0.9909560976147408, 0.9773716970250408, 0.9920817677101774, 0.9787613374149734, 0.9932632426754551, 0.9583375906047075, 0.9668502652038558, 0.9585980392267962, 0.9656465846651103, 0.9802630568114222, 0.9943832153000357, 0.9586582713299875, 0.9668123761597316, 0.9813254500515984, 0.9952245828645523, 0.9590197530203135, 0.9654131223634193, 0.9591467674958183, 0.9680739828957098, 0.9822643996459629, 0.995943637396791, 0.9829874762059707, 0.9965170115023114, 0.9836519472567935, 0.9970232648330737, 0.9805526086490298, 0.9930827767698466, 0.9809358697880609, 0.9940068791614668, 0.9580794379590352, 0.9679391885305327, 0.9727096200731977, 0.994977505085955, 0.9589217348843634, 0.9679733021189489, 0.9749719206101474, 0.9957741331329225, 0.9596768838315899, 0.9682910465979927, 0.9768771283268044, 0.9964306636612342, 0.9602965017255585, 0.9687601645264787, 0.9784769458665584, 0.9969750511139708, 0.960806505340474, 0.9693057801670493, 0.9798253000930323, 0.9974291936180756, 0.9848512629015563, 0.9978033433370059, 0.9852634638107773, 0.998126173452344, 0.9617450665946332, 0.9705001961228348, 0.9815131778075032, 0.9984027713021097, 0.9858488657238208, 0.998630518899029, 0.9614469845133855, 0.9670132232418601, 0.9804071804691342, 0.9929031871064351, 0.9575307483991717, 0.9623077184488714, 0.9747132658969238, 0.9869594295336727, 0.9762140761417438, 0.9732833931380778, 0.9887769773015592, 0.9756697673871891, 0.9904445697963569, 0.9774961240315113, 0.9919659688590187, 0.9571682135332229, 0.9660838336090074, 0.9779313457025496, 0.9933303491699141, 0.9802504925292812, 0.9943134812834424, 0.9813511869995037, 0.9655623971459337, 0.9589708306435385, 0.9669405408995873, 0.9782406665573502, 0.9950978891540347, 0.9588696161144171, 0.9676677913552031, 0.9806337190864359, 0.9958355354136545, 0.9800945834839677, 0.996433516663365, 0.981169667178499, 0.9969625922375198, 0.9604215645955778, 0.9700229740367998, 0.9826079486466415, 0.997424644127864, 0.960872430820487, 0.9706807299251663, 0.9833289976904771, 0.9977972750263612, 0.9611811193511854, 0.9712636194645307, 0.9839416191700323, 0.998113171330573, 0.9831314251147512, 0.9983776348187565, 0.9837672846346113, 0.9986097436020466, 0.9843176757753711, 0.9724275982304763, 0.9811580109687459, 0.9987831007390412, 0.9614628683591809, 0.971557303375058, 0.9849604924972167, 0.0],"final_Tsas" => Dict{Int64,Any}(1 => [0.14285714285714285 0.14285714285714285; 0.14285714285714285 0.015819038700269746; 0.9723600742784279 0.14285714285714285; 0.0013062570103369758 0.14285714285714285; 0.06860061400279038 0.14285714285714285; 0.14285714285714285 9.314560941217563e-5; 0.0013062570103369758 0.14285714285714285]

[0.14285714285714285 0.14285714285714285; 0.14285714285714285 0.015819038700269746; 8.216638720355551e-5 0.14285714285714285; 0.6526297563905272 0.14285714285714285; 0.06860061400279038 0.14285714285714285; 0.14285714285714285 0.027265374421136537; 0.005341158856393814 0.14285714285714285]

[0.14285714285714285 0.14285714285714285; 0.14285714285714285 0.9050857677983817; 2.4873062754002316e-5 0.14285714285714285; 0.0013062570103369758 0.14285714285714285; 0.06860061400279038 0.14285714285714285; 0.14285714285714285 0.8037238499552418; 0.0013062570103369758 0.14285714285714285]

[0.14285714285714285 0.14285714285714285; 0.14285714285714285 0.015819038700269746; 0.0007187069021611404 0.14285714285714285; 0.0013062570103369758 0.14285714285714285; 0.06860061400279038 0.14285714285714285; 0.14285714285714285 0.11792783933683927; 0.9750793350297612 0.14285714285714285]

[0.14285714285714285 0.14285714285714285; 0.14285714285714285 0.015819038700269746; 0.00010170355325397016 0.14285714285714285; 0.006717070415391355 0.14285714285714285; 0.06860061400279038 0.14285714285714285; 0.14285714285714285 0.050204342391964356; 0.014354478072497187 0.14285714285714285]

[0.14285714285714285 0.14285714285714285; 0.14285714285714285 0.015819038700269746; 0.0023716495460926407 0.14285714285714285; 0.3270256759064198 0.14285714285714285; 0.06860061400279038 0.14285714285714285; 0.14285714285714285 9.314560941217563e-5; 0.0013062570103369758 0.14285714285714285]

[0.14285714285714285 0.14285714285714285; 0.14285714285714285 0.015819038700269746; 0.024340826270106915 0.14285714285714285; 0.00970872625665079 0.14285714285714285; 0.5883963159832578 0.14285714285714285; 0.14285714285714285 0.0006923026759936308; 0.0013062570103369758 0.14285714285714285]),"final_Reward" => Dict{Int64,Any}(1 => [1.0, 0.0, 0.0, 0.0, 0.0, 0.0, 0.0]),"final_Qsa" => [0.0 0.0; 0.9733795262448258 0.9851960945144906; 0.9989550555192449 0.9734128446020606; 0.9718995515110707 0.9734128446020606; 0.9671740073523071 0.9734193287349521; 0.9734260366442236 0.9820383818663259; 0.9615966561186543 0.9734280812023198])
POPULATION_SIGNALS
subject_id: 11
algorithm_name: Forward Learner
param_string: eta=0.1692, gamma=0.9856,
                temp=0.0118,
                initTsas=nothing, initR=nothing
param_vector: [0.16921432907904174, 0.9855564353951695, 0.011831814925089175]
LL: -101.016
RPE
Float64[]
SPE
[0.857, 0.857, 0.712, 0.712, 0.857, 0.857, 0.592, 0.592, 0.491, 0.491, 0.408, 0.408, 0.712, 0.712, 0.339, 0.943, 0.857, 0.451, 0.592, 0.592, 0.282, 0.961, 0.857, 0.491, 0.491, 0.234, 0.481, 0.408, 0.408, 0.195, 0.973, 0.162, 0.501, 0.134, 0.416, 0.339, 0.339, 0.112, 0.346, 0.985, 0.282, 0.282, 0.246, 0.287, 0.205, 0.239, 0.961, 0.712, 0.198, 0.17, 0.165, 0.364, 0.234, 0.141, 0.137, 0.994, 0.712, 0.302, 0.195, 0.267, 0.114, 0.222, 0.094, 0.251, 0.973, 0.592, 0.209, 0.303, 0.184, 0.078, 0.153, 0.065, 0.127, 0.998, 0.252, 0.106, 0.214, 0.088, 0.178, 0.073, 0.148, 0.173, 0.985, 0.144, 0.343, 0.061, 0.123, 0.12, 0.285, 0.05, 0.102, 0.991, 0.491, 0.252, 0.237, 0.042, 0.085, 0.035, 0.07, 0.029, 0.995, 0.024, 0.218, 0.02, 0.181, 0.209, 0.993, 0.592, 0.15, 0.174, 0.825, 0.491, 0.125, 0.144, 0.685, 0.408, 0.104, 0.12, 0.569, 0.339, 0.086, 0.1, 0.473, 0.282, 0.072, 0.017, 0.06, 0.014, 0.049, 0.083, 0.393, 0.234, 0.041, 0.011, 1.0, 0.069, 0.736, 0.009, 0.831, 0.057, 0.611, 0.008, 0.333, 1.0, 0.195, 0.277, 0.175, 0.23, 0.145, 0.191, 0.047, 0.535, 0.162, 0.159, 0.121, 0.132, 0.998, 0.408, 0.039, 0.591, 0.252, 0.11, 0.033, 0.539, 0.134, 0.091, 0.21, 0.076, 0.174, 0.063, 0.027, 0.447, 0.112, 0.052, 0.023, 0.372, 0.093, 0.043, 0.019, 0.309, 0.077, 0.036, 0.145, 0.03, 0.12, 0.025, 1.0, 0.758, 0.252, 0.021, 0.016, 0.382, 0.064, 0.0]
action_selection_prob
[0.5, 0.5, 0.505, 0.744, 0.491, 0.493, 0.536, 0.839, 0.598, 0.893, 0.653, 0.915, 0.447, 0.477, 0.678, 0.918, 0.502, 0.871, 0.409, 0.461, 0.665, 0.902, 0.5, 0.385, 0.431, 0.618, 0.863, 0.346, 0.438, 0.672, 0.892, 0.61, 0.85, 0.692, 0.894, 0.321, 0.46, 0.716, 0.905, 0.752, 0.316, 0.423, 0.669, 0.918, 0.714, 0.928, 0.292, 0.559, 0.929, 0.735, 0.931, 0.296, 0.477, 0.742, 0.93, 0.759, 0.45, 0.294, 0.426, 0.691, 0.937, 0.721, 0.938, 0.277, 0.465, 0.409, 0.272, 0.42, 0.732, 0.937, 0.751, 0.937, 0.762, 0.937, 0.477, 0.709, 0.912, 0.748, 0.922, 0.763, 0.926, 0.261, 0.464, 0.259, 0.418, 0.763, 0.926, 0.253, 0.44, 0.772, 0.928, 0.25, 0.376, 0.249, 0.456, 0.777, 0.929, 0.787, 0.931, 0.791, 0.931, 0.729, 0.909, 0.773, 0.922, 0.243, 0.468, 0.599, 0.923, 0.242, 0.444, 0.634, 0.922, 0.241, 0.433, 0.66, 0.922, 0.24, 0.431, 0.681, 0.921, 0.24, 0.433, 0.698, 0.921, 0.771, 0.921, 0.773, 0.922, 0.239, 0.441, 0.712, 0.921, 0.772, 0.921, 0.26, 0.395, 0.726, 0.901, 0.26, 0.369, 0.682, 0.879, 0.733, 0.681, 0.897, 0.702, 0.908, 0.72, 0.912, 0.232, 0.43, 0.714, 0.911, 0.733, 0.915, 0.742, 0.347, 0.241, 0.423, 0.672, 0.921, 0.235, 0.431, 0.742, 0.921, 0.699, 0.923, 0.714, 0.923, 0.234, 0.455, 0.748, 0.922, 0.235, 0.462, 0.753, 0.922, 0.235, 0.469, 0.758, 0.922, 0.724, 0.923, 0.733, 0.922, 0.739, 0.478, 0.673, 0.927, 0.235, 0.466, 0.772, 0.0]
results_dict
Dict{String,Any}("QSA_record" => [0.0, 0.0, 0.9205960328557282, 0.9354617223675091, 0.9327242868663614, 0.933964473942138, 0.9378822012562253, 0.9563076340785495, 0.943937228529708, 0.9659745694277873, 0.9517688497189699, 0.9741817115044497, 0.9471966727709513, 0.9496414567579315, 0.9610017179651735, 0.9812172782552921, 0.9531079875961703, 0.973551917670312, 0.9467504973536125, 0.9496390114738893, 0.9603794245779038, 0.9786476426300854, 0.9516943339212304, 0.943843655058563, 0.9455972146242333, 0.9536345326722676, 0.9694888838553009, 0.9413646244161711, 0.9465536282080955, 0.9590643718873721, 0.9759081259918461, 0.9557275381077777, 0.9697996510184745, 0.9585660456781234, 0.9752573611628268, 0.9434585525696997, 0.951184440752219, 0.965415871346653, 0.9814681158886249, 0.968930665676939, 0.9473691251625748, 0.9528262782859477, 0.9646436304902701, 0.9848890534223612, 0.9677295666770585, 0.9878622268295157, 0.9485706446951502, 0.9619908507771437, 0.9906053351927149, 0.973256896774409, 0.9924709873850164, 0.9525026617608915, 0.9619040166218007, 0.9758918500327847, 0.9940571916998359, 0.9775073628389324, 0.9618597955375557, 0.9529593175745784, 0.9596670965201651, 0.9725004824716118, 0.9949053544394987, 0.9746086107093328, 0.9958709596539539, 0.953029953209041, 0.9628468267701762, 0.9603785573888732, 0.9531796372611241, 0.9609815970067829, 0.9767523388496957, 0.9966963927646396, 0.9782175349469705, 0.9973065261694252, 0.9795129370756547, 0.9978072653329215, 0.9639449840822634, 0.9727808799401366, 0.9893111926930531, 0.9741815475301797, 0.9909244285474182, 0.9760743787884401, 0.9925805933587545, 0.951162685800193, 0.96199931932583, 0.9516341249371983, 0.9602097860402893, 0.978012540558983, 0.9940822702521269, 0.9517793454732446, 0.9618765930399231, 0.9793403924624181, 0.9951624557639737, 0.9523098661116134, 0.9594663450276973, 0.9525401755607694, 0.963556629781918, 0.9804625352356059, 0.9960477834791701, 0.9813094523624505, 0.9967319661116263, 0.982047108365495, 0.9973115825059246, 0.977442582453199, 0.9915202544181005, 0.977906081907473, 0.9929412699012655, 0.9507473110902891, 0.9628523683849542, 0.969319817087936, 0.9943586445814048, 0.9520059219120426, 0.9630174045063221, 0.9723305682621427, 0.9954536959395104, 0.953060564454316, 0.9635819792734418, 0.9747535045813691, 0.9963152715648917, 0.9538900687066338, 0.9643255595486838, 0.9767057364476512, 0.9969997556527823, 0.9545470427879931, 0.9651267893096398, 0.9782870519478835, 0.9975480549174656, 0.9830955370956467, 0.9979856561963886, 0.9835336702747606, 0.9983466224607116, 0.9556469456814125, 0.9665808780939393, 0.9801828021473976, 0.9986422511579767, 0.9841320836355794, 0.9988795248205874, 0.9550964151859486, 0.9611746810101347, 0.976125729081693, 0.9905013775677788, 0.9494041685506618, 0.9541410989354585, 0.9677400235363391, 0.9817584863310942, 0.9703166493830212, 0.9678472127302922, 0.9849902741149834, 0.9700047409024974, 0.9877745582666324, 0.9729795981927121, 0.9902069215762784, 0.9496136460363745, 0.9608093357636539, 0.9752973562612526, 0.9922753250600551, 0.9771169674958103, 0.9936736695773704, 0.978660503178575, 0.9591325420556679, 0.9522482937341091, 0.9621153994494204, 0.9741557381240223, 0.9947621413377937, 0.9521574581861398, 0.9630068413371949, 0.9789909601913238, 0.9957314334599057, 0.9767770808051188, 0.9964826073933545, 0.9783084408485314, 0.9971223258704417, 0.9541901984586499, 0.9661474832594753, 0.9813049270058666, 0.9976555163207349, 0.9547286472231099, 0.9669429414822726, 0.9820445935116393, 0.998069217652384, 0.9550674820710588, 0.9676189066773699, 0.982649841317386, 0.9984072622317484, 0.980681531883435, 0.9986814131449401, 0.9815200788537731, 0.9989127640827186, 0.9822175147656296, 0.9688895778688403, 0.9776134520205962, 0.9990811130060341, 0.9551854325568948, 0.9675661605762953, 0.9836454134276224, 0.0],"final_Tsas" => Dict{Int64,Any}(1 => [0.14285714285714285 0.14285714285714285; 0.14285714285714285 0.008855985987037308; 0.9828321033449005 0.14285714285714285; 0.0003789220481898244 0.14285714285714285; 0.056538846900123514 0.14285714285714285; 0.14285714285714285 1.3469510990018773e-5; 0.0003789220481898244 0.14285714285714285]

[0.14285714285714285 0.14285714285714285; 0.14285714285714285 0.008855985987037308; 1.1688113303461042e-5 0.14285714285714285; 0.6823530822594034 0.14285714285714285; 0.056538846900123514 0.14285714285714285; 0.14285714285714285 0.022033408306664913; 0.0023566797000402905 0.14285714285714285]

[0.14285714285714285 0.14285714285714285; 0.14285714285714285 0.9468640840777761; 2.5395268293676134e-6 0.14285714285714285; 0.0003789220481898244 0.14285714285714285; 0.056538846900123514 0.14285714285714285; 0.14285714285714285 0.7904687236326942; 0.0003789220481898244 0.14285714285714285]

[0.14285714285714285 0.14285714285714285; 0.14285714285714285 0.008855985987037308; 0.0002163559410570846 0.14285714285714285; 0.0003789220481898244 0.14285714285714285; 0.056538846900123514 0.14285714285714285; 0.14285714285714285 0.14059430942436155; 0.9870338364207792 0.14285714285714285]

[0.14285714285714285 0.14285714285714285; 0.14285714285714285 0.008855985987037308; 1.57944130067622e-5 0.14285714285714285; 0.003244386853707429 0.14285714285714285; 0.056538846900123514 0.14285714285714285; 0.14285714285714285 0.04668551449016128; 0.009093795686421094 0.14285714285714285]

[0.14285714285714285 0.14285714285714285; 0.14285714285714285 0.008855985987037308; 0.0009639133533129845 0.14285714285714285; 0.3078896270999329 0.14285714285714285; 0.056538846900123514 0.14285714285714285; 0.14285714285714285 1.3469510990018773e-5; 0.0003789220481898244 0.14285714285714285]

[0.14285714285714285 0.14285714285714285; 0.14285714285714285 0.008855985987037308; 0.015957605307589978 0.14285714285714285; 0.005376137642386744 0.14285714285714285; 0.6607669185992588 0.14285714285714285; 0.14285714285714285 0.00019110512413810624; 0.0003789220481898244 0.14285714285714285]),"final_Reward" => Dict{Int64,Any}(1 => [1.0, 0.0, 0.0, 0.0, 0.0, 0.0, 0.0]),"final_Qsa" => [0.0 0.0; 0.9692525063437483 0.9838438960017536; 0.9992411725902185 0.9692805005404397; 0.9680293036066809 0.9692805005404397; 0.9608053011098321 0.9692864184737606; 0.9692923893057379 0.9789387860664231; 0.955346242845283 0.9692941296852478])