DateTime of fitting: 2020-02-09T16:32:18.162
DATA_STATS
nr_subjects: 1
all_subject_ids: [13]
nr_puzzles: 1
nr_episodes: 51
nr_actions: 194
max_state_id: 7
max_action_id: 2
SUBJECT_SIGNALS
subject_id: 13
algorithm_name: Sarsa-Lambda (ReplTrc)
param_string: alpha=0.3098, gamma=0.7973,
                lambda=0.5944, temp=0.185,
                reward_magnitude=1.0,
                action_cost=0.0,
                initQSA=nothing, use_replacing_trace=true
param_vector: [0.3097680914996361, 0.797288711064138, 0.5944049377230652, 0.18498856792674875, 1.0, 0.0, 0.0]
LL: -65.145
RPE
[0.0, 0.0, 0.0, 0.0, 0.0, 0.0, 0.0, 0.0, 0.0, 1.0, 0.001, -0.003, 0.0, 0.0, 0.011, 0.231, 0.69, 0.055, -0.037, 0.028, -0.078, -0.006, 0.143, 0.229, 0.476, 0.176, 0.206, 0.329, 0.157, 0.175, 0.227, 0.303, 0.143, -0.803, 0.177, 0.088, 0.029, -0.578, 0.018, 0.12, 0.04, -0.033, 0.54, 0.051, 0.031, 0.373, -0.243, 0.075, 0.12, 0.059, 0.257, 0.287, 0.066, 0.177, 0.138, -0.62, 0.097, 0.553, 0.122, -0.017, 0.051, 0.229, 0.085, 0.151, 0.167, 0.058, -0.122, 0.429, 0.04, 0.11, 0.131, 0.028, -0.08, 0.307, 0.019, 0.069, 0.098, 0.013, -0.06, 0.217, 0.009, 0.157, 0.071, -0.944, 0.266, 0.076, -0.031, 0.255, -0.01, 0.003, 0.176, 0.085, -0.295, 0.029, 0.107, 0.122, 0.04, -0.644, 1.0, 0.011, 0.139, 0.084, -0.025, 0.104, 0.058, 0.156, 0.227, -0.004, 0.078, 0.04, -0.054, 0.134, 0.028, 0.149, 0.69, 0.057, 0.095, 0.019, 0.049, -0.3, 0.476, -0.016, 0.092, 0.013, -0.006, 0.071, 0.009, 0.452, -0.207, 0.329, 0.307, 0.066, 0.006, 0.008, 0.046, 0.004, -0.02, -0.109, 0.227, -0.014, 0.07, 0.003, 0.218, 0.049, 0.002, -0.398, 0.314, 0.01, 0.034, 0.001, 0.002, 0.034, 0.001, 0.164, -0.372, 0.076, 0.128, 0.001, 0.125, 0.024, 0.0, 0.17, -0.108, 0.157, 0.114, 0.027, 0.0, -0.047, 0.088, 0.0, 0.081, -0.067, 0.108, 0.006, 0.024, 0.0, 0.025, 0.061, 0.0, 0.007, -0.319, -0.035, 0.121, 0.0, 0.03, 0.042, 0.0, 0.492, 0.075, 0.036, 0.083, 0.0, 0.002, 0.0]
SPE
Float64[]
action_selection_prob
[0.5, 0.5, 0.5, 0.5, 0.5, 0.5, 0.5, 0.5, 0.5, 0.5, 0.502, 0.484, 0.49, 0.312, 0.502, 0.517, 0.817, 0.385, 0.593, 0.361, 0.598, 0.278, 0.483, 0.701, 0.934, 0.598, 0.809, 0.969, 0.726, 0.886, 0.982, 0.63, 0.926, 0.988, 0.372, 0.812, 0.901, 0.961, 0.583, 0.438, 0.807, 0.861, 0.91, 0.842, 0.9, 0.961, 0.873, 0.517, 0.829, 0.927, 0.979, 0.708, 0.945, 0.986, 0.872, 0.957, 0.185, 0.411, 0.99, 0.698, 0.859, 0.914, 0.992, 0.721, 0.944, 0.993, 0.795, 0.66, 0.993, 0.891, 0.959, 0.994, 0.917, 0.805, 0.994, 0.926, 0.967, 0.994, 0.938, 0.875, 0.994, 0.819, 0.972, 0.994, 0.051, 0.82, 0.927, 0.979, 0.942, 0.934, 0.986, 0.848, 0.943, 0.836, 0.911, 0.99, 0.859, 0.931, 0.374, 0.85, 0.911, 0.992, 0.945, 0.932, 0.993, 0.052, 0.09, 0.922, 0.945, 0.993, 0.926, 0.87, 0.994, 0.072, 0.761, 0.87, 0.896, 0.994, 0.889, 0.953, 0.91, 0.852, 0.947, 0.994, 0.859, 0.911, 0.994, 0.109, 0.92, 0.957, 0.201, 0.914, 0.994, 0.865, 0.923, 0.995, 0.87, 0.954, 0.975, 0.866, 0.954, 0.995, 0.307, 0.959, 0.995, 0.601, 0.038, 0.87, 0.938, 0.995, 0.875, 0.928, 0.995, 0.5, 0.932, 0.495, 0.886, 0.995, 0.552, 0.94, 0.995, 0.392, 0.942, 0.983, 0.455, 0.939, 0.995, 0.878, 0.906, 0.995, 0.508, 0.942, 0.987, 0.878, 0.94, 0.995, 0.539, 0.918, 0.995, 0.881, 0.942, 0.561, 0.903, 0.995, 0.854, 0.925, 0.995, 0.136, 0.989, 0.43, 0.919, 0.995, 0.724, 0.929]
results_dict
Dict{String,Any}("trialByTrial_Qsa" => [0.0, 0.0, 0.0, 0.0, 0.0, 0.0, 0.0, 0.0, 0.0, 0.0, 0.0016631171556013755, 0.003509334937920135, 0.00037352432548063514, 0.0007881717539605668, 0.0015759693429887353, 0.015625314716775644, 0.3097680914996361, 0.0, 0.0695717178090118, 0.041379958959687796, 0.08693021148061761, 0.01166855023665321, 0.007405029564531017, 0.188618003857896, 0.5235799124879452, 0.08697362761535282, 0.3294409669904571, 0.6711596537486441, 0.19446603647148844, 0.44142478009822683, 0.7730239002150061, 0.11843278511720554, 0.5289234937639532, 0.8433338534614346, 0.05005189790572741, 0.2847140937686752, 0.4706348764095706, 0.6275236533589853, 0.06235015740828309, 0.10105484163426334, 0.278542986480238, 0.4005930552909708, 0.46030545689512037, 0.3237159513316792, 0.46954265910009085, 0.627485605505487, 0.36983404372675777, 0.15949105237439637, 0.3057361969768576, 0.5337525356753997, 0.7428786785441949, 0.1831181078614609, 0.589631359227669, 0.822526659575424, 0.3693338634132439, 0.6361791782609977, 0.01968942594288292, 0.14680292315907345, 0.8775022375308101, 0.2940775177277394, 0.3478718632084341, 0.5007654160545336, 0.9154481356238668, 0.3151677392085644, 0.5841491689972881, 0.9416396052843977, 0.39032782728754095, 0.3360318576562009, 0.9597177933746153, 0.4033051896113122, 0.6443269394265857, 0.9721959356423547, 0.45864180451969455, 0.47487937654628837, 0.9808087475943555, 0.4802719274593407, 0.6889244356827102, 0.9867535852255398, 0.516925198376741, 0.5728290808013301, 0.9908569018494369, 0.41820960911140387, 0.7211653148424695, 0.9936891419139307, 0.0625002841087017, 0.42029941356189865, 0.6256277074771043, 0.7446003066991841, 0.5307897839548472, 0.6534726261023807, 0.8237149822625702, 0.4571913694787401, 0.6803634940160632, 0.44032392244084556, 0.5933492576797461, 0.8783224557670734, 0.473567496262834, 0.6443345490043177, 0.0, 0.460987188325304, 0.5915431886310449, 0.9160142764224696, 0.5405031019192821, 0.6468635954866686, 0.9420303737282971, 0.013760060708238308, 0.212999438894503, 0.5521622449503898, 0.6876535816440766, 0.9599875142234296, 0.5651482309742974, 0.6414436325913426, 0.9723821055785942, 0.09837815569340107, 0.3097680914996361, 0.4905012344373294, 0.6869529342581656, 0.9809372480247515, 0.5235121872227985, 0.7176069285549802, 0.5235799124879452, 0.5700710481198082, 0.6945660020596808, 0.9868422803228551, 0.5794767525758877, 0.7192218893871571, 0.9909181220357315, 0.1395247920253997, 0.7424947527811311, 0.6711596537486441, 0.2721148183158495, 0.7265276829778242, 0.9937313980399556, 0.5886321823354506, 0.7478192552158397, 0.9956732109054894, 0.5980419346593228, 0.7250681887066159, 0.7730239002150061, 0.5916880927456892, 0.7247032250212702, 0.9970135121056174, 0.3773465549769445, 0.7468887309959281, 0.997938630760947, 0.5276561224254158, 0.16226360937979212, 0.5978992775488264, 0.7622945458150646, 0.9985771771760045, 0.6060262524578677, 0.7627098924121718, 0.9990179222867357, 0.4522201860358912, 0.7733229306986201, 0.4484901212084519, 0.669211222357091, 0.9993221386256779, 0.49084934924099294, 0.7729920950463502, 0.999532118449903, 0.4522652820226571, 0.7804715429395205, 0.8433338534614346, 0.49995603858610976, 0.7699874540348536, 0.9996770532247244, 0.6116982791401634, 0.7088176390857803, 0.9997770918309575, 0.539245529209397, 0.778412162199571, 0.8918640266772884, 0.6102508551770853, 0.7734273526813008, 0.9998461416690615, 0.562090142263083, 0.7362008251198335, 0.9998938020705976, 0.6157271384538534, 0.7808034278807657, 0.5787582964492897, 0.676720109487478, 0.9999266988005098, 0.5724812376688181, 0.755113264937628, 0.9999494051731805, 0.24573665521901927, 0.9253611007559203, 0.5332539011482863, 0.7140610723884167, 0.9999650778361242, 0.5878276925413028, 0.739838840969218],"StateValue_V2_record" => [0.0, 0.0, 0.0, 0.0, 0.0, 0.0, 0.0, 0.0, 0.0, 0.0, 1.0, 0.001325984533338076, 0.01245788703050956, 0.00590394647689677, 0.11704431338594537, 0.001256502566148085, 0.01245788703050956, 0.2469746024005428, 1.0, 0.06930847626391455, 0.05546874521846495, 0.11704431338594537, 0.06930847626391455, 0.15038300517935252, 0.015698157031593923, 0.15038300517935252, 0.41744435356658804, 1.0, 0.06934309145801697, 0.2626595639435448, 0.5351080152555096, 1.0, 0.15504557556410467, 0.3519429939562858, 0.616323229024195, 1.0, 0.09442512259383283, 0.4217047305946029, 0.6723805610230199, 0.11704431338594537, 0.22699933284262117, 0.37523187399441643, 0.5003175247488443, 0.04971107663469614, 0.11704431338594537, 0.2220791786667846, 0.31938832071418305, 0.36699634442369966, 1.0, 0.2580950735881357, 0.37436106146353937, 0.5002871896247699, 1.0, 0.29486450803054476, 0.12716041557384541, 0.24376001841333023, 0.4255548711958548, 0.5922887840935313, 1.0, 0.14599800018936795, 0.4701064264016239, 0.6557912202287809, 1.0, 0.2944657199130836, 0.5072184770415533, 0.23446468506209053, 0.16982204809358292, 0.6996226279168367, 1.0, 0.23446468506209053, 0.27735430943293254, 0.3992546131116159, 0.729876464097621, 1.0, 0.2512796805625947, 0.46573553801903517, 0.7507586271841411, 1.0, 0.311203970310549, 0.26791440666720034, 0.7651721624649658, 1.0, 0.3215506747906809, 0.5137145950393235, 0.7751208444300867, 1.0, 0.3656699331656376, 0.3786159660375317, 0.7819877421699352, 1.0, 0.38291538600434694, 0.5492716753460567, 0.7867274941023877, 1.0, 0.4121386251303657, 0.45671015949214744, 0.7899990221245426, 1.0, 0.3334338002030682, 0.5749769643349157, 0.7922571351549871, 0.48206158342843664, 0.3350999776997793, 0.49880590850043205, 0.5936614187861543, 1.0, 0.4231927026953724, 0.5210063477808645, 0.656738656492344, 1.0, 0.3645135176813528, 0.5424461331991605, 0.3510652925735672, 0.47307066486634786, 0.7002765786572183, 1.0, 0.3775700186972659, 0.5137206620697452, 0.07623534606692355, 1.0, 0.3675398811969627, 0.47163070640241606, 0.7303278417652198, 1.0, 0.4309370214553928, 0.5157370422798799, 0.7510701824531022, 1.0, 0.44023272457477713, 0.5114157670490501, 0.44023272457477713, 0.5482584377676438, 0.7653872078528641, 1.0, 0.4505863046336754, 0.5114157670490501, 0.7752692756185899, 1.0, 0.4545112111704241, 0.2469746024005428, 1.0, 0.39107109697990694, 0.5476998195164204, 0.7820901941124567, 1.0, 0.4173903569772327, 0.5721399031182951, 0.41744435356658804, 1.0, 0.4545112111704241, 0.5537696325311343, 0.7867982097022039, 1.0, 0.4620102731528619, 0.5734274931586005, 0.7900478322879646, 1.0, 0.4206942697336608, 0.5919826844167538, 0.5351080152555096, 1.0, 0.4206942697336608, 0.5792523199138041, 0.7922908254872401, 1.0, 0.469309793945102, 0.5962278500999805, 0.7938390109639293, 1.0, 0.4768120832468349, 0.578088681607507, 0.616323229024195, 1.0, 0.47174623681720873, 0.5777977001812324, 0.794907617980217, 1.0, 0.4206942697336608, 0.5954859536440732, 0.7956452046405063, 1.0, 0.4206942697336608, 0.6077688358841153, 0.4766983443430831, 0.6077688358841153, 0.796154310488722, 1.0, 0.4831778896931632, 0.6080999870371678, 0.7965057115899647, 1.0, 0.3605860037629031, 0.6165616426530446, 0.3605860037629031, 0.5335545529027413, 0.7967482598427246, 1.0, 0.3913486449830222, 0.6162978711222723, 0.7969156743861304, 1.0, 0.4251573155164404, 0.6222611504924893, 0.6723805610230199, 1.0, 0.4251573155164404, 0.6139023047630057, 0.7970312292459363, 1.0, 0.4877001325358122, 0.5651323018462272, 0.7971109888973564, 1.0, 0.42993437293045905, 0.6206192294767446, 0.7110731202740073, 1.0, 0.4865461177499263, 0.6166448971210228, 0.7971660415537776, 1.0, 0.44814812502679136, 0.586964606944147, 0.7972040406538872, 1.0, 0.49091229658508284, 0.6225257586095163, 0.46143745619373044, 0.5395413038444536, 0.797230268845277, 1.0, 0.4564328280893744, 0.6020432817095543, 0.7972483723798766, 1.0, 0.46866838331406174, 0.7377799592905796, 1.0, 0.4668758106675393, 0.5693128320256369, 0.7972608680171139, 1.0, 0.46866838331406174, 0.5898651559115337, 0.0],"final_QSA" => Dict{Int64,Any}(1 => [0.0 0.0; 0.999975895608179 0.03297089604715823; 0.9484818501263925 0.09561824344053804; 0.2895432792349933 0.7681728042236192; 0.26351693088085276 0.739838840969218; 0.5884588336809997 0.4091131790468481; 0.5566402101471412 0.585579356873625]),"trialByTrial_Vs" => [0.0, 0.0, 0.0, 0.0, 0.0, 0.0, 0.0, 0.0, 0.0, 0.0, 0.0016631171556013755, 0.015625314716775644, 0.007405029564531017, 0.14680292315907345, 0.0015759693429887353, 0.015625314716775644, 0.3097680914996361, 0.08693021148061761, 0.0695717178090118, 0.14680292315907345, 0.08693021148061761, 0.188618003857896, 0.01968942594288292, 0.188618003857896, 0.5235799124879452, 0.08697362761535282, 0.3294409669904571, 0.6711596537486441, 0.19446603647148844, 0.44142478009822683, 0.7730239002150061, 0.11843278511720554, 0.5289234937639532, 0.8433338534614346, 0.14680292315907345, 0.2847140937686752, 0.4706348764095706, 0.6275236533589853, 0.06235015740828309, 0.14680292315907345, 0.278542986480238, 0.4005930552909708, 0.46030545689512037, 0.3237159513316792, 0.46954265910009085, 0.627485605505487, 0.36983404372675777, 0.15949105237439637, 0.3057361969768576, 0.5337525356753997, 0.7428786785441949, 0.1831181078614609, 0.589631359227669, 0.822526659575424, 0.3693338634132439, 0.6361791782609977, 0.2940775177277394, 0.212999438894503, 0.8775022375308101, 0.2940775177277394, 0.3478718632084341, 0.5007654160545336, 0.9154481356238668, 0.3151677392085644, 0.5841491689972881, 0.9416396052843977, 0.39032782728754095, 0.3360318576562009, 0.9597177933746153, 0.4033051896113122, 0.6443269394265857, 0.9721959356423547, 0.45864180451969455, 0.47487937654628837, 0.9808087475943555, 0.4802719274593407, 0.6889244356827102, 0.9867535852255398, 0.516925198376741, 0.5728290808013301, 0.9908569018494369, 0.41820960911140387, 0.7211653148424695, 0.9936891419139307, 0.6046261244374462, 0.42029941356189865, 0.6256277074771043, 0.7446003066991841, 0.5307897839548472, 0.6534726261023807, 0.8237149822625702, 0.4571913694787401, 0.6803634940160632, 0.44032392244084556, 0.5933492576797461, 0.8783224557670734, 0.473567496262834, 0.6443345490043177, 0.09561824344053804, 0.460987188325304, 0.5915431886310449, 0.9160142764224696, 0.5405031019192821, 0.6468635954866686, 0.9420303737282971, 0.5521622449503898, 0.6414436325913426, 0.5521622449503898, 0.6876535816440766, 0.9599875142234296, 0.5651482309742974, 0.6414436325913426, 0.9723821055785942, 0.5700710481198082, 0.3097680914996361, 0.4905012344373294, 0.6869529342581656, 0.9809372480247515, 0.5235121872227985, 0.7176069285549802, 0.5235799124879452, 0.5700710481198082, 0.6945660020596808, 0.9868422803228551, 0.5794767525758877, 0.7192218893871571, 0.9909181220357315, 0.5276561224254158, 0.7424947527811311, 0.6711596537486441, 0.5276561224254158, 0.7265276829778242, 0.9937313980399556, 0.5886321823354506, 0.7478192552158397, 0.9956732109054894, 0.5980419346593228, 0.7250681887066159, 0.7730239002150061, 0.5916880927456892, 0.7247032250212702, 0.9970135121056174, 0.5276561224254158, 0.7468887309959281, 0.997938630760947, 0.5276561224254158, 0.7622945458150646, 0.5978992775488264, 0.7622945458150646, 0.9985771771760045, 0.6060262524578677, 0.7627098924121718, 0.9990179222867357, 0.4522652820226571, 0.7733229306986201, 0.4522652820226571, 0.669211222357091, 0.9993221386256779, 0.49084934924099294, 0.7729920950463502, 0.999532118449903, 0.5332539011482863, 0.7804715429395205, 0.8433338534614346, 0.5332539011482863, 0.7699874540348536, 0.9996770532247244, 0.6116982791401634, 0.7088176390857803, 0.9997770918309575, 0.539245529209397, 0.778412162199571, 0.8918640266772884, 0.6102508551770853, 0.7734273526813008, 0.9998461416690615, 0.562090142263083, 0.7362008251198335, 0.9998938020705976, 0.6157271384538534, 0.7808034278807657, 0.5787582964492897, 0.676720109487478, 0.9999266988005098, 0.5724812376688181, 0.755113264937628, 0.9999494051731805, 0.5878276925413028, 0.9253611007559203, 0.585579356873625, 0.7140610723884167, 0.9999650778361242, 0.5878276925413028, 0.739838840969218],"RPE_QV" => [0.0, 0.0, 0.0, 0.0, 0.0, 0.0, 0.0, 0.0, 0.0, 1.0, 0.010794769874908183, 0.0023946115389766346, 0.11667078906046474, 0.0004563349868940592, 0.010881917687520825, 0.23134928768376717, 0.6902319085003639, 0.05546874521846495, 0.04747259557693358, 0.027928517304226755, 0.06345279369873491, 0.004029606794940712, 0.1429779756148215, 0.22882634970869203, 0.4764200875120548, 0.17568593632819196, 0.20566704826505244, 0.32884034625135594, 0.15747695748479737, 0.17489844892596818, 0.2269760997849939, 0.30327194547739733, 0.1434570672590667, -0.7262895400754893, 0.17694743493689374, 0.08819925782814814, 0.028922356992945375, -0.5778125767242892, 0.05469415597766228, 0.11953518124835771, 0.040342748826563524, -0.03318331685459891, 0.5396945431048796, 0.05064511013186018, 0.03074453052467907, 0.37251439449451296, -0.24267362815291235, 0.07543923282998571, 0.11981867421899717, 0.05853624841813154, 0.25712132145580513, 0.28698831854016305, 0.06615986100111193, 0.17747334042457596, 0.1378846136283094, -0.4017144931989072, 0.1501326221507, 0.5528197047577632, 0.12249776246918986, -0.016723208294806835, 0.05138274990318181, 0.22911104804308735, 0.08455186437613316, 0.15056779881047078, 0.16660945818685302, 0.05836039471560228, -0.12241342062034061, 0.42914030480876486, 0.04028220662538473, 0.11040940542801131, 0.13079390500350097, 0.027804064357645264, -0.08002583848216283, 0.3071083656236468, 0.019191252405644454, 0.06899974788671598, 0.09780305841967751, 0.013246414774460202, -0.060215038884593564, 0.21716994132321255, 0.009143098150563134, 0.15676735522351187, 0.0710918203125176, -0.4011543035234, 0.2656173251150531, 0.076495629598955, -0.0311475041812872, 0.2553996933008159, -0.009783436173982696, 0.0032660303899633147, 0.17628501773742977, 0.08525476372042035, -0.29479421496210734, 0.029315526728068197, 0.10692732097747215, 0.12167754423292665, 0.040153165806911195, -0.5680992029373942, 1.0, 0.010643518077112057, 0.13878465313417487, 0.08398572357753042, -0.02476605963940215, 0.10420658696643359, 0.05796962627170288, 0.4976557063408118, 0.22723328568027412, -0.0039038071827459664, 0.07773362620878743, 0.04001248577657035, -0.05373246392524733, 0.1338256430272473, 0.02761789442140583, 0.14859644670714173, 0.6902319085003639, 0.057198585079091036, 0.09513725985429111, 0.019062751975248537, 0.04862771589549664, -0.30016257498839216, 0.4764200875120548, -0.01630141558867393, 0.09223220764252316, 0.013157719677144852, -0.006049259417287178, 0.07082594290080746, 0.009081877964268514, 0.45245789239135414, -0.20738673752562153, 0.32884034625135594, 0.3071375015979546, 0.06576314250941584, 0.006268601960044418, 0.007595667764529912, 0.046019755748089586, 0.004326789094510564, -0.019953253051815723, -0.10874495968242093, 0.2269760997849939, -0.013890392564456788, 0.07020439295894687, 0.0029864878943826056, 0.21813939866712867, 0.048756473644578135, 0.002061369239052979, 0.08011271345869952, 0.314434734963291, 0.009869558335288908, 0.033859764673657367, 0.0014228228239955287, 0.002073734579300157, 0.03379581917779295, 0.0009820777132643066, 0.16434145661715338, -0.37218471555093224, 0.07615134930184209, 0.1275370374856336, 0.0006778613743221307, 0.12544852188127936, 0.023923579339780177, 0.0004678815500970268, 0.16999586846983222, -0.10809098191650057, 0.15666614653856537, 0.1139462661768959, 0.0270437752110827, 0.0003229467752755566, -0.04656597729393619, 0.0882933498115761, 0.00022290816904246835, 0.08137370026734769, -0.06733904192556373, 0.10813597332271163, 0.006394041943937445, 0.023738688872476765, 0.00015385833093850554, 0.024874464681064024, 0.061003215534053634, 0.00010619792940236294, 0.0067986201556629045, -0.3193659716870353, -0.03510782171744187, 0.12051015935779907, 7.330119949022773e-5, 0.029562044040736257, 0.042135107442248576, 5.059482681946115e-5, 0.49204330407156033, 0.07463889924407974, 0.03605893087735057, 0.08319979562869728, 3.492216387579461e-5, 0.0020374633702308076, -0.1273833360152442],"StateValue_V3_record" => [0.0, 0.0, 0.0, 0.0, 0.0, 0.0, 0.0, 0.0, 0.0, 0.0, 0.3097680914996361, 0.0016631171556013755, 0.002014653129353593, 0.015625314716775644, 0.007405029564531017, 0.14680292315907345, 0.004946840216908195, 0.08728994203237646, 0.5235799124879452, 0.08693021148061761, 0.08693021148061761, 0.058240418472382635, 0.14680292315907345, 0.06288384133189512, 0.188618003857896, 0.05169504419721578, 0.25950110549198585, 0.6711596537486441, 0.08697362761535282, 0.14139552481506343, 0.39315005601588593, 0.7730239002150061, 0.19446603647148844, 0.24324737304672345, 0.49560273882827055, 0.8433338534614346, 0.11843278511720554, 0.21237675687312058, 0.5733619157009292, 0.5944574827623119, 0.14680292315907345, 0.31203540953778497, 0.47959409973694644, 0.44853575422261516, 0.06792460167950065, 0.14680292315907345, 0.2910398827900918, 0.390313922559294, 0.627485605505487, 0.3237159513316792, 0.3394041904410144, 0.47906633364477297, 0.7428786785441949, 0.36983404372675777, 0.29466149707653777, 0.18285971955233774, 0.342852199015693, 0.551885197631433, 0.822526659575424, 0.1831181078614609, 0.27201793157833687, 0.6101255731038646, 0.8775022375308101, 0.3693338634132439, 0.41204611702405003, 0.4439739565030201, 0.2940775177277394, 0.318048828045278, 0.9154481356238668, 0.2940775177277394, 0.2888972014105062, 0.36378859958194587, 0.5717367081483222, 0.9416396052843977, 0.3151677392085644, 0.3618088388873851, 0.6357594628856179, 0.9597177933746153, 0.39032782728754095, 0.35240805560803584, 0.4689658308623841, 0.9721959356423547, 0.4033051896113122, 0.4375065004143568, 0.6848427177593049, 0.9808087475943555, 0.45864180451969455, 0.43385235326241683, 0.5700117488490979, 0.9867535852255398, 0.4802719274593407, 0.5016458476761648, 0.7192207024322012, 0.9908569018494369, 0.516925198376741, 0.49827250070188406, 0.6401013990561096, 0.9936891419139307, 0.41820960911140387, 0.46677113354843663, 0.7431872923419132, 0.7013119356970089, 0.6231055780255352, 0.44399531875083004, 0.61597920455189, 0.8237149822625702, 0.5307897839548472, 0.5277591876029241, 0.6544843381030594, 0.8783224557670734, 0.4571913694787401, 0.48360057492766717, 0.5890456526621177, 0.4494049372067058, 0.6264719298281066, 0.9160142764224696, 0.473567496262834, 0.4860056658025093, 0.44474026547197154, 0.3097680914996361, 0.460987188325304, 0.4642842106068929, 0.6345342457618572, 0.9420303737282971, 0.5405031019192821, 0.5328313668908183, 0.6791434710529516, 0.9599875142234296, 0.5521622449503898, 0.5521622449503898, 0.6414436325913426, 0.550952970049808, 0.7117329786801189, 0.9723821055785942, 0.5651482309742974, 0.5485036281726006, 0.6828985466256046, 0.9809372480247515, 0.5700710481198082, 0.5700710481198082, 0.5235799124879452, 0.4905012344373294, 0.5082195309737589, 0.7164234216737343, 0.9868422803228551, 0.5235121872227985, 0.538575501969733, 0.6246261405612096, 0.6711596537486441, 0.5700710481198082, 0.5650213897241623, 0.7231365969959034, 0.9909181220357315, 0.5794767525758877, 0.5776028850312085, 0.7411615065482025, 0.9937313980399556, 0.5276561224254158, 0.5276561224254158, 0.6782529588954833, 0.7730239002150061, 0.5276561224254158, 0.5276561224254158, 0.7468990061239845, 0.9956732109054894, 0.5886321823354506, 0.5909850778425343, 0.7620747071252049, 0.9970135121056174, 0.5980419346593228, 0.5918610535422525, 0.6913824700855875, 0.8433338534614346, 0.5916880927456892, 0.5873852923508167, 0.7464503058430536, 0.997938630760947, 0.5276561224254158, 0.5276561224254158, 0.7619919307850614, 0.9985771771760045, 0.5276561224254158, 0.4522201860358912, 0.7622945458150646, 0.6009565517982932, 0.7727832204966503, 0.9990179222867357, 0.6060262524578677, 0.6066686292607743, 0.7731787588195436, 0.9993221386256779, 0.4522652820226571, 0.503127925406457, 0.6580319816770729, 0.47207937934680566, 0.7087181270545332, 0.999532118449903, 0.49084934924099294, 0.5297092984456072, 0.7804028565602741, 0.9996770532247244, 0.5332539011482863, 0.5332539011482863, 0.7469884057629245, 0.8918640266772884, 0.5332539011482863, 0.5352529559932363, 0.7783647526689358, 0.9997770918309575, 0.6116982791401634, 0.5972736252250054, 0.736168101549022, 0.9998461416690615, 0.539245529209397, 0.5644525050394766, 0.7575526756988752, 0.9253611007559203, 0.6102508551770853, 0.6122315253470274, 0.7807808410280316, 0.9998938020705976, 0.562090142263083, 0.5697954577144113, 0.7550976747711583, 0.9999266988005098, 0.6157271384538534, 0.6178331340443041, 0.681874040341346, 0.5678830135191683, 0.7140503115580604, 0.9999494051731805, 0.5724812376688181, 0.5816386156321451, 0.7681653767551454, 0.9999650778361242, 0.5878276925413028, 0.5878276925413028, 0.9484818501263925, 0.585579356873625, 0.585579356873625, 0.739833714293478, 0.999975895608179, 0.5878276925413028, 0.5884588336809997, 0.739838840969218],"StateValue_V1_record" => [0.0, 0.0, 0.0, 0.0, 0.0, 0.0, 0.0, 0.0, 0.0, 0.0, 0.0, 0.0016631171556013755, 0.015625314716775644, 0.007405029564531017, 0.14680292315907345, 0.0015759693429887353, 0.015625314716775644, 0.3097680914996361, 0.0, 0.08693021148061761, 0.0695717178090118, 0.14680292315907345, 0.08693021148061761, 0.188618003857896, 0.01968942594288292, 0.188618003857896, 0.5235799124879452, 0.0, 0.08697362761535282, 0.3294409669904571, 0.6711596537486441, 0.0, 0.19446603647148844, 0.44142478009822683, 0.7730239002150061, 0.0, 0.11843278511720554, 0.5289234937639532, 0.8433338534614346, 0.14680292315907345, 0.2847140937686752, 0.4706348764095706, 0.6275236533589853, 0.06235015740828309, 0.14680292315907345, 0.278542986480238, 0.4005930552909708, 0.46030545689512037, 0.0, 0.3237159513316792, 0.46954265910009085, 0.627485605505487, 0.0, 0.36983404372675777, 0.15949105237439637, 0.3057361969768576, 0.5337525356753997, 0.7428786785441949, 0.0, 0.1831181078614609, 0.589631359227669, 0.822526659575424, 0.0, 0.3693338634132439, 0.6361791782609977, 0.2940775177277394, 0.212999438894503, 0.8775022375308101, 0.0, 0.2940775177277394, 0.3478718632084341, 0.5007654160545336, 0.9154481356238668, 0.0, 0.3151677392085644, 0.5841491689972881, 0.9416396052843977, 0.0, 0.39032782728754095, 0.3360318576562009, 0.9597177933746153, 0.0, 0.4033051896113122, 0.6443269394265857, 0.9721959356423547, 0.0, 0.45864180451969455, 0.47487937654628837, 0.9808087475943555, 0.0, 0.4802719274593407, 0.6889244356827102, 0.9867535852255398, 0.0, 0.516925198376741, 0.5728290808013301, 0.9908569018494369, 0.0, 0.41820960911140387, 0.7211653148424695, 0.9936891419139307, 0.6046261244374462, 0.42029941356189865, 0.6256277074771043, 0.7446003066991841, 0.0, 0.5307897839548472, 0.6534726261023807, 0.8237149822625702, 0.0, 0.4571913694787401, 0.6803634940160632, 0.44032392244084556, 0.5933492576797461, 0.8783224557670734, 0.0, 0.473567496262834, 0.6443345490043177, 0.09561824344053804, 0.0, 0.460987188325304, 0.5915431886310449, 0.9160142764224696, 0.0, 0.5405031019192821, 0.6468635954866686, 0.9420303737282971, 0.0, 0.5521622449503898, 0.6414436325913426, 0.5521622449503898, 0.6876535816440766, 0.9599875142234296, 0.0, 0.5651482309742974, 0.6414436325913426, 0.9723821055785942, 0.0, 0.5700710481198082, 0.3097680914996361, 0.0, 0.4905012344373294, 0.6869529342581656, 0.9809372480247515, 0.0, 0.5235121872227985, 0.7176069285549802, 0.5235799124879452, 0.0, 0.5700710481198082, 0.6945660020596808, 0.9868422803228551, 0.0, 0.5794767525758877, 0.7192218893871571, 0.9909181220357315, 0.0, 0.5276561224254158, 0.7424947527811311, 0.6711596537486441, 0.0, 0.5276561224254158, 0.7265276829778242, 0.9937313980399556, 0.0, 0.5886321823354506, 0.7478192552158397, 0.9956732109054894, 0.0, 0.5980419346593228, 0.7250681887066159, 0.7730239002150061, 0.0, 0.5916880927456892, 0.7247032250212702, 0.9970135121056174, 0.0, 0.5276561224254158, 0.7468887309959281, 0.997938630760947, 0.0, 0.5276561224254158, 0.7622945458150646, 0.5978992775488264, 0.7622945458150646, 0.9985771771760045, 0.0, 0.6060262524578677, 0.7627098924121718, 0.9990179222867357, 0.0, 0.4522652820226571, 0.7733229306986201, 0.4522652820226571, 0.669211222357091, 0.9993221386256779, 0.0, 0.49084934924099294, 0.7729920950463502, 0.999532118449903, 0.0, 0.5332539011482863, 0.7804715429395205, 0.8433338534614346, 0.0, 0.5332539011482863, 0.7699874540348536, 0.9996770532247244, 0.0, 0.6116982791401634, 0.7088176390857803, 0.9997770918309575, 0.0, 0.539245529209397, 0.778412162199571, 0.8918640266772884, 0.0, 0.6102508551770853, 0.7734273526813008, 0.9998461416690615, 0.0, 0.562090142263083, 0.7362008251198335, 0.9998938020705976, 0.0, 0.6157271384538534, 0.7808034278807657, 0.5787582964492897, 0.676720109487478, 0.9999266988005098, 0.0, 0.5724812376688181, 0.755113264937628, 0.9999494051731805, 0.0, 0.5878276925413028, 0.9253611007559203, 0.0, 0.585579356873625, 0.7140610723884167, 0.9999650778361242, 0.0, 0.5878276925413028, 0.739838840969218, 0.0])
POPULATION_SIGNALS
subject_id: 13
algorithm_name: Sarsa-Lambda (ReplTrc)
param_string: alpha=0.1974, gamma=0.9961,
                lambda=0.6128, temp=0.2507,
                reward_magnitude=1.0,
                action_cost=0.0,
                initQSA=nothing, use_replacing_trace=true
param_vector: [0.197445163350583, 0.9960525723724495, 0.6127972592361022, 0.2507274927826116, 1.0, 0.0, 0.0]
LL: -70.444
RPE
[0.0, 0.0, 0.0, 0.0, 0.0, 0.0, 0.0, 0.0, 0.0, 1.0, 0.004, -0.008, 0.001, 0.002, 0.021, 0.169, 0.803, 0.073, -0.018, 0.034, -0.062, -0.011, 0.14, 0.197, 0.644, 0.16, 0.207, 0.517, 0.168, 0.206, 0.415, 0.35, 0.197, -0.591, 0.219, 0.154, 0.127, -0.511, 0.041, 0.179, 0.12, 0.078, 0.482, 0.128, 0.101, 0.386, -0.244, 0.193, 0.153, 0.111, 0.31, 0.455, 0.113, 0.249, 0.198, -0.654, 0.086, 0.677, 0.2, 0.188, 0.136, 0.209, 0.16, 0.31, 0.18, 0.129, -0.191, 0.615, 0.103, 0.183, 0.174, 0.083, -0.206, 0.518, 0.067, 0.137, 0.159, 0.053, -0.173, 0.431, 0.043, 0.306, 0.14, -0.88, 0.436, 0.228, 0.072, 0.135, 0.099, 0.072, 0.109, 0.232, -0.192, 0.172, 0.083, 0.087, 0.169, -0.853, 1.0, 0.117, 0.121, 0.07, 0.084, 0.103, 0.056, 0.26, 0.499, 0.078, 0.087, 0.045, -0.202, 0.347, 0.036, 0.054, 0.803, -0.045, 0.282, 0.029, 0.129, -0.533, 0.644, 0.039, 0.113, 0.023, -0.098, 0.233, 0.019, 0.642, -0.312, 0.517, 0.516, 0.187, 0.015, -0.021, 0.152, 0.012, 0.016, -0.302, 0.415, 0.009, 0.111, 0.01, 0.495, 0.09, 0.008, -0.553, 0.664, 0.035, 0.073, 0.006, -0.034, 0.127, 0.005, 0.377, -0.308, 0.279, 0.13, 0.004, 0.311, 0.061, 0.003, 0.2, -0.28, 0.333, 0.155, 0.064, 0.003, -0.019, 0.106, 0.002, 0.129, -0.212, 0.267, 0.016, 0.062, 0.002, 0.077, 0.085, 0.001, 0.018, -0.094, 0.068, 0.06, 0.001, -0.001, 0.069, 0.001, 0.533, 0.214, 0.257, 0.049, 0.001, 0.021, 0.0]
SPE
Float64[]
action_selection_prob
[0.5, 0.5, 0.5, 0.5, 0.5, 0.5, 0.5, 0.5, 0.5, 0.5, 0.506, 0.483, 0.486, 0.386, 0.506, 0.517, 0.648, 0.411, 0.573, 0.435, 0.574, 0.374, 0.483, 0.613, 0.776, 0.592, 0.679, 0.852, 0.679, 0.762, 0.896, 0.581, 0.821, 0.923, 0.456, 0.75, 0.815, 0.899, 0.582, 0.505, 0.761, 0.802, 0.869, 0.807, 0.844, 0.906, 0.845, 0.581, 0.832, 0.876, 0.929, 0.639, 0.899, 0.944, 0.866, 0.917, 0.258, 0.345, 0.953, 0.647, 0.867, 0.897, 0.96, 0.713, 0.917, 0.964, 0.782, 0.497, 0.968, 0.893, 0.931, 0.97, 0.915, 0.627, 0.972, 0.923, 0.942, 0.973, 0.936, 0.723, 0.974, 0.811, 0.949, 0.975, 0.068, 0.83, 0.912, 0.963, 0.941, 0.918, 0.967, 0.863, 0.926, 0.873, 0.921, 0.97, 0.894, 0.928, 0.366, 0.895, 0.914, 0.972, 0.948, 0.924, 0.973, 0.045, 0.211, 0.931, 0.931, 0.974, 0.935, 0.702, 0.975, 0.064, 0.559, 0.91, 0.759, 0.976, 0.919, 0.937, 0.705, 0.906, 0.93, 0.976, 0.913, 0.8, 0.977, 0.079, 0.829, 0.798, 0.125, 0.829, 0.977, 0.916, 0.85, 0.977, 0.921, 0.936, 0.856, 0.92, 0.934, 0.977, 0.19, 0.939, 0.978, 0.734, 0.057, 0.925, 0.907, 0.978, 0.929, 0.865, 0.978, 0.285, 0.877, 0.316, 0.864, 0.978, 0.38, 0.91, 0.978, 0.554, 0.914, 0.892, 0.583, 0.909, 0.978, 0.931, 0.876, 0.978, 0.62, 0.913, 0.915, 0.934, 0.91, 0.978, 0.638, 0.885, 0.978, 0.936, 0.914, 0.661, 0.911, 0.978, 0.936, 0.892, 0.978, 0.062, 0.93, 0.32, 0.915, 0.978, 0.9, 0.918]
results_dict
Dict{String,Any}("trialByTrial_Qsa" => [0.0, 0.0, 0.0, 0.0, 0.0, 0.0, 0.0, 0.0, 0.0, 0.0, 0.00623218058521319, 0.010210357615963672, 0.00232187149759637, 0.0038039877061683534, 0.0062707725932542036, 0.02740582007581638, 0.197445163350583, 0.0, 0.07356049633890632, 0.05528493374082377, 0.08985732947470965, 0.02800764025123002, 0.01672791749539798, 0.1575462688070068, 0.3559057341706276, 0.11306428870151067, 0.27405781216601466, 0.48307903170048183, 0.20762368022734068, 0.3772489006823136, 0.5851425767257217, 0.1155251444152036, 0.46783749807759395, 0.6670541684313135, 0.07620607522257664, 0.2961146444553306, 0.45839623449728284, 0.5937101972134452, 0.08267879627907254, 0.12543707157093634, 0.3109290014662782, 0.4362776995048377, 0.5184380898382739, 0.379512248033894, 0.5097115082974887, 0.6135201598535747, 0.44547060070717365, 0.2027141857952444, 0.4206530550873392, 0.5763069438961997, 0.6898287350229928, 0.17761330906288111, 0.63556429438836, 0.7510705511030349, 0.4871063887236179, 0.6877851026778471, 0.034034394967746295, 0.12051624046486566, 0.8002204668032668, 0.2994126045212351, 0.4895680822530011, 0.6277808582672348, 0.839665969369399, 0.37547605557597674, 0.6882849671602763, 0.8713231482379153, 0.46781230529714457, 0.27817353850090487, 0.8967297702535189, 0.5532986279865956, 0.7392535114406965, 0.917119977635065, 0.6165345384715655, 0.41205130293702275, 0.9334842371894095, 0.6431291434070905, 0.7836459698556334, 0.9466174528429352, 0.6933799606969343, 0.5222943854080172, 0.957157578586432, 0.5118683198607215, 0.8215195707161772, 0.9656166074807685, 0.08607115787088473, 0.5441436053916054, 0.785520665914065, 0.8645070714033178, 0.7142971040286913, 0.8161326830642774, 0.8912594948229386, 0.6078610469396094, 0.8433764574647437, 0.6305356318409037, 0.826110183466823, 0.9127297816304485, 0.6808619189488314, 0.8530189007565102, 0.0, 0.6849465043664882, 0.805110685020372, 0.9299608641520656, 0.7503969606847136, 0.8374777904154342, 0.9437897527704947, 0.020032443421097463, 0.2814022629722244, 0.7834361021533394, 0.864507230662102, 0.954888194216701, 0.8125259596278345, 0.6125732180930836, 0.9637953020786243, 0.14238761795031452, 0.197445163350583, 0.7278010153068961, 0.6855323913852541, 0.9709437445737689, 0.7549931652817682, 0.8870449796794267, 0.3559057341706276, 0.8171015132166836, 0.85952053090619, 0.9766807616727573, 0.8401774821617838, 0.7446304792706876, 0.9812850324934909, 0.14724647807604907, 0.7928474196758896, 0.48307903170048183, 0.27456234247146183, 0.7936060093928164, 0.9849802123099144, 0.8501623966660573, 0.8324343544310502, 0.9879457967438744, 0.865171653674902, 0.8847023732748965, 0.5851425767257217, 0.8624752904492783, 0.8750967368813137, 0.9903258408748412, 0.40012644586645063, 0.8982421989811327, 0.9922359568035877, 0.7635744681755655, 0.21112940342242947, 0.8784127706683922, 0.9169631559515175, 0.9937689295807642, 0.8945516151334058, 0.8638220583788392, 0.9949992242975392, 0.5092037673306388, 0.8895495271329024, 0.5464593065973244, 0.8623068707326335, 0.9959866032729912, 0.617470096728669, 0.9321044856596289, 0.9967790290453461, 0.7403456185214042, 0.9444854506867604, 0.6670541684313135, 0.7706552569993953, 0.9293134633948212, 0.9974149941816353, 0.9035144377340132, 0.88840869439641, 0.9979253910777045, 0.8091802405035493, 0.9422939307103299, 0.7327927125322885, 0.9127158632279513, 0.9325606071742223, 0.9983350125752557, 0.8287874611157341, 0.9095044769884943, 0.998663756289311, 0.9234816980462934, 0.9449700006170512, 0.8543841197097594, 0.9346589194764, 0.9989275911470442, 0.9234322772047754, 0.9264912254988916, 0.9991393330881947, 0.24982546681783094, 0.785551499054817, 0.686423724568748, 0.9466991358791869, 0.9993092676071865, 0.9316574122286311, 0.9563911342676976],"StateValue_V2_record" => [0.0, 0.0, 0.0, 0.0, 0.0, 0.0, 0.0, 0.0, 0.0, 0.0, 1.0, 0.006207579503391235, 0.027297637584493422, 0.016661885251725263, 0.12004051132768613, 0.006246019172273506, 0.027297637584493422, 0.19666576285784668, 1.0, 0.08950262416980327, 0.0732701216033618, 0.12004051132768613, 0.08950262416980327, 0.15692436631290052, 0.03390004665676365, 0.15692436631290052, 0.3545008220427588, 1.0, 0.11261797560460098, 0.27297598878672447, 0.481172112184457, 1.0, 0.20680410077587755, 0.3757597379492972, 0.5828327687522985, 1.0, 0.11506911726846226, 0.46599074341247837, 0.664421020377775, 0.12004051132768613, 0.29494575332688533, 0.45658674853686315, 0.5913665691782064, 0.08235242771442791, 0.12494191780909819, 0.30970163173568355, 0.4345555248605281, 0.5163915929992717, 1.0, 0.3780141509010112, 0.5076994590075548, 0.6110983334245095, 1.0, 0.44371213775068064, 0.20191398621773984, 0.4189925575960739, 0.5740320139439147, 0.6871056860160848, 1.0, 0.17691219337966563, 0.6330554503336068, 0.7481057544593712, 1.0, 0.4851835715072139, 0.6850701207617189, 0.2982306949341111, 0.2802914479049126, 0.7970616544244762, 1.0, 0.2982306949341111, 0.48763554767954864, 0.6253027387632634, 0.8363514487239962, 1.0, 0.37399389102071245, 0.6855680120652802, 0.8678836631700367, 1.0, 0.46596565007870655, 0.2802914479049126, 0.8931899943839731, 1.0, 0.5511145216961955, 0.7363353617058718, 0.9134997128975698, 1.0, 0.6141008130010637, 0.410424760239841, 0.9297993757216452, 1.0, 0.6405904376583225, 0.7805525841040066, 0.9428807489568615, 1.0, 0.6906428934836893, 0.5202326661213431, 0.9533792683168006, 1.0, 0.5098477567132353, 0.8182766816661587, 0.9618049058067774, 0.7402441336783132, 0.5419956378903277, 0.782419879935424, 0.8610944923054475, 1.0, 0.7114774679059691, 0.8129110583634026, 0.8877413124697578, 1.0, 0.6054615594492082, 0.8400472899361217, 0.6280466380676198, 0.8228491733052052, 0.9091268468739523, 1.0, 0.6781742657994257, 0.8496516703808412, 0.13742535493073693, 1.0, 0.6822427276117577, 0.8019325688590865, 0.926289910944371, 1.0, 0.7474348229904768, 0.8341719074480884, 0.9400642110258094, 1.0, 0.7803435448392788, 0.6101551296480855, 0.7803435448392788, 0.8610946509355693, 0.9511188421776282, 1.0, 0.8093185722066976, 0.6101551296480855, 0.9599907898758957, 1.0, 0.8138760641288987, 0.19666576285784668, 1.0, 0.7249280734717144, 0.6828263018839192, 0.967111014411641, 1.0, 0.7520128844025231, 0.8835434338197602, 0.3545008220427588, 1.0, 0.8138760641288987, 0.856127635816044, 0.9728253850508332, 1.0, 0.8368609423566525, 0.7416911043444983, 0.9774114808457243, 1.0, 0.7605603132241971, 0.7897177118670288, 0.481172112184457, 1.0, 0.7605603132241971, 0.7904733071059491, 0.9810920742072516, 1.0, 0.8468064421335532, 0.8291483800622469, 0.9840459522112852, 1.0, 0.8617564511866121, 0.8812100746844717, 0.5828327687522985, 1.0, 0.8590707316596792, 0.8716423558453691, 0.9864166012902946, 1.0, 0.7605603132241971, 0.8946964529086429, 0.9883191771746521, 1.0, 0.7605603132241971, 0.9133435102562685, 0.8749452998290626, 0.9133435102562685, 0.9898460986527359, 1.0, 0.8910204373735582, 0.860412183320307, 0.9910715368701557, 1.0, 0.7374231577729169, 0.8860380947534234, 0.7374231577729169, 0.8589029767676768, 0.9920550182385611, 1.0, 0.7374231577729169, 0.9284250706611723, 0.9928443159675295, 1.0, 0.7374231577729169, 0.9407571627249, 0.664421020377775, 1.0, 0.7676131511465989, 0.9256450657547619, 0.9934777706774696, 1.0, 0.8999478798806112, 0.8849017653715936, 0.9939861528187303, 1.0, 0.8059860600665176, 0.9385742936149707, 0.7299000663335709, 1.0, 0.9091129834133417, 0.9288793916690975, 0.9943941573650651, 1.0, 0.8255158825943584, 0.9059142738886491, 0.9947216033871012, 1.0, 0.9198363208778882, 0.941239799929409, 0.8510115002310766, 0.9309694210353223, 0.9949843967758278, 1.0, 0.9197870951215654, 0.9228339684386742, 0.99519530288099, 1.0, 0.9279797620201875, 0.7824505913645843, 1.0, 0.8717790429119189, 0.9429621095552392, 0.9953645665957667, 1.0, 0.9279797620201875, 0.952615849481545, 0.0],"final_QSA" => Dict{Int64,Any}(1 => [0.0 0.0; 0.9994456493773172 0.044899729702436025; 0.8278933183542263 0.13796998144727454; 0.39767162322985955 0.9401602376209545; 0.3520474417522611 0.9563911342676976; 0.9357955542956056 0.38083424864582893; 0.7429917732663188 0.8752339656484903]),"trialByTrial_Vs" => [0.0, 0.0, 0.0, 0.0, 0.0, 0.0, 0.0, 0.0, 0.0, 0.0, 0.00623218058521319, 0.02740582007581638, 0.01672791749539798, 0.12051624046486566, 0.0062707725932542036, 0.02740582007581638, 0.197445163350583, 0.08985732947470965, 0.07356049633890632, 0.12051624046486566, 0.08985732947470965, 0.1575462688070068, 0.034034394967746295, 0.1575462688070068, 0.3559057341706276, 0.11306428870151067, 0.27405781216601466, 0.48307903170048183, 0.20762368022734068, 0.3772489006823136, 0.5851425767257217, 0.1155251444152036, 0.46783749807759395, 0.6670541684313135, 0.12051624046486566, 0.2961146444553306, 0.45839623449728284, 0.5937101972134452, 0.08267879627907254, 0.12543707157093634, 0.3109290014662782, 0.4362776995048377, 0.5184380898382739, 0.379512248033894, 0.5097115082974887, 0.6135201598535747, 0.44547060070717365, 0.2027141857952444, 0.4206530550873392, 0.5763069438961997, 0.6898287350229928, 0.17761330906288111, 0.63556429438836, 0.7510705511030349, 0.4871063887236179, 0.6877851026778471, 0.2994126045212351, 0.2814022629722244, 0.8002204668032668, 0.2994126045212351, 0.4895680822530011, 0.6277808582672348, 0.839665969369399, 0.37547605557597674, 0.6882849671602763, 0.8713231482379153, 0.46781230529714457, 0.2814022629722244, 0.8967297702535189, 0.5532986279865956, 0.7392535114406965, 0.917119977635065, 0.6165345384715655, 0.41205130293702275, 0.9334842371894095, 0.6431291434070905, 0.7836459698556334, 0.9466174528429352, 0.6933799606969343, 0.5222943854080172, 0.957157578586432, 0.5118683198607215, 0.8215195707161772, 0.9656166074807685, 0.7431777741561989, 0.5441436053916054, 0.785520665914065, 0.8645070714033178, 0.7142971040286913, 0.8161326830642774, 0.8912594948229386, 0.6078610469396094, 0.8433764574647437, 0.6305356318409037, 0.826110183466823, 0.9127297816304485, 0.6808619189488314, 0.8530189007565102, 0.13796998144727454, 0.6849465043664882, 0.805110685020372, 0.9299608641520656, 0.7503969606847136, 0.8374777904154342, 0.9437897527704947, 0.7834361021533394, 0.6125732180930836, 0.7834361021533394, 0.864507230662102, 0.954888194216701, 0.8125259596278345, 0.6125732180930836, 0.9637953020786243, 0.8171015132166836, 0.197445163350583, 0.7278010153068961, 0.6855323913852541, 0.9709437445737689, 0.7549931652817682, 0.8870449796794267, 0.3559057341706276, 0.8171015132166836, 0.85952053090619, 0.9766807616727573, 0.8401774821617838, 0.7446304792706876, 0.9812850324934909, 0.7635744681755655, 0.7928474196758896, 0.48307903170048183, 0.7635744681755655, 0.7936060093928164, 0.9849802123099144, 0.8501623966660573, 0.8324343544310502, 0.9879457967438744, 0.865171653674902, 0.8847023732748965, 0.5851425767257217, 0.8624752904492783, 0.8750967368813137, 0.9903258408748412, 0.7635744681755655, 0.8982421989811327, 0.9922359568035877, 0.7635744681755655, 0.9169631559515175, 0.8784127706683922, 0.9169631559515175, 0.9937689295807642, 0.8945516151334058, 0.8638220583788392, 0.9949992242975392, 0.7403456185214042, 0.8895495271329024, 0.7403456185214042, 0.8623068707326335, 0.9959866032729912, 0.7403456185214042, 0.9321044856596289, 0.9967790290453461, 0.7403456185214042, 0.9444854506867604, 0.6670541684313135, 0.7706552569993953, 0.9293134633948212, 0.9974149941816353, 0.9035144377340132, 0.88840869439641, 0.9979253910777045, 0.8091802405035493, 0.9422939307103299, 0.7327927125322885, 0.9127158632279513, 0.9325606071742223, 0.9983350125752557, 0.8287874611157341, 0.9095044769884943, 0.998663756289311, 0.9234816980462934, 0.9449700006170512, 0.8543841197097594, 0.9346589194764, 0.9989275911470442, 0.9234322772047754, 0.9264912254988916, 0.9991393330881947, 0.9316574122286311, 0.785551499054817, 0.8752339656484903, 0.9466991358791869, 0.9993092676071865, 0.9316574122286311, 0.9563911342676976],"RPE_QV" => [0.0, 0.0, 0.0, 0.0, 0.0, 0.0, 0.0, 0.0, 0.0, 1.0, 0.02106545699928023, 0.006451527635761591, 0.11771863983008976, 0.0023374929577126414, 0.02102686499123922, 0.1692599427820303, 0.8025548366494171, 0.0732701216033618, 0.04648001498877981, 0.0342176904289795, 0.06706703683819087, 0.005892406405533627, 0.14019644881750254, 0.19695455323575198, 0.6440942658293725, 0.1599117000852138, 0.20711430001844233, 0.5169209682995182, 0.1681360577219565, 0.2055838680699849, 0.4148574232742783, 0.35046559899727475, 0.196583522300181, -0.5470136571036274, 0.2187396781043087, 0.15360261258147145, 0.12727813921131859, -0.5113577694990172, 0.041140094149734255, 0.17936823119540343, 0.1203414851463453, 0.07798508490957651, 0.4815619101617261, 0.12818721097366076, 0.1013868251270208, 0.38647984014642534, -0.2435566144894338, 0.1930987045677973, 0.1533789588565755, 0.11079874211988505, 0.3101712649770072, 0.4554421412707257, 0.11254146007101118, 0.2489294488969651, 0.19796373203810103, -0.389554407743736, 0.24625705293716632, 0.6765454139596105, 0.19977953319673325, 0.18822294315831356, 0.13573465651026229, 0.2085705904567614, 0.16033403063060103, 0.31009195648930343, 0.17959869600976042, 0.12867685176208465, -0.18752085739223195, 0.6150164558830682, 0.10327022974648115, 0.1830367337192762, 0.1742462014568733, 0.08288002236493497, -0.2061097782317245, 0.5177480727846224, 0.06651576281059046, 0.13742344069691614, 0.15923477910122807, 0.05338254715706481, -0.1731472945755912, 0.43108488290878344, 0.04284242141356798, 0.3064083618054373, 0.14028533509060015, -0.11975060337124821, 0.4364072601382103, 0.22807614130562448, 0.0723386612454272, 0.13549292859668216, 0.09861395433471132, 0.0716086294054804, 0.10874050517706135, 0.23218624299651225, -0.19225181341152897, 0.17170230854983515, 0.08301666340712932, 0.08727021836955151, 0.1687897514320098, -0.7155935458257733, 1.0, 0.1169860644925983, 0.12117922592399899, 0.07003913584793442, 0.08377494676337482, 0.10258642061037515, 0.056210247229505295, 0.590122686226988, 0.4989412818670544, 0.07765854878222989, 0.08661161151552621, 0.045111805783298986, -0.20237082997974898, 0.3474175717828121, 0.036204697921375706, 0.05427814490753216, 0.8025548366494171, -0.044974713422976875, 0.2815786230263869, 0.029056255426231137, 0.128550268537992, -0.532544157636668, 0.6440942658293725, 0.03902612259936045, 0.1133048541446432, 0.023319238327242697, -0.09848637781728553, 0.23278100157503667, 0.01871496750650914, 0.6424712337909797, -0.3116753074914326, 0.5169209682995182, 0.5159109646344873, 0.1874860648144352, 0.015019787690085606, -0.021014016603810415, 0.15161159778023503, 0.012054203256125606, 0.016038421009569648, -0.30186960452259803, 0.4148574232742783, 0.009167065396090801, 0.1113198644089809, 0.009674159125158788, 0.49457000704219223, 0.09007697819351945, 0.007764043196412329, 0.14976904208070296, 0.6638158964066331, 0.03493073958787629, 0.07288294270121842, 0.0062310704192357624, -0.03413943181309875, 0.12724947849131651, 0.005000775702460825, 0.37683432742278467, -0.15212636935998547, 0.27895747252926095, 0.12974814750592767, 0.004013396727008844, 0.31095497393250326, 0.060739830307900644, 0.003220970954653901, 0.20041154420349572, -0.2800644303089854, 0.3329458315686865, 0.1549898087553666, 0.06416430728264833, 0.0025850058183647384, -0.01861267236241959, 0.10557745842232025, 0.0020746089222954955, 0.12939405311142138, -0.212393864376759, 0.2672072874677115, 0.016163528441146213, 0.0618335501908428, 0.001664987424744302, 0.077126812772915, 0.0852171263986069, 0.0013362437106889669, 0.01775810188311555, -0.09395850038597453, 0.0683772600642627, 0.06032547729942783, 0.0010724088529557863, -0.0005983087661012298, 0.06870407738209838, 0.0008606669118053079, 0.5326251245467534, 0.21444850094518297, 0.2565383849864912, 0.048665430716579805, 0.0006907323928134756, 0.02095843725291391, -0.019942111143052554],"StateValue_V3_record" => [0.0, 0.0, 0.0, 0.0, 0.0, 0.0, 0.0, 0.0, 0.0, 0.0, 0.197445163350583, 0.00623218058521319, 0.00700969444113036, 0.02740582007581638, 0.01672791749539798, 0.12051624046486566, 0.010422425386200085, 0.06082537712712468, 0.3559057341706276, 0.08985732947470965, 0.08985732947470965, 0.06990898579180561, 0.12051624046486566, 0.07762357831418473, 0.1575462688070068, 0.04440902823334142, 0.19643399274328094, 0.48307903170048183, 0.11306428870151067, 0.14463808044650514, 0.3149515289653977, 0.5851425767257217, 0.20762368022734068, 0.24082133160937544, 0.41784044109563645, 0.6670541684313135, 0.1155251444152036, 0.18472288185798041, 0.5066519637501862, 0.550334675099756, 0.12051624046486566, 0.3264427373875555, 0.48352668748481986, 0.492745078884122, 0.09080170888872519, 0.1608524612792179, 0.3346898456588501, 0.4516754773337181, 0.6135201598535747, 0.379512248033894, 0.4048221928440441, 0.5297298465462903, 0.6898287350229928, 0.44547060070717365, 0.39738152517419245, 0.24084059106141908, 0.4509369886733181, 0.5981836196330995, 0.7510705511030349, 0.17761330906288111, 0.26753815704281886, 0.657785061355794, 0.8002204668032668, 0.4871063887236179, 0.5261933701333718, 0.5586786609792591, 0.2994126045212351, 0.2814022629722244, 0.839665969369399, 0.2994126045212351, 0.3365763142794558, 0.5163682336800051, 0.6689621125700976, 0.8713231482379153, 0.37547605557597674, 0.4367022125787091, 0.7237458610314752, 0.8967297702535189, 0.46781230529714457, 0.4301522394164841, 0.3996055630960339, 0.917119977635065, 0.5532986279865956, 0.5894383457749552, 0.7736575811505675, 0.9334842371894095, 0.6165345384715655, 0.5758391596404502, 0.5142781557424321, 0.9466174528429352, 0.6431291434070905, 0.6702627371036922, 0.8150861068263694, 0.957157578586432, 0.6933799606969343, 0.6591928648357452, 0.6074100105319089, 0.9656166074807685, 0.5118683198607215, 0.5723671689093806, 0.849218231618832, 0.7918875286054281, 0.7752801088178679, 0.5891761363680651, 0.7998035847002308, 0.8912594948229386, 0.7142971040286913, 0.7337679523509553, 0.8302714605945539, 0.9127297816304485, 0.6078610469396094, 0.653705097615814, 0.8054172667612585, 0.6644374222001981, 0.842501422134064, 0.9299608641520656, 0.6808619189488314, 0.7141886389922288, 0.6845944445555063, 0.197445163350583, 0.6849465043664882, 0.7080448369799711, 0.8290369370776332, 0.9437897527704947, 0.7503969606847136, 0.7669379187330946, 0.8577329829904013, 0.954888194216701, 0.7834361021533394, 0.7834361021533394, 0.6125732180930836, 0.798769407003216, 0.8816082744458423, 0.9637953020786243, 0.8125259596278345, 0.7725688180450899, 0.6811691373046038, 0.9709437445737689, 0.8171015132166836, 0.8171015132166836, 0.3559057341706276, 0.7278010153068961, 0.7189209756684508, 0.7411287286047313, 0.9766807616727573, 0.7549931652817682, 0.7803747940520134, 0.7818967114834562, 0.48307903170048183, 0.8171015132166836, 0.8248070323682541, 0.881892026341193, 0.9812850324934909, 0.8401774821617838, 0.8207318232058426, 0.790591962151583, 0.9849802123099144, 0.7635744681755655, 0.7635744681755655, 0.7313086376759005, 0.5851425767257217, 0.7635744681755655, 0.7635744681755655, 0.8306242260860606, 0.9879457967438744, 0.8501623966660573, 0.8460132807250661, 0.8623693311206115, 0.9903258408748412, 0.865171653674902, 0.8683383623310219, 0.8250996798993563, 0.6670541684313135, 0.8624752904492783, 0.8642852831738549, 0.8970763056937097, 0.9922359568035877, 0.7635744681755655, 0.7635744681755655, 0.916027462654679, 0.9937689295807642, 0.7635744681755655, 0.6543323077621006, 0.9169631559515175, 0.8853096762522771, 0.9313535404786307, 0.9949992242975392, 0.8945516151334058, 0.8878109494423724, 0.8889468524458337, 0.9959866032729912, 0.7403456185214042, 0.7403456185214042, 0.8286879648938259, 0.7403456185214042, 0.8879250149113769, 0.9967790290453461, 0.7403456185214042, 0.7403456185214042, 0.944097271376659, 0.9974149941816353, 0.7403456185214042, 0.7799159086040061, 0.8891880834957148, 0.7327927125322885, 0.7706552569993953, 0.8012572451067743, 0.9419823955275207, 0.9979253910777045, 0.9035144377340132, 0.8998394555990243, 0.9092544529207445, 0.9983350125752557, 0.8091802405035493, 0.8347284704567279, 0.9003577894637991, 0.785551499054817, 0.9127158632279513, 0.9159072737413352, 0.9447693425921997, 0.998663756289311, 0.8287874611157341, 0.8440157772623921, 0.9263301864305346, 0.9989275911470442, 0.9234816980462934, 0.9269879493734015, 0.9264183491601666, 0.867884878992613, 0.9465698931959874, 0.9991393330881947, 0.9234322772047754, 0.9233141440327185, 0.9400565132804511, 0.9993092676071865, 0.9316574122286311, 0.9316574122286311, 0.8278933183542263, 0.8752339656484903, 0.8752339656484903, 0.9563078897965485, 0.9994456493773172, 0.9316574122286311, 0.9357955542956056, 0.9563911342676976],"StateValue_V1_record" => [0.0, 0.0, 0.0, 0.0, 0.0, 0.0, 0.0, 0.0, 0.0, 0.0, 0.0, 0.00623218058521319, 0.02740582007581638, 0.01672791749539798, 0.12051624046486566, 0.0062707725932542036, 0.02740582007581638, 0.197445163350583, 0.0, 0.08985732947470965, 0.07356049633890632, 0.12051624046486566, 0.08985732947470965, 0.1575462688070068, 0.034034394967746295, 0.1575462688070068, 0.3559057341706276, 0.0, 0.11306428870151067, 0.27405781216601466, 0.48307903170048183, 0.0, 0.20762368022734068, 0.3772489006823136, 0.5851425767257217, 0.0, 0.1155251444152036, 0.46783749807759395, 0.6670541684313135, 0.12051624046486566, 0.2961146444553306, 0.45839623449728284, 0.5937101972134452, 0.08267879627907254, 0.12543707157093634, 0.3109290014662782, 0.4362776995048377, 0.5184380898382739, 0.0, 0.379512248033894, 0.5097115082974887, 0.6135201598535747, 0.0, 0.44547060070717365, 0.2027141857952444, 0.4206530550873392, 0.5763069438961997, 0.6898287350229928, 0.0, 0.17761330906288111, 0.63556429438836, 0.7510705511030349, 0.0, 0.4871063887236179, 0.6877851026778471, 0.2994126045212351, 0.2814022629722244, 0.8002204668032668, 0.0, 0.2994126045212351, 0.4895680822530011, 0.6277808582672348, 0.839665969369399, 0.0, 0.37547605557597674, 0.6882849671602763, 0.8713231482379153, 0.0, 0.46781230529714457, 0.2814022629722244, 0.8967297702535189, 0.0, 0.5532986279865956, 0.7392535114406965, 0.917119977635065, 0.0, 0.6165345384715655, 0.41205130293702275, 0.9334842371894095, 0.0, 0.6431291434070905, 0.7836459698556334, 0.9466174528429352, 0.0, 0.6933799606969343, 0.5222943854080172, 0.957157578586432, 0.0, 0.5118683198607215, 0.8215195707161772, 0.9656166074807685, 0.7431777741561989, 0.5441436053916054, 0.785520665914065, 0.8645070714033178, 0.0, 0.7142971040286913, 0.8161326830642774, 0.8912594948229386, 0.0, 0.6078610469396094, 0.8433764574647437, 0.6305356318409037, 0.826110183466823, 0.9127297816304485, 0.0, 0.6808619189488314, 0.8530189007565102, 0.13796998144727454, 0.0, 0.6849465043664882, 0.805110685020372, 0.9299608641520656, 0.0, 0.7503969606847136, 0.8374777904154342, 0.9437897527704947, 0.0, 0.7834361021533394, 0.6125732180930836, 0.7834361021533394, 0.864507230662102, 0.954888194216701, 0.0, 0.8125259596278345, 0.6125732180930836, 0.9637953020786243, 0.0, 0.8171015132166836, 0.197445163350583, 0.0, 0.7278010153068961, 0.6855323913852541, 0.9709437445737689, 0.0, 0.7549931652817682, 0.8870449796794267, 0.3559057341706276, 0.0, 0.8171015132166836, 0.85952053090619, 0.9766807616727573, 0.0, 0.8401774821617838, 0.7446304792706876, 0.9812850324934909, 0.0, 0.7635744681755655, 0.7928474196758896, 0.48307903170048183, 0.0, 0.7635744681755655, 0.7936060093928164, 0.9849802123099144, 0.0, 0.8501623966660573, 0.8324343544310502, 0.9879457967438744, 0.0, 0.865171653674902, 0.8847023732748965, 0.5851425767257217, 0.0, 0.8624752904492783, 0.8750967368813137, 0.9903258408748412, 0.0, 0.7635744681755655, 0.8982421989811327, 0.9922359568035877, 0.0, 0.7635744681755655, 0.9169631559515175, 0.8784127706683922, 0.9169631559515175, 0.9937689295807642, 0.0, 0.8945516151334058, 0.8638220583788392, 0.9949992242975392, 0.0, 0.7403456185214042, 0.8895495271329024, 0.7403456185214042, 0.8623068707326335, 0.9959866032729912, 0.0, 0.7403456185214042, 0.9321044856596289, 0.9967790290453461, 0.0, 0.7403456185214042, 0.9444854506867604, 0.6670541684313135, 0.0, 0.7706552569993953, 0.9293134633948212, 0.9974149941816353, 0.0, 0.9035144377340132, 0.88840869439641, 0.9979253910777045, 0.0, 0.8091802405035493, 0.9422939307103299, 0.7327927125322885, 0.0, 0.9127158632279513, 0.9325606071742223, 0.9983350125752557, 0.0, 0.8287874611157341, 0.9095044769884943, 0.998663756289311, 0.0, 0.9234816980462934, 0.9449700006170512, 0.8543841197097594, 0.9346589194764, 0.9989275911470442, 0.0, 0.9234322772047754, 0.9264912254988916, 0.9991393330881947, 0.0, 0.9316574122286311, 0.785551499054817, 0.0, 0.8752339656484903, 0.9466991358791869, 0.9993092676071865, 0.0, 0.9316574122286311, 0.9563911342676976, 0.0])