DateTime of fitting: 2020-12-27T19:44:43.283
DATA_STATS
nr_subjects: 1
all_subject_ids: [7]
nr_puzzles: 1
nr_episodes: 58
nr_actions: 192
max_state_id: 7
max_action_id: 2
SUBJECT_SIGNALS
subject_id: 7
algorithm_name: hybrid_actorcritic_FWD
param_string: alpha=0.7416,
                eta_critic=0.0188,
                gamma=0.9245,
                lambda_actor=0.8432,
                lambda_critic=0.415,
                eta_fwd=0.1558,
                w_MB=12.1283,
                w_MF=2.9169
param_vector: [0.7416010418545704, 0.01875554824063267, 0.9244706949759273, 0.8431580404976213, 0.4149864022372389, 0.15576057551229375, 12.128285477863345, 2.9168700139746613]
LL: -58.936
RPE
[0.0, 0.0, 0.0, 0.0, 0.0, 0.0, 0.0, 0.0, 0.0, 0.0, 0.0, 1.0, -0.0, 0.0, -0.0, 0.0, 0.006, 0.01, -0.016, 0.004, 0.01, 0.981, -0.001, 0.034, 0.963, 0.001, 0.994, 0.011, 0.976, 0.021, -0.042, 0.013, 0.036, 0.945, 0.014, 0.021, 0.957, 0.001, 0.059, 0.927, 0.011, 0.002, 0.03, 0.939, -0.011, 0.058, 0.91, -0.022, 0.084, 0.893, -0.009, 0.003, -0.017, 0.091, -0.051, 0.921, -0.015, -0.017, 0.014, 0.093, 0.87, 0.095, 0.854, 0.041, 0.904, 0.016, 0.117, 0.838, 0.015, -0.019, 0.02, 0.123, 0.822, 0.049, 0.887, 0.012, -0.016, 0.036, 0.057, 0.871, 0.065, 0.854, 0.101, 0.807, 0.009, 0.155, 0.792, 0.017, 0.157, 0.777, 0.01, 0.104, 0.838, 0.018, 0.162, 0.762, 0.148, 0.748, 0.011, 0.192, 0.734, 0.019, 0.192, 0.72, 0.012, 0.101, 0.823, 0.085, 0.807, 0.02, 0.196, 0.707, 0.012, 0.122, 0.792, 0.106, 0.777, 0.175, 0.694, 0.016, 0.217, -0.212, 0.103, 0.763, 0.018, -0.004, 0.21, 0.682, 0.019, 0.147, 0.748, 0.122, -0.18, 0.15, 0.736, 0.023, 0.213, 0.669, 0.026, 0.217, 0.656, 0.024, 0.154, 0.723, 0.143, 0.709, 0.049, 0.147, 0.696, 0.024, 0.219, 0.644, 0.199, 0.632, 0.144, 0.683, 0.063, 0.148, 0.67, 0.024, 0.198, 0.657, 0.163, 0.645, -0.089, 0.028, 0.224, 0.62, 0.19, 0.608, 0.032, 0.236, 0.597, 0.004, 0.273, 0.586, 0.159, -0.233, 0.248, 0.575, 0.041, 0.249, 0.564, 0.005, 0.294, 0.553, 0.041, 0.26, 0.543, -0.064, 0.303, 0.533]
SPE
[0.857, 0.857, 0.857, 0.857, 0.724, 0.724, 0.724, 0.724, 0.857, 0.857, 0.857, 0.857, 0.857, 0.611, 0.724, 0.516, 0.611, 0.724, 0.857, 0.724, 0.611, 0.724, 0.611, 0.857, 0.611, 0.724, 0.857, 0.611, 0.724, 0.516, 0.898, 0.516, 0.516, 0.516, 0.927, 0.435, 0.672, 0.611, 0.724, 0.435, 0.914, 0.611, 0.368, 0.567, 0.914, 0.435, 0.368, 0.591, 0.611, 0.31, 0.807, 0.516, 0.577, 0.516, 0.956, 0.479, 0.487, 0.435, 0.591, 0.435, 0.377, 0.948, 0.318, 0.418, 0.404, 0.807, 0.368, 0.269, 0.577, 0.368, 0.731, 0.31, 0.227, 0.353, 0.341, 0.567, 0.31, 0.969, 0.298, 0.288, 0.251, 0.243, 0.899, 0.191, 0.56, 0.368, 0.162, 0.77, 0.262, 0.136, 0.555, 0.948, 0.205, 0.523, 0.221, 0.115, 0.759, 0.097, 0.468, 0.418, 0.082, 0.75, 0.187, 0.069, 0.49, 0.832, 0.173, 0.439, 0.146, 0.691, 0.158, 0.059, 0.505, 0.702, 0.124, 0.37, 0.104, 0.744, 0.049, 0.426, 0.539, 0.996, 0.42, 0.088, 0.36, 0.978, 0.133, 0.191, 0.304, 0.71, 0.074, 0.354, 0.611, 0.981, 0.063, 0.256, 0.611, 0.161, 0.821, 0.251, 0.136, 0.339, 0.662, 0.053, 0.299, 0.045, 0.983, 0.253, 0.038, 0.397, 0.592, 0.115, 0.811, 0.097, 0.336, 0.032, 0.856, 0.283, 0.027, 0.439, 0.627, 0.023, 0.239, 0.019, 0.998, 0.37, 0.577, 0.082, 0.84, 0.069, 0.313, 0.487, 0.058, 0.906, 0.212, 0.049, 0.431, 0.998, 0.412, 0.042, 0.379, 0.347, 0.035, 0.802, 0.179, 0.03, 0.426, 0.293, 0.025, 0.999, 0.151, 0.021]
action_selection_prob
[0.5, 0.5, 0.5, 0.5, 0.5, 0.5, 0.5, 0.5, 0.5, 0.5, 0.5, 0.5, 0.472, 0.512, 0.445, 0.487, 0.576, 0.654, 0.162, 0.635, 0.65, 0.853, 0.399, 0.482, 0.836, 0.417, 0.272, 0.664, 0.74, 0.792, 0.873, 0.58, 0.799, 0.885, 0.704, 0.796, 0.851, 0.237, 0.71, 0.914, 0.445, 0.136, 0.855, 0.907, 0.106, 0.68, 0.931, 0.269, 0.822, 0.944, 0.484, 0.195, 0.477, 0.87, 0.953, 0.933, 0.56, 0.114, 0.576, 0.895, 0.946, 0.352, 0.955, 0.62, 0.946, 0.698, 0.674, 0.959, 0.77, 0.177, 0.764, 0.791, 0.963, 0.753, 0.952, 0.812, 0.315, 0.808, 0.828, 0.96, 0.871, 0.966, 0.898, 0.963, 0.84, 0.536, 0.966, 0.866, 0.838, 0.969, 0.885, 0.724, 0.967, 0.102, 0.873, 0.97, 0.909, 0.972, 0.734, 0.806, 0.973, 0.797, 0.897, 0.975, 0.836, 0.855, 0.969, 0.922, 0.972, 0.862, 0.911, 0.975, 0.882, 0.881, 0.974, 0.931, 0.975, 0.938, 0.975, 0.896, 0.901, 0.976, 0.946, 0.98, 0.905, 0.91, 0.91, 0.972, 0.906, 0.909, 0.981, 0.953, 0.019, 0.923, 0.985, 0.916, 0.923, 0.973, 0.925, 0.934, 0.975, 0.931, 0.932, 0.96, 0.954, 0.963, 0.938, 0.957, 0.965, 0.943, 0.941, 0.976, 0.96, 0.977, 0.961, 0.966, 0.947, 0.964, 0.968, 0.951, 0.946, 0.969, 0.965, 0.971, 0.967, 0.953, 0.953, 0.979, 0.96, 0.979, 0.956, 0.956, 0.98, 0.959, 0.947, 0.981, 0.962, 0.972, 0.958, 0.983, 0.96, 0.962, 0.984, 0.963, 0.955, 0.984, 0.965, 0.964, 0.985, 0.959, 0.959, 0.985]
results_dict
Dict{String,Any}("finalQSA_Hybrid_record" => [0.0 0.0; 15.667157750880879 11.482822723747722; 15.724932088522994 12.425770944606487; 12.415264653851887 15.641810727994072; 12.768835916791716 16.142463616836157; 14.232314440776012 17.322271537868865; 13.061099196989028 16.42641484197945],"final_PolicyParameters_MF" => [0.0 0.0; 1.234231931836179 0.28444050304468155; 1.3427558412878424 0.6696974601905417; 0.7345649828636858 1.563082124769389; 0.9888904913950014 1.7349526314637664; 1.3328689060841326 2.266181179148264; 0.9289266045408942 2.1247114127274407],"final_Tsas" => [0.14285714285714285 0.14285714285714285; 0.9821551894248262 0.12060563206967231; 0.8305693567318354 0.08596048302913328; 0.07257122872120073 0.00803188819267544; 0.043667805124244875 0.003444655539927363; 0.0368660826667338 0.0012472099706819875; 0.05172443249821338 0.0004515785955774741]

[0.14285714285714285 0.14285714285714285; 0.0003218582211735576 0.12060563206967231; 0.0017498801953767388 0.08596048302913328; 0.07257122872120073 0.8726825163852078; 0.043667805124244875 0.7523889387686138; 0.0368660826667338 0.20740428568534766; 0.05172443249821338 0.0004515785955774741]

[0.14285714285714285 0.14285714285714285; 0.001681721220900239 0.27636620758196606; 0.0017498801953767388 0.08596048302913328; 0.07257122872120073 0.08715804265141514; 0.043667805124244875 0.2017384954857395; 0.0368660826667338 0.5368743087934208; 0.05172443249821338 0.0004515785955774741]

[0.14285714285714285 0.14285714285714285; 0.0003218582211735576 0.12060563206967231; 0.0017498801953767388 0.4842371018252003; 0.07257122872120073 0.00803188819267544; 0.043667805124244875 0.03209394358593738; 0.22700906178087396 0.15700778548297575; 0.5581541863823469 0.2728543387484244]

[0.14285714285714285 0.14285714285714285; 0.0003218582211735576 0.12060563206967231; 0.15751045570767047 0.08596048302913328; 0.07257122872120073 0.00803188819267544; 0.043667805124244875 0.003444655539927363; 0.5886605248854571 0.0012472099706819875; 0.05172443249821338 0.6406637805786387]

[0.14285714285714285 0.14285714285714285; 0.014875656469579437 0.12060563206967231; 0.0017498801953767388 0.08596048302913328; 0.5645726276727957 0.00803188819267544; 0.043667805124244875 0.003444655539927363; 0.0368660826667338 0.0012472099706819875; 0.18322365112658617 0.08467556629062702]

[0.14285714285714285 0.14285714285714285; 0.0003218582211735576 0.12060563206967231; 0.004920666778987145 0.08596048302913328; 0.07257122872120073 0.00803188819267544; 0.7379931692545307 0.003444655539927363; 0.0368660826667338 0.0949719901262099; 0.05172443249821338 0.0004515785955774741],"finalQSA_MB_record" => [0.0 0.0; 0.9969426758286493 0.8785143530293917; 0.9736054931820678 0.8637997499948497; 0.847063709520753 0.9172885065606351; 0.815191657461592 0.9141220356048996; 0.853266386761629 0.8857798399620258; 0.8538314277174874 0.8437633306043618])
POPULATION_SIGNALS
subject_id: 7
algorithm_name: hybrid_actorcritic_FWD
param_string: alpha=0.644,
                eta_critic=0.0002,
                gamma=0.972,
                lambda_actor=0.8563,
                lambda_critic=0.4629,
                eta_fwd=0.24,
                w_MB=12.1269,
                w_MF=2.8638
param_vector: [0.644030167544776, 0.00020351207271904898, 0.9720012726758733, 0.856341395594059, 0.4628830908282809, 0.24003847973901876, 12.126880916735841, 2.863789486249355]
LL: -59.929
RPE
[0.0, 0.0, 0.0, 0.0, 0.0, 0.0, 0.0, 0.0, 0.0, 0.0, 0.0, 1.0, -0.0, 0.0, -0.0, 0.0, 0.0, 0.0, -0.0, 0.0, 0.0, 1.0, -0.0, 0.0, 1.0, 0.0, 1.0, 0.0, 1.0, 0.0, -0.0, 0.0, 0.0, 0.999, 0.0, 0.0, 0.999, 0.0, 0.001, 0.999, 0.0, 0.0, 0.0, 0.999, -0.0, 0.001, 0.999, -0.0, 0.001, 0.999, -0.0, 0.0, -0.0, 0.001, -0.001, 0.999, -0.0, -0.0, 0.0, 0.001, 0.998, 0.001, 0.998, 0.0, 0.999, 0.0, 0.001, 0.998, 0.0, -0.0, 0.0, 0.002, 0.998, 0.001, 0.999, 0.0, -0.0, 0.001, 0.001, 0.998, 0.001, 0.998, 0.001, 0.998, 0.0, 0.002, 0.997, 0.0, 0.002, 0.997, 0.0, 0.001, 0.998, 0.0, 0.002, 0.997, 0.002, 0.997, 0.0, 0.003, 0.997, 0.0, 0.003, 0.996, 0.0, 0.001, 0.998, 0.001, 0.998, 0.0, 0.003, 0.996, 0.0, 0.002, 0.997, 0.001, 0.997, 0.002, 0.996, 0.0, 0.003, -0.003, 0.001, 0.997, 0.0, 0.0, 0.003, 0.996, 0.0, 0.002, 0.997, 0.002, -0.002, 0.002, 0.997, 0.0, 0.003, 0.996, 0.0, 0.003, 0.995, 0.0, 0.002, 0.996, 0.002, 0.996, 0.001, 0.002, 0.996, 0.0, 0.003, 0.995, 0.003, 0.995, 0.002, 0.996, 0.001, 0.002, 0.996, 0.0, 0.003, 0.995, 0.003, 0.995, -0.001, 0.0, 0.004, 0.995, 0.003, 0.995, 0.0, 0.004, 0.994, 0.0, 0.004, 0.994, 0.003, -0.003, 0.004, 0.994, 0.0, 0.004, 0.994, 0.0, 0.005, 0.994, 0.0, 0.005, 0.993, -0.001, 0.005, 0.993]
SPE
[0.857, 0.857, 0.857, 0.857, 0.651, 0.651, 0.651, 0.651, 0.857, 0.857, 0.857, 0.857, 0.857, 0.495, 0.651, 0.376, 0.495, 0.651, 0.857, 0.651, 0.495, 0.651, 0.495, 0.857, 0.495, 0.651, 0.857, 0.495, 0.651, 0.376, 0.917, 0.376, 0.376, 0.376, 0.952, 0.286, 0.616, 0.495, 0.651, 0.286, 0.937, 0.495, 0.217, 0.468, 0.937, 0.286, 0.217, 0.526, 0.495, 0.165, 0.781, 0.376, 0.544, 0.376, 0.979, 0.356, 0.413, 0.286, 0.526, 0.286, 0.335, 0.972, 0.255, 0.366, 0.27, 0.781, 0.217, 0.194, 0.544, 0.217, 0.691, 0.165, 0.147, 0.278, 0.206, 0.554, 0.165, 0.988, 0.211, 0.156, 0.16, 0.119, 0.913, 0.112, 0.56, 0.217, 0.085, 0.792, 0.125, 0.065, 0.563, 0.972, 0.09, 0.457, 0.095, 0.049, 0.694, 0.037, 0.428, 0.366, 0.028, 0.77, 0.072, 0.022, 0.487, 0.802, 0.069, 0.493, 0.052, 0.685, 0.055, 0.016, 0.522, 0.609, 0.04, 0.375, 0.03, 0.727, 0.012, 0.396, 0.583, 1.0, 0.456, 0.023, 0.301, 0.993, 0.042, 0.247, 0.229, 0.69, 0.017, 0.347, 0.495, 0.995, 0.013, 0.174, 0.678, 0.188, 0.878, 0.264, 0.143, 0.341, 0.638, 0.01, 0.264, 0.008, 0.995, 0.2, 0.006, 0.437, 0.632, 0.109, 0.851, 0.082, 0.356, 0.004, 0.814, 0.27, 0.003, 0.492, 0.609, 0.003, 0.205, 0.002, 1.0, 0.374, 0.605, 0.063, 0.882, 0.048, 0.284, 0.46, 0.036, 0.951, 0.201, 0.028, 0.513, 1.0, 0.349, 0.021, 0.404, 0.266, 0.016, 0.789, 0.153, 0.012, 0.473, 0.202, 0.009, 1.0, 0.116, 0.007]
action_selection_prob
[0.5, 0.5, 0.5, 0.5, 0.5, 0.5, 0.5, 0.5, 0.5, 0.5, 0.5, 0.5, 0.441, 0.542, 0.421, 0.524, 0.593, 0.622, 0.214, 0.64, 0.625, 0.797, 0.418, 0.421, 0.753, 0.398, 0.261, 0.638, 0.643, 0.769, 0.804, 0.594, 0.766, 0.818, 0.714, 0.782, 0.8, 0.228, 0.654, 0.862, 0.441, 0.169, 0.84, 0.867, 0.12, 0.626, 0.887, 0.301, 0.773, 0.908, 0.517, 0.243, 0.516, 0.832, 0.922, 0.902, 0.609, 0.14, 0.584, 0.863, 0.923, 0.303, 0.934, 0.561, 0.919, 0.703, 0.595, 0.941, 0.774, 0.236, 0.773, 0.737, 0.947, 0.715, 0.93, 0.818, 0.406, 0.817, 0.8, 0.939, 0.848, 0.947, 0.877, 0.951, 0.848, 0.44, 0.955, 0.872, 0.803, 0.959, 0.889, 0.653, 0.951, 0.098, 0.847, 0.961, 0.895, 0.964, 0.745, 0.762, 0.966, 0.802, 0.876, 0.968, 0.839, 0.823, 0.955, 0.909, 0.959, 0.865, 0.895, 0.97, 0.884, 0.859, 0.962, 0.92, 0.965, 0.929, 0.971, 0.898, 0.884, 0.973, 0.938, 0.971, 0.908, 0.898, 0.9, 0.971, 0.91, 0.902, 0.971, 0.945, 0.027, 0.915, 0.974, 0.92, 0.916, 0.973, 0.928, 0.927, 0.975, 0.934, 0.926, 0.914, 0.946, 0.926, 0.94, 0.951, 0.935, 0.945, 0.934, 0.976, 0.954, 0.977, 0.956, 0.941, 0.948, 0.959, 0.946, 0.951, 0.94, 0.951, 0.961, 0.955, 0.964, 0.954, 0.948, 0.979, 0.959, 0.98, 0.957, 0.951, 0.98, 0.959, 0.941, 0.981, 0.962, 0.958, 0.954, 0.983, 0.961, 0.958, 0.984, 0.963, 0.948, 0.984, 0.965, 0.96, 0.985, 0.962, 0.952, 0.985]
results_dict
Dict{String,Any}("finalQSA_Hybrid_record" => [0.0 0.0; 16.577392487605103 12.388406611606248; 16.85547163618409 13.812684657396744; 13.504130524983543 16.525220328032326; 14.117463941198313 17.381896865524936; 15.314723055604524 18.502430137680463; 14.122429489812266 17.499726051449553],"final_PolicyParameters_MF" => [0.0 0.0; 1.5657853379994755 0.2918346418536485; 1.7103261022576923 0.8161097632492145; 0.7593455309639131 1.687267233854663; 1.032619505657408 1.96524212219645; 1.3532720010257817 2.4436806980176824; 0.9446493866283867 2.1238244519214233],"final_Tsas" => [0.14285714285714285 0.14285714285714285; 0.9947011866762178 0.10856593146585447; 0.7588447565002803 0.0627013322405922; 0.047650599771949326 0.0013438760326051954; 0.02091429261435137 0.0003406569257808407; 0.015894057610385478 6.562462579825666e-5; 0.027520199453215884 1.2642019537074753e-5]

[0.14285714285714285 0.14285714285714285; 7.3012910816823604e-6 0.10856593146585447; 0.00011362754780947839 0.0627013322405922; 0.047650599771949326 0.9118709011089908; 0.02091429261435137 0.8466601626549012; 0.015894057610385478 0.19038174741568611; 0.027520199453215884 1.2642019537074753e-5]

[0.14285714285714285 0.14285714285714285; 0.00011756833895207097 0.34860441120487323; 0.00011362754780947839 0.0627013322405922; 0.047650599771949326 0.08140971872798324; 0.02091429261435137 0.13621255699362847; 0.015894057610385478 0.46389652243580387; 0.027520199453215884 1.2642019537074753e-5]

[0.14285714285714285 0.14285714285714285; 7.3012910816823604e-6 0.10856593146585447; 0.00011362754780947839 0.623792006556447; 0.047650599771949326 0.0013438760326051954; 0.02091429261435137 0.01576465264834712; 0.23459208689900013 0.24010410436481702; 0.6524587952971055 0.30400889667691827]

[0.14285714285714285 0.14285714285714285; 7.3012910816823604e-6 0.10856593146585447; 0.24015210728682823 0.0627013322405922; 0.047650599771949326 0.0013438760326051954; 0.02091429261435137 0.0003406569257808407; 0.6859376250490726 6.562462579825666e-5; 0.027520199453215884 0.6401599072828932]

[0.14285714285714285 0.14285714285714285; 0.00515203982050353 0.10856593146585447; 0.00011362754780947839 0.0627013322405922; 0.7140964013683042 0.0013438760326051954; 0.02091429261435137 0.0003406569257808407; 0.015894057610385478 6.562462579825666e-5; 0.20994020743681532 0.05578062796204036]

[0.14285714285714285 0.14285714285714285; 7.3012910816823604e-6 0.10856593146585447; 0.0005486260216537441 0.0627013322405922; 0.047650599771949326 0.0013438760326051954; 0.8745142443138919 0.0003406569257808407; 0.015894057610385478 0.10542075190629835; 0.027520199453215884 1.2642019537074753e-5],"finalQSA_MB_record" => [0.0 0.0; 0.9996121246803942 0.9527138345864583; 0.9860264011298027 0.9465263391792365; 0.9342999571882098 0.9703721048844505; 0.9203839373346047 0.9693422945833374; 0.9433930399347449 0.9527171941338702; 0.9415645104407275 0.941605822521428])