DateTime of fitting: 2021-01-04T19:50:06.791
DATA_STATS
nr_subjects: 1
all_subject_ids: [7]
nr_puzzles: 1
nr_episodes: 58
nr_actions: 192
max_state_id: 7
max_action_id: 2
SUBJECT_SIGNALS
subject_id: 7
algorithm_name: Actor-Critic (TD-Lambda, ReplTrc) modulated Actor
param_string: alpha(actor)=0.8872,
                surpriseprobability=0.0277,
                stochasticity=2.7904,
                eta(critic)=0.0216,
                gamma=0.9113,
                lambda_actor=0.775,
                lambda_critic=0.3191,
                temp=0.2646,
                nparticles=15,
                init_policy=nothing,
                init_Vs=nothing,
                use_replacing_trace=true
param_vector: [0.8872473673328344, 0.02768397519947829, 2.790373806882209, 0.021617269897945005, 0.9112592211518836, 0.7749575477134015, 0.31911704983137296, 0.26457615040379207, 15.0]
LL: -57.214
RPE
[0.0, 0.0, 0.0, 0.0, 0.0, 0.0, 0.0, 0.0, 0.0, 0.0, 0.0, 1.0, -0.0, 0.0, -0.0, 0.0, 0.006, 0.013, -0.02, 0.004, 0.013, 0.979, -0.0, 0.039, 0.958, 0.001, 0.996, 0.014, 0.975, 0.027, -0.046, 0.011, 0.045, 0.937, 0.012, 0.026, 0.954, 0.002, 0.069, 0.917, 0.011, 0.001, 0.038, 0.933, -0.009, 0.072, 0.897, -0.018, 0.097, 0.877, -0.006, 0.001, -0.013, 0.107, -0.062, 0.913, -0.01, -0.018, 0.015, 0.108, 0.854, 0.117, 0.836, 0.056, 0.893, 0.016, 0.137, 0.818, 0.017, -0.021, 0.021, 0.145, 0.8, 0.067, 0.874, 0.014, -0.018, 0.034, 0.077, 0.855, 0.087, 0.837, 0.129, 0.783, 0.012, 0.18, 0.766, 0.02, 0.183, 0.749, 0.014, 0.123, 0.819, 0.022, 0.189, 0.733, 0.181, 0.717, 0.015, 0.222, 0.702, 0.024, 0.223, 0.686, 0.018, 0.122, 0.801, 0.112, 0.784, 0.026, 0.227, 0.672, 0.019, 0.146, 0.767, 0.135, 0.75, 0.212, 0.657, 0.023, 0.251, -0.258, 0.134, 0.734, 0.026, -0.006, 0.241, 0.646, 0.027, 0.175, 0.718, 0.155, -0.215, 0.177, 0.706, 0.031, 0.245, 0.632, 0.035, 0.249, 0.619, 0.033, 0.182, 0.691, 0.176, 0.676, 0.055, 0.182, 0.661, 0.034, 0.252, 0.605, 0.237, 0.592, 0.178, 0.647, 0.07, 0.183, 0.633, 0.035, 0.23, 0.619, 0.199, 0.606, -0.099, 0.04, 0.257, 0.579, 0.228, 0.567, 0.044, 0.271, 0.555, 0.016, 0.309, 0.543, 0.196, -0.276, 0.283, 0.531, 0.055, 0.284, 0.519, 0.018, 0.33, 0.508, 0.056, 0.295, 0.497, -0.062, 0.34, 0.486]
SPE
[0.857, 0.857, 0.857, 0.857, 0.815, 0.815, 0.815, 0.815, 0.857, 0.857, 0.857, 0.857, 0.857, 0.783, 0.815, 0.747, 0.778, 0.815, 0.857, 0.815, 0.78, 0.815, 0.778, 0.857, 0.778, 0.818, 0.857, 0.78, 0.815, 0.745, 0.87, 0.743, 0.745, 0.743, 0.881, 0.715, 0.787, 0.778, 0.815, 0.711, 0.876, 0.778, 0.685, 0.755, 0.876, 0.713, 0.682, 0.756, 0.783, 0.656, 0.845, 0.743, 0.736, 0.747, 0.895, 0.724, 0.708, 0.715, 0.753, 0.715, 0.644, 0.89, 0.621, 0.671, 0.695, 0.848, 0.684, 0.6, 0.733, 0.685, 0.821, 0.657, 0.58, 0.648, 0.671, 0.717, 0.658, 0.902, 0.625, 0.646, 0.604, 0.623, 0.875, 0.562, 0.701, 0.685, 0.544, 0.811, 0.632, 0.528, 0.688, 0.89, 0.601, 0.722, 0.61, 0.514, 0.851, 0.5, 0.668, 0.669, 0.486, 0.797, 0.589, 0.473, 0.659, 0.866, 0.582, 0.608, 0.563, 0.782, 0.569, 0.461, 0.652, 0.834, 0.545, 0.59, 0.53, 0.834, 0.45, 0.634, 0.669, 0.931, 0.583, 0.515, 0.617, 0.908, 0.55, 0.451, 0.603, 0.818, 0.501, 0.567, 0.778, 0.911, 0.487, 0.588, 0.67, 0.44, 0.789, 0.547, 0.43, 0.584, 0.798, 0.474, 0.552, 0.461, 0.914, 0.538, 0.45, 0.58, 0.661, 0.42, 0.832, 0.411, 0.537, 0.438, 0.895, 0.524, 0.427, 0.577, 0.781, 0.417, 0.511, 0.408, 0.935, 0.565, 0.653, 0.402, 0.828, 0.394, 0.553, 0.636, 0.386, 0.803, 0.532, 0.378, 0.52, 0.937, 0.619, 0.37, 0.551, 0.603, 0.363, 0.791, 0.516, 0.356, 0.548, 0.587, 0.349, 0.939, 0.501, 0.342]
action_selection_prob
[0.5, 0.5, 0.5, 0.5, 0.5, 0.5, 0.5, 0.5, 0.5, 0.5, 0.5, 0.5, 0.429, 0.55, 0.429, 0.55, 0.571, 0.678, 0.164, 0.693, 0.679, 0.84, 0.394, 0.403, 0.773, 0.36, 0.211, 0.71, 0.776, 0.827, 0.876, 0.592, 0.816, 0.875, 0.743, 0.846, 0.89, 0.184, 0.733, 0.911, 0.47, 0.128, 0.887, 0.919, 0.089, 0.622, 0.931, 0.3, 0.838, 0.943, 0.571, 0.201, 0.569, 0.884, 0.951, 0.936, 0.686, 0.097, 0.624, 0.905, 0.955, 0.264, 0.96, 0.667, 0.947, 0.76, 0.672, 0.964, 0.827, 0.196, 0.828, 0.817, 0.968, 0.81, 0.954, 0.866, 0.381, 0.866, 0.868, 0.96, 0.898, 0.964, 0.917, 0.97, 0.89, 0.445, 0.972, 0.908, 0.873, 0.974, 0.92, 0.752, 0.967, 0.07, 0.903, 0.976, 0.931, 0.977, 0.725, 0.843, 0.978, 0.809, 0.921, 0.979, 0.855, 0.887, 0.97, 0.94, 0.972, 0.883, 0.934, 0.98, 0.902, 0.91, 0.974, 0.947, 0.976, 0.953, 0.981, 0.916, 0.925, 0.982, 0.957, 0.977, 0.922, 0.932, 0.943, 0.982, 0.929, 0.939, 0.978, 0.961, 0.021, 0.949, 0.985, 0.936, 0.946, 0.983, 0.943, 0.954, 0.983, 0.948, 0.952, 0.955, 0.962, 0.959, 0.952, 0.965, 0.963, 0.955, 0.957, 0.984, 0.968, 0.984, 0.97, 0.965, 0.959, 0.972, 0.968, 0.961, 0.961, 0.97, 0.973, 0.972, 0.975, 0.964, 0.964, 0.985, 0.975, 0.985, 0.966, 0.966, 0.986, 0.968, 0.959, 0.986, 0.976, 0.973, 0.969, 0.986, 0.969, 0.971, 0.987, 0.971, 0.962, 0.987, 0.972, 0.973, 0.987, 0.977, 0.965, 0.988]
results_dict
Dict{String,Any}("Surprise" => [1.0000000000000002, 1.0000000000000002, 1.0000000000000002, 1.0000000000000002, 0.7738632386107833, 0.7738632386107833, 0.7738632386107833, 0.7738632386107833, 1.0000000000000002, 1.0000000000000002, 1.0000000000000002, 1.0000000000000002, 1.0000000000000002, 0.6570515450980948, 0.7738632386107833, 0.5645227659325672, 0.642139468986148, 0.7738632386107833, 1.0000000000000002, 0.7738632386107833, 0.6495099268573918, 0.7738632386107833, 0.642139468986148, 1.0000000000000002, 0.642139468986148, 0.7857084089437713, 1.0000000000000002, 0.647951078057007, 0.7738632386107833, 0.5592379980577825, 1.1023928353289427, 0.5559132005653464, 0.5601363988250356, 0.5559132005653464, 1.2047856706578854, 0.5009663434174797, 0.6698871568291933, 0.642139468986148, 0.7738632386107833, 0.4950835512035451, 1.1535892529934146, 0.642139468986148, 0.4538853664480166, 0.5840622337889074, 1.1500286741964914, 0.4977573258230932, 0.44987052072800676, 0.5861205807697445, 0.6570515450980948, 0.4149444317338737, 0.9222411170319752, 0.5559132005653464, 0.5409996951340437, 0.5645227659325672, 1.3583749236513007, 0.5178461427220408, 0.4891494154228343, 0.5005644720667991, 0.578871995908511, 0.500564472066799, 0.4007378104090971, 1.3024586585932256, 0.37680821430208633, 0.4343574301755099, 0.4690032299738048, 0.9397823519906561, 0.4516866230797643, 0.3569379223340581, 0.5359689597901413, 0.453608863625256, 0.7992868035343066, 0.41624405251115887, 0.3401748203466045, 0.40606704309146446, 0.43376438268440326, 0.5039867816501167, 0.41762837884691234, 1.458179260121881, 0.3810948135285578, 0.40340221262907466, 0.360479828547503, 0.3788071428499449, 1.1455952146030417, 0.3258429613977837, 0.4779686352156891, 0.453608863625256, 0.3134492054605356, 0.7571931854677895, 0.3881213217701893, 0.30262533396222097, 0.45834799286438627, 1.3027825877746182, 0.358470974153494, 0.5132139204208522, 0.3667391405346269, 0.29369581060505706, 0.9572977179628621, 0.2856882333955252, 0.43092120113410753, 0.432239793248253, 0.27798689565892465, 0.7050214130185234, 0.34747640060064283, 0.27107417362830316, 0.41930463277041774, 1.063522707362827, 0.34137126092829784, 0.3645985760029015, 0.3267896944703687, 0.6539608827002498, 0.33127921820345796, 0.2652307079698903, 0.41020476098262526, 0.8628943181029441, 0.31420652111486924, 0.34826387577261414, 0.3039524744107699, 0.8622340613191064, 0.25952672510567504, 0.390284727608473, 0.4320112911868706, 2.0607705882842446, 0.34292047820558175, 0.2948341608440793, 0.37313958405353825, 1.5529696406228577, 0.3174671996650892, 0.26023399956154314, 0.36017253807286914, 0.7842465561936379, 0.28610902885804085, 0.3300640231953599, 0.642139468986148, 1.6097909243617148, 0.27833304601426, 0.3468387096922655, 0.43316734928087086, 0.25521957061807343, 0.6754899166765149, 0.31529418535261333, 0.25061563024253364, 0.34328590393815384, 0.7082761453749737, 0.2715620116531369, 0.318759903354234, 0.2652385411554822, 1.6676758826031155, 0.3094539021991321, 0.2595089187718961, 0.3403415873328897, 0.4216800146444013, 0.24637365925167393, 0.8516762863112992, 0.24245250986072794, 0.3083385703341468, 0.2542928402584438, 1.3667773403580006, 0.29982987166727687, 0.24952392243289034, 0.3376224266163964, 0.6519328458836681, 0.2451467992185041, 0.29233213520254775, 0.24111491826359518, 2.2074548342071454, 0.328034776849668, 0.4122559525464579, 0.23904731918996577, 0.8306043549569531, 0.23564779436782196, 0.3193491706975715, 0.39192644985512576, 0.23247990238434849, 0.7246733350388562, 0.3050197578884898, 0.2295207145785291, 0.2977570908191162, 2.262839824849337, 0.3745316688537219, 0.22675023674502326, 0.3178432319261714, 0.35945932641135103, 0.22415095356639378, 0.6831535324099561, 0.2952250200584438, 0.2217074554653825, 0.31618009688404913, 0.346261669128167, 0.2194061309716305, 2.353536065623814, 0.28655033084364984, 0.21723491155098115],"trialByTrial_Vs" => [0.0, 0.0, 0.0, 0.0, 0.0, 0.0, 0.0, 0.0, 0.0, 0.0, 0.0, 0.0, 4.4953195275997156e-5, 1.307231520614025e-5, 4.44101837293436e-5, 1.3460270270002186e-5, 4.3885095075222784e-5, 0.006286266510470562, 0.021617269897945005, 0.0018280359558456704, 0.0064581957608075245, 0.021234963721140223, 0.0005315898475348682, 7.767729457403519e-5, 0.04239319167705227, 0.0025145257994505757, 0.0037857202576443, 0.008797211743653489, 0.02532115321902169, 0.015232930826168792, 0.04639104891370388, 0.00026275420001485616, 0.012889207785220735, 0.06309403650867912, 0.002504079685798533, 0.015716904183660722, 0.046045150829481137, 0.00466838361923168, 0.00693087052506858, 0.08334738559046521, 0.006813550018911007, 0.019743104304158383, 0.022281002548537317, 0.06666705027445366, 0.02897979775986807, 0.021703222967985988, 0.10316291255881305, 0.03087484257921558, 0.014185221516739042, 0.1225500819325161, 0.03270370260415702, 0.028904015154372385, 0.03257097019260532, 0.021808566075024634, 0.14151815363331063, 0.08684316055331592, 0.03334145026240826, 0.025402018200727017, 0.007625177109439914, 0.025098398139699708, 0.14590998267724054, 0.03322216865406171, 0.16437307709884716, 0.04099494442146767, 0.10658311841078932, 0.010192241612583353, 0.029144761449994214, 0.18243704982519066, 0.012902432451258003, 0.03279914825387552, 0.01313945520453931, 0.037247965734845956, 0.20011052877767968, 0.04782457635089176, 0.12589635227148366, 0.015963554262423692, 0.03317276108107969, 0.01615661354385928, 0.05476561231638956, 0.14479208674320923, 0.061810044285307675, 0.1632793470229396, 0.06895015838878484, 0.2174019553656171, 0.01893468521276503, 0.03358405501438671, 0.23431958851808257, 0.021717792807416418, 0.04541304940693187, 0.25087150862865676, 0.02466395442985984, 0.04228717726339676, 0.1813669632075295, 0.027233407486274563, 0.05408246653418018, 0.26706562141487145, 0.07666185140491574, 0.28290966169422876, 0.030239779840730813, 0.05009192567980348, 0.2984111970785933, 0.03324989855555269, 0.06278168082260167, 0.3135776315887215, 0.03642430511381378, 0.05929783242988229, 0.19906357451124668, 0.08508547192051011, 0.21637763339213237, 0.039036713350683934, 0.07191669209228652, 0.32841620919065473, 0.04226642578991128, 0.06697221573030603, 0.23331740958916106, 0.092434624616513, 0.24989099407212778, 0.10007441234323258, 0.34293401725566536, 0.044989080352556, 0.0749401352024493, 0.35713798994540813, 0.10879700408433964, 0.26610630290614984, 0.046780417021630896, 0.07936807220962275, 0.08105325430277709, 0.3537428522287453, 0.04808264232170382, 0.08194726006505103, 0.2819710810326283, 0.11630057242459636, 0.29749290596847566, 0.09033200688781243, 0.2939510327751666, 0.05107018941225302, 0.09024403560241698, 0.3677131674155926, 0.054438862725488306, 0.09858635097424741, 0.3813814825284865, 0.057899918897072467, 0.09951148781520384, 0.30921388386083115, 0.11899212300133104, 0.32414679377516475, 0.061017083809018886, 0.12705377865615178, 0.3387568949455185, 0.06455150882394159, 0.10779397142550476, 0.39475432598453486, 0.13513712379081708, 0.4078380850742908, 0.1439722922798253, 0.35305116561563643, 0.06796961517304854, 0.15188162967489277, 0.3670364331786841, 0.07179705422633742, 0.1170447360757604, 0.3807193774382264, 0.15980756856774395, 0.3941065337987117, 0.16792525262738273, 0.07512786745275905, 0.12590727831620752, 0.4206390090125238, 0.1668026079749157, 0.43316321192304097, 0.0786612497724433, 0.13511366543469341, 0.44541667575898486, 0.08233837461987736, 0.10785679370440847, 0.4574052531600024, 0.17529293271550814, 0.40720429638698635, 0.1444533702659938, 0.46913467024764977, 0.08561718267665344, 0.1539092978108053, 0.4806105293603679, 0.0895333083460505, 0.11794651652116711, 0.4918383117293356, 0.09292621379584139, 0.16331473592922194, 0.502823380096478, 0.17859239232726296, 0.12827996632897576, 0.5135709812758804, 0.0, 0.0, 0.0, 0.0, 0.0, 0.0, 0.0, 0.0, 0.0, 0.0, 0.0, 0.0, 0.0, 0.0, 0.0, 0.0, 0.0, 0.0, 0.0, 0.0, 0.0, 0.0, 0.0, 0.0, 0.0, 0.0, 0.0, 0.0, 0.0, 0.0, 0.0, 0.0, 0.0, 0.0, 0.0, 0.0, 0.0, 0.0, 0.0, 0.0, 0.0, 0.0, 0.0, 0.0, 0.0, 0.0, 0.0, 0.0, 0.0, 0.0, 0.0, 0.0, 0.0, 0.0, 0.0, 0.0, 0.0, 0.0],"final_V" => Dict{Int64,Any}(1 => [0.0, 0.5240862486598322, 0.403996997149167, 0.13868152828859714, 0.17281478779045487, 0.1802834483953287, 0.09689712881608374]),"nparticles" => 15,"trial_by_trial_p_sa_max" => [0.5, 0.5, 0.5, 0.5, 0.5, 0.5, 0.5, 0.5, 0.5, 0.5, 0.5, 0.5, 0.4289033783849107, 0.5503785508566444, 0.42889716642479847, 0.5503802882588492, 0.5711089028987754, 0.678269064776061, 0.16379396410768518, 0.6927527806239101, 0.678598689412968, 0.8401228745455853, 0.3938029542134361, 0.4033138292252802, 0.7732665054484831, 0.36010706855223046, 0.21109105361640965, 0.7098962142440834, 0.7762897003442613, 0.8268803531721349, 0.8764876360403054, 0.5920233445846405, 0.8160551047143179, 0.8745550405656962, 0.742592030009307, 0.8463418571054874, 0.8897263812524843, 0.18421037819301075, 0.7334423154443861, 0.9113157291754687, 0.47003284992118105, 0.12800946946160513, 0.8869680374516713, 0.919389761009398, 0.08945903213367451, 0.6224314244271448, 0.930771285846408, 0.3003959603840978, 0.837955984772965, 0.9428991422669589, 0.5710967827618337, 0.200705788314881, 0.5690998502846475, 0.8836918359458559, 0.951208057539816, 0.935969730032032, 0.6861931301253272, 0.09731017358265677, 0.6243783691419469, 0.9047082262670402, 0.9553959684657339, 0.2637586116412948, 0.9604784226952316, 0.6665072921923522, 0.9466180528707189, 0.7598782162748876, 0.6724718097073628, 0.964433277480345, 0.8273286974692877, 0.19553046229806426, 0.8275183789069211, 0.8169461628629221, 0.9675991704703726, 0.8101071141060597, 0.9540525226107038, 0.8661087498276331, 0.38100430504638017, 0.8661743888363034, 0.8677358131596643, 0.9595435606192638, 0.8984169364054512, 0.9637681082010765, 0.9174506708316273, 0.9701910806936783, 0.8904648858995049, 0.44480242758360256, 0.9723521763020823, 0.9076112672738217, 0.87294228969561, 0.9741815492483511, 0.920206783753693, 0.7515396830681755, 0.9671201150967527, 0.07047905863797813, 0.9027262866496867, 0.9757499970907284, 0.9304996549127331, 0.9771094442614537, 0.7250115738518724, 0.8432270431803549, 0.9782988927035682, 0.8094285802824062, 0.9210291626637631, 0.9793482039722334, 0.8554533019882147, 0.8865578028209673, 0.9698450123309961, 0.9400565228746688, 0.9721038269641484, 0.882753585571311, 0.9335315839952407, 0.980280605354039, 0.9022266757255342, 0.9100475474839409, 0.9740066664911253, 0.9471015035519933, 0.9756314092294086, 0.9526613990768255, 0.9811144429166208, 0.9157105376228558, 0.9254592959182949, 0.9818644268786337, 0.9572193307359381, 0.9770346854650919, 0.9221076205498501, 0.9320329670703218, 0.9425324062139441, 0.9820932696217909, 0.9287149656157416, 0.9386896104817309, 0.9782587272184531, 0.9608588309823295, 0.020664333308476935, 0.9493440904447268, 0.9846448776911108, 0.9362669454518316, 0.9461968425561341, 0.9827579243117275, 0.9425235622392343, 0.9544966579150218, 0.9833619436913771, 0.9476725941168508, 0.9521528631467914, 0.9547845274723632, 0.9624790482707276, 0.9590645694935492, 0.951859608642805, 0.9653164092268477, 0.962529925918176, 0.9554721823217286, 0.9567701207107228, 0.9839131490547286, 0.9677365193772791, 0.9844180708006168, 0.9698489213699748, 0.9653930002478159, 0.9585948292433031, 0.9716557227176019, 0.9677981184244054, 0.9613105750132293, 0.9606316335270999, 0.9698468199132573, 0.9732459468231994, 0.9716126410479378, 0.9746621655400045, 0.9636546097844797, 0.9637970190161937, 0.9848822044761019, 0.9752093812544965, 0.9853102054066807, 0.965752927748203, 0.9664936711312202, 0.9857060513348613, 0.9676301680271525, 0.9587988747657772, 0.986073154024008, 0.9764254994162059, 0.9731501585809708, 0.9688025295803671, 0.9864144589362143, 0.9692896826970072, 0.9708005534230907, 0.9867325223362513, 0.9708149473901921, 0.9623885863719045, 0.9870295735760983, 0.9721713804211375, 0.9725397020424892, 0.9873075657817507, 0.9770303150023967, 0.9653894196082867, 0.9875682173872841],"final_Tsas" => Dict{Tuple{Int64,Int64},Float64}[Dict((1, 6) => 0.10154468699724288,(2, 3) => 0.12383709581763805,(2, 6) => 0.059522351990028075,(2, 2) => 0.13589957162767002,(2, 1) => 1.0,(2, 5) => 0.06754026205660432,(1, 7) => 0.10990204172961106,(1, 4) => 0.11892556000511892,(1, 3) => 0.5893745395844705,(2, 4) => 0.07669011448795074,(1, 1) => 1.0,(1, 2) => 0.6638865703241668,(2, 7) => 0.0526438546567948,(1, 5) => 0.10548449694160195), Dict((1, 6) => 0.10154468699724288,(2, 3) => 0.12383709581763805,(2, 6) => 0.18144852389893484,(2, 2) => 0.13589957162767002,(2, 1) => 0.0,(2, 5) => 0.4269463017629627,(1, 7) => 0.10990204172961106,(1, 4) => 0.11892556000511892,(1, 3) => 0.06183760791555201,(2, 4) => 0.5123754991478667,(1, 1) => 0.0,(1, 2) => 0.05063541599531571,(2, 7) => 0.0526438546567948,(1, 5) => 0.10548449694160195), Dict((1, 6) => 0.10154468699724288,(2, 3) => 0.12383709581763805,(2, 6) => 0.4815890279070588,(2, 2) => 0.1846025702339806,(2, 1) => 0.0,(2, 5) => 0.21114765169609132,(1, 7) => 0.10990204172961106,(1, 4) => 0.11892556000511892,(1, 3) => 0.06183760791555201,(2, 4) => 0.10417392841237955,(1, 1) => 0.0,(1, 2) => 0.06637389732872218,(2, 7) => 0.0526438546567948,(1, 5) => 0.10548449694160195), Dict((1, 6) => 0.1743268258969071,(2, 3) => 0.2569774250941724,(2, 6) => 0.07923036378040743,(2, 2) => 0.13589957162767002,(2, 1) => 0.0,(2, 5) => 0.09174499831452874,(1, 7) => 0.30683272079946805,(1, 4) => 0.11892556000511892,(1, 3) => 0.06183760791555201,(2, 4) => 0.07669011448795074,(1, 1) => 0.0,(1, 2) => 0.05063541599531571,(2, 7) => 0.21944865477048398,(1, 5) => 0.10548449694160195), Dict((1, 6) => 0.3179497391168787,(2, 3) => 0.12383709581763805,(2, 6) => 0.059522351990028075,(2, 2) => 0.13589957162767002,(2, 1) => 0.0,(2, 5) => 0.06754026205660432,(1, 7) => 0.10990204172961106,(1, 4) => 0.11892556000511892,(1, 3) => 0.08245053599193314,(2, 4) => 0.07669011448795074,(1, 1) => 0.0,(1, 2) => 0.05063541599531571,(2, 7) => 0.4622608711643155,(1, 5) => 0.10548449694160195), Dict((1, 6) => 0.10154468699724288,(2, 3) => 0.12383709581763805,(2, 6) => 0.059522351990028075,(2, 2) => 0.13589957162767002,(2, 1) => 0.0,(2, 5) => 0.06754026205660432,(1, 7) => 0.14365707055247715,(1, 4) => 0.28644663996928665,(1, 3) => 0.06183760791555201,(2, 4) => 0.07669011448795074,(1, 1) => 0.0,(1, 2) => 0.06719786836584811,(2, 7) => 0.10771505543802122,(1, 5) => 0.10548449694160195), Dict((1, 6) => 0.10154468699724288,(2, 3) => 0.12383709581763805,(2, 6) => 0.07916502844351476,(2, 2) => 0.13589957162767002,(2, 1) => 0.0,(2, 5) => 0.06754026205660432,(1, 7) => 0.10990204172961106,(1, 4) => 0.11892556000511892,(1, 3) => 0.08082449276138841,(2, 4) => 0.07669011448795074,(1, 1) => 0.0,(1, 2) => 0.05063541599531571,(2, 7) => 0.0526438546567948,(1, 5) => 0.367093018350388)],"gamma_surprise" => [0.027683975199478298, 0.027683975199478298, 0.027683975199478298, 0.027683975199478298, 0.021558575244490483, 0.021558575244490483, 0.021558575244490483, 0.021558575244490483, 0.027683975199478298, 0.027683975199478298, 0.027683975199478298, 0.027683975199478298, 0.027683975199478298, 0.01836415117214661, 0.021558575244490483, 0.01581894333452803, 0.0179548518887657, 0.021558575244490483, 0.027683975199478298, 0.021558575244490483, 0.01815719521848092, 0.021558575244490483, 0.0179548518887657, 0.027683975199478298, 0.0179548518887657, 0.021881341922961102, 0.027683975199478298, 0.018114406640758904, 0.021558575244490483, 0.01567317565295684, 0.03043235113179263, 0.015581446936412967, 0.015697958935511402, 0.015581446936412967, 0.03316523358437445, 0.014063023810940545, 0.018716183563815204, 0.0179548518887657, 0.021558575244490483, 0.013900178764783031, 0.03180072084320644, 0.0179548518887657, 0.012758238234557871, 0.01635751812156193, 0.03170567924100859, 0.013974199767413318, 0.012646812393684186, 0.016414218912047737, 0.01836415117214661, 0.011676430578234575, 0.025586379370747675, 0.015581446936412967, 0.015169783874587237, 0.01581894333452803, 0.037235792372208185, 0.014529985074799304, 0.013735857938132569, 0.014051901084319897, 0.016214514854779233, 0.014051901084319893, 0.011281169755278797, 0.035757823719201, 0.010614678209380588, 0.012216034071451236, 0.013177585632234569, 0.0260603556027873, 0.012697218624288738, 0.010060563925923747, 0.015030840937237042, 0.012750565132237646, 0.022251075015839526, 0.011712573235268134, 0.009592615607875369, 0.01142947829273534, 0.012199558455147513, 0.014146613450809194, 0.011751068659738247, 0.03986257270118471, 0.010734135421770485, 0.011355323627188982, 0.010159380993597963, 0.010670387130806326, 0.03158731197455271, 0.009192185405761319, 0.013426104609707177, 0.012750565132237646, 0.008845644373493241, 0.02110397528928409, 0.010929884926308973, 0.008542800424704348, 0.01288206202728584, 0.03576639882460085, 0.010103337577599023, 0.014401883732529869, 0.010333963829843576, 0.008292819589810216, 0.026533172974958157, 0.008068541285130843, 0.012120563608270256, 0.012157200891836332, 0.007852744496796, 0.019678493430350986, 0.009796496347079074, 0.007658965283890981, 0.011797678008924966, 0.029390850649382242, 0.009626029358779438, 0.010274266781071862, 0.009218646987736667, 0.01827934823120851, 0.009344111796609874, 0.007495100694601068, 0.0115445971900258, 0.02397936169388897, 0.00886682658246947, 0.009818479863060708, 0.008579942790723005, 0.023961453167513396, 0.007335095328705708, 0.010990139040613373, 0.01215085212177224, 0.055422757935574794, 0.009669291977402914, 0.008324694565887355, 0.010512419393073007, 0.04234415189412431, 0.008958017809458603, 0.0073549382511759395, 0.010150808554458933, 0.021841519708676437, 0.008080329559159544, 0.009310154936818353, 0.0179548518887657, 0.04382557337799185, 0.007862445883449193, 0.009778693561598365, 0.012182971549940238, 0.007214238925596355, 0.018869766975433334, 0.008897247096763402, 0.00708502232836563, 0.009679496111354319, 0.01976754342511822, 0.007672642968069215, 0.00899416614123663, 0.007495320391864249, 0.04533002117305443, 0.008733880276269089, 0.007334595753274151, 0.00959727314993805, 0.01186371954428974, 0.00696593517588756, 0.02367499923359518, 0.00685582921246437, 0.008702675626327944, 0.007188231530523434, 0.037457492058364204, 0.008464555376690207, 0.007054376952468524, 0.009521325761927957, 0.018223694111657786, 0.006931487542899755, 0.008254632579960862, 0.006818264024841812, 0.05913442945911116, 0.009253445404894556, 0.011601655160345895, 0.006760191570794735, 0.023102771847628555, 0.00666469468402742, 0.009010643157976896, 0.011035858581229718, 0.006575688121506019, 0.02021592719278108, 0.008609810582297981, 0.006492530998167111, 0.008406530223329422, 0.060528306198048935, 0.010551224632067967, 0.0064146642573373516, 0.008968533204932582, 0.01013091161682646, 0.006341597995881482, 0.0190797649376528, 0.008335638552855403, 0.006272901077439435, 0.008922023477756951, 0.009762583435088765, 0.006208192565418471, 0.06280196536974655, 0.008092692007286016, 0.006147134613949442],"final_PolicyParameters" => Dict{Int64,Any}(1 => [0.0 0.0; 1.4056449458720017 0.2425845354919761; 1.5271259665607901 0.5723175618016896; 0.6579576450911495 1.5594705919515035; 0.8110582387934695 1.770555539405399; 1.1895280317877326 2.190476294411126; 0.8646333496207634 1.8174316547562686]),"particlefilterseeds" => [1, 2, 3])
POPULATION_SIGNALS
subject_id: 7
algorithm_name: Actor-Critic (TD-Lambda, ReplTrc) modulated Actor
param_string: alpha(actor)=0.7972,
                surpriseprobability=0.0043,
                stochasticity=2.7816,
                eta(critic)=0.0,
                gamma=0.9966,
                lambda_actor=0.7939,
                lambda_critic=0.305,
                temp=0.392,
                nparticles=15,
                init_policy=nothing,
                init_Vs=nothing,
                use_replacing_trace=true
param_vector: [0.7972414808175023, 0.004336552046615557, 2.7816353998652787, 3.24411867293681e-5, 0.9966448663088217, 0.7939275473003868, 0.3049775441960644, 0.39196929107560724, 15.0]
LL: -59.555
RPE
[0.0, 0.0, 0.0, 0.0, 0.0, 0.0, 0.0, 0.0, 0.0, 0.0, 0.0, 1.0, -0.0, 0.0, -0.0, 0.0, 0.0, 0.0, -0.0, 0.0, 0.0, 1.0, -0.0, 0.0, 1.0, 0.0, 1.0, 0.0, 1.0, 0.0, -0.0, 0.0, 0.0, 1.0, 0.0, 0.0, 1.0, 0.0, 0.0, 1.0, 0.0, 0.0, 0.0, 1.0, -0.0, 0.0, 1.0, -0.0, 0.0, 1.0, -0.0, 0.0, -0.0, 0.0, -0.0, 1.0, -0.0, -0.0, 0.0, 0.0, 1.0, 0.0, 1.0, 0.0, 1.0, 0.0, 0.0, 1.0, 0.0, -0.0, 0.0, 0.0, 1.0, 0.0, 1.0, 0.0, -0.0, 0.0, 0.0, 1.0, 0.0, 1.0, 0.0, 1.0, 0.0, 0.0, 1.0, 0.0, 0.0, 1.0, 0.0, 0.0, 1.0, 0.0, 0.0, 1.0, 0.0, 1.0, 0.0, 0.0, 0.999, 0.0, 0.0, 0.999, 0.0, 0.0, 1.0, 0.0, 1.0, 0.0, 0.0, 0.999, 0.0, 0.0, 1.0, 0.0, 1.0, 0.0, 0.999, 0.0, 0.001, -0.001, 0.0, 1.0, 0.0, 0.0, 0.001, 0.999, 0.0, 0.0, 1.0, 0.0, -0.0, 0.0, 0.999, 0.0, 0.001, 0.999, 0.0, 0.001, 0.999, 0.0, 0.0, 0.999, 0.0, 0.999, 0.0, 0.0, 0.999, 0.0, 0.001, 0.999, 0.001, 0.999, 0.0, 0.999, 0.0, 0.0, 0.999, 0.0, 0.001, 0.999, 0.001, 0.999, -0.0, 0.0, 0.001, 0.999, 0.001, 0.999, 0.0, 0.001, 0.999, 0.0, 0.001, 0.999, 0.001, -0.001, 0.001, 0.999, 0.0, 0.001, 0.999, 0.0, 0.001, 0.999, 0.0, 0.001, 0.999, -0.0, 0.001, 0.999]
SPE
[0.857, 0.857, 0.857, 0.857, 0.815, 0.821, 0.815, 0.815, 0.857, 0.857, 0.857, 0.857, 0.857, 0.781, 0.818, 0.746, 0.777, 0.815, 0.857, 0.821, 0.777, 0.815, 0.777, 0.857, 0.777, 0.815, 0.857, 0.78, 0.818, 0.745, 0.87, 0.743, 0.743, 0.743, 0.881, 0.713, 0.789, 0.779, 0.815, 0.711, 0.876, 0.777, 0.683, 0.755, 0.876, 0.711, 0.682, 0.754, 0.777, 0.655, 0.845, 0.743, 0.734, 0.743, 0.895, 0.724, 0.706, 0.714, 0.755, 0.711, 0.644, 0.891, 0.621, 0.669, 0.696, 0.845, 0.684, 0.6, 0.735, 0.686, 0.819, 0.657, 0.581, 0.645, 0.669, 0.718, 0.659, 0.902, 0.622, 0.645, 0.601, 0.622, 0.875, 0.562, 0.703, 0.682, 0.545, 0.81, 0.632, 0.529, 0.69, 0.891, 0.601, 0.723, 0.609, 0.513, 0.849, 0.499, 0.669, 0.668, 0.485, 0.797, 0.587, 0.472, 0.659, 0.862, 0.581, 0.608, 0.563, 0.78, 0.567, 0.46, 0.65, 0.832, 0.545, 0.589, 0.529, 0.833, 0.448, 0.633, 0.668, 0.931, 0.584, 0.513, 0.616, 0.909, 0.549, 0.451, 0.601, 0.816, 0.499, 0.568, 0.781, 0.911, 0.485, 0.586, 0.668, 0.44, 0.788, 0.546, 0.43, 0.582, 0.797, 0.472, 0.553, 0.46, 0.913, 0.538, 0.448, 0.578, 0.658, 0.42, 0.829, 0.411, 0.537, 0.437, 0.895, 0.524, 0.427, 0.574, 0.781, 0.417, 0.511, 0.407, 0.936, 0.562, 0.65, 0.402, 0.826, 0.394, 0.55, 0.632, 0.386, 0.802, 0.529, 0.378, 0.521, 0.937, 0.616, 0.37, 0.548, 0.6, 0.363, 0.79, 0.514, 0.356, 0.546, 0.585, 0.35, 0.94, 0.499, 0.343]
action_selection_prob
[0.5, 0.5, 0.5, 0.5, 0.5, 0.5, 0.5, 0.5, 0.5, 0.5, 0.5, 0.5, 0.422, 0.562, 0.422, 0.562, 0.578, 0.6, 0.266, 0.653, 0.6, 0.734, 0.424, 0.385, 0.693, 0.395, 0.255, 0.633, 0.607, 0.756, 0.774, 0.587, 0.74, 0.808, 0.706, 0.79, 0.811, 0.223, 0.627, 0.861, 0.435, 0.188, 0.841, 0.863, 0.128, 0.606, 0.892, 0.308, 0.754, 0.911, 0.517, 0.256, 0.517, 0.82, 0.925, 0.893, 0.635, 0.149, 0.576, 0.851, 0.933, 0.3, 0.941, 0.569, 0.912, 0.7, 0.616, 0.947, 0.773, 0.245, 0.773, 0.748, 0.952, 0.725, 0.925, 0.82, 0.409, 0.82, 0.804, 0.935, 0.849, 0.943, 0.878, 0.956, 0.851, 0.443, 0.96, 0.874, 0.817, 0.963, 0.89, 0.661, 0.949, 0.097, 0.857, 0.966, 0.897, 0.968, 0.747, 0.771, 0.97, 0.803, 0.883, 0.972, 0.84, 0.829, 0.953, 0.911, 0.957, 0.865, 0.901, 0.973, 0.884, 0.865, 0.961, 0.922, 0.964, 0.931, 0.975, 0.898, 0.888, 0.976, 0.938, 0.966, 0.906, 0.899, 0.914, 0.976, 0.913, 0.91, 0.968, 0.943, 0.03, 0.924, 0.97, 0.922, 0.921, 0.978, 0.929, 0.933, 0.979, 0.934, 0.93, 0.91, 0.946, 0.924, 0.939, 0.95, 0.934, 0.944, 0.937, 0.979, 0.954, 0.98, 0.957, 0.942, 0.947, 0.96, 0.948, 0.951, 0.943, 0.953, 0.962, 0.957, 0.964, 0.953, 0.947, 0.981, 0.966, 0.982, 0.956, 0.951, 0.982, 0.958, 0.939, 0.983, 0.967, 0.96, 0.955, 0.984, 0.96, 0.958, 0.984, 0.962, 0.944, 0.985, 0.964, 0.961, 0.985, 0.968, 0.949, 0.985]
results_dict
Dict{String,Any}("Surprise" => [1.0000000000000002, 1.0000000000000002, 1.0000000000000002, 1.0000000000000002, 0.773340693506996, 0.7974403297896184, 0.773340693506996, 0.773340693506996, 1.0000000000000002, 1.0000000000000002, 1.0000000000000002, 1.0000000000000002, 1.0000000000000002, 0.6533400096612024, 0.785205637862483, 0.5620390341449141, 0.6414854812363958, 0.773340693506996, 1.0000000000000002, 0.7974403297896184, 0.6414854812363958, 0.773340693506996, 0.6414854812363958, 1.0000000000000002, 0.6414854812363958, 0.773340693506996, 1.0000000000000002, 0.6488609017247907, 0.785205637862483, 0.5594514612088201, 1.0998993505554449, 0.5552420044528426, 0.5552420044528426, 0.5552420044528426, 1.2054289974366323, 0.497091077968736, 0.677761551197844, 0.647267870951337, 0.773340693506996, 0.4944329462714055, 1.1517181479786165, 0.6414854812363958, 0.45105488948365596, 0.5835916368588462, 1.154071748077475, 0.4944329462714055, 0.44925275144753235, 0.5799507819832401, 0.6414854812363958, 0.4143622561537865, 0.9244468978356655, 0.5552420044528426, 0.5365635340821219, 0.5552420044528426, 1.3595007455141077, 0.5177910835403461, 0.4859692346843635, 0.4987392264771713, 0.5835915174249686, 0.4944329462714055, 0.40121026620727196, 1.306014327256428, 0.37724793454158084, 0.43204622204797144, 0.4691618330653198, 0.9228802833052663, 0.4520063075757386, 0.35735334574051164, 0.5390808421062461, 0.4551717154830375, 0.7897200734342725, 0.4163332415107529, 0.34057175276175783, 0.40226288817012834, 0.4317359505392098, 0.5061839104918989, 0.41862226424741167, 1.460363343106454, 0.37805591479717454, 0.40203180918502274, 0.3579899864001739, 0.377878245558766, 1.1471691206166554, 0.3262255156013591, 0.4808676813776913, 0.44925275144753235, 0.31382036774161076, 0.7520656969953224, 0.3880743609550025, 0.3029873190395781, 0.46077742585844816, 1.308143496154949, 0.35784979944610873, 0.5154982401767637, 0.3651278344775387, 0.29344533029015496, 0.9489806892346098, 0.2849765823911762, 0.431125799691723, 0.4306299712606256, 0.27740964604573676, 0.7044377376547855, 0.34612007354509944, 0.27060775628946765, 0.418721603484478, 1.037776551082167, 0.340971360285418, 0.36420341066422046, 0.32655309350315426, 0.6506450907477679, 0.33011465408233387, 0.2644604723546743, 0.4082693578901567, 0.8506189505151657, 0.3140931056414047, 0.34791312852105616, 0.30321745804668643, 0.8569328747513192, 0.25887763492005783, 0.3889398055082145, 0.4304195215142343, 2.0785022365423225, 0.34373064445352397, 0.2936417983205739, 0.3722380934968485, 1.5649297429507407, 0.31645083217633363, 0.26005562984110686, 0.35766184123456524, 0.7776210022264212, 0.2851460278655188, 0.33085277920243317, 0.6533400096612024, 1.6139738288826815, 0.2775571113032312, 0.3448291878216477, 0.4302481103252759, 0.25512752102884984, 0.6742446239443269, 0.31435866464910533, 0.2505971348634427, 0.34149625052388033, 0.7050858853249865, 0.2707371280529445, 0.31953014474660196, 0.2645747901943536, 1.641279764414659, 0.30949630210172946, 0.2589793069304218, 0.33851917224301903, 0.4179803885951805, 0.24641819158326342, 0.8356713428293776, 0.24255132359033119, 0.30826632829718054, 0.2538758712864197, 1.3577926235509237, 0.29983300409619507, 0.24920228954629503, 0.33532946701973193, 0.6511934092501036, 0.2449064294073098, 0.29221887546099773, 0.24094426378433925, 2.225173881860684, 0.326039992234807, 0.40763225248090124, 0.23896283143361427, 0.819825622939505, 0.23562369912784817, 0.3176056540521499, 0.38842008339200296, 0.23250880785256492, 0.721080221625215, 0.30344187508397, 0.22959630291802174, 0.2985418024057866, 2.2830400835312146, 0.37180737891837606, 0.2268670802405364, 0.3161849578965466, 0.35729999547805263, 0.22430436680788868, 0.6806650385230009, 0.2938336346812019, 0.22189337565880196, 0.3148840883830259, 0.34452157147399903, 0.2196210203801321, 2.3793408324080176, 0.2853116729841311, 0.21747567747824564],"trialByTrial_Vs" => [0.0, 0.0, 0.0, 0.0, 0.0, 0.0, 0.0, 0.0, 0.0, 0.0, 0.0, 0.0, 8.416629655065494e-8, 2.558270806832069e-8, 8.416496811331963e-8, 2.5584020880611632e-8, 8.416363975423108e-8, 9.860638325553667e-6, 3.24411867293681e-5, 2.9971834568972844e-6, 9.861097371655677e-6, 3.244036590865234e-5, 9.110068108896351e-7, 5.130816800217886e-8, 6.488050023405243e-5, 3.908605024521137e-6, 5.994712855680752e-6, 1.3769251261701522e-5, 3.843570510944972e-5, 2.3630306612187722e-5, 7.087564493893128e-5, 1.6878904426454177e-7, 1.9722144779627267e-5, 9.731958216299734e-5, 3.167074944504719e-6, 2.3908140665991315e-5, 7.178469300953275e-5, 6.165183230483021e-6, 9.913402804447171e-6, 0.00012975761172962806, 9.163275745214524e-6, 2.9584330232232036e-5, 3.3769616507454084e-5, 0.00010422355095827062, 4.3631501387347855e-5, 3.2582024684701786e-5, 0.00016219458896808448, 4.662910940940653e-5, 1.9776635402076977e-5, 0.00019463051391250538, 4.962655397599216e-5, 4.244525079948371e-5, 4.962638555412737e-5, 2.964100582938436e-5, 0.0002270653865970284, 0.00013666135655196048, 5.053828317640934e-5, 3.264326369078836e-5, 1.0075097138557256e-5, 3.264275190542424e-5, 0.0002369217296655127, 5.08145677399611e-5, 0.0002693552303728085, 6.067961045161102e-5, 0.00016909810982474198, 1.3074305541779147e-5, 4.272265356710418e-5, 0.00030178767889885155, 1.6074086225352086e-5, 4.2507655296321e-5, 1.607467795970351e-5, 5.258868760243233e-5, 0.0003342190752777759, 7.05420801812429e-5, 0.00020153381081075366, 1.9074804532702788e-5, 4.3418697421666543e-5, 1.9075348881915853e-5, 8.040495884612053e-5, 0.00023396845954413298, 9.026824640933167e-5, 0.0002664020560590162, 0.00010013194283396602, 0.0003666494195437144, 2.2075318439690664e-5, 4.4329759284327274e-5, 0.0003990787117307989, 2.507550776798702e-5, 6.245513036064407e-5, 0.00043150695187316, 2.8076228571467367e-5, 5.419792747851924e-5, 0.00029883460038953864, 3.107576027318921e-5, 7.232343926409841e-5, 0.00046393414000492735, 0.00010999757199765032, 0.0004963602761602294, 3.4076729668802095e-5, 6.406352288163785e-5, 0.0005287853603731936, 3.7077859052913356e-5, 8.219215672207044e-5, 0.000561209392677946, 4.007951992629086e-5, 7.393396561852032e-5, 0.0003312660925698343, 0.00011986579593257731, 0.00036369653263403626, 4.307932724852865e-5, 9.206273996781006e-5, 0.000593632373108612, 4.608123669696844e-5, 8.379964955202916e-5, 0.00039612592061627635, 0.0001297307185502481, 0.00042855425655068536, 0.0001395967786016887, 0.0006260543016993155, 4.9081514031815356e-5, 9.366647094189321e-5, 0.0006584751784841794, 0.0001494669567489648, 0.000460981540471393, 4.936402989713094e-5, 9.459121412863461e-5, 0.0001019337315997308, 0.0006614575076770432, 5.0277630416898764e-5, 9.759213755917395e-5, 0.0004934077724125279, 0.00015933310522973874, 0.0005258329524082175, 0.00011180592715130882, 0.0005258235737528211, 5.327874602760968e-5, 0.00010746069759332607, 0.0006938772359398912, 5.62813553227594e-5, 0.00012167475438011523, 0.0007262959124682809, 5.928440805536697e-5, 0.0001173334423701018, 0.0005582477021414464, 0.00016025261478504416, 0.0005906707786528682, 6.228611797706144e-5, 0.00017012132770442926, 0.0006230928033212104, 6.528935966955742e-5, 0.00012720281903659907, 0.0007587135372963318, 0.00017999044904919346, 0.0007911301104581624, 0.00018986302631255692, 0.0006555137761805963, 6.829246582125397e-5, 0.000199732235767692, 0.0006879336972651477, 7.12966209556244e-5, 0.0001370763803376917, 0.0007203525666089854, 0.00020960185358482689, 0.0007527703842462292, 0.00021947260821067796, 7.429949208071583e-5, 0.00014694875929236446, 0.0008235456319878899, 0.00022038087820057717, 0.0008559601019196305, 7.730319248521325e-5, 0.00015682313689935627, 0.0008883735202874993, 8.030746013872988e-5, 0.00013154776653891986, 0.0009207858871256103, 0.00023025360199085745, 0.0007851871502109976, 0.00016669865096292967, 0.0009531972024680764, 8.331128373809429e-5, 0.000176575301351698, 0.0009856074663490094, 8.631646449072734e-5, 0.0001414248289266126, 0.00101801667880252, 8.932097922767108e-5, 0.0001864523596440596, 0.0010504248398627175, 0.0002311779011608715, 0.00015130375583223915, 0.0010828319495637105, 0.0, 0.0, 0.0, 0.0, 0.0, 0.0, 0.0, 0.0, 0.0, 0.0, 0.0, 0.0, 0.0, 0.0, 0.0, 0.0, 0.0, 0.0, 0.0, 0.0, 0.0, 0.0, 0.0, 0.0, 0.0, 0.0, 0.0, 0.0, 0.0, 0.0, 0.0, 0.0, 0.0, 0.0, 0.0, 0.0, 0.0, 0.0, 0.0, 0.0, 0.0, 0.0, 0.0, 0.0, 0.0, 0.0, 0.0, 0.0, 0.0, 0.0, 0.0, 0.0, 0.0, 0.0, 0.0, 0.0, 0.0, 0.0],"final_V" => Dict{Int64,Any}(1 => [0.0, 0.0011152380079396062, 0.0007881691179582927, 0.00016118381876332506, 0.000196330554069753, 0.0002341783811295713, 9.232662969969518e-5]),"nparticles" => 15,"trial_by_trial_p_sa_max" => [0.5, 0.5, 0.5, 0.5, 0.5, 0.5, 0.5, 0.5, 0.5, 0.5, 0.5, 0.5, 0.42212308246822544, 0.56180910711433, 0.4221230789085369, 0.5618091097190147, 0.5778769246612134, 0.5997133085477968, 0.2664839858556945, 0.6533841547117566, 0.5997139834737321, 0.7335189042477875, 0.42433911562486554, 0.38544097584844683, 0.6934112795336275, 0.39507213877316905, 0.2546709227941391, 0.6325736662591649, 0.6071819754243738, 0.7563123188246161, 0.774111389266058, 0.5870996542505095, 0.740064692475857, 0.8081291605583129, 0.7061025996768966, 0.7902421384499555, 0.8113341662285778, 0.22275441357679449, 0.6270971486194795, 0.8614221941879739, 0.4348639111501669, 0.18791504246939772, 0.8406339841731886, 0.8630976200279065, 0.12799950998344228, 0.6063826851575046, 0.8917119936614257, 0.30777243389877057, 0.753735093471613, 0.9111787932190132, 0.5173273509531435, 0.2564772133262186, 0.5173269201671469, 0.8196898447847067, 0.9247278738794532, 0.8927319224285221, 0.6352017750398598, 0.14888812593969714, 0.5759033173927748, 0.8511129330763189, 0.932718141163449, 0.3004979463758048, 0.9407977213184325, 0.569294192692968, 0.911862472701633, 0.6995419847808114, 0.6160635012569284, 0.9471465905107194, 0.7733202782607485, 0.24481514424646938, 0.7733207076371673, 0.7483462287194554, 0.9522665438558562, 0.7252568245582833, 0.9252172171411523, 0.8198607360340466, 0.4093532851292145, 0.819860999421465, 0.8040802079339928, 0.9350637068390484, 0.8489928546824882, 0.9426218878766429, 0.8775386745106963, 0.9564826446840596, 0.8512454669048002, 0.44337730831449673, 0.9600146769730246, 0.8736449969219978, 0.8167094685598467, 0.9630165486817864, 0.8903455321234559, 0.660865302508572, 0.9486055427715244, 0.096765500825723, 0.8567801522809851, 0.9655992401580334, 0.8971647144634081, 0.9678447887308833, 0.7474196648573187, 0.7706682922265684, 0.9698151429364333, 0.803162375009337, 0.8827767970608816, 0.9715579548487081, 0.83977579978014, 0.8293079108483398, 0.9534598388693155, 0.9114435339548085, 0.9574767107671268, 0.8653309970006627, 0.9009137973952929, 0.9731104781152268, 0.8840747459886331, 0.8647146722469172, 0.9608555208524051, 0.922276257342468, 0.9637370359983494, 0.9307703774311797, 0.9745022568879266, 0.8983491378927094, 0.8881940175629627, 0.9757570215838938, 0.9376058161460699, 0.9662234710920302, 0.9055079376008025, 0.8988907526844221, 0.9142520074802938, 0.9764748659318513, 0.9133379384164975, 0.9099943520803487, 0.9683908356476107, 0.943220380536879, 0.029703177054336605, 0.9244586916078918, 0.9703019004357489, 0.9216737551527528, 0.9211608107088682, 0.9775470022385018, 0.9285709808688293, 0.9325124847262692, 0.9785256457780952, 0.9343678498755863, 0.9298870503178265, 0.9099947214386306, 0.9462040680969289, 0.9238818576929166, 0.9393050584479476, 0.9504389537072762, 0.9340619593703748, 0.9435599627580251, 0.9368875280814537, 0.9794225126531239, 0.9540591669156477, 0.9802474401539565, 0.9571892526657554, 0.9418426645544996, 0.9472637512215326, 0.9599215941532364, 0.9479820244702903, 0.9505159682525478, 0.9426269385034732, 0.9529494721029459, 0.9623275102708341, 0.957051130985374, 0.9644620863722052, 0.9533939508528531, 0.9474155680882845, 0.9810087487994213, 0.9656674983439, 0.9817135237785649, 0.9559585094508012, 0.951470856741851, 0.9823678359757403, 0.9582578856431373, 0.93902754061762, 0.9829769171857281, 0.9674505977687388, 0.9604951035786614, 0.9549486232501704, 0.9835453002248873, 0.9603308934902605, 0.957963603587536, 0.9840769318775408, 0.9622092972762001, 0.9444040459463672, 0.9845752646291647, 0.9639190587695217, 0.9606020620808725, 0.9850433316930989, 0.9684665930018834, 0.9489147945711616, 0.9854838087755937],"final_Tsas" => Dict{Tuple{Int64,Int64},Float64}[Dict((1, 6) => 0.1012555079081332,(2, 3) => 0.12430390827614386,(2, 6) => 0.05877528015511101,(2, 2) => 0.13587878234940565,(2, 1) => 1.0,(2, 5) => 0.0670735059297479,(1, 7) => 0.10920601851176535,(1, 4) => 0.11851145373218272,(1, 3) => 0.5888166276098082,(2, 4) => 0.07635393034801233,(1, 1) => 1.0,(1, 2) => 0.663073290120446,(2, 7) => 0.052121636700801124,(1, 5) => 0.10558435910341733), Dict((1, 6) => 0.1012555079081332,(2, 3) => 0.12430390827614386,(2, 6) => 0.1844118639126042,(2, 2) => 0.13587878234940565,(2, 1) => 0.0,(2, 5) => 0.4287681367195872,(1, 7) => 0.10920601851176535,(1, 4) => 0.11851145373218272,(1, 3) => 0.061197094975978035,(2, 4) => 0.514427123028883,(1, 1) => 0.0,(1, 2) => 0.05014535423596005,(2, 7) => 0.052121636700801124,(1, 5) => 0.10558435910341733), Dict((1, 6) => 0.1012555079081332,(2, 3) => 0.12430390827614386,(2, 6) => 0.4794522212447147,(2, 2) => 0.18472730590356617,(2, 1) => 0.0,(2, 5) => 0.2117513582456835,(1, 7) => 0.10920601851176535,(1, 4) => 0.11851145373218272,(1, 3) => 0.061197094975978035,(2, 4) => 0.10380322523105501,(1, 1) => 0.0,(1, 2) => 0.0681726464678567,(2, 7) => 0.052121636700801124,(1, 5) => 0.10558435910341733), Dict((1, 6) => 0.17405836906890004,(2, 3) => 0.254176550343137,(2, 6) => 0.07990503718867392,(2, 2) => 0.13587878234940565,(2, 1) => 0.0,(2, 5) => 0.09118648131573717,(1, 7) => 0.3055042438598007,(1, 4) => 0.11851145373218272,(1, 3) => 0.061197094975978035,(2, 4) => 0.07635393034801233,(1, 1) => 0.0,(1, 2) => 0.05014535423596005,(2, 7) => 0.2207615419629823,(1, 5) => 0.10558435910341733), Dict((1, 6) => 0.3196640913904339,(2, 3) => 0.12430390827614386,(2, 6) => 0.05877528015511101,(2, 2) => 0.13587878234940565,(2, 1) => 0.0,(2, 5) => 0.0670735059297479,(1, 7) => 0.10920601851176535,(1, 4) => 0.11851145373218272,(1, 3) => 0.0831974962431398,(2, 4) => 0.07635393034801233,(1, 1) => 0.0,(1, 2) => 0.05014535423596005,(2, 7) => 0.46393644175939686,(1, 5) => 0.10558435910341733), Dict((1, 6) => 0.1012555079081332,(2, 3) => 0.12430390827614386,(2, 6) => 0.05877528015511101,(2, 2) => 0.13587878234940565,(2, 1) => 0.0,(2, 5) => 0.0670735059297479,(1, 7) => 0.1484656635813724,(1, 4) => 0.28893127760690396,(1, 3) => 0.061197094975978035,(2, 4) => 0.07635393034801233,(1, 1) => 0.0,(1, 2) => 0.0681726464678567,(2, 7) => 0.10681546947441636,(1, 5) => 0.10558435910341733), Dict((1, 6) => 0.1012555079081332,(2, 3) => 0.12430390827614386,(2, 6) => 0.07990503718867392,(2, 2) => 0.13587878234940565,(2, 1) => 0.0,(2, 5) => 0.0670735059297479,(1, 7) => 0.10920601851176535,(1, 4) => 0.11851145373218272,(1, 3) => 0.0831974962431398,(2, 4) => 0.07635393034801233,(1, 1) => 0.0,(1, 2) => 0.05014535423596005,(2, 7) => 0.052121636700801124,(1, 5) => 0.36649384537949586)],"gamma_surprise" => [0.004336552046615559, 0.004336552046615559, 0.004336552046615559, 0.004336552046615559, 0.0033569317621218275, 0.0034611818328487485, 0.0033569317621218275, 0.0033569317621218275, 0.004336552046615559, 0.004336552046615559, 0.004336552046615559, 0.004336552046615559, 0.004336552046615559, 0.002837508608517909, 0.00340825979717903, 0.002441949373002832, 0.0027861668771766786, 0.0033569317621218275, 0.004336552046615559, 0.0034611818328487485, 0.0027861668771766786, 0.0033569317621218275, 0.0027861668771766786, 0.004336552046615559, 0.0027861668771766786, 0.0033569317621218275, 0.004336552046615559, 0.00281811030082648, 0.00340825979717903, 0.002430734203607114, 0.004767705320463579, 0.0024124888571078833, 0.0024124888571078833, 0.0024124888571078833, 0.005222752877997482, 0.0021603728686500397, 0.0029432611663162377, 0.002811210954682266, 0.0033569317621218275, 0.002148845371999724, 0.004991201812139132, 0.0027861668771766786, 0.0019606904847686265, 0.002535353789600311, 0.00500135059790562, 0.002148845371999724, 0.0019528720692374697, 0.002519576323337103, 0.0027861668771766786, 0.0018014786125220737, 0.004010225997081208, 0.0024124888571078833, 0.0023315213885290844, 0.0024124888571078833, 0.005886368928296463, 0.00225013329091705, 0.002112139093223771, 0.002167520246208797, 0.002535353272047639, 0.002148845371999724, 0.0017443988516181487, 0.0056560932019344675, 0.0016403853218769468, 0.0018782169036598367, 0.0020392390506343487, 0.004003457272237892, 0.0019648180781068826, 0.0015540122138859667, 0.0023424341863855494, 0.001978550508560844, 0.0034277879657446803, 0.0018100321452200353, 0.0014811426735735554, 0.0017489674812284403, 0.0018768706045766538, 0.0021998036627412245, 0.0018199656884293836, 0.006320323815630788, 0.0016438928828642501, 0.0017479645470697505, 0.0015567764448077657, 0.0016431215967134287, 0.004971585699261162, 0.001418839575272249, 0.002090012857401119, 0.0019528720692374697, 0.0013649600062770205, 0.0032648823737548146, 0.0016873823820797156, 0.0013179038164225093, 0.0020028687308003912, 0.005665261977492279, 0.0015561677682006693, 0.002240191741627144, 0.0015877672290528157, 0.0012764520107678527, 0.004116214853977042, 0.0012396596392055155, 0.0018742230884810618, 0.0018720716204155363, 0.0012067828836341157, 0.0030587513792255058, 0.0015052359367469014, 0.001177228248148726, 0.0018203967808522361, 0.004499634896426674, 0.0014828779850656368, 0.0015837537162163963, 0.0014202622732485224, 0.0028258374315923624, 0.0014357301643790452, 0.0011505164110984453, 0.001775036187930346, 0.0036911444693200094, 0.0013661446576901106, 0.0015130219260332007, 0.0013189035316973135, 0.003718440999672525, 0.0011262560294811672, 0.0016911390493769764, 0.0018711584470866938, 0.008971573249416885, 0.0014948601211961657, 0.0012773055315479602, 0.001618636315726389, 0.00676981426884822, 0.0013763854497382687, 0.0011313751385943298, 0.0015553516727908124, 0.0033754490903606313, 0.0012403958195710636, 0.001438935788779181, 0.002837508608517909, 0.006980495735255233, 0.0012074236100106325, 0.0014996304436935522, 0.0018704146667374538, 0.0011099591393616628, 0.0029280332050505074, 0.0013672981245071675, 0.00109027070655297, 0.0014851573325423148, 0.0030615570962796135, 0.0011777903928520985, 0.0013897601365362479, 0.0011510131702661677, 0.007097756664198989, 0.0013461778242088716, 0.001126697858679791, 0.0014722291663503573, 0.0018171801967149404, 0.001072108907837116, 0.0036265165994863124, 0.0010553028083305372, 0.001340835132412574, 0.0011045197199761774, 0.005879016578758752, 0.0013042013880802655, 0.0010842087451099914, 0.0014583772816123338, 0.0028282121159967106, 0.001065538586514424, 0.0012711238606378057, 0.0010483180728019202, 0.009598584779640599, 0.0014180338301175276, 0.0017722711483798576, 0.0010397060740639293, 0.003557996472205044, 0.0010251926999899868, 0.001381401345276129, 0.001688883075686406, 0.0010116535983184854, 0.003130788756828661, 0.0013198783890208564, 0.0009989938516069444, 0.0012985922649970635, 0.009845740739653606, 0.0016167664289278066, 0.000987130484245987, 0.0013752306345393432, 0.0015537805716158183, 0.0009759906416836495, 0.0029558326403891595, 0.0012781389294461531, 0.0009655100929287904, 0.001369580316936484, 0.0014982946528828709, 0.000955631991293614, 0.010256783551074036, 0.0012411154876925709, 0.0009463058428720954],"final_PolicyParameters" => Dict{Int64,Any}(1 => [0.0 0.0; 1.9538125650134708 0.28872224537393537; 2.174904333776822 0.904344789670738; 0.7917543445422235 1.9692906427130115; 1.049146758168663 2.3259625188933217; 1.4469380081882237 2.8051468341029824; 1.0293414727607721 2.3351563263418225]),"particlefilterseeds" => [1, 2, 3])