DateTime of fitting: 2020-12-27T20:05:34.193
DATA_STATS
nr_subjects: 1
all_subject_ids: [17]
nr_puzzles: 1
nr_episodes: 48
nr_actions: 197
max_state_id: 7
max_action_id: 2
SUBJECT_SIGNALS
subject_id: 17
algorithm_name: hybrid_actorcritic_FWD
param_string: alpha=0.4816,
                eta_critic=0.2316,
                gamma=0.9945,
                lambda_actor=0.7737,
                lambda_critic=0.6054,
                eta_fwd=0.23,
                w_MB=12.155,
                w_MF=2.8206
param_vector: [0.48163646152610845, 0.23159412103832563, 0.99454929748646, 0.7737036991168352, 0.6053942361352717, 0.23000856049429602, 12.154989313282343, 2.820559972484727]
LL: -120.083
RPE
[0.0, 0.0, 0.0, 0.0, 0.0, 0.0, 1.0, -0.084, 1.0, -0.065, 0.091, 0.768, 0.0, -0.237, 0.181, 0.169, 0.59, -0.095, 0.223, -0.044, -0.136, 0.16, -0.038, 0.03, 0.103, -0.211, -0.031, 0.128, 0.063, 0.223, -0.373, 0.302, -0.276, 0.773, 0.079, 0.291, -0.142, 0.594, 0.065, -0.008, 0.243, 0.404, 0.076, 0.12, 0.457, 0.211, -0.049, 0.094, 0.173, 0.311, 0.105, 0.05, 0.351, 0.178, 0.27, 0.336, 0.101, 0.027, 0.207, 0.07, 0.342, 0.159, 0.246, 0.122, -0.109, 0.197, 0.105, 0.094, -0.057, 0.036, 0.214, 0.072, -0.064, 0.042, -0.062, 0.129, -0.338, 0.2, 0.071, 0.211, 0.134, -0.11, 0.093, 0.242, 0.055, 0.109, 0.072, 0.114, 0.043, 0.043, 0.164, 0.033, 0.141, 0.026, 0.129, -0.036, 0.141, 0.1, 0.054, 0.105, 0.025, 0.145, 0.026, 0.076, -0.039, 0.135, 0.059, 0.118, 0.066, 0.019, 0.13, 0.015, 0.053, 0.101, 0.011, 0.079, 0.009, 0.07, 0.023, 0.045, 0.059, 0.049, 0.007, 0.063, 0.005, 0.05, 0.009, 0.035, 0.049, 0.004, -0.001, -0.051, 0.03, -0.004, 0.018, 0.027, -0.085, 0.151, 0.003, 0.03, -0.033, -0.054, 0.072, -0.009, 0.026, 0.02, -0.066, 0.085, 0.016, 0.028, -0.032, -0.014, 0.032, -0.009, -0.029, 0.013, 0.047, 0.002, 0.042, 0.002, 0.017, 0.026, 0.012, -0.002, 0.029, 0.001, 0.023, 0.014, 0.009, -0.034, 0.071, -0.065, 0.03, 0.018, 0.011, -0.0, 0.011, -0.057, 0.022, -0.001, -0.032, 0.045, 0.007, -0.002, 0.023, -0.028, 0.007, -0.001, 0.018, 0.005, 0.001, 0.014, -0.029, 0.002, 0.023, 0.003, 0.018]
SPE
[0.857, 0.857, 0.857, 0.857, 0.857, 0.857, 0.857, 0.857, 0.857, 0.66, 0.66, 0.66, 0.508, 0.66, 0.66, 0.508, 0.508, 0.66, 0.66, 0.66, 0.857, 0.508, 0.508, 0.89, 0.391, 0.508, 0.508, 0.391, 0.301, 0.391, 0.935, 0.857, 0.857, 0.66, 0.391, 0.66, 0.66, 0.508, 0.232, 0.935, 0.508, 0.531, 0.179, 0.95, 0.391, 0.301, 0.301, 0.138, 0.462, 0.409, 0.106, 0.793, 0.301, 0.391, 0.232, 0.508, 0.504, 0.508, 0.179, 0.232, 0.935, 0.138, 0.301, 0.106, 0.986, 0.531, 0.391, 0.082, 0.76, 0.232, 0.232, 0.063, 0.585, 0.179, 0.581, 0.388, 0.95, 0.179, 0.409, 0.315, 0.391, 0.531, 0.301, 0.769, 0.048, 0.232, 0.46, 0.462, 0.037, 0.447, 0.686, 0.029, 0.179, 0.503, 0.243, 0.674, 0.315, 0.187, 0.495, 0.637, 0.022, 0.138, 0.528, 0.144, 0.63, 0.243, 0.111, 0.106, 0.608, 0.017, 0.179, 0.013, 0.986, 0.138, 0.01, 0.106, 0.008, 0.977, 0.543, 0.085, 0.293, 0.59, 0.006, 0.082, 0.005, 0.752, 0.552, 0.066, 0.063, 0.004, 0.524, 0.409, 0.815, 0.403, 0.425, 0.051, 0.489, 0.901, 0.003, 0.404, 0.315, 0.995, 0.138, 0.31, 0.327, 0.039, 0.765, 0.374, 0.03, 0.469, 0.243, 0.82, 0.106, 0.414, 0.187, 0.508, 0.751, 0.002, 0.048, 0.002, 0.676, 0.424, 0.023, 0.319, 0.675, 0.001, 0.391, 0.481, 0.018, 0.52, 0.764, 0.738, 0.082, 0.037, 0.001, 0.245, 0.63, 0.568, 0.063, 0.189, 0.924, 0.452, 0.014, 0.4, 0.683, 0.438, 0.048, 0.146, 0.515, 0.011, 0.112, 0.397, 0.999, 0.029, 0.001, 0.022, 0.001]
action_selection_prob
[0.5, 0.5, 0.5, 0.5, 0.5, 0.5, 0.5, 0.406, 0.498, 0.458, 0.589, 0.679, 0.542, 0.32, 0.477, 0.702, 0.753, 0.407, 0.573, 0.425, 0.325, 0.585, 0.414, 0.314, 0.589, 0.314, 0.411, 0.598, 0.588, 0.714, 0.791, 0.385, 0.221, 0.683, 0.455, 0.47, 0.276, 0.747, 0.6, 0.286, 0.563, 0.653, 0.651, 0.627, 0.785, 0.543, 0.356, 0.696, 0.681, 0.697, 0.732, 0.72, 0.806, 0.244, 0.822, 0.395, 0.744, 0.276, 0.831, 0.5, 0.588, 0.838, 0.327, 0.843, 0.6, 0.65, 0.318, 0.846, 0.618, 0.315, 0.386, 0.849, 0.579, 0.367, 0.574, 0.759, 0.356, 0.574, 0.636, 0.678, 0.374, 0.235, 0.383, 0.774, 0.85, 0.447, 0.759, 0.318, 0.852, 0.577, 0.77, 0.853, 0.494, 0.781, 0.649, 0.605, 0.653, 0.665, 0.622, 0.787, 0.853, 0.534, 0.794, 0.676, 0.641, 0.677, 0.684, 0.565, 0.797, 0.853, 0.347, 0.854, 0.592, 0.377, 0.854, 0.399, 0.854, 0.39, 0.801, 0.69, 0.587, 0.804, 0.854, 0.416, 0.855, 0.4, 0.806, 0.695, 0.429, 0.855, 0.561, 0.193, 0.585, 0.558, 0.814, 0.698, 0.409, 0.695, 0.855, 0.585, 0.188, 0.585, 0.292, 0.562, 0.819, 0.701, 0.566, 0.691, 0.703, 0.587, 0.181, 0.588, 0.3, 0.567, 0.176, 0.586, 0.827, 0.854, 0.433, 0.855, 0.407, 0.824, 0.704, 0.559, 0.826, 0.854, 0.585, 0.827, 0.705, 0.41, 0.693, 0.145, 0.305, 0.438, 0.86, 0.557, 0.827, 0.141, 0.312, 0.555, 0.173, 0.688, 0.706, 0.411, 0.688, 0.135, 0.312, 0.556, 0.824, 0.707, 0.558, 0.825, 0.707, 0.448, 0.868, 0.45, 0.869]
results_dict
Dict{String,Any}("finalQSA_Hybrid_record" => [0.0 0.0; 13.992843570924512 13.142015972938408; 13.861148946113174 11.97182365682801; 13.345907443705954 14.109839955271948; 12.853793046619638 14.398141226869972; 14.200925547164204 14.004528016604237; 13.80792297658239 14.161475656340134],"final_PolicyParameters_MF" => [0.0 0.0; 0.662793164489979 0.38650202842390285; 0.6060479711141764 -0.015715039883152225; 0.469300249838913 0.7227119062065941; 0.3149578475426554 0.826530243371152; 0.7797806796224174 0.6832098072612673; 0.6390540408033756 0.764915431061411],"final_Tsas" => [0.14285714285714285 0.14285714285714285; 0.7637453854769761 0.029772639661315048; 0.9995623325794144 0.038666195666314934; 0.006204870506817571 0.004777697173490948; 0.010465522811140266 9.473426112948348e-5; 0.00012303287578144785 0.0028326336693608235; 0.004777697173490948 0.0012931476162122057]

[0.14285714285714285 0.14285714285714285; 0.000590344870712719 0.029772639661315048; 7.294457009760024e-5 0.038666195666314934; 0.006204870506817571 0.5022212906344157; 0.010465522811140266 0.6944042344833383; 0.00012303287578144785 0.0028326336693608235; 0.004777697173490948 0.0012931476162122057]

[0.14285714285714285 0.14285714285714285; 0.000590344870712719 0.6442595394384718; 7.294457009760024e-5 0.038666195666314934; 0.006204870506817571 0.4738902234981295; 0.010465522811140266 0.30512209421101405; 0.00012303287578144785 0.983004197983835; 0.004777697173490948 0.0012931476162122057]

[0.14285714285714285 0.14285714285714285; 0.0032943296751642686 0.029772639661315048; 7.294457009760024e-5 0.6629998300521557; 0.006204870506817571 0.004777697173490948; 0.28840981723973746 9.473426112948348e-5; 0.08567550137168348 0.0028326336693608235; 0.6918584736261482 0.21851359891411895]

[0.14285714285714285 0.14285714285714285; 0.000590344870712719 0.029772639661315048; 7.294457009760024e-5 0.038666195666314934; 0.006204870506817571 0.004777697173490948; 0.010465522811140266 9.473426112948348e-5; 0.9137093342494093 0.0028326336693608235; 0.28425304050639694 0.698664464361867]

[0.14285714285714285 0.14285714285714285; 0.23059890536500877 0.029772639661315048; 7.294457009760024e-5 0.14366919161626962; 0.9627707769590945 0.004777697173490948; 0.010465522811140266 9.473426112948348e-5; 0.00012303287578144785 0.0028326336693608235; 0.004777697173490948 0.07764934625916498]

[0.14285714285714285 0.14285714285714285; 0.000590344870712719 0.20687726225495284; 7.294457009760024e-5 0.038666195666314934; 0.006204870506817571 0.004777697173490948; 0.659262568704561 9.473426112948348e-5; 0.00012303287578144785 0.0028326336693608235; 0.004777697173490948 0.0012931476162122057],"finalQSA_MB_record" => [0.0 0.0; 0.9974063892374586 0.9915167865045966; 0.9999951063679303 0.9885814843058499; 0.989100304555508 0.993125649889558; 0.9844069175475068 0.992754119412446; 0.9873771720464279 0.9944625995658094; 0.9876996248987319 0.9875807560604586])
POPULATION_SIGNALS
subject_id: 17
algorithm_name: hybrid_actorcritic_FWD
param_string: alpha=0.644,
                eta_critic=0.0002,
                gamma=0.972,
                lambda_actor=0.8563,
                lambda_critic=0.4629,
                eta_fwd=0.24,
                w_MB=12.1269,
                w_MF=2.8638
param_vector: [0.644030167544776, 0.00020351207271904898, 0.9720012726758733, 0.856341395594059, 0.4628830908282809, 0.24003847973901876, 12.126880916735841, 2.863789486249355]
LL: -128.146
RPE
[0.0, 0.0, 0.0, 0.0, 0.0, 0.0, 1.0, -0.0, 1.0, -0.0, 0.0, 1.0, 0.0, -0.0, 0.0, 0.0, 1.0, -0.0, 0.0, 0.0, -0.0, 0.0, 0.0, -0.0, 0.0, -0.0, -0.0, 0.0, 0.0, 0.0, -0.001, 0.001, -0.0, 1.0, 0.0, 0.001, -0.0, 1.0, 0.0, -0.0, 0.001, 0.999, 0.0, 0.0, 0.999, 0.0, 0.0, 0.0, 0.001, 0.999, 0.0, 0.0, 0.999, 0.001, 0.999, 0.001, 0.001, -0.0, 0.999, 0.0, 0.001, 0.999, 0.001, 0.998, -0.0, 0.001, 0.0, 0.998, -0.0, 0.0, 0.001, 0.998, -0.0, 0.0, 0.0, 0.001, -0.001, 0.0, 0.001, 0.999, 0.0, -0.0, 0.0, 0.002, 0.998, 0.0, 0.001, 0.001, 0.998, 0.0, 0.002, 0.997, 0.001, 0.001, 0.998, -0.0, 0.001, 0.998, 0.0, 0.002, 0.997, 0.001, 0.001, 0.998, -0.0, 0.002, 0.998, 0.001, 0.002, 0.997, 0.002, 0.997, 0.0, 0.002, 0.997, 0.003, 0.996, 0.001, 0.001, 0.998, 0.001, 0.002, 0.996, 0.003, 0.996, 0.001, 0.001, 0.997, 0.003, 0.996, 0.0, -0.001, 0.001, 0.0, 0.001, 0.997, 0.0, 0.004, 0.996, 0.001, -0.001, 0.0, 0.001, 0.0, 0.001, 0.997, -0.001, 0.002, 0.997, 0.001, -0.001, 0.0, 0.0, 0.0, -0.001, 0.001, 0.003, 0.995, 0.003, 0.995, 0.001, 0.002, 0.996, 0.0, 0.003, 0.995, 0.001, 0.002, 0.996, 0.0, 0.004, -0.004, 0.001, 0.004, 0.995, 0.0, 0.003, -0.005, 0.001, 0.0, -0.001, 0.003, 0.996, 0.0, 0.004, -0.005, 0.001, 0.0, 0.002, 0.996, 0.0, 0.002, -0.003, 0.004, 0.995, 0.004, 0.994]
SPE
[0.857, 0.857, 0.857, 0.857, 0.857, 0.857, 0.857, 0.857, 0.857, 0.651, 0.651, 0.651, 0.495, 0.651, 0.651, 0.495, 0.495, 0.651, 0.651, 0.651, 0.857, 0.495, 0.495, 0.891, 0.376, 0.495, 0.495, 0.376, 0.286, 0.376, 0.937, 0.857, 0.857, 0.651, 0.376, 0.651, 0.651, 0.495, 0.217, 0.937, 0.495, 0.526, 0.165, 0.952, 0.376, 0.286, 0.286, 0.125, 0.457, 0.4, 0.095, 0.79, 0.286, 0.376, 0.217, 0.495, 0.504, 0.495, 0.165, 0.217, 0.937, 0.125, 0.286, 0.095, 0.988, 0.526, 0.376, 0.072, 0.751, 0.217, 0.217, 0.055, 0.571, 0.165, 0.593, 0.383, 0.952, 0.165, 0.4, 0.304, 0.376, 0.526, 0.286, 0.769, 0.042, 0.217, 0.461, 0.457, 0.032, 0.451, 0.684, 0.024, 0.165, 0.506, 0.231, 0.673, 0.304, 0.175, 0.5, 0.635, 0.018, 0.125, 0.533, 0.133, 0.629, 0.231, 0.101, 0.095, 0.607, 0.014, 0.165, 0.011, 0.988, 0.125, 0.008, 0.095, 0.006, 0.979, 0.548, 0.077, 0.295, 0.591, 0.005, 0.072, 0.004, 0.744, 0.556, 0.059, 0.055, 0.003, 0.529, 0.4, 0.811, 0.402, 0.423, 0.044, 0.495, 0.904, 0.002, 0.41, 0.304, 0.996, 0.125, 0.305, 0.321, 0.034, 0.771, 0.373, 0.026, 0.477, 0.231, 0.815, 0.095, 0.416, 0.175, 0.516, 0.758, 0.002, 0.042, 0.001, 0.67, 0.426, 0.02, 0.317, 0.678, 0.001, 0.392, 0.486, 0.015, 0.526, 0.762, 0.735, 0.072, 0.032, 0.001, 0.241, 0.632, 0.559, 0.055, 0.183, 0.927, 0.456, 0.011, 0.4, 0.68, 0.425, 0.042, 0.139, 0.521, 0.009, 0.106, 0.396, 0.999, 0.024, 0.001, 0.018, 0.0]
action_selection_prob
[0.5, 0.5, 0.5, 0.5, 0.5, 0.5, 0.5, 0.361, 0.498, 0.397, 0.622, 0.776, 0.584, 0.242, 0.47, 0.769, 0.86, 0.367, 0.611, 0.328, 0.237, 0.596, 0.325, 0.223, 0.677, 0.304, 0.355, 0.583, 0.673, 0.708, 0.898, 0.418, 0.118, 0.791, 0.434, 0.534, 0.332, 0.838, 0.628, 0.32, 0.666, 0.395, 0.728, 0.486, 0.878, 0.575, 0.222, 0.787, 0.678, 0.681, 0.833, 0.78, 0.901, 0.14, 0.919, 0.344, 0.834, 0.204, 0.931, 0.494, 0.6, 0.94, 0.395, 0.945, 0.37, 0.74, 0.484, 0.95, 0.53, 0.203, 0.472, 0.955, 0.445, 0.416, 0.444, 0.86, 0.684, 0.656, 0.585, 0.35, 0.254, 0.125, 0.25, 0.881, 0.957, 0.467, 0.782, 0.427, 0.961, 0.555, 0.826, 0.963, 0.607, 0.863, 0.343, 0.694, 0.663, 0.646, 0.773, 0.886, 0.965, 0.714, 0.903, 0.782, 0.822, 0.774, 0.846, 0.779, 0.915, 0.966, 0.146, 0.968, 0.824, 0.39, 0.97, 0.622, 0.971, 0.146, 0.925, 0.88, 0.661, 0.933, 0.973, 0.746, 0.974, 0.249, 0.939, 0.902, 0.812, 0.975, 0.147, 0.056, 0.535, 0.148, 0.946, 0.918, 0.347, 0.83, 0.976, 0.449, 0.108, 0.449, 0.135, 0.341, 0.896, 0.929, 0.546, 0.72, 0.937, 0.569, 0.161, 0.569, 0.201, 0.683, 0.157, 0.568, 0.845, 0.977, 0.259, 0.978, 0.304, 0.739, 0.944, 0.478, 0.808, 0.979, 0.485, 0.85, 0.949, 0.355, 0.689, 0.021, 0.31, 0.358, 0.98, 0.4, 0.877, 0.053, 0.451, 0.401, 0.123, 0.549, 0.954, 0.469, 0.6, 0.098, 0.399, 0.559, 0.703, 0.957, 0.69, 0.788, 0.96, 0.333, 0.817, 0.514, 0.862]
results_dict
Dict{String,Any}("finalQSA_Hybrid_record" => [0.0 0.0; 20.314571904263993 17.208598097760802; 15.999360855326952 14.166010777199997; 17.961270562955782 17.95156613290744; 17.94771721769022 19.456806698675873; 22.582399832452623 22.641143873557574; 18.78341192710071 18.57317239485374],"final_PolicyParameters_MF" => [0.0 0.0; 2.916859034438774 1.9566848478511984; 1.4405889616966905 0.9577269379494165; 2.2718883952660387 2.1826637186921976; 2.364791356501673 2.717446928946735; 3.9222552127959687 4.05082476069111; 2.5883998831647235 2.5179240115780006],"final_Tsas" => [0.14285714285714285 0.14285714285714285; 0.7550139135853545 0.027520199453215884; 0.9997007668576708 0.03621262224403818; 0.0053015296456134856 0.004028958529189086; 0.00917947806852586 6.562462579825666e-5; 8.635256397681854e-5 0.002326890801850721; 0.004028958529189086 0.0010212940727809404]

[0.14285714285714285 0.14285714285714285; 0.000448255492809497 0.027520199453215884; 4.987219038820114e-5 0.03621262224403818; 0.0053015296456134856 0.4967939809839841; 0.00917947806852586 0.699314605367809; 8.635256397681854e-5 0.002326890801850721; 0.004028958529189086 0.0010212940727809404]

[0.14285714285714285 0.14285714285714285; 0.000448255492809497 0.6524587952971055; 4.987219038820114e-5 0.03621262224403818; 0.0053015296456134856 0.48306122637007054; 0.00917947806852586 0.3003572715031999; 8.635256397681854e-5 0.9860386551888958; 0.004028958529189086 0.0010212940727809404]

[0.14285714285714285 0.14285714285714285; 0.0027063292115792822 0.027520199453215884; 4.987219038820114e-5 0.677369139255271; 0.0053015296456134856 0.004028958529189086; 0.2954593056795962 6.562462579825666e-5; 0.07979887107705398 0.002326890801850721; 0.696281260000495 0.21971932336139557]

[0.14285714285714285 0.14285714285714285; 0.000448255492809497 0.027520199453215884; 4.987219038820114e-5 0.03621262224403818; 0.0053015296456134856 0.004028958529189086; 0.00917947806852586 6.562462579825666e-5; 0.9197693661030619 0.002326890801850721; 0.2835739473535598 0.7022265604228791]

[0.14285714285714285 0.14285714285714285; 0.24048673523182826 0.027520199453215884; 4.987219038820114e-5 0.14156774952453827; 0.9681908221263191 0.004028958529189086; 0.00917947806852586 6.562462579825666e-5; 8.635256397681854e-5 0.002326890801850721; 0.004028958529189086 0.07396893992460171]

[0.14285714285714285 0.14285714285714285; 0.000448255492809497 0.20994020743681532; 4.987219038820114e-5 0.03621262224403818; 0.0053015296456134856 0.004028958529189086; 0.6586433039777745 6.562462579825666e-5; 8.635256397681854e-5 0.002326890801850721; 0.004028958529189086 0.0010212940727809404],"finalQSA_MB_record" => [0.0 0.0; 0.9863708319335697 0.9569741672487828; 0.9999830523203239 0.9419967366053775; 0.9447004561989981 0.9648859742520663; 0.9215503926086515 0.9627235394328889; 0.9359455370618683 0.9716504758320279; 0.9376660887017534 0.9369733461617322])