DateTime of fitting: 2020-12-27T20:13:11.707
DATA_STATS
nr_subjects: 1
all_subject_ids: [21]
nr_puzzles: 1
nr_episodes: 47
nr_actions: 198
max_state_id: 7
max_action_id: 2
SUBJECT_SIGNALS
subject_id: 21
algorithm_name: hybrid_actorcritic_FWD
param_string: alpha=0.6644,
                eta_critic=0.0004,
                gamma=0.9963,
                lambda_actor=0.9249,
                lambda_critic=0.5145,
                eta_fwd=0.2688,
                w_MB=12.1246,
                w_MF=2.8354
param_vector: [0.6644047117784504, 0.0004342859144877073, 0.9962560508309556, 0.9249090106612292, 0.5145035033976914, 0.2687561066821797, 12.124625127961735, 2.835439070058892]
LL: -113.745
RPE
[0.0, 0.0, 0.0, 1.0, 0.0, 0.0, 0.0, 0.0, 0.0, 1.0, 0.0, 0.0, 0.0, 0.0, 0.0, 0.999, 0.0, 0.0, 0.001, 0.999, 0.0, 0.001, 0.998, 0.001, 0.001, -0.002, 0.0, 0.0, -0.001, 0.001, 0.0, 0.001, -0.002, 0.0, 0.001, 0.001, -0.002, 0.0, 0.001, -0.001, 0.0, 0.002, -0.002, -0.0, 0.0, 0.001, -0.001, 1.0, 0.0, -0.0, 0.002, 0.998, 0.001, -0.001, 0.999, 0.002, 0.997, 0.001, -0.0, -0.0, 0.001, 0.002, 0.997, 0.001, -0.0, 0.999, 0.001, 0.002, 0.997, 0.001, -0.0, 0.998, 0.001, -0.001, 0.002, -0.0, 0.998, 0.001, 0.001, 0.996, 0.001, 0.002, -0.004, 0.001, 0.001, 0.002, 0.996, 0.004, -0.004, 0.0, 0.002, 0.002, -0.004, 0.0, 0.002, -0.0, -0.001, 0.002, -0.0, -0.001, -0.001, 0.004, 0.995, 0.001, 0.002, -0.005, 0.002, -0.001, 0.001, -0.0, -0.002, 0.002, 0.998, 0.002, 0.997, 0.004, 0.995, 0.002, 0.0, -0.002, 0.002, 0.003, 0.994, 0.002, 0.0, 0.997, -0.0, 0.003, 0.996, 0.003, 0.996, -0.001, 0.005, -0.004, 0.003, 0.995, -0.0, 0.002, 0.002, 0.995, 0.004, 0.994, 0.003, 0.994, 0.0, 0.004, 0.994, 0.002, 0.003, 0.993, 0.004, 0.994, 0.004, 0.993, 0.004, 0.993, 0.004, 0.993, 0.004, 0.993, 0.002, 0.004, 0.992, 0.004, 0.992, 0.004, 0.992, -0.003, 0.007, 0.992, -0.003, 0.003, 0.004, 0.991, 0.002, 0.005, 0.991, -0.003, 0.003, -0.003, 0.007, 0.991, 0.002, 0.005, 0.991, -0.003, 0.008, 0.991, -0.001, 0.008, 0.99, -0.001, 0.006, 0.99, -0.003, 0.002, 0.006, 0.99]
SPE
[0.857, 0.857, 0.857, 0.857, 0.857, 0.857, 0.627, 0.627, 0.627, 0.627, 0.627, 0.627, 0.458, 0.458, 0.458, 0.458, 0.857, 0.335, 0.335, 0.335, 0.627, 0.857, 0.245, 0.335, 0.627, 0.857, 0.458, 0.245, 0.959, 0.245, 0.179, 0.448, 0.97, 0.458, 0.857, 0.328, 0.709, 0.335, 0.627, 0.857, 0.245, 0.924, 0.627, 0.458, 0.179, 0.604, 0.627, 0.857, 0.335, 0.131, 0.763, 0.561, 0.592, 0.458, 0.627, 0.959, 0.41, 0.433, 0.335, 0.096, 0.316, 0.959, 0.3, 0.231, 0.448, 0.458, 0.169, 0.782, 0.219, 0.124, 0.508, 0.335, 0.448, 0.988, 0.131, 0.372, 0.245, 0.09, 0.771, 0.16, 0.066, 0.24, 0.458, 0.944, 0.048, 0.175, 0.117, 0.782, 0.335, 0.514, 0.096, 0.564, 0.245, 0.376, 0.07, 0.991, 0.32, 0.035, 0.611, 0.234, 0.999, 0.458, 0.086, 0.288, 0.57, 0.179, 0.508, 0.171, 0.21, 0.595, 0.997, 0.372, 0.179, 0.272, 0.131, 0.832, 0.063, 0.154, 0.435, 0.36, 0.112, 0.688, 0.046, 0.082, 0.502, 0.096, 1.0, 0.414, 0.07, 0.303, 0.051, 0.959, 0.335, 0.131, 0.221, 0.037, 0.834, 0.497, 0.367, 0.027, 0.847, 0.034, 0.387, 0.02, 0.856, 0.283, 0.015, 0.535, 0.734, 0.025, 0.207, 0.011, 0.851, 0.018, 0.379, 0.008, 0.724, 0.013, 0.472, 0.006, 0.727, 0.345, 0.004, 0.252, 0.003, 0.816, 0.01, 0.47, 0.245, 0.007, 0.343, 0.991, 0.404, 0.002, 0.555, 0.465, 0.002, 0.251, 0.725, 0.184, 0.179, 0.005, 0.97, 0.362, 0.004, 0.134, 0.978, 0.001, 0.4, 0.365, 0.003, 0.997, 0.265, 0.002, 0.341, 0.988, 0.194, 0.001]
action_selection_prob
[0.5, 0.5, 0.5, 0.5, 0.497, 0.498, 0.673, 0.687, 0.705, 0.732, 0.649, 0.661, 0.768, 0.784, 0.802, 0.822, 0.26, 0.836, 0.853, 0.867, 0.508, 0.13, 0.894, 0.824, 0.407, 0.089, 0.695, 0.591, 0.883, 0.825, 0.587, 0.881, 0.913, 0.754, 0.176, 0.88, 0.911, 0.753, 0.176, 0.121, 0.751, 0.175, 0.09, 0.308, 0.751, 0.177, 0.119, 0.251, 0.505, 0.497, 0.425, 0.779, 0.671, 0.364, 0.306, 0.683, 0.842, 0.773, 0.635, 0.376, 0.771, 0.635, 0.878, 0.829, 0.767, 0.399, 0.864, 0.832, 0.9, 0.888, 0.869, 0.675, 0.793, 0.206, 0.596, 0.893, 0.793, 0.905, 0.91, 0.915, 0.917, 0.078, 0.073, 0.164, 0.917, 0.078, 0.927, 0.6, 0.193, 0.399, 0.738, 0.704, 0.193, 0.399, 0.738, 0.296, 0.363, 0.926, 0.704, 0.362, 0.926, 0.262, 0.808, 0.934, 0.627, 0.244, 0.521, 0.591, 0.934, 0.628, 0.591, 0.521, 0.407, 0.714, 0.522, 0.804, 0.581, 0.939, 0.745, 0.272, 0.939, 0.744, 0.753, 0.944, 0.819, 0.48, 0.949, 0.853, 0.711, 0.882, 0.809, 0.953, 0.497, 0.172, 0.902, 0.858, 0.084, 0.955, 0.861, 0.888, 0.741, 0.564, 0.817, 0.907, 0.958, 0.86, 0.921, 0.961, 0.888, 0.745, 0.887, 0.931, 0.905, 0.825, 0.918, 0.939, 0.928, 0.867, 0.936, 0.945, 0.963, 0.942, 0.95, 0.948, 0.954, 0.952, 0.893, 0.044, 0.675, 0.911, 0.176, 0.215, 0.823, 0.958, 0.965, 0.906, 0.961, 0.346, 0.489, 0.346, 0.511, 0.924, 0.033, 0.081, 0.933, 0.601, 0.535, 0.964, 0.138, 0.721, 0.94, 0.74, 0.303, 0.946, 0.812, 0.807, 0.592, 0.951]
results_dict
Dict{String,Any}("finalQSA_Hybrid_record" => [0.0 0.0; 17.047628133483524 18.47188626260275; 20.491821761212115 21.946558883078477; 19.060865919625016 22.40625836850522; 18.90187982186218 19.280354450130197; 20.169127224041972 17.198470056880357; 17.049996698483543 16.584018388596252],"final_PolicyParameters_MF" => [0.0 0.0; 1.7680402868850966 2.3669875718722864; 2.966973915668296 3.5970333545986044; 2.490349985399807 3.6261432320992353; 2.406250684782228 2.7876284912953513; 2.8692229692055493 1.8207431976434592; 1.769370839770608 1.6074023993461397],"final_Tsas" => [0.14285714285714285 0.14285714285714285; 0.004566534415076804 0.008540085731121225; 4.173693174435115e-5 0.0017855560674089387; 0.0017855560674089387 0.9991241640643086; 0.00027299016779210007 0.002441806466659795; 0.9989277581583119 0.015971206535552562; 2.2317473289026124e-5 0.015971206535552562]

[0.14285714285714285 0.14285714285714285; 0.004566534415076804 0.008540085731121225; 4.173693174435115e-5 0.7509654289102314; 0.05797692370097095 0.000145972655948566; 0.00027299016779210007 0.002441806466659795; 3.051987646387946e-5 0.015971206535552562; 0.0624957926727865 0.707646498983468]

[0.14285714285714285 0.14285714285714285; 0.4698489029004731 0.008540085731121225; 4.173693174435115e-5 0.0017855560674089387; 0.19831181787062543 0.000145972655948566; 0.00027299016779210007 0.002441806466659795; 3.051987646387946e-5 0.9041727607866846; 0.3427242309575593 0.015971206535552562]

[0.14285714285714285 0.14285714285714285; 0.004566534415076804 0.1522487145513025; 0.7048602072508162 0.0017855560674089387; 0.0017855560674089387 0.000145972655948566; 0.660080771925265 0.1075278637084947; 0.0009196424593686178 0.015971206535552562; 2.2317473289026124e-5 0.015971206535552562]

[0.14285714285714285 0.14285714285714285; 0.5073184250241428 0.27729619241330095; 4.173693174435115e-5 0.19831181787062543; 0.0017855560674089387 0.000145972655948566; 0.00027299016779210007 0.002441806466659795; 3.051987646387946e-5 0.015971206535552562; 0.5943825164175532 0.2124974683387691]

[0.14285714285714285 0.14285714285714285; 0.004566534415076804 0.5362947501109115; 0.2949311080904619 0.0017855560674089387; 0.0017855560674089387 0.000145972655948566; 0.33855427723577436 0.8582917733397715; 3.051987646387946e-5 0.015971206535552562; 0.00033050753223371295 0.015971206535552562]

[0.14285714285714285 0.14285714285714285; 0.004566534415076804 0.008540085731121225; 4.173693174435115e-5 0.043580528949507286; 0.7365690341587677 0.000145972655948566; 0.00027299016779210007 0.02441313708509452; 3.051987646387946e-5 0.015971206535552562; 2.2317473289026124e-5 0.015971206535552562],"finalQSA_MB_record" => [0.0 0.0; 0.9925631433102815 0.9951086968160442; 0.9962491773814788 0.9915268989705096; 0.989690331286682 0.9999938179590739; 0.9962454478515692 0.9960452725357077; 0.9999953731567032 0.9926792405621225; 0.9924474534400867 0.9918926213051567])
POPULATION_SIGNALS
subject_id: 21
algorithm_name: hybrid_actorcritic_FWD
param_string: alpha=0.644,
                eta_critic=0.0002,
                gamma=0.972,
                lambda_actor=0.8563,
                lambda_critic=0.4629,
                eta_fwd=0.24,
                w_MB=12.1269,
                w_MF=2.8638
param_vector: [0.644030167544776, 0.00020351207271904898, 0.9720012726758733, 0.856341395594059, 0.4628830908282809, 0.24003847973901876, 12.126880916735841, 2.863789486249355]
LL: -115.642
RPE
[0.0, 0.0, 0.0, 1.0, 0.0, 0.0, 0.0, 0.0, 0.0, 1.0, 0.0, 0.0, 0.0, 0.0, 0.0, 1.0, 0.0, 0.0, 0.0, 0.999, 0.0, 0.001, 0.999, 0.0, 0.001, -0.001, 0.0, 0.0, -0.0, 0.0, 0.0, 0.001, -0.001, 0.0, 0.0, 0.001, -0.001, 0.0, 0.0, -0.0, 0.0, 0.001, -0.001, -0.0, 0.0, 0.0, -0.0, 1.0, 0.0, -0.0, 0.001, 0.999, 0.0, -0.0, 1.0, 0.001, 0.999, 0.0, -0.0, -0.0, 0.0, 0.001, 0.999, 0.0, -0.0, 1.0, 0.0, 0.001, 0.998, 0.0, -0.0, 0.999, 0.001, -0.001, 0.001, -0.0, 0.999, 0.001, 0.001, 0.998, 0.001, 0.001, -0.002, 0.0, 0.001, 0.001, 0.998, 0.002, -0.002, 0.0, 0.001, 0.001, -0.002, 0.0, 0.001, -0.0, -0.001, 0.001, -0.0, -0.001, -0.0, 0.002, 0.998, 0.001, 0.001, -0.002, 0.001, -0.001, 0.001, -0.0, -0.001, 0.001, 0.999, 0.001, 0.999, 0.002, 0.998, 0.001, 0.0, -0.001, 0.001, 0.001, 0.997, 0.001, 0.0, 0.998, -0.0, 0.001, 0.998, 0.001, 0.998, -0.0, 0.002, -0.002, 0.001, 0.998, -0.0, 0.001, 0.001, 0.998, 0.002, 0.997, 0.002, 0.997, 0.0, 0.002, 0.997, 0.001, 0.002, 0.997, 0.002, 0.997, 0.002, 0.997, 0.002, 0.997, 0.002, 0.997, 0.002, 0.997, 0.001, 0.002, 0.996, 0.002, 0.996, 0.002, 0.996, -0.001, 0.003, 0.996, -0.001, 0.001, 0.002, 0.996, 0.001, 0.002, 0.996, -0.001, 0.001, -0.001, 0.003, 0.996, 0.001, 0.003, 0.996, -0.001, 0.004, 0.996, -0.0, 0.004, 0.995, -0.0, 0.003, 0.995, -0.001, 0.001, 0.003, 0.995]
SPE
[0.857, 0.857, 0.857, 0.857, 0.857, 0.857, 0.651, 0.651, 0.651, 0.651, 0.651, 0.651, 0.495, 0.495, 0.495, 0.495, 0.857, 0.376, 0.376, 0.376, 0.651, 0.857, 0.286, 0.376, 0.651, 0.857, 0.495, 0.286, 0.952, 0.286, 0.217, 0.457, 0.964, 0.495, 0.857, 0.348, 0.732, 0.376, 0.651, 0.857, 0.286, 0.917, 0.651, 0.495, 0.217, 0.616, 0.651, 0.857, 0.376, 0.165, 0.77, 0.548, 0.596, 0.495, 0.651, 0.952, 0.416, 0.453, 0.376, 0.125, 0.344, 0.952, 0.316, 0.262, 0.457, 0.495, 0.199, 0.79, 0.24, 0.151, 0.504, 0.376, 0.457, 0.984, 0.165, 0.383, 0.286, 0.115, 0.769, 0.183, 0.087, 0.264, 0.495, 0.937, 0.066, 0.201, 0.139, 0.79, 0.376, 0.526, 0.125, 0.585, 0.286, 0.4, 0.095, 0.988, 0.313, 0.05, 0.591, 0.237, 0.998, 0.495, 0.106, 0.269, 0.578, 0.217, 0.504, 0.18, 0.205, 0.581, 0.995, 0.383, 0.217, 0.291, 0.165, 0.825, 0.08, 0.155, 0.442, 0.344, 0.118, 0.676, 0.061, 0.09, 0.495, 0.125, 1.0, 0.408, 0.095, 0.31, 0.072, 0.953, 0.376, 0.165, 0.236, 0.055, 0.834, 0.462, 0.376, 0.042, 0.836, 0.046, 0.376, 0.032, 0.861, 0.286, 0.024, 0.507, 0.719, 0.035, 0.217, 0.018, 0.84, 0.027, 0.366, 0.014, 0.725, 0.02, 0.451, 0.011, 0.737, 0.343, 0.008, 0.261, 0.006, 0.803, 0.015, 0.471, 0.286, 0.012, 0.358, 0.988, 0.391, 0.005, 0.533, 0.457, 0.004, 0.272, 0.751, 0.207, 0.217, 0.009, 0.964, 0.356, 0.007, 0.157, 0.972, 0.003, 0.405, 0.366, 0.005, 0.995, 0.271, 0.004, 0.331, 0.984, 0.206, 0.003]
action_selection_prob
[0.5, 0.5, 0.5, 0.5, 0.497, 0.498, 0.613, 0.638, 0.685, 0.781, 0.571, 0.591, 0.692, 0.732, 0.792, 0.864, 0.368, 0.795, 0.852, 0.901, 0.511, 0.166, 0.921, 0.756, 0.436, 0.068, 0.664, 0.554, 0.885, 0.763, 0.53, 0.872, 0.938, 0.664, 0.245, 0.871, 0.93, 0.649, 0.239, 0.135, 0.634, 0.231, 0.077, 0.353, 0.635, 0.244, 0.126, 0.377, 0.511, 0.361, 0.443, 0.866, 0.672, 0.349, 0.421, 0.653, 0.893, 0.748, 0.602, 0.289, 0.738, 0.604, 0.914, 0.794, 0.743, 0.543, 0.831, 0.819, 0.926, 0.858, 0.859, 0.752, 0.773, 0.165, 0.55, 0.886, 0.828, 0.881, 0.905, 0.932, 0.895, 0.083, 0.06, 0.188, 0.894, 0.085, 0.942, 0.664, 0.113, 0.331, 0.687, 0.719, 0.111, 0.332, 0.689, 0.278, 0.268, 0.907, 0.723, 0.263, 0.906, 0.314, 0.89, 0.913, 0.695, 0.115, 0.619, 0.435, 0.913, 0.698, 0.432, 0.618, 0.555, 0.743, 0.585, 0.814, 0.826, 0.92, 0.762, 0.247, 0.919, 0.761, 0.868, 0.927, 0.822, 0.582, 0.934, 0.857, 0.753, 0.882, 0.829, 0.939, 0.534, 0.109, 0.899, 0.87, 0.088, 0.941, 0.86, 0.895, 0.809, 0.724, 0.851, 0.912, 0.945, 0.878, 0.924, 0.949, 0.884, 0.813, 0.897, 0.933, 0.91, 0.86, 0.921, 0.941, 0.929, 0.888, 0.936, 0.946, 0.952, 0.942, 0.951, 0.946, 0.955, 0.951, 0.907, 0.046, 0.657, 0.92, 0.143, 0.233, 0.855, 0.958, 0.954, 0.901, 0.961, 0.252, 0.447, 0.254, 0.553, 0.93, 0.044, 0.086, 0.938, 0.473, 0.581, 0.964, 0.134, 0.727, 0.945, 0.642, 0.279, 0.95, 0.741, 0.803, 0.541, 0.954]
results_dict
Dict{String,Any}("finalQSA_Hybrid_record" => [0.0 0.0; 15.481964378808833 16.81259122025086; 17.96528311519597 18.962303897810873; 17.174353693009685 20.531650987267057; 17.690527649995694 17.86599736850561; 17.85360620495431 14.82236788837583; 15.836611800656268 15.027370946452542],"final_PolicyParameters_MF" => [0.0 0.0; 1.4037239496142702 1.87633798797171; 2.1577445607749697 2.746147332432258; 2.0817881961448377 2.9352925384963813; 2.0620361682747297 2.375708342395729; 2.0296328936513905 1.1688601954288038; 1.5319784029257824 1.262384993464245],"final_Tsas" => [0.14285714285714285 0.14285714285714285; 0.006976050108159249 0.012078872184704168; 0.00011362754780947839 0.003061853448910985; 0.003061853448910985 0.997956058445315; 0.0005898397232738308 0.004028958529189086; 0.9977376050336881 0.02091429261435137; 6.562462579825666e-5 0.02091429261435137]

[0.14285714285714285 0.14285714285714285; 0.006976050108159249 0.012078872184704168; 0.00011362754780947839 0.7486432305726073; 0.06390881298466707 0.0003406569257808407; 0.0005898397232738308 0.004028958529189086; 8.635256397681854e-5 0.02091429261435137; 0.06982058197652513 0.6920942363302925]

[0.14285714285714285 0.14285714285714285; 0.42943453783077745 0.012078872184704168; 0.00011362754780947839 0.003061853448910985; 0.18548186143251044 0.0003406569257808407; 0.0005898397232738308 0.004028958529189086; 8.635256397681854e-5 0.8745142443138919; 0.33408210776194935 0.02091429261435137]

[0.14285714285714285 0.14285714285714285; 0.006976050108159249 0.15071105877794075; 0.7032208543344688 0.003061853448910985; 0.003061853448910985 0.0003406569257808407; 0.6524341725416926 0.10938408580968918; 0.0018306321464277486 0.02091429261435137; 6.562462579825666e-5 0.02091429261435137]

[0.14285714285714285 0.14285714285714285; 0.5356852116284264 0.2521173519237229; 0.00011362754780947839 0.18548186143251044; 0.003061853448910985 0.0003406569257808407; 0.0005898397232738308 0.004028958529189086; 8.635256397681854e-5 0.02091429261435137; 0.5951485836080659 0.20333430059795082]

[0.14285714285714285 0.14285714285714285; 0.006976050108159249 0.5488561005595198; 0.2962110079264839 0.003061853448910985; 0.003061853448910985 0.0003406569257808407; 0.34461662884193833 0.8437648235645964; 8.635256397681854e-5 0.02091429261435137; 0.0007518527760648927 0.02091429261435137]

[0.14285714285714285 0.14285714285714285; 0.006976050108159249 0.012078872184704168; 0.00011362754780947839 0.0536274941992385; 0.7383619117871787 0.0003406569257808407; 0.0005898397232738308 0.030735256508958263; 8.635256397681854e-5 0.02091429261435137; 6.562462579825666e-5 0.02091429261435137],"finalQSA_MB_record" => [0.0 0.0; 0.9451705319813278 0.9639585720173225; 0.9718865994475194 0.9377853357843887; 0.924597654688561 0.9998936343299663; 0.9718318814913611 0.9699901128296446; 0.9999240195911501 0.9462448648610853; 0.9441294533792426 0.9410630100959465])