DateTime of fitting: 2020-02-09T16:30:06.576
DATA_STATS
nr_subjects: 1
all_subject_ids: [3]
nr_puzzles: 1
nr_episodes: 58
nr_actions: 192
max_state_id: 7
max_action_id: 2
SUBJECT_SIGNALS
subject_id: 3
algorithm_name: Sarsa-Lambda (ReplTrc)
param_string: alpha=0.2186, gamma=0.9967,
                lambda=0.628, temp=0.0172,
                reward_magnitude=1.0,
                action_cost=0.0,
                initQSA=nothing, use_replacing_trace=true
param_vector: [0.21856725524488022, 0.9966619121741199, 0.6280304363472552, 0.017229683473848532, 1.0, 0.0, 0.0]
LL: -4.216
RPE
[0.0, 0.0, 0.0, 1.0, 0.081, 0.781, 0.127, 0.611, 0.148, 0.477, 0.032, 0.383, 0.155, -0.627, 0.0, 0.488, 0.468, 0.054, 0.296, 0.172, -0.528, 0.063, 0.355, 0.442, 0.145, 0.344, 0.345, 0.263, 0.27, 0.227, 0.211, 0.195, 0.165, -0.473, 0.367, 0.219, 0.129, 0.079, 0.361, 0.181, -0.547, 0.083, 0.272, 0.11, 0.18, 0.107, 0.14, 0.095, 0.11, -0.192, 0.223, 0.48, 0.086, 0.068, 0.427, 0.067, 0.116, 0.052, 0.034, 0.408, 0.041, 0.104, 0.032, 0.025, 0.035, 0.329, 0.025, 0.04, 0.055, 0.259, 0.02, 0.049, 0.065, 0.204, 0.015, 0.097, 0.012, 0.077, 0.009, 0.061, 0.007, 0.125, 0.167, 0.006, 0.049, -0.137, 0.101, 0.021, 0.004, 0.13, 0.094, 0.016, 0.019, 0.11, 0.075, 0.013, 0.028, 0.093, 0.06, 0.01, 0.033, 0.078, 0.047, 0.008, 0.046, 0.006, 0.034, 0.068, 0.036, 0.005, -0.54, 0.621, 0.04, 0.004, 0.03, 0.003, 0.064, 0.054, 0.032, 0.002, 0.056, 0.045, 0.025, 0.002, 0.024, -0.026, 0.017, 0.005, 0.049, 0.039, 0.016, 0.004, 0.042, 0.026, 0.018, 0.003, 0.036, 0.022, 0.015, 0.002, 0.031, 0.019, 0.012, 0.002, 0.026, 0.016, 0.009, 0.001, 0.022, 0.006, 0.014, 0.001, 0.011, 0.001, 0.043, 0.001, 0.009, 0.001, 0.007, 0.0, 0.006, 0.0, 0.004, -0.04, 0.009, 0.01, 0.001, 0.007, -0.027, 0.008, 0.004, 0.006, 0.005, -0.501, 0.515, 0.004, 0.004, 0.006, 0.003, -0.349, 0.403, 0.004, 0.003, 0.005, 0.002, 0.004, 0.002, -0.24, 0.315, 0.004, 0.001, 0.0]
SPE
Float64[]
action_selection_prob
[0.5, 0.5, 0.5, 0.5, 1.0, 1.0, 1.0, 1.0, 1.0, 1.0, 0.957, 0.993, 1.0, 1.0, 0.5, 0.5, 1.0, 0.998, 1.0, 1.0, 1.0, 0.998, 1.0, 1.0, 1.0, 1.0, 1.0, 1.0, 1.0, 1.0, 1.0, 1.0, 1.0, 1.0, 1.0, 1.0, 1.0, 1.0, 1.0, 1.0, 1.0, 1.0, 1.0, 1.0, 1.0, 1.0, 1.0, 1.0, 1.0, 1.0, 1.0, 1.0, 1.0, 1.0, 1.0, 1.0, 1.0, 1.0, 1.0, 1.0, 1.0, 1.0, 1.0, 1.0, 1.0, 1.0, 1.0, 1.0, 1.0, 1.0, 1.0, 1.0, 1.0, 1.0, 1.0, 1.0, 1.0, 1.0, 1.0, 1.0, 1.0, 1.0, 1.0, 1.0, 1.0, 1.0, 1.0, 1.0, 1.0, 1.0, 1.0, 1.0, 1.0, 1.0, 1.0, 1.0, 1.0, 1.0, 1.0, 1.0, 1.0, 1.0, 1.0, 1.0, 1.0, 1.0, 1.0, 1.0, 1.0, 1.0, 1.0, 1.0, 1.0, 1.0, 1.0, 1.0, 1.0, 1.0, 1.0, 1.0, 1.0, 1.0, 1.0, 1.0, 1.0, 1.0, 1.0, 1.0, 1.0, 1.0, 1.0, 1.0, 1.0, 1.0, 1.0, 1.0, 1.0, 1.0, 1.0, 1.0, 1.0, 1.0, 1.0, 1.0, 1.0, 1.0, 1.0, 1.0, 1.0, 1.0, 1.0, 1.0, 1.0, 1.0, 1.0, 1.0, 1.0, 1.0, 1.0, 1.0, 1.0, 1.0, 1.0, 1.0, 1.0, 1.0, 1.0, 1.0, 1.0, 1.0, 1.0, 1.0, 1.0, 1.0, 1.0, 1.0, 1.0, 1.0, 1.0, 1.0, 1.0, 1.0, 1.0, 1.0, 1.0, 1.0, 1.0, 1.0, 1.0, 1.0, 1.0, 1.0]
results_dict
Dict{String,Any}("trialByTrial_Qsa" => [0.0, 0.0, 0.0, 0.0, 0.13680867975265598, 0.21856725524488022, 0.2614257433693502, 0.38936286542447984, 0.3726449913107619, 0.5228281478792498, 0.05360073667849113, 0.08563320628561173, 0.4703699090415635, 0.627122289877398, 0.0, 0.0, 0.5318786958491173, 0.10900012553844075, 0.16305449414685, 0.4602628102676365, 0.6341946844190295, 0.10690655670318688, 0.17079525004218954, 0.5579289520512118, 0.16296702317859432, 0.3088603398060002, 0.6545512076246063, 0.46491031560004514, 0.7300550020017545, 0.5592604350158017, 0.7890561392813158, 0.637769509700534, 0.8351615599293569, 0.7028549465717885, 0.23058772548784717, 0.6496563499250473, 0.8711898453344451, 0.2712056603518936, 0.3517150325578632, 0.7150630479291253, 0.8993435272873639, 0.3241283817198604, 0.4130148859884352, 0.701514412137222, 0.8203031615834445, 0.75017702150206, 0.8595790063323338, 0.7926723777968452, 0.8902704374970343, 0.39851399683651223, 0.20716555744684081, 0.43119987875830973, 0.914253726792529, 0.4326934386946254, 0.5028473865423864, 0.9329950543749636, 0.8283665360307617, 0.9476401414280602, 0.5118196219845128, 0.547843430393426, 0.9590842920011392, 0.8609077285947097, 0.9680271259948512, 0.5786206107287738, 0.6053497296913309, 0.6426250960234471, 0.9750153493084469, 0.6183513092911923, 0.6601961651011876, 0.7179814704539658, 0.9804761758333518, 0.6578376759851832, 0.7094379822656137, 0.7773098941567085, 0.9847434444933397, 0.8879884185577853, 0.9880780279549216, 0.9107748605553043, 0.9906837806619205, 0.928792073949478, 0.9927200011519038, 0.6958281675050226, 0.8240168395545145, 0.9943111705183181, 0.9430363073318376, 0.9955545623636854, 0.8612904391650761, 0.9794072416653853, 0.7465756276263942, 0.7529409029159349, 0.8861975993097982, 0.9839081443325032, 0.7741920409948709, 0.7957162037399793, 0.909037574343357, 0.9874252970575448, 0.800508523333316, 0.8311713100681922, 0.927170470017557, 0.9901737153651969, 0.824952907007396, 0.8604857776031577, 0.9415628099833853, 0.9923214194270807, 0.9447853545983484, 0.9939997057070804, 0.8472280146724753, 0.8846681880000471, 0.955637673680193, 0.9953111735613454, 0.8674027639115217, 0.328828688798644, 0.9529834819732267, 0.9963359974863617, 0.9642242980682351, 0.997136828458978, 0.8380267838795455, 0.9048572238876432, 0.9622332661936462, 0.9977626240039944, 0.8622608635991258, 0.9212923663513769, 0.9695769485552518, 0.9982516411343921, 0.9710820984839574, 0.9986337751328311, 0.9728843625253477, 0.9953626711622461, 0.8829178771949823, 0.9347551782787717, 0.9772032189269628, 0.9963762393979819, 0.900478079503084, 0.945798291141094, 0.975355166978382, 0.9971682748064296, 0.9150264222288272, 0.9543181664543634, 0.9797826719933439, 0.9977871972095961, 0.9273295368212823, 0.9613660232132868, 0.9832926200398866, 0.9982708434418929, 0.9377080485267919, 0.9671823867245626, 0.986074597736147, 0.9986487804446871, 0.9464425481866717, 0.9719720729484594, 0.9811626224796548, 0.998944112794125, 0.984464702224401, 0.9991748951625613, 0.9534163219552992, 0.9993552360621696, 0.9870637555223774, 0.999496160346342, 0.9891207726645451, 0.9996062831965256, 0.9907371163580503, 0.9996923367976047, 0.9920071530823511, 0.9997595818992921, 0.9628161473474234, 0.9753318571626146, 0.988787973675915, 0.9931269715498204, 0.9899406958122923, 0.9666105983070304, 0.9781604708377986, 0.9855968256550932, 0.9946291905133962, 0.9697210427822903, 0.47034294977344876, 0.9882791500525698, 0.9958030736013264, 0.987580100036584, 0.9967203842847492, 0.9312216286182905, 0.583759769832673, 0.9897712747006714, 0.9974372008898895, 0.9892993428758771, 0.9979973448571304, 0.9907462863378322, 0.9984350596949094, 0.910454531622893, 0.6725911731348725, 0.9910696814253729, 0.9987771044020152, 0.9015327509408372],"StateValue_V2_record" => [0.0, 0.0, 0.0, 0.0, 1.0, 0.13635200036429893, 0.21783765855101125, 1.0, 0.26055308127803734, 0.3880631379835566, 1.0, 0.37140106960189223, 0.5210829016037867, 1.0, 0.053421812711926454, 0.08534735512221865, 0.46879977297453157, 0.6250289005962203, 0.0, 0.0, 0.5301032380496584, 1.0, 0.10863627354636149, 0.16251020392498336, 0.45872641258397673, 0.6320776868637324, 0.10654969322774922, 0.17022512049730557, 0.5560665362086636, 1.0, 0.16242302494250194, 0.3078293368657966, 0.6523662582070194, 1.0, 0.46335840413541457, 0.7276180142873496, 1.0, 0.557393574566179, 0.7864222005888449, 1.0, 0.6356405790644851, 0.8323737172935137, 1.0, 0.7005087550312776, 0.22981800340859881, 0.6474877399723568, 0.8682817371177038, 1.0, 0.2703003520387632, 0.35054097688950275, 0.7126761046740965, 0.8963414396076419, 0.32304641271481915, 0.41163620602560996, 0.6991726954183873, 0.8175649175862318, 1.0, 0.747672864719329, 0.8567096561159137, 1.0, 0.7900263677826102, 0.8872986365878845, 1.0, 0.39718372211522945, 0.20647402062158585, 0.42976049569250563, 0.9112018675573574, 1.0, 0.4312490699945807, 0.5011688378030936, 0.9298806349423482, 1.0, 0.825601375781471, 0.9444768354086439, 1.0, 0.5101111231353198, 0.5460146809079413, 0.9558827844020173, 1.0, 0.8580339429866816, 0.9647957664304461, 1.0, 0.5766891243122968, 0.6033290191282485, 0.6404799570138062, 0.9717606624408742, 1.0, 0.6162871983135304, 0.6579923723197706, 0.7155847852482359, 0.977203260247237, 1.0, 0.6556417560475718, 0.7070698159737959, 0.7747151654620879, 0.9814562843896613, 1.0, 0.8850242352282751, 0.9847797367187857, 1.0, 0.9077346140811671, 0.9873767911943961, 1.0, 0.9256916844346534, 0.989406214601551, 1.0, 0.6935054319701697, 0.8212661989740775, 0.9909920725048743, 1.0, 0.9398883693149703, 0.9922313137990598, 0.8584153760355523, 0.9761378942754033, 1.0, 0.7440834926127158, 0.750427520054304, 0.8832393938922181, 0.9806237725341226, 1.0, 0.7716077199679328, 0.7930600331674194, 0.9060031270831739, 0.984129184694471, 1.0, 0.7978363555770638, 0.8283967872368329, 0.9240754935590759, 0.9868684285404299, 1.0, 0.8221991417515903, 0.8576134005045977, 0.9384197906300783, 0.9890089633775312, 1.0, 0.941631578108094, 0.9906816473905312, 1.0, 0.8443998931509525, 0.8817150878917408, 0.9524476711957288, 0.9919887374499178, 1.0, 0.864507297305174, 0.3277310297557652, 0.949802339413787, 0.9930101404226664, 1.0, 0.9610056326774358, 0.9938082981511625, 1.0, 0.8352293768745158, 0.9018367310044242, 0.9590212470421084, 0.9944320047356885, 1.0, 0.8593825611076127, 0.9182170115191831, 0.9663404155470255, 0.9949193894839566, 1.0, 0.967840541153078, 0.9953002478855476, 0.9696367890788128, 0.9920400631473039, 1.0, 0.8799706197778658, 0.9316348833979811, 0.9739412287584519, 0.9930502480032514, 1.0, 0.8974722045884229, 0.9426411333796978, 0.9720993457695822, 0.9938396395279444, 1.0, 0.9119719836684266, 0.9511325686009059, 0.9765120713839547, 0.9944564959137717, 1.0, 0.9242340293838401, 0.9581568989949838, 0.9800103029156537, 0.9949385276924685, 1.0, 0.9345778967057748, 0.9639538469740316, 0.9827829941260344, 0.9953152031083546, 1.0, 0.9432832398386749, 0.9687275448046547, 0.9778874154743469, 0.9956095496124724, 1.0, 0.981178472586897, 0.9958395616090941, 1.0, 0.9502337345379849, 0.9960193005149409, 1.0, 0.9837688500167007, 0.9961597543814761, 1.0, 0.9858190006549885, 0.996269509631914, 1.0, 0.987429948851288, 0.996355275978515, 1.0, 0.9886957460814609, 0.9964222966101471, 0.9596021824874021, 0.9720761137640271, 0.9854873125786108, 0.9898118264965369, 1.0, 0.986636186827258, 0.9633839672364551, 0.9748952852783378, 0.9823068168901479, 0.9913090309212784, 1.0, 0.966484028774879, 0.46877290369882146, 0.9849801874532083, 0.9924789954843638, 1.0, 0.9842834709275705, 0.9933932441041617, 1.0, 0.9281131290366036, 0.581811128451756, 0.9864673312581873, 0.994107667912519, 1.0, 0.985996974783272, 0.9946659420700023, 1.0, 0.987439088220872, 0.99510219577721, 1.0, 0.9074153544348653, 0.6703460047280366, 0.987761403787208, 0.995443098709043, 1.0, 0.8985233554402894, 0.0],"final_QSA" => Dict{Int64,Any}(1 => [0.0 0.0; 0.0 0.9921928699693409; 0.9990443893363178 0.0; 0.980236860922057 0.0; 0.0 0.7421801072990436; 0.0 0.9919124429251235; 0.9015327509408372 0.0]),"trialByTrial_Vs" => [0.0, 0.0, 0.0, 0.0, 0.13680867975265598, 0.21856725524488022, 0.2614257433693502, 0.38936286542447984, 0.3726449913107619, 0.5228281478792498, 0.05360073667849113, 0.08563320628561173, 0.4703699090415635, 0.627122289877398, 0.0, 0.0, 0.5318786958491173, 0.10900012553844075, 0.16305449414685, 0.4602628102676365, 0.6341946844190295, 0.10690655670318688, 0.17079525004218954, 0.5579289520512118, 0.16296702317859432, 0.3088603398060002, 0.6545512076246063, 0.46491031560004514, 0.7300550020017545, 0.5592604350158017, 0.7890561392813158, 0.637769509700534, 0.8351615599293569, 0.7028549465717885, 0.23058772548784717, 0.6496563499250473, 0.8711898453344451, 0.2712056603518936, 0.3517150325578632, 0.7150630479291253, 0.8993435272873639, 0.3241283817198604, 0.4130148859884352, 0.701514412137222, 0.8203031615834445, 0.75017702150206, 0.8595790063323338, 0.7926723777968452, 0.8902704374970343, 0.39851399683651223, 0.20716555744684081, 0.43119987875830973, 0.914253726792529, 0.4326934386946254, 0.5028473865423864, 0.9329950543749636, 0.8283665360307617, 0.9476401414280602, 0.5118196219845128, 0.547843430393426, 0.9590842920011392, 0.8609077285947097, 0.9680271259948512, 0.5786206107287738, 0.6053497296913309, 0.6426250960234471, 0.9750153493084469, 0.6183513092911923, 0.6601961651011876, 0.7179814704539658, 0.9804761758333518, 0.6578376759851832, 0.7094379822656137, 0.7773098941567085, 0.9847434444933397, 0.8879884185577853, 0.9880780279549216, 0.9107748605553043, 0.9906837806619205, 0.928792073949478, 0.9927200011519038, 0.6958281675050226, 0.8240168395545145, 0.9943111705183181, 0.9430363073318376, 0.9955545623636854, 0.8612904391650761, 0.9794072416653853, 0.7465756276263942, 0.7529409029159349, 0.8861975993097982, 0.9839081443325032, 0.7741920409948709, 0.7957162037399793, 0.909037574343357, 0.9874252970575448, 0.800508523333316, 0.8311713100681922, 0.927170470017557, 0.9901737153651969, 0.824952907007396, 0.8604857776031577, 0.9415628099833853, 0.9923214194270807, 0.9447853545983484, 0.9939997057070804, 0.8472280146724753, 0.8846681880000471, 0.955637673680193, 0.9953111735613454, 0.8674027639115217, 0.328828688798644, 0.9529834819732267, 0.9963359974863617, 0.9642242980682351, 0.997136828458978, 0.8380267838795455, 0.9048572238876432, 0.9622332661936462, 0.9977626240039944, 0.8622608635991258, 0.9212923663513769, 0.9695769485552518, 0.9982516411343921, 0.9710820984839574, 0.9986337751328311, 0.9728843625253477, 0.9953626711622461, 0.8829178771949823, 0.9347551782787717, 0.9772032189269628, 0.9963762393979819, 0.900478079503084, 0.945798291141094, 0.975355166978382, 0.9971682748064296, 0.9150264222288272, 0.9543181664543634, 0.9797826719933439, 0.9977871972095961, 0.9273295368212823, 0.9613660232132868, 0.9832926200398866, 0.9982708434418929, 0.9377080485267919, 0.9671823867245626, 0.986074597736147, 0.9986487804446871, 0.9464425481866717, 0.9719720729484594, 0.9811626224796548, 0.998944112794125, 0.984464702224401, 0.9991748951625613, 0.9534163219552992, 0.9993552360621696, 0.9870637555223774, 0.999496160346342, 0.9891207726645451, 0.9996062831965256, 0.9907371163580503, 0.9996923367976047, 0.9920071530823511, 0.9997595818992921, 0.9628161473474234, 0.9753318571626146, 0.988787973675915, 0.9931269715498204, 0.9899406958122923, 0.9666105983070304, 0.9781604708377986, 0.9855968256550932, 0.9946291905133962, 0.9697210427822903, 0.47034294977344876, 0.9882791500525698, 0.9958030736013264, 0.987580100036584, 0.9967203842847492, 0.9312216286182905, 0.583759769832673, 0.9897712747006714, 0.9974372008898895, 0.9892993428758771, 0.9979973448571304, 0.9907462863378322, 0.9984350596949094, 0.910454531622893, 0.6725911731348725, 0.9910696814253729, 0.9987771044020152, 0.9015327509408372],"RPE_QV" => [0.0, 0.0, 0.0, 1.0, 0.08102897879835527, 0.7814327447551198, 0.12663739461420642, 0.6106371345755202, 0.14843791029302478, 0.4771718521207502, 0.031746618443727524, 0.38316656668891985, 0.1546589915546568, -0.627122289877398, 0.0, 0.4884180493441793, 0.4681213041508827, 0.053510078386542606, 0.2956719184371267, 0.17181487659609596, -0.5276449911912803, 0.06331856379411868, 0.354975100227788, 0.44207104794878815, 0.1448623136872023, 0.34350591840101924, 0.3454487923753937, 0.2627076986873045, 0.26994499799824545, 0.22716176557304324, 0.2109438607186842, 0.1946042075929797, 0.16483844007064308, -0.47303694316318967, 0.3668757694366334, 0.21862538719265656, 0.1288101546655549, 0.07933531653760917, 0.3609610721162333, 0.18127839167851656, -0.5470715601463833, 0.0830700705546144, 0.27164598831807757, 0.11016527667131726, 0.17969683841655548, 0.10653263461385365, 0.14042099366766625, 0.09462625879103936, 0.10972956250296573, -0.19203997621492638, 0.22259493824566481, 0.4800019887990477, 0.08574627320747097, 0.06847539910846823, 0.4270332483999618, 0.06700494562503645, 0.1161102993778822, 0.05235985857193981, 0.034195058923428445, 0.40803935400859137, 0.040915707998860795, 0.10388803783573641, 0.03197287400514881, 0.024708408399474746, 0.03513022732247528, 0.32913556641742714, 0.02498465069155309, 0.03964106302857828, 0.05538862014704826, 0.25922178979327126, 0.019523824166648218, 0.049232139988612755, 0.06527718319647413, 0.20414639023295278, 0.015256555506660274, 0.0967913181610004, 0.011921972045078388, 0.07660193063909182, 0.009316219338079468, 0.060614140652072934, 0.007279998848096159, 0.12543803146905486, 0.16697523295035976, 0.005688829481681923, 0.04919500646722219, -0.13713918632813316, 0.10106679538867236, 0.020592758334614714, 0.003851892427909842, 0.1302984909762832, 0.09442617322432434, 0.016091855667496824, 0.01886799217254842, 0.11028692334319457, 0.075091610351114, 0.012574702942455218, 0.02788826390351684, 0.0929041834908837, 0.05969795852287285, 0.009826284634803062, 0.03266049349720168, 0.0779340130269206, 0.04744615339414593, 0.007678580572919258, 0.04589629279218277, 0.006000294292919595, 0.034487073219265474, 0.06777948319568172, 0.036351063769724745, 0.004688826438654647, -0.5396717341557565, 0.620973650615143, 0.040026658449439756, 0.003664002513638298, 0.029584000082927386, 0.0028631715410220027, 0.06380994712487864, 0.054164023154465224, 0.03219873854204225, 0.0022373759960055972, 0.05595614792005732, 0.04504804919564864, 0.025342440928704857, 0.0017483588656078686, 0.024218149401590172, -0.02551760901967204, 0.01685718915953427, 0.004637328837753918, 0.04871700620299879, 0.03918605047968016, 0.015847029076288544, 0.003623760602018078, 0.04216305387661379, 0.026301054628488196, 0.018484472549562425, 0.0028317251935704446, 0.03610614637207865, 0.02219390492959128, 0.01467382392042782, 0.0022128027904039227, 0.030827362173701522, 0.018644279702366928, 0.011645907652581888, 0.0017291565581071255, 0.026245798447239732, 0.015600607401471844, 0.009240605372207611, 0.0013512195553129214, 0.022284996617983, 0.005915342525887435, 0.014446927132817589, 0.0010558872058750168, 0.011374859384693181, 0.0008251048374386949, 0.04260297855964168, 0.0006447639378304171, 0.00909599885909873, 0.000503839653657967, 0.007148736967368841, 0.00039371680347444205, 0.005618159620464747, 0.0003076632023952808, 0.004415143527796039, -0.040157399411890005, 0.00925996641660376, 0.009640445350046378, 0.000971930529885312, 0.0068730284501795635, -0.02655672857583713, 0.008284686971307353, 0.003820294058654139, 0.005712205266185211, 0.005370809486603845, -0.5009481390834689, 0.5146372376797594, 0.004199845431793969, 0.004196926398673639, 0.0058131440675777135, 0.0032796157152508165, -0.3494105001665345, 0.40270756142551434, 0.0043363932118476445, 0.0025627991101104808, 0.005366599194125188, 0.0020026551428695694, 0.004355909439377803, 0.0015649403050905786, -0.2401085268948564, 0.3151702306523355, 0.0043734172836701335, 0.00122289559798483, 0.07543199324929695],"StateValue_V3_record" => [0.0, 0.0, 0.0, 0.0, 0.21856725524488022, 0.13680867975265598, 0.15451896124390807, 0.38936286542447984, 0.2614257433693502, 0.28910453112154005, 0.5228281478792498, 0.3726449913107619, 0.4050886579377941, 0.627122289877398, 0.05360073667849113, 0.060539507935043146, 0.1693808710684133, 0.5041733003246059, 0.49005389227601104, 0.0, 0.10675219245721575, 0.6341946844190295, 0.10900012553844075, 0.12069567649932576, 0.2276786938126409, 0.497815916255483, 0.5188687669506423, 0.12074592139771526, 0.2483811833792534, 0.6545512076246063, 0.16296702317859432, 0.194629181469629, 0.38393948555128277, 0.7300550020017545, 0.46491031560004514, 0.5223296162338283, 0.7890561392813158, 0.5592604350158017, 0.6089105586136827, 0.8351615599293569, 0.637769509700534, 0.6803036172132365, 0.8711898453344451, 0.7028549465717885, 0.5994645602751817, 0.31077475542946564, 0.6974407007305954, 0.8993435272873639, 0.2712056603518936, 0.28854576273150256, 0.4306093033405576, 0.7546845684335051, 0.7797715979636345, 0.342284779033981, 0.47238780405340025, 0.7255929342825647, 0.8595790063323338, 0.75017702150206, 0.7734615670436157, 0.8902704374970343, 0.7926723777968452, 0.8133545794548944, 0.914253726792529, 0.39851399683651223, 0.3565403463379237, 0.2558175221305994, 0.5361125959622013, 0.9329950543749636, 0.4326934386946254, 0.447659918729561, 0.5961828715434712, 0.9476401414280602, 0.8283665360307617, 0.8537444454714468, 0.9590842920011392, 0.5118196219845128, 0.5192935421563435, 0.6370274720309778, 0.9680271259948512, 0.8609077285947097, 0.8836142518772429, 0.9750153493084469, 0.5786206107287738, 0.5840210597341166, 0.613028047053333, 0.7145633533787731, 0.9804761758333518, 0.6183513092911923, 0.6270155476323379, 0.6723023037785292, 0.7746388655487464, 0.9847434444933397, 0.6578376759851832, 0.668598209692326, 0.7237054370269843, 0.8219296103380752, 0.9880780279549216, 0.8879884185577853, 0.9091438312997691, 0.9906837806619205, 0.9107748605553043, 0.9275175342815493, 0.9927200011519038, 0.928792073949478, 0.9420403403008287, 0.9943111705183181, 0.6958281675050226, 0.7232448137465348, 0.8605121579143492, 0.9955545623636854, 0.9430363073318376, 0.9537887248671325, 0.9655804268214292, 0.8833803312295742, 0.9839081443325032, 0.7465756276263942, 0.747417525181861, 0.7814198864511709, 0.9068360688147165, 0.9874252970575448, 0.7741920409948709, 0.7783159662560067, 0.8198213138645039, 0.9254501415097179, 0.9901737153651969, 0.800508523333316, 0.8066039846282526, 0.8514771224545614, 0.9402184889556241, 0.9923214194270807, 0.824952907007396, 0.8320914214260227, 0.8775196009206705, 0.9519329855026712, 0.9939997057070804, 0.9447853545983484, 0.9548167813398513, 0.9953111735613454, 0.8472280146724753, 0.8547657596074394, 0.8994825636040438, 0.9635828259135734, 0.9963359974863617, 0.8674027639115217, 0.7494481942438533, 0.46455319519298904, 0.961731998847145, 0.997136828458978, 0.9642242980682351, 0.9706903917655249, 0.9977626240039944, 0.8380267838795455, 0.8519735488799512, 0.9166957057615348, 0.969270856099128, 0.9982516411343921, 0.8622608635991258, 0.8744910452640893, 0.9311383948182061, 0.9751159763102443, 0.9986337751328311, 0.9710820984839574, 0.9763753929257735, 0.9930564613689894, 0.9765687920910908, 0.9963762393979819, 0.8829178771949823, 0.8935658195245195, 0.9433199657760027, 0.980666860575953, 0.9971682748064296, 0.900478079503084, 0.9096935424616375, 0.9515468404612883, 0.9793952674081892, 0.9977871972095961, 0.9150264222288272, 0.9229180435388423, 0.95916902733799, 0.9829898894115785, 0.9982708434418929, 0.9273295368212823, 0.9340673887580281, 0.965441052253851, 0.9858380341103468, 0.9986487804446871, 0.9377080485267919, 0.9434445206551154, 0.9705921686644552, 0.9880942914891515, 0.998944112794125, 0.9464425481866717, 0.9513133187306058, 0.973264973128176, 0.9843202476897975, 0.9991748951625613, 0.984464702224401, 0.9869508740189098, 0.9993552360621696, 0.9534163219552992, 0.9627279380443367, 0.999496160346342, 0.9870637555223774, 0.9890518430267211, 0.9996062831965256, 0.9891207726645451, 0.9906832524819705, 0.9996923367976047, 0.9907371163580503, 0.9919650620858229, 0.9997595818992921, 0.9920071530823511, 0.9929721588847337, 0.990982489332063, 0.9648400727907602, 0.9774389428421125, 0.9890004058641207, 0.9946291905133962, 0.9899406958122923, 0.9841362645391882, 0.9684213595989121, 0.9789954620244269, 0.9868453266815187, 0.9958030736013264, 0.9697210427822903, 0.860230183002786, 0.5828257982599209, 0.9891970987410498, 0.9967203842847492, 0.987580100036584, 0.9888506629797775, 0.9974372008898895, 0.9312216286182905, 0.8548519346431502, 0.6717784561998066, 0.9907190682626474, 0.9979973448571304, 0.9892993428758771, 0.9904723057317364, 0.9984350596949094, 0.9907462863378322, 0.9916983455080923, 0.9987771044020152, 0.910454531622893, 0.8579746699385927, 0.7414770653834493, 0.9920255672371052, 0.9990443893363178, 0.9015327509408372, 0.9015327509408372],"StateValue_V1_record" => [0.0, 0.0, 0.0, 0.0, 0.0, 0.13680867975265598, 0.21856725524488022, 0.0, 0.2614257433693502, 0.38936286542447984, 0.0, 0.3726449913107619, 0.5228281478792498, 0.0, 0.05360073667849113, 0.08563320628561173, 0.4703699090415635, 0.627122289877398, 0.0, 0.0, 0.5318786958491173, 0.0, 0.10900012553844075, 0.16305449414685, 0.4602628102676365, 0.6341946844190295, 0.10690655670318688, 0.17079525004218954, 0.5579289520512118, 0.0, 0.16296702317859432, 0.3088603398060002, 0.6545512076246063, 0.0, 0.46491031560004514, 0.7300550020017545, 0.0, 0.5592604350158017, 0.7890561392813158, 0.0, 0.637769509700534, 0.8351615599293569, 0.0, 0.7028549465717885, 0.23058772548784717, 0.6496563499250473, 0.8711898453344451, 0.0, 0.2712056603518936, 0.3517150325578632, 0.7150630479291253, 0.8993435272873639, 0.3241283817198604, 0.4130148859884352, 0.701514412137222, 0.8203031615834445, 0.0, 0.75017702150206, 0.8595790063323338, 0.0, 0.7926723777968452, 0.8902704374970343, 0.0, 0.39851399683651223, 0.20716555744684081, 0.43119987875830973, 0.914253726792529, 0.0, 0.4326934386946254, 0.5028473865423864, 0.9329950543749636, 0.0, 0.8283665360307617, 0.9476401414280602, 0.0, 0.5118196219845128, 0.547843430393426, 0.9590842920011392, 0.0, 0.8609077285947097, 0.9680271259948512, 0.0, 0.5786206107287738, 0.6053497296913309, 0.6426250960234471, 0.9750153493084469, 0.0, 0.6183513092911923, 0.6601961651011876, 0.7179814704539658, 0.9804761758333518, 0.0, 0.6578376759851832, 0.7094379822656137, 0.7773098941567085, 0.9847434444933397, 0.0, 0.8879884185577853, 0.9880780279549216, 0.0, 0.9107748605553043, 0.9906837806619205, 0.0, 0.928792073949478, 0.9927200011519038, 0.0, 0.6958281675050226, 0.8240168395545145, 0.9943111705183181, 0.0, 0.9430363073318376, 0.9955545623636854, 0.8612904391650761, 0.9794072416653853, 0.0, 0.7465756276263942, 0.7529409029159349, 0.8861975993097982, 0.9839081443325032, 0.0, 0.7741920409948709, 0.7957162037399793, 0.909037574343357, 0.9874252970575448, 0.0, 0.800508523333316, 0.8311713100681922, 0.927170470017557, 0.9901737153651969, 0.0, 0.824952907007396, 0.8604857776031577, 0.9415628099833853, 0.9923214194270807, 0.0, 0.9447853545983484, 0.9939997057070804, 0.0, 0.8472280146724753, 0.8846681880000471, 0.955637673680193, 0.9953111735613454, 0.0, 0.8674027639115217, 0.328828688798644, 0.9529834819732267, 0.9963359974863617, 0.0, 0.9642242980682351, 0.997136828458978, 0.0, 0.8380267838795455, 0.9048572238876432, 0.9622332661936462, 0.9977626240039944, 0.0, 0.8622608635991258, 0.9212923663513769, 0.9695769485552518, 0.9982516411343921, 0.0, 0.9710820984839574, 0.9986337751328311, 0.9728843625253477, 0.9953626711622461, 0.0, 0.8829178771949823, 0.9347551782787717, 0.9772032189269628, 0.9963762393979819, 0.0, 0.900478079503084, 0.945798291141094, 0.975355166978382, 0.9971682748064296, 0.0, 0.9150264222288272, 0.9543181664543634, 0.9797826719933439, 0.9977871972095961, 0.0, 0.9273295368212823, 0.9613660232132868, 0.9832926200398866, 0.9982708434418929, 0.0, 0.9377080485267919, 0.9671823867245626, 0.986074597736147, 0.9986487804446871, 0.0, 0.9464425481866717, 0.9719720729484594, 0.9811626224796548, 0.998944112794125, 0.0, 0.984464702224401, 0.9991748951625613, 0.0, 0.9534163219552992, 0.9993552360621696, 0.0, 0.9870637555223774, 0.999496160346342, 0.0, 0.9891207726645451, 0.9996062831965256, 0.0, 0.9907371163580503, 0.9996923367976047, 0.0, 0.9920071530823511, 0.9997595818992921, 0.9628161473474234, 0.9753318571626146, 0.988787973675915, 0.9931269715498204, 0.0, 0.9899406958122923, 0.9666105983070304, 0.9781604708377986, 0.9855968256550932, 0.9946291905133962, 0.0, 0.9697210427822903, 0.47034294977344876, 0.9882791500525698, 0.9958030736013264, 0.0, 0.987580100036584, 0.9967203842847492, 0.0, 0.9312216286182905, 0.583759769832673, 0.9897712747006714, 0.9974372008898895, 0.0, 0.9892993428758771, 0.9979973448571304, 0.0, 0.9907462863378322, 0.9984350596949094, 0.0, 0.910454531622893, 0.6725911731348725, 0.9910696814253729, 0.9987771044020152, 0.0, 0.9015327509408372, 0.0])
POPULATION_SIGNALS
subject_id: 3
algorithm_name: Sarsa-Lambda (ReplTrc)
param_string: alpha=0.1974, gamma=0.9961,
                lambda=0.6128, temp=0.2507,
                reward_magnitude=1.0,
                action_cost=0.0,
                initQSA=nothing, use_replacing_trace=true
param_vector: [0.197445163350583, 0.9960525723724495, 0.6127972592361022, 0.2507274927826116, 1.0, 0.0, 0.0]
LL: -19.1
RPE
[0.0, 0.0, 0.0, 1.0, 0.076, 0.803, 0.122, 0.644, 0.147, 0.517, 0.028, 0.35, 0.157, -0.585, 0.0, 0.468, 0.496, 0.048, 0.279, 0.179, -0.509, 0.059, 0.354, 0.466, 0.14, 0.346, 0.374, 0.27, 0.3, 0.239, 0.241, 0.211, 0.193, -0.46, 0.366, 0.23, 0.155, 0.076, 0.362, 0.197, -0.57, 0.081, 0.282, 0.126, 0.201, 0.122, 0.161, 0.11, 0.129, -0.169, 0.209, 0.501, 0.104, 0.069, 0.46, 0.083, 0.135, 0.067, 0.043, 0.44, 0.054, 0.124, 0.043, 0.028, 0.04, 0.365, 0.035, 0.044, 0.062, 0.296, 0.028, 0.054, 0.073, 0.24, 0.022, 0.12, 0.018, 0.097, 0.014, 0.079, 0.012, 0.142, 0.203, 0.009, 0.066, -0.17, 0.13, 0.025, 0.008, 0.148, 0.122, 0.02, 0.024, 0.129, 0.099, 0.016, 0.034, 0.112, 0.081, 0.013, 0.04, 0.096, 0.066, 0.011, 0.062, 0.008, 0.043, 0.088, 0.05, 0.007, -0.535, 0.64, 0.057, 0.005, 0.042, 0.004, 0.068, 0.071, 0.047, 0.004, 0.062, 0.06, 0.038, 0.003, 0.035, -0.036, 0.026, 0.006, 0.056, 0.055, 0.024, 0.005, 0.051, 0.037, 0.029, 0.004, 0.045, 0.032, 0.023, 0.003, 0.04, 0.028, 0.019, 0.003, 0.035, 0.024, 0.015, 0.002, 0.031, 0.011, 0.022, 0.002, 0.018, 0.001, 0.063, 0.001, 0.015, 0.001, 0.012, 0.001, 0.01, 0.001, 0.008, -0.059, 0.014, 0.017, 0.003, 0.009, -0.039, 0.013, 0.009, 0.009, 0.007, -0.532, 0.554, 0.009, 0.006, 0.009, 0.005, -0.384, 0.445, 0.008, 0.004, 0.008, 0.003, 0.007, 0.002, -0.274, 0.358, 0.008, 0.002, 0.0]
SPE
Float64[]
action_selection_prob
[0.5, 0.5, 0.5, 0.5, 0.618, 0.687, 0.716, 0.805, 0.791, 0.873, 0.545, 0.573, 0.845, 0.912, 0.5, 0.5, 0.882, 0.59, 0.636, 0.843, 0.917, 0.592, 0.647, 0.894, 0.633, 0.752, 0.924, 0.846, 0.942, 0.887, 0.954, 0.914, 0.962, 0.932, 0.689, 0.92, 0.967, 0.717, 0.775, 0.937, 0.97, 0.754, 0.812, 0.934, 0.96, 0.945, 0.966, 0.953, 0.97, 0.801, 0.673, 0.827, 0.973, 0.821, 0.859, 0.975, 0.96, 0.976, 0.861, 0.881, 0.978, 0.965, 0.978, 0.89, 0.901, 0.915, 0.979, 0.904, 0.919, 0.936, 0.98, 0.917, 0.932, 0.949, 0.98, 0.968, 0.98, 0.971, 0.981, 0.974, 0.981, 0.928, 0.958, 0.981, 0.975, 0.981, 0.964, 0.98, 0.941, 0.943, 0.968, 0.98, 0.947, 0.952, 0.971, 0.981, 0.952, 0.958, 0.973, 0.981, 0.957, 0.963, 0.975, 0.981, 0.976, 0.981, 0.961, 0.967, 0.977, 0.981, 0.964, 0.761, 0.976, 0.981, 0.978, 0.981, 0.961, 0.97, 0.978, 0.982, 0.964, 0.972, 0.978, 0.982, 0.979, 0.982, 0.979, 0.981, 0.967, 0.974, 0.979, 0.981, 0.97, 0.975, 0.979, 0.982, 0.971, 0.976, 0.979, 0.982, 0.973, 0.977, 0.98, 0.982, 0.974, 0.978, 0.98, 0.982, 0.975, 0.979, 0.98, 0.982, 0.98, 0.982, 0.976, 0.982, 0.98, 0.982, 0.981, 0.982, 0.981, 0.982, 0.981, 0.982, 0.977, 0.979, 0.981, 0.981, 0.981, 0.978, 0.979, 0.98, 0.981, 0.978, 0.844, 0.98, 0.981, 0.981, 0.981, 0.975, 0.894, 0.981, 0.982, 0.981, 0.982, 0.981, 0.982, 0.973, 0.923, 0.981, 0.982, 0.972]
results_dict
Dict{String,Any}("trialByTrial_Qsa" => [0.0, 0.0, 0.0, 0.0, 0.12051624046486566, 0.197445163350583, 0.2322724870326988, 0.3559057341706276, 0.3340297000275636, 0.48307903170048183, 0.044899729702436025, 0.07356049633890632, 0.42537962934859613, 0.5851425767257217, 0.0, 0.0, 0.5040173139890294, 0.09089719961914067, 0.1397421973483504, 0.420543703578389, 0.6019466964475264, 0.09285683765244776, 0.15212998188282434, 0.5344898215034602, 0.13665596710316072, 0.2781845693154516, 0.6264025547380686, 0.4274751660466564, 0.7001675633451712, 0.5169059280669145, 0.7593680277782872, 0.5931871057635401, 0.8068796468409762, 0.6580249209690215, 0.19908813882890494, 0.6113551183337438, 0.845010326516782, 0.23353322591825573, 0.31049713563002124, 0.6755093803753782, 0.8756122879153295, 0.2810194483582875, 0.3674474863724391, 0.6642440933120619, 0.79920976629232, 0.7133538960331889, 0.8388548267859346, 0.7569002543858024, 0.8706721618343437, 0.34931118330601496, 0.18138244618508215, 0.3914748674192634, 0.8962073179667395, 0.3826748065484459, 0.4530199536445982, 0.9167006810253917, 0.7942714697679151, 0.9331477286673255, 0.45778352769705294, 0.5029420479671465, 0.9463473863009629, 0.829021403999859, 0.9569408353769551, 0.5232419180745157, 0.5538959143984367, 0.5962187150999264, 0.9654426591696919, 0.5621112125406728, 0.6083679011053541, 0.672532451362794, 0.9722658389748938, 0.601194608473598, 0.6582130535669516, 0.734297991386714, 0.9777418149288872, 0.8587219655031383, 0.9821365859161406, 0.8844769391586902, 0.9856636306279274, 0.9054153006039929, 0.9884942774204506, 0.639383080275764, 0.7842852172247062, 0.9907660266946362, 0.9224350362547482, 0.9925892300622887, 0.8253944945971803, 0.9745716266763105, 0.6924742443687004, 0.7031744615761202, 0.8540783870255649, 0.979592336000946, 0.7216836778896814, 0.7484656892035534, 0.8805564693762621, 0.983621730552843, 0.7499197725572504, 0.7870179626377951, 0.9021134189026755, 0.9868555406392368, 0.7766102359065641, 0.819750135098249, 0.9196603061020945, 0.9894508505648778, 0.9256571911849609, 0.9915337290983052, 0.8014125451994483, 0.8474763155443927, 0.9389117162370375, 0.9932053533394606, 0.8244304164280178, 0.2905962095630273, 0.9339402769034293, 0.9945469234592603, 0.9496764928126569, 0.9956236070476099, 0.8003043545065657, 0.8713685907956652, 0.9457888000542399, 0.9964877046689808, 0.8257731865292588, 0.8912197022442642, 0.9554456791782652, 0.9971811903943494, 0.9584999651837712, 0.9977377507173912, 0.9611215052976338, 0.9936971509030416, 0.8481934998568994, 0.9079189077102148, 0.966932182218551, 0.9949416179725646, 0.8679290225639518, 0.9220915321858661, 0.9632486628329636, 0.9959403710382613, 0.8847042253308094, 0.9332317643223419, 0.9694164973039961, 0.9967419251417545, 0.8993249902463731, 0.9426793454007805, 0.9744275606525293, 0.9973852162643493, 0.9120295493525689, 0.9506730375516109, 0.9784982000913965, 0.9979014926661612, 0.9230382208961679, 0.9574223876339448, 0.9722966690338498, 0.9983158327894834, 0.9768589087203695, 0.9986483634594736, 0.9321107510089718, 0.9989152375570085, 0.9805456782984406, 0.9991294186547616, 0.9835411451782993, 0.9993013107306822, 0.9859582611102375, 0.9994392635475939, 0.9879086342332776, 0.9995499782480359, 0.9446531502310738, 0.9623861260937671, 0.9841564200957358, 0.9910409675648509, 0.9857979076438553, 0.9500791218417055, 0.9667682700447988, 0.9802125635578715, 0.9928098851874722, 0.9546571890330795, 0.4241255517748973, 0.9818044256627361, 0.9942295385811412, 0.9827925728768159, 0.9953688882785959, 0.9172023983752666, 0.5349202512155243, 0.9841782354362453, 0.9962832788889233, 0.9850580386975264, 0.9970171274958284, 0.9870017118783833, 0.9976060812446685, 0.895748438554473, 0.6241152954875113, 0.9862397392948176, 0.998078748924363, 0.8854693762749428],"StateValue_V2_record" => [0.0, 0.0, 0.0, 0.0, 1.0, 0.12004051132768613, 0.19666576285784668, 1.0, 0.23135560820026604, 0.3545008220427588, 1.0, 0.3327111419612524, 0.481172112184457, 1.0, 0.044722491268939076, 0.0732701216033618, 0.42370047404750827, 0.5828327687522985, 0.0, 0.0, 0.5020277421190252, 1.0, 0.0905383895020971, 0.1391905751378029, 0.41888363774429127, 0.5995705554276567, 0.09249029200609152, 0.15152945978936133, 0.5323799616154129, 1.0, 0.13611652756314807, 0.2770864558609775, 0.6239298759875274, 1.0, 0.4257877387661121, 0.6974037025617077, 1.0, 0.5148654793256185, 0.7563704774459566, 1.0, 0.5908455425939423, 0.803694547830928, 1.0, 0.6554274152163717, 0.1983022528093741, 0.6089418382493887, 0.8416747094083241, 1.0, 0.23261137041031502, 0.30927147065856, 0.6728428559846149, 0.8721558717789898, 0.279910144423959, 0.36599701401305856, 0.6616220378266846, 0.7960549435806495, 1.0, 0.7105379831557667, 0.8355435080671757, 1.0, 0.7539124454103399, 0.8672352464881797, 1.0, 0.3479323026904204, 0.18066645210585847, 0.38992954871212093, 0.8926696044397846, 1.0, 0.381164225444709, 0.45123169016374987, 0.9130820714309177, 1.0, 0.7911361406243781, 0.9294641955425981, 1.0, 0.45597646035238404, 0.5009567206319441, 0.9426117484830183, 1.0, 0.8257489020058792, 0.9531633806854568, 1.0, 0.5211764584712159, 0.5517094503631529, 0.5938651848718783, 0.9616316441440695, 1.0, 0.5598923192105338, 0.6059664128448159, 0.6698776781838602, 0.9684278899408008, 1.0, 0.5988214362665749, 0.655614805174487, 0.7313994032086593, 0.9738822498760256, 1.0, 0.8553322226921267, 0.9782596728228671, 1.0, 0.8809855304531239, 0.981772794780915, 1.0, 0.9018412392319818, 0.9845922678000856, 1.0, 0.6368591618400951, 0.7811893080903539, 0.9868550495084234, 1.0, 0.9187937907080157, 0.9886710559127317, 0.8221363095655793, 0.9707245757121415, 1.0, 0.6897407524051122, 0.7003987312795067, 0.8507069744045265, 0.975725466150079, 1.0, 0.7188348838012274, 0.7455111750637177, 0.8770805364414279, 0.9797389549585996, 1.0, 0.7469595185286115, 0.7839112661887001, 0.898552391469715, 0.9829599998137162, 1.0, 0.773544623205508, 0.8165142307672739, 0.9160300136018256, 0.9855450649412546, 1.0, 0.9220032264148366, 0.9876197214624143, 1.0, 0.7982490271774624, 0.844130964122718, 0.9352054301885325, 0.9892847470878573, 1.0, 0.8211760370252169, 0.28944910205693675, 0.9302536152518985, 0.9906210214567018, 1.0, 0.9459277135876929, 0.9916934549145087, 1.0, 0.7971452109871374, 0.8679289263465786, 0.942055367215078, 0.9925541415730561, 1.0, 0.8225135066386627, 0.8877016769694078, 0.9516741265076532, 0.9932448898137131, 1.0, 0.9547163559401987, 0.9937992531551593, 0.957327547714189, 0.9897746033161486, 1.0, 0.8448453174020555, 0.904334963530344, 0.9631152874084938, 0.9910141579419799, 1.0, 0.8645029355615299, 0.9184516425965853, 0.9594463084490957, 0.992008968502232, 1.0, 0.8812119194295279, 0.9295478994729481, 0.9655897958399351, 0.9928073585289121, 1.0, 0.895774969933728, 0.9389581869088242, 0.9705810783785629, 0.9934481103063569, 1.0, 0.9084293787123121, 0.9469203245384124, 0.9746356492628473, 0.9939623487444369, 1.0, 0.9193945943217173, 0.9536430320497632, 0.9684585983003302, 0.9943750532901091, 1.0, 0.9730028288758679, 0.9947062713193455, 1.0, 0.9284313112785021, 0.9949720919506948, 1.0, 0.9766750451978501, 0.9951854275840653, 1.0, 0.9796586876889898, 0.9953566411284565, 1.0, 0.9820662622307194, 0.9954940493866075, 1.0, 0.9840089363970095, 0.9956043270487821, 0.940924200287399, 0.9585871765112532, 0.9802715338532186, 0.9871289050694511, 1.0, 0.9819065417480405, 0.9463287532677886, 0.9629520222661848, 0.976343245403611, 0.9888908400177778, 1.0, 0.9508887488702507, 0.422451346854271, 0.9779288237480236, 0.9903048894324191, 1.0, 0.9789130703224905, 0.9914397416294007, 1.0, 0.9135818082878645, 0.53280869223734, 0.9802932630792504, 0.9923505227489706, 1.0, 0.9811695933808311, 0.9930814745416103, 1.0, 0.9831055940524749, 0.9936681034381509, 1.0, 0.8922125364207878, 0.6216516455273271, 0.982346629300537, 0.9941389052963879, 1.0, 0.8819740499956852, 0.0],"final_QSA" => Dict{Int64,Any}(1 => [0.0 0.0; 0.0 0.9880309333729559; 0.9984580906568297 0.0; 0.9701045212018659 0.0; 0.0 0.695939645681554; 0.0 0.9886064647372313; 0.8854693762749428 0.0]),"trialByTrial_Vs" => [0.0, 0.0, 0.0, 0.0, 0.12051624046486566, 0.197445163350583, 0.2322724870326988, 0.3559057341706276, 0.3340297000275636, 0.48307903170048183, 0.044899729702436025, 0.07356049633890632, 0.42537962934859613, 0.5851425767257217, 0.0, 0.0, 0.5040173139890294, 0.09089719961914067, 0.1397421973483504, 0.420543703578389, 0.6019466964475264, 0.09285683765244776, 0.15212998188282434, 0.5344898215034602, 0.13665596710316072, 0.2781845693154516, 0.6264025547380686, 0.4274751660466564, 0.7001675633451712, 0.5169059280669145, 0.7593680277782872, 0.5931871057635401, 0.8068796468409762, 0.6580249209690215, 0.19908813882890494, 0.6113551183337438, 0.845010326516782, 0.23353322591825573, 0.31049713563002124, 0.6755093803753782, 0.8756122879153295, 0.2810194483582875, 0.3674474863724391, 0.6642440933120619, 0.79920976629232, 0.7133538960331889, 0.8388548267859346, 0.7569002543858024, 0.8706721618343437, 0.34931118330601496, 0.18138244618508215, 0.3914748674192634, 0.8962073179667395, 0.3826748065484459, 0.4530199536445982, 0.9167006810253917, 0.7942714697679151, 0.9331477286673255, 0.45778352769705294, 0.5029420479671465, 0.9463473863009629, 0.829021403999859, 0.9569408353769551, 0.5232419180745157, 0.5538959143984367, 0.5962187150999264, 0.9654426591696919, 0.5621112125406728, 0.6083679011053541, 0.672532451362794, 0.9722658389748938, 0.601194608473598, 0.6582130535669516, 0.734297991386714, 0.9777418149288872, 0.8587219655031383, 0.9821365859161406, 0.8844769391586902, 0.9856636306279274, 0.9054153006039929, 0.9884942774204506, 0.639383080275764, 0.7842852172247062, 0.9907660266946362, 0.9224350362547482, 0.9925892300622887, 0.8253944945971803, 0.9745716266763105, 0.6924742443687004, 0.7031744615761202, 0.8540783870255649, 0.979592336000946, 0.7216836778896814, 0.7484656892035534, 0.8805564693762621, 0.983621730552843, 0.7499197725572504, 0.7870179626377951, 0.9021134189026755, 0.9868555406392368, 0.7766102359065641, 0.819750135098249, 0.9196603061020945, 0.9894508505648778, 0.9256571911849609, 0.9915337290983052, 0.8014125451994483, 0.8474763155443927, 0.9389117162370375, 0.9932053533394606, 0.8244304164280178, 0.2905962095630273, 0.9339402769034293, 0.9945469234592603, 0.9496764928126569, 0.9956236070476099, 0.8003043545065657, 0.8713685907956652, 0.9457888000542399, 0.9964877046689808, 0.8257731865292588, 0.8912197022442642, 0.9554456791782652, 0.9971811903943494, 0.9584999651837712, 0.9977377507173912, 0.9611215052976338, 0.9936971509030416, 0.8481934998568994, 0.9079189077102148, 0.966932182218551, 0.9949416179725646, 0.8679290225639518, 0.9220915321858661, 0.9632486628329636, 0.9959403710382613, 0.8847042253308094, 0.9332317643223419, 0.9694164973039961, 0.9967419251417545, 0.8993249902463731, 0.9426793454007805, 0.9744275606525293, 0.9973852162643493, 0.9120295493525689, 0.9506730375516109, 0.9784982000913965, 0.9979014926661612, 0.9230382208961679, 0.9574223876339448, 0.9722966690338498, 0.9983158327894834, 0.9768589087203695, 0.9986483634594736, 0.9321107510089718, 0.9989152375570085, 0.9805456782984406, 0.9991294186547616, 0.9835411451782993, 0.9993013107306822, 0.9859582611102375, 0.9994392635475939, 0.9879086342332776, 0.9995499782480359, 0.9446531502310738, 0.9623861260937671, 0.9841564200957358, 0.9910409675648509, 0.9857979076438553, 0.9500791218417055, 0.9667682700447988, 0.9802125635578715, 0.9928098851874722, 0.9546571890330795, 0.4241255517748973, 0.9818044256627361, 0.9942295385811412, 0.9827925728768159, 0.9953688882785959, 0.9172023983752666, 0.5349202512155243, 0.9841782354362453, 0.9962832788889233, 0.9850580386975264, 0.9970171274958284, 0.9870017118783833, 0.9976060812446685, 0.895748438554473, 0.6241152954875113, 0.9862397392948176, 0.998078748924363, 0.8854693762749428],"RPE_QV" => [0.0, 0.0, 0.0, 1.0, 0.07614952239298102, 0.8025548366494171, 0.12222833501006, 0.6440942658293725, 0.1471424121568934, 0.5169209682995182, 0.028370391900925773, 0.35013997770860195, 0.15745313940370237, -0.5851425767257217, 0.0, 0.4677552575199283, 0.4959826860109706, 0.048293375518662224, 0.2791414403959409, 0.1790268518492677, -0.5094564044414349, 0.05867262213691357, 0.35429103268479323, 0.46551017849653975, 0.1404304887578168, 0.34574530667207576, 0.3735974452619314, 0.2699285365150513, 0.29983243665482884, 0.23946454937904216, 0.24063197222171284, 0.21050744206738792, 0.19312035315902376, -0.45972266815964746, 0.365927567150805, 0.23031959107458033, 0.15498967348321802, 0.07573824474030424, 0.36234572035459367, 0.19664649140361157, -0.570201319938867, 0.0813398451406514, 0.28158152419685706, 0.12616829001976182, 0.20079023370768, 0.12218961203398682, 0.1611451732140654, 0.1103349921023773, 0.1293278381656563, -0.1686447312001565, 0.20854710252703879, 0.5011947370205212, 0.10379268203326053, 0.06855688361530399, 0.4600621177863195, 0.0832993189746083, 0.135192725774683, 0.06685227133267446, 0.043173192934891136, 0.43966970051587184, 0.053652613699037066, 0.12414197668559779, 0.04305916462304493, 0.028467532288637187, 0.039969270473441676, 0.36541292904414313, 0.03455734083030815, 0.04385520030414314, 0.061509777078506134, 0.2958954385780067, 0.027734161025106174, 0.054420196700889045, 0.07318634964170767, 0.23958425848931153, 0.022258185071112768, 0.11953770731972879, 0.017863414083859386, 0.09729585562222476, 0.01433636937207261, 0.07917696719609268, 0.011505722579549404, 0.14180622781458996, 0.20256983228371717, 0.009233973305363796, 0.06623601965798354, -0.17045292049670946, 0.12975430767471818, 0.025428373323689524, 0.007924486910806272, 0.1475325128284063, 0.12164707912451411, 0.020407663999054027, 0.023827497174036316, 0.12861484723787453, 0.09918248558233755, 0.016378269447157034, 0.03399149363144971, 0.11153442883191989, 0.08084658091104069, 0.01314445936076325, 0.039903994860709835, 0.09627987850357655, 0.06588475883916012, 0.010549149435122196, 0.061962530277453354, 0.008466270901694828, 0.042718418923269774, 0.0877291146441398, 0.05037303085081979, 0.006794646660539416, -0.5349813143710811, 0.6396574056888713, 0.056680744553272544, 0.005453076540739676, 0.042016962101851796, 0.004376392952390118, 0.06762457184001291, 0.07068677641941279, 0.04676534151881617, 0.003512295331019155, 0.06192849044014903, 0.060454424263388984, 0.03779921063544789, 0.0028188096056506184, 0.03529928797138804, -0.036079233379960884, 0.025582197901529158, 0.0063028490969584405, 0.056141463673444636, 0.05519637969827906, 0.02408197572342885, 0.00505838202743536, 0.050522620032633525, 0.03735477626322958, 0.02876030566926835, 0.004059628961738726, 0.044843674142138745, 0.0323580315175932, 0.02339086122491596, 0.0032580748582454744, 0.03963319666245102, 0.027901732977782423, 0.0190205496538276, 0.0026147837356507164, 0.03489077518584349, 0.02396261171123637, 0.015464148653040355, 0.0020985073338387616, 0.030604811153595257, 0.011036210666385382, 0.022078384256259298, 0.0016841672105165628, 0.017847362598976013, 0.0013516365405263908, 0.06286134094172302, 0.0010847624429914937, 0.014639749285624615, 0.0008705813452384303, 0.011815495950157184, 0.0006986892693178204, 0.009535788276369916, 0.0005607364524060632, 0.007695692815504529, -0.05862577796063695, 0.013934026280179479, 0.017119769038118182, 0.002845238806053474, 0.008959032435149061, -0.039469154376066684, 0.012872900424479305, 0.008921309897743313, 0.008678276459906376, 0.007190114812527848, -0.5322058421788085, 0.5538032719731263, 0.008500463769683053, 0.005770461418858841, 0.008647168752584866, 0.004631111721404069, -0.38439370613792667, 0.445373011863726, 0.008172287312725346, 0.003716721111076682, 0.008023435844083937, 0.0029828725041716186, 0.00666639155976767, 0.002393918755331459, -0.27409679302714585, 0.35823133381302563, 0.007899166001570368, 0.0019212510756370094, 0.08080572753831916],"StateValue_V3_record" => [0.0, 0.0, 0.0, 0.0, 0.197445163350583, 0.12051624046486566, 0.13555159535281666, 0.3559057341706276, 0.2322724870326988, 0.2564058806048299, 0.48307903170048183, 0.3340297000275636, 0.3630822576316802, 0.5851425767257217, 0.044899729702436025, 0.05050132636563437, 0.14269394143315073, 0.45646799017822226, 0.4696090050807305, 0.0, 0.09235601322911625, 0.6019466964475264, 0.09089719961914067, 0.10043249303717397, 0.19485732464524397, 0.45589168958590826, 0.5013569934525867, 0.10444146311447769, 0.22208303270492008, 0.6264025547380686, 0.13665596710316072, 0.16438328789535006, 0.346450307869017, 0.7001675633451712, 0.4274751660466564, 0.4807712500318545, 0.7593680277782872, 0.5169059280669145, 0.5641870451357333, 0.8068796468409762, 0.5931871057635401, 0.6347507820490489, 0.845010326516782, 0.6580249209690215, 0.5672549036582741, 0.2713387670994771, 0.6568306076163037, 0.8756122879153295, 0.23353322591825573, 0.24848737602289153, 0.38204054557481865, 0.7143362789928833, 0.7630287951572818, 0.2970796073689946, 0.4230443964139937, 0.6891554119446776, 0.8388548267859346, 0.7133538960331889, 0.7374796439409838, 0.8706721618343437, 0.7569002543858024, 0.7786853649247416, 0.8962073179667395, 0.34931118330601496, 0.3160130968059849, 0.2225590629098241, 0.4904333441407327, 0.9167006810253917, 0.3826748065484459, 0.39621103163267646, 0.5438569936423332, 0.9331477286673255, 0.7942714697679151, 0.8209646195923079, 0.9463473863009629, 0.45778352769705294, 0.46630786582844874, 0.5897527038058047, 0.9569408353769551, 0.829021403999859, 0.8535326368652112, 0.9654426591696919, 0.5232419180745157, 0.5288626946374336, 0.561787653536069, 0.6683677305654623, 0.9722658389748938, 0.5621112125406728, 0.5707702097284968, 0.6205127090882777, 0.730955574567521, 0.9777418149288872, 0.601194608473598, 0.6119396131007758, 0.6726633443269915, 0.7816027444403645, 0.9821365859161406, 0.8587219655031383, 0.8823241076514363, 0.9856636306279274, 0.8844769391586902, 0.9036875352653551, 0.9884942774204506, 0.9054153006039929, 0.9210484098256292, 0.9907660266946362, 0.639383080275764, 0.6673820340907457, 0.8242816508498649, 0.9925892300622887, 0.9224350362547482, 0.9355130179758112, 0.958934125331232, 0.8510138550714568, 0.979592336000946, 0.6924742443687004, 0.6940388959812741, 0.7323040426710469, 0.8780970144344259, 0.983621730552843, 0.7216836778896814, 0.7263883019614445, 0.7738600687257458, 0.9001395714435836, 0.9868555406392368, 0.7499197725572504, 0.7566312285698423, 0.8090398961577275, 0.9180761852769921, 0.9894508505648778, 0.7766102359065641, 0.7844890866901778, 0.838760131436762, 0.9326689330734063, 0.9915337290983052, 0.9256571911849609, 0.9378913930972081, 0.9932053533394606, 0.8014125451994483, 0.8098470904018319, 0.864798004915907, 0.9488576275418416, 0.9945469234592603, 0.8244304164280178, 0.7188009434225101, 0.4168934705176766, 0.9451316157705828, 0.9956236070476099, 0.9496764928126569, 0.9579725387583522, 0.9964877046689808, 0.8003043545065657, 0.8136564991400302, 0.8853253529125223, 0.9550223905495684, 0.9971811903943494, 0.8257731865292588, 0.838000667440269, 0.9031561359182144, 0.9629089504967043, 0.9977377507173912, 0.9584999651837712, 0.9654696388634412, 0.990614080589121, 0.9661725865411682, 0.9949416179725646, 0.8481934998568994, 0.8592783603226435, 0.9188171659161023, 0.9716870518490682, 0.9959403710382613, 0.8679290225639518, 0.8779044695291945, 0.929467052087084, 0.9689272460838451, 0.9967419251417545, 0.8847042253308094, 0.8935583918970443, 0.9396207011410364, 0.9740349097194605, 0.9973852162643493, 0.8993249902463731, 0.9071503732354965, 0.948188407626343, 0.9781830761859472, 0.9979014926661612, 0.9120295493525689, 0.9189185641585662, 0.9554043393352426, 0.9815515214482738, 0.9983158327894834, 0.9230382208961679, 0.9290809928337033, 0.9596014340517407, 0.9766559392198438, 0.9986483634594736, 0.9768589087203695, 0.9803827841441014, 0.9989152375570085, 0.9321107510089718, 0.9445224187396469, 0.9991294186547616, 0.9805456782984406, 0.9834362259875523, 0.9993013107306822, 0.9835411451782993, 0.9858740577062463, 0.9994392635475939, 0.9859582611102375, 0.987841056384142, 0.9995499782480359, 0.9879086342332776, 0.9894281115583308, 0.987974601942043, 0.9474043563260951, 0.9657663416880226, 0.9847181987365684, 0.9928098851874722, 0.9857979076438553, 0.9780049140107635, 0.9526208137688126, 0.9685297395348599, 0.9819260472710992, 0.9942295385811412, 0.9546571890330795, 0.8495757195879501, 0.5334713292737185, 0.9834828011202968, 0.9953688882785959, 0.9827925728768159, 0.98449991452369, 0.9962832788889233, 0.9172023983752666, 0.8413057202759278, 0.6228569982948988, 0.9857918140396542, 0.9970171274958284, 0.9850580386975264, 0.9866422272983945, 0.9976060812446685, 0.9870017118783833, 0.9883179586488605, 0.998078748924363, 0.895748438554473, 0.8416293524813572, 0.6948463397095214, 0.987799391416331, 0.9984580906568297, 0.8854693762749428, 0.8854693762749428],"StateValue_V1_record" => [0.0, 0.0, 0.0, 0.0, 0.0, 0.12051624046486566, 0.197445163350583, 0.0, 0.2322724870326988, 0.3559057341706276, 0.0, 0.3340297000275636, 0.48307903170048183, 0.0, 0.044899729702436025, 0.07356049633890632, 0.42537962934859613, 0.5851425767257217, 0.0, 0.0, 0.5040173139890294, 0.0, 0.09089719961914067, 0.1397421973483504, 0.420543703578389, 0.6019466964475264, 0.09285683765244776, 0.15212998188282434, 0.5344898215034602, 0.0, 0.13665596710316072, 0.2781845693154516, 0.6264025547380686, 0.0, 0.4274751660466564, 0.7001675633451712, 0.0, 0.5169059280669145, 0.7593680277782872, 0.0, 0.5931871057635401, 0.8068796468409762, 0.0, 0.6580249209690215, 0.19908813882890494, 0.6113551183337438, 0.845010326516782, 0.0, 0.23353322591825573, 0.31049713563002124, 0.6755093803753782, 0.8756122879153295, 0.2810194483582875, 0.3674474863724391, 0.6642440933120619, 0.79920976629232, 0.0, 0.7133538960331889, 0.8388548267859346, 0.0, 0.7569002543858024, 0.8706721618343437, 0.0, 0.34931118330601496, 0.18138244618508215, 0.3914748674192634, 0.8962073179667395, 0.0, 0.3826748065484459, 0.4530199536445982, 0.9167006810253917, 0.0, 0.7942714697679151, 0.9331477286673255, 0.0, 0.45778352769705294, 0.5029420479671465, 0.9463473863009629, 0.0, 0.829021403999859, 0.9569408353769551, 0.0, 0.5232419180745157, 0.5538959143984367, 0.5962187150999264, 0.9654426591696919, 0.0, 0.5621112125406728, 0.6083679011053541, 0.672532451362794, 0.9722658389748938, 0.0, 0.601194608473598, 0.6582130535669516, 0.734297991386714, 0.9777418149288872, 0.0, 0.8587219655031383, 0.9821365859161406, 0.0, 0.8844769391586902, 0.9856636306279274, 0.0, 0.9054153006039929, 0.9884942774204506, 0.0, 0.639383080275764, 0.7842852172247062, 0.9907660266946362, 0.0, 0.9224350362547482, 0.9925892300622887, 0.8253944945971803, 0.9745716266763105, 0.0, 0.6924742443687004, 0.7031744615761202, 0.8540783870255649, 0.979592336000946, 0.0, 0.7216836778896814, 0.7484656892035534, 0.8805564693762621, 0.983621730552843, 0.0, 0.7499197725572504, 0.7870179626377951, 0.9021134189026755, 0.9868555406392368, 0.0, 0.7766102359065641, 0.819750135098249, 0.9196603061020945, 0.9894508505648778, 0.0, 0.9256571911849609, 0.9915337290983052, 0.0, 0.8014125451994483, 0.8474763155443927, 0.9389117162370375, 0.9932053533394606, 0.0, 0.8244304164280178, 0.2905962095630273, 0.9339402769034293, 0.9945469234592603, 0.0, 0.9496764928126569, 0.9956236070476099, 0.0, 0.8003043545065657, 0.8713685907956652, 0.9457888000542399, 0.9964877046689808, 0.0, 0.8257731865292588, 0.8912197022442642, 0.9554456791782652, 0.9971811903943494, 0.0, 0.9584999651837712, 0.9977377507173912, 0.9611215052976338, 0.9936971509030416, 0.0, 0.8481934998568994, 0.9079189077102148, 0.966932182218551, 0.9949416179725646, 0.0, 0.8679290225639518, 0.9220915321858661, 0.9632486628329636, 0.9959403710382613, 0.0, 0.8847042253308094, 0.9332317643223419, 0.9694164973039961, 0.9967419251417545, 0.0, 0.8993249902463731, 0.9426793454007805, 0.9744275606525293, 0.9973852162643493, 0.0, 0.9120295493525689, 0.9506730375516109, 0.9784982000913965, 0.9979014926661612, 0.0, 0.9230382208961679, 0.9574223876339448, 0.9722966690338498, 0.9983158327894834, 0.0, 0.9768589087203695, 0.9986483634594736, 0.0, 0.9321107510089718, 0.9989152375570085, 0.0, 0.9805456782984406, 0.9991294186547616, 0.0, 0.9835411451782993, 0.9993013107306822, 0.0, 0.9859582611102375, 0.9994392635475939, 0.0, 0.9879086342332776, 0.9995499782480359, 0.9446531502310738, 0.9623861260937671, 0.9841564200957358, 0.9910409675648509, 0.0, 0.9857979076438553, 0.9500791218417055, 0.9667682700447988, 0.9802125635578715, 0.9928098851874722, 0.0, 0.9546571890330795, 0.4241255517748973, 0.9818044256627361, 0.9942295385811412, 0.0, 0.9827925728768159, 0.9953688882785959, 0.0, 0.9172023983752666, 0.5349202512155243, 0.9841782354362453, 0.9962832788889233, 0.0, 0.9850580386975264, 0.9970171274958284, 0.0, 0.9870017118783833, 0.9976060812446685, 0.0, 0.895748438554473, 0.6241152954875113, 0.9862397392948176, 0.998078748924363, 0.0, 0.8854693762749428, 0.0])