DateTime of fitting: 2021-01-04T21:20:13.674
DATA_STATS
nr_subjects: 1
all_subject_ids: [15]
nr_puzzles: 1
nr_episodes: 54
nr_actions: 201
max_state_id: 7
max_action_id: 2
SUBJECT_SIGNALS
subject_id: 15
algorithm_name: Actor-Critic (TD-Lambda, ReplTrc) modulated Actor
param_string: alpha(actor)=0.847,
                surpriseprobability=0.0149,
                stochasticity=2.7919,
                eta(critic)=0.0875,
                gamma=0.9647,
                lambda_actor=0.8152,
                lambda_critic=0.2547,
                temp=0.2576,
                nparticles=15,
                init_policy=nothing,
                init_Vs=nothing,
                use_replacing_trace=true
param_vector: [0.8469592411890833, 0.014864695549674756, 2.79187155588167, 0.08751702872720672, 0.9646954425988563, 0.8152390982973141, 0.25471443036077435, 0.257636451507548, 15.0]
LL: -59.25
RPE
[0.0, 0.0, 0.0, 1.0, 0.004, 0.015, -0.022, 1.0, 0.04, 0.043, 0.912, 0.008, 0.051, 0.097, 0.833, 0.015, 0.065, 0.141, -0.231, 0.02, 0.065, -0.014, -0.076, 0.022, 0.057, -0.017, -0.067, 0.074, 0.12, 0.779, 0.028, 0.037, -0.052, 0.088, 0.158, 0.711, 0.028, 0.033, 0.922, 0.101, 0.189, 0.649, 0.042, 0.109, 0.213, 0.592, 0.094, 0.841, 0.118, 0.232, 0.54, 0.051, 0.152, -0.019, 0.768, 0.058, 0.15, 0.031, 0.7, 0.066, 0.149, 0.072, 0.639, 0.073, 0.151, 0.193, 0.493, 0.032, 0.045, 0.157, 0.207, 0.45, 0.036, 0.226, 0.217, 0.41, 0.052, 0.226, 0.224, 0.375, 0.075, 0.217, -0.005, 0.583, 0.084, 0.207, 0.032, 0.532, 0.093, 0.199, 0.202, 0.342, 0.068, 0.2, 0.038, 0.486, 0.121, 0.192, -0.202, 0.388, 0.312, 0.128, 0.374, 0.285, 0.145, 0.182, 0.443, 0.22, 0.067, 0.25, 0.26, 0.305, 0.244, 0.237, 0.177, 0.363, 0.216, 0.273, 0.256, 0.197, 0.198, 0.145, 0.404, 0.196, 0.34, 0.18, 0.261, 0.261, 0.164, 0.21, 0.066, 0.037, 0.369, 0.198, 0.069, 0.057, 0.337, 0.187, 0.071, 0.225, 0.15, 0.279, 0.215, 0.137, 0.15, 0.154, 0.307, 0.221, 0.31, 0.125, 0.252, 0.055, 0.28, 0.223, 0.154, 0.256, 0.217, 0.272, 0.114, 0.257, 0.214, 0.104, 0.19, 0.13, 0.233, 0.185, 0.247, 0.095, 0.207, 0.21, 0.087, 0.237, 0.018, 0.068, 0.213, 0.167, 0.235, 0.079, 0.266, 0.193, 0.072, 0.168, 0.101, -0.323, 0.155, 0.223, 0.066, 0.157, -0.004, 0.186, 0.06, 0.24, 0.051, 0.218, 0.225, 0.199, 0.055, 0.18, 0.178, 0.05, 0.153]
SPE
[0.857, 0.857, 0.857, 0.857, 0.821, 0.815, 0.857, 0.857, 0.857, 0.815, 0.815, 0.784, 0.78, 0.78, 0.778, 0.748, 0.745, 0.745, 0.876, 0.857, 0.713, 0.815, 0.864, 0.818, 0.688, 0.778, 0.857, 0.815, 0.715, 0.756, 0.716, 0.89, 0.815, 0.778, 0.686, 0.727, 0.686, 0.856, 0.823, 0.743, 0.658, 0.698, 0.659, 0.685, 0.633, 0.672, 0.881, 0.786, 0.723, 0.61, 0.647, 0.635, 0.661, 0.902, 0.752, 0.612, 0.638, 0.873, 0.722, 0.59, 0.617, 0.844, 0.693, 0.57, 0.597, 0.627, 0.624, 0.908, 0.78, 0.579, 0.607, 0.603, 0.879, 0.695, 0.589, 0.583, 0.854, 0.669, 0.571, 0.564, 0.592, 0.561, 0.84, 0.667, 0.575, 0.545, 0.816, 0.644, 0.558, 0.529, 0.579, 0.547, 0.745, 0.515, 0.8, 0.621, 0.543, 0.501, 0.929, 0.857, 0.53, 0.713, 0.815, 0.515, 0.684, 0.87, 0.6, 0.528, 0.488, 0.586, 0.5, 0.927, 0.572, 0.488, 0.527, 0.79, 0.475, 0.906, 0.558, 0.462, 0.657, 0.839, 0.58, 0.632, 0.766, 0.45, 0.899, 0.545, 0.439, 0.525, 0.476, 0.804, 0.561, 0.513, 0.464, 0.786, 0.544, 0.501, 0.453, 0.553, 0.429, 0.892, 0.542, 0.418, 0.501, 0.812, 0.527, 0.623, 0.746, 0.409, 0.875, 0.743, 0.512, 0.601, 0.789, 0.497, 0.582, 0.728, 0.4, 0.88, 0.53, 0.391, 0.576, 0.77, 0.483, 0.558, 0.713, 0.382, 0.863, 0.52, 0.375, 0.5, 0.442, 0.788, 0.47, 0.555, 0.691, 0.367, 0.861, 0.519, 0.36, 0.54, 0.76, 0.778, 0.527, 0.678, 0.353, 0.513, 0.919, 0.509, 0.346, 0.5, 0.753, 0.458, 0.49, 0.677, 0.339, 0.855, 0.499, 0.333, 0.512]
action_selection_prob
[0.5, 0.5, 0.5, 0.5, 0.687, 0.731, 0.219, 0.5, 0.5, 0.66, 0.835, 0.783, 0.823, 0.818, 0.892, 0.838, 0.871, 0.875, 0.917, 0.262, 0.873, 0.125, 0.835, 0.274, 0.874, 0.115, 0.168, 0.715, 0.891, 0.913, 0.845, 0.887, 0.381, 0.718, 0.792, 0.929, 0.866, 0.901, 0.391, 0.823, 0.861, 0.939, 0.895, 0.921, 0.895, 0.946, 0.871, 0.799, 0.903, 0.915, 0.951, 0.911, 0.932, 0.928, 0.873, 0.923, 0.94, 0.937, 0.904, 0.932, 0.947, 0.943, 0.922, 0.939, 0.952, 0.949, 0.955, 0.945, 0.081, 0.956, 0.953, 0.958, 0.949, 0.707, 0.957, 0.96, 0.953, 0.818, 0.96, 0.962, 0.957, 0.959, 0.963, 0.933, 0.96, 0.962, 0.964, 0.94, 0.962, 0.965, 0.966, 0.964, 0.132, 0.967, 0.968, 0.946, 0.965, 0.969, 0.969, 0.031, 0.965, 0.376, 0.185, 0.967, 0.67, 0.526, 0.95, 0.966, 0.284, 0.97, 0.968, 0.968, 0.971, 0.968, 0.97, 0.483, 0.969, 0.972, 0.972, 0.97, 0.788, 0.696, 0.953, 0.846, 0.784, 0.97, 0.88, 0.973, 0.971, 0.973, 0.164, 0.974, 0.956, 0.974, 0.323, 0.975, 0.958, 0.975, 0.493, 0.976, 0.971, 0.976, 0.976, 0.972, 0.977, 0.369, 0.96, 0.901, 0.569, 0.972, 0.978, 0.023, 0.962, 0.916, 0.701, 0.963, 0.926, 0.768, 0.972, 0.934, 0.946, 0.973, 0.94, 0.813, 0.964, 0.945, 0.841, 0.973, 0.949, 0.949, 0.973, 0.979, 0.138, 0.951, 0.965, 0.952, 0.779, 0.973, 0.979, 0.953, 0.973, 0.955, 0.814, 0.034, 0.955, 0.808, 0.974, 0.957, 0.834, 0.954, 0.974, 0.98, 0.847, 0.969, 0.98, 0.861, 0.974, 0.959, 0.956, 0.974, 0.961]
results_dict
Dict{String,Any}("Surprise" => [1.0000000000000002, 1.0000000000000002, 1.0000000000000002, 1.0000000000000002, 0.7980041323699552, 0.7739525602302321, 1.0000000000000002, 1.0000000000000002, 1.0000000000000002, 0.7739525602302321, 0.7739525602302321, 0.6620145885846551, 0.6496209279190499, 0.6496209279190499, 0.6422513219951492, 0.5674795909386349, 0.5602445937512786, 0.5602445937512786, 1.1499482601694453, 1.0000000000000002, 0.4978618659836763, 0.7739525602302321, 1.051168952438439, 0.7857943469173131, 0.45751583929922535, 0.6422513219951492, 1.0000000000000002, 0.7739525602302321, 0.5016099725135746, 0.586232143527613, 0.5025047561483553, 1.2981893566472618, 0.7739525602302321, 0.6422513219951492, 0.45435503453752, 0.5236573689235652, 0.45497250492847074, 0.9932979100237265, 0.8063933030705962, 0.5560280391892886, 0.41818974359660294, 0.47337843558345055, 0.418637132020288, 0.45402861941195105, 0.38959765898852333, 0.43493130576089095, 1.20467580975376, 0.6677597023627206, 0.5162284417954133, 0.3664139391109367, 0.40455335852717356, 0.3919101534800663, 0.42128713696514036, 1.4562867486340756, 0.5769993549265096, 0.36821474901987106, 0.39483279241636815, 1.1287035775308703, 0.5129664820111941, 0.348666710379431, 0.37300241416859126, 0.9170120709093954, 0.46537057566019285, 0.33225898423801686, 0.35467469546052205, 0.3825647074537592, 0.3799323789053241, 1.5510821882258758, 0.6480467368577418, 0.339065310873367, 0.36355732195853835, 0.35956631115445686, 1.1794904546360852, 0.4683103907520243, 0.3473484866349309, 0.3424357535025641, 0.9765959632427773, 0.4312928745353368, 0.3333606518754722, 0.32782390764569946, 0.3505363127730046, 0.32560873754709463, 0.8923510351436008, 0.428602943273663, 0.33611171485184504, 0.31388669015337983, 0.7779661673364214, 0.4010936138478191, 0.3235699510534037, 0.303582993126406, 0.33971204746220085, 0.3152117444362995, 0.5593386287714409, 0.29445413221341693, 0.7130533688493605, 0.3768376890470362, 0.3125633018512306, 0.286309464656247, 2.014180305057374, 1.0000000000000002, 0.3042140312089557, 0.49728645148247264, 0.7739525602302321, 0.29453873502793415, 0.45139469910650215, 1.0987721590016672, 0.35675169887908675, 0.30282500828653314, 0.2789975766253285, 0.34509399365862425, 0.28596039012338526, 1.9573613397640892, 0.3336206277121755, 0.2788346681006166, 0.3018584929142179, 0.680208769667929, 0.271892544481442, 1.5164340688501794, 0.32338040294136783, 0.265626696869941, 0.41605793173614886, 0.8846814663473154, 0.3398425697635747, 0.3880014387495738, 0.6104689642759124, 0.259942666156517, 1.4079111627694783, 0.3141842557533197, 0.2547628378243347, 0.3009922853172793, 0.2723966658092564, 0.7298348998136556, 0.3254101511206765, 0.2932537609051993, 0.2664076262364829, 0.6686789541863313, 0.3129463942319784, 0.2862388424549908, 0.2609489877603488, 0.3198245257369973, 0.2500228406979031, 1.3192952969797462, 0.3116446469217939, 0.24566883316348048, 0.28618529968306655, 0.7598592703620782, 0.3020735712259412, 0.37847443234598205, 0.5618161295202406, 0.24165543142018892, 1.1407778196242788, 0.5560280391892886, 0.2925049366721064, 0.35841221159154407, 0.6780983851461879, 0.2840188490215561, 0.3415028453231103, 0.5258996044592472, 0.23794410904398186, 1.187439737593261, 0.30418785324391684, 0.2345019471876491, 0.33669933101420857, 0.6203916321664069, 0.2764412615076611, 0.3235377049887713, 0.4982802280672015, 0.2313006488456567, 1.043373019111679, 0.2973621806906423, 0.2285316499622612, 0.285653063796842, 0.2559531538514152, 0.6730319373804341, 0.269633582211633, 0.3212380618596565, 0.4616693725709272, 0.22572617440984916, 1.0249175305785139, 0.29692027227925694, 0.22309892272803813, 0.3105759462945644, 0.5958765131430056, 0.6422513219951492, 0.30175935546552807, 0.4443047051087648, 0.22063340877515278, 0.2932241355289559, 1.7617567804689336, 0.2909110543771222, 0.2183151216921763, 0.28583042960553356, 0.5794018701427407, 0.2634840736890658, 0.28018736446267634, 0.44210551111735735, 0.21613123831392933, 0.9832551542989127, 0.285352977447225, 0.21407038445803706, 0.29290516298026525],"trialByTrial_Vs" => [0.0, 0.0, 0.0, 0.0, 0.0012984460049470083, 0.005284210599273677, 0.021504846217009894, 0.0, 0.0, 0.04112765218987157, 0.08751702872720672, 0.0031482466435608053, 0.011459100023230289, 0.06453991282540489, 0.16737482713717472, 0.0065259721422872155, 0.022389304468548293, 0.09092804890804623, 0.24024370830960606, 0.009225199755463095, 0.029938298518217984, 0.09846649525233235, 0.08751702872720672, 0.012168017740676397, 0.03495042774193326, 0.09579850380649979, 0.08163740550021616, 0.01510885467910448, 0.09326201321105664, 0.2207229301207641, 0.009704563924157637, 0.03944938985084435, 0.07902158682445251, 0.028318516652798394, 0.12049326811101327, 0.2889229438318387, 0.012924036930016545, 0.042453530391172965, 0.07814684323195216, 0.04317326233417574, 0.149632635965544, 0.35115429498376527, 0.020956714514889587, 0.06516015924130629, 0.18013756092155564, 0.4079393431891958, 0.05952366956128908, 0.1588246924350876, 0.0858128170757281, 0.21154583884919373, 0.4597547326995558, 0.028856155088422854, 0.08238375994659097, 0.2434657079664728, 0.23244185599186298, 0.03746040237218881, 0.0993713236035645, 0.25828896582978755, 0.2996162641308246, 0.0468649284324715, 0.11684351311204944, 0.27604171337378364, 0.3609117676629556, 0.057053147965555606, 0.13485134988137823, 0.2960976553873537, 0.5070353932776263, 0.0683480689946582, 0.1040063831017152, 0.1548044411833175, 0.32359281492367525, 0.5501781909256445, 0.07336635053946991, 0.11303661611522589, 0.3513963295678471, 0.589545259112529, 0.08302942040427336, 0.13965411459919308, 0.37924363491470753, 0.6254670384619959, 0.09408867795360339, 0.1754084083069916, 0.4069141125775977, 0.4168428708516164, 0.1060650274762449, 0.19739040325610868, 0.4190358121380564, 0.4678790500757709, 0.11875771876832124, 0.2190004177703155, 0.43330797711449326, 0.6582450504162032, 0.1662497504893484, 0.24256055538783083, 0.4583093764341452, 0.5144486945366382, 0.1326432460083577, 0.2634086332717041, 0.47207471106813786, 0.27587315260118217, 0.6881544281565934, 0.177301622195847, 0.31653475078378845, 0.7154462260260651, 0.1980478702492653, 0.3553550330206522, 0.556942702085408, 0.14693965771684445, 0.38080445220834747, 0.4644091042848523, 0.7403495268373771, 0.16933268829459638, 0.49185483874381686, 0.7630733647561831, 0.20254430320430306, 0.39343039158200227, 0.7838084798990567, 0.22697682487270146, 0.5183284432303273, 0.8027289193743095, 0.21697044589955877, 0.42982251512214203, 0.595717760354798, 0.23952216639973656, 0.45119458252793826, 0.8199934982044751, 0.2649126304014847, 0.5449803804730093, 0.835747132393198, 0.257422510866175, 0.48480820508315425, 0.5713774056398556, 0.6310993407357266, 0.27792939683191364, 0.4933735881208918, 0.5825873047306235, 0.6633844303300435, 0.2974765144918453, 0.5023938816228927, 0.5948476031328729, 0.8501220553260685, 0.3167795219399115, 0.6177849022602462, 0.8632389277156717, 0.3465595554927481, 0.5142834218423256, 0.6928440248108741, 0.29422580048097036, 0.5343751424720402, 0.8752078504075428, 0.3645862175035295, 0.6395401426391129, 0.719725403115234, 0.32091638023796465, 0.5641832709251473, 0.7442542030623044, 0.3451219508224855, 0.5831427585023966, 0.8861292885483557, 0.3705956886623442, 0.6503612089496768, 0.8960949148736568, 0.39822367176969103, 0.6093700935571373, 0.7666363153197631, 0.41885286186009213, 0.6257833016287667, 0.9051883791935618, 0.4408516166785203, 0.6713328463958561, 0.9134860105353518, 0.3893323213696514, 0.6494781073912828, 0.6915633984888744, 0.7870596116158102, 0.46391948713211717, 0.6536058315979987, 0.9210574578366347, 0.4111070546679711, 0.7020683762151623, 0.9279662745669447, 0.4839701645122287, 0.6758642132364185, 0.8056955217032119, 0.49915193977338673, 0.6786190572275991, 0.9342704521849972, 0.5178283366984242, 0.6995197494256475, 0.7205201794988133, 0.9400229069093491, 0.43893592050514435, 0.7034550381326046, 0.7820585695037492, 0.4621605990279774, 0.7126046171556231, 0.9452719238883379, 0.5325350745866421, 0.7381157684197163, 0.950061562497587, 0.5523467349710208, 0.0, 0.0, 0.0, 0.0, 0.0, 0.0, 0.0, 0.0, 0.0, 0.0, 0.0, 0.0, 0.0, 0.0, 0.0, 0.0, 0.0, 0.0, 0.0, 0.0, 0.0, 0.0, 0.0, 0.0, 0.0, 0.0, 0.0, 0.0, 0.0, 0.0, 0.0, 0.0, 0.0, 0.0, 0.0, 0.0, 0.0, 0.0, 0.0, 0.0, 0.0, 0.0, 0.0, 0.0, 0.0, 0.0, 0.0, 0.0, 0.0, 0.0, 0.0, 0.0, 0.0],"final_V" => Dict{Int64,Any}(1 => [0.0, 0.7312232334902997, 0.4864519461192883, 0.8011321559373381, 0.7548031003086589, 0.9544320261670775, 0.5657421776709994]),"nparticles" => 15,"trial_by_trial_p_sa_max" => [0.5, 0.5, 0.5, 0.5, 0.6873280298343295, 0.7313580959186781, 0.21866564435595115, 0.5, 0.5, 0.6597374241182188, 0.8346886715995088, 0.7829520410518914, 0.8232321670750462, 0.8180861842032714, 0.891809425454226, 0.8382592704999464, 0.8707803403283078, 0.8752998385539505, 0.9170272934590779, 0.26182104397367256, 0.8728391517515551, 0.12451484970009936, 0.8346886715995088, 0.273825864292432, 0.8736644258231507, 0.11544360110093316, 0.16762765911129507, 0.7148426952619843, 0.8911375455598727, 0.9131878908308484, 0.8447024042163189, 0.8874772589003208, 0.3805504116109189, 0.7180083406995503, 0.7916769043066709, 0.9291441022707546, 0.866113934434531, 0.901297939968473, 0.3905634654702094, 0.8226488973952911, 0.8608835705917249, 0.9392278797478676, 0.8945830308289154, 0.9209007775729887, 0.8947581901887877, 0.9461712060381039, 0.8711730572842862, 0.7989453163104248, 0.9027089603846247, 0.9148008743062958, 0.9512319414397877, 0.9110787521704521, 0.9321800001543618, 0.9280150160895912, 0.873262163756275, 0.9228136916563596, 0.9402549345160177, 0.9366560416427246, 0.9044022235502732, 0.9318951299143474, 0.9465659172917136, 0.9434188695592385, 0.9216890429231178, 0.9391153568628968, 0.9516282478808679, 0.9488208065887048, 0.9550731360022455, 0.9450896625666243, 0.08095359691757682, 0.9558623969207392, 0.9533369841758861, 0.9580784097286535, 0.9490224371284315, 0.7066916486556811, 0.9569989928748267, 0.9604855022920878, 0.953254916427123, 0.8180472868119509, 0.9600179734706626, 0.962449766931371, 0.956859779656506, 0.9593657970094961, 0.9625414913261227, 0.9326972541083571, 0.9598224449668663, 0.9622352757287008, 0.9644925748280161, 0.9403106356019091, 0.9624021823519661, 0.9646735770556211, 0.9662398428986043, 0.9640770985162262, 0.13234557237157682, 0.9668469672030203, 0.9678938583551292, 0.9458755980528808, 0.9647327176101987, 0.9686384841874135, 0.9692342358837227, 0.031245310435057752, 0.9654422111845621, 0.37591198129858944, 0.18548676131687974, 0.9665993550993623, 0.6702336756285849, 0.5264473916568068, 0.9501080335623885, 0.9664830139061105, 0.28414167108770144, 0.9701165657605815, 0.9675888903870064, 0.9683961483248869, 0.9713764766807403, 0.9684414757224836, 0.9703489248521066, 0.48257638494668886, 0.9691808190012804, 0.9719636388758863, 0.9724764038665642, 0.9698255619458575, 0.7880413619294905, 0.6961388087958142, 0.9534242842338397, 0.8457580482316585, 0.7837662629728067, 0.970390552548921, 0.8798371732910487, 0.9734502610972949, 0.970887769659617, 0.9734048649799258, 0.16419329522442283, 0.9743128342419664, 0.9560834157369417, 0.9744321432301487, 0.3226102827785297, 0.9749920944816802, 0.9582552329123124, 0.9753554523121202, 0.49284439167712657, 0.9756259145426585, 0.9713269848295804, 0.9762232717556073, 0.9762681674363732, 0.9717162485034694, 0.9771592772448773, 0.36866558271245486, 0.9600557551352352, 0.9013683963432247, 0.5688902575434003, 0.9720622527030494, 0.9779138138778452, 0.023158486946176775, 0.9615669940270789, 0.9158423970636373, 0.7008727060845565, 0.9628485896290424, 0.9258963081640018, 0.7681851621235152, 0.9723706053698196, 0.933808514499612, 0.9459887564468342, 0.9726460405297391, 0.9400266260907889, 0.8132868282907195, 0.9639449681016824, 0.9446706337112989, 0.8406217016933716, 0.9728925811702954, 0.9486676739420014, 0.9485989874942798, 0.973113666821494, 0.9786286532511538, 0.13818294887742466, 0.9508316681138272, 0.9648899126237287, 0.9520203520138071, 0.7789640135182653, 0.9733122538342852, 0.9792006713045377, 0.9525684143990247, 0.9734908979844586, 0.9548069542420804, 0.81368304210219, 0.03429042277838632, 0.9551181010395277, 0.8084776028581189, 0.9736518171498666, 0.9573914632695821, 0.8336666800904369, 0.954289997494107, 0.973796944721127, 0.9798283557045134, 0.8467665513401104, 0.9686902719569098, 0.9803619301728398, 0.8606766107107516, 0.9739279726192153, 0.9590546671662161, 0.9557898099047453, 0.9740463867036092, 0.9608515640780846],"final_Tsas" => Dict{Tuple{Int64,Int64},Float64}[Dict((1, 6) => 0.6734655031383867,(2, 3) => 0.05458333564695288,(2, 6) => 0.14285714285714285,(2, 2) => 0.07472986638841354,(2, 1) => 1.0,(2, 5) => 0.051343378960715065,(1, 7) => 0.10136373413120453,(1, 4) => 0.12384594157474677,(1, 3) => 0.14285714285714285,(2, 4) => 0.5539210272045276,(1, 1) => 1.0,(1, 2) => 0.06427155444264425,(2, 7) => 0.06744933486837255,(1, 5) => 0.11858554949015154), Dict((1, 6) => 0.05135657686477498,(2, 3) => 0.5195303137314171,(2, 6) => 0.14285714285714285,(2, 2) => 0.07472986638841354,(2, 1) => 0.0,(2, 5) => 0.0697336873732025,(1, 7) => 0.10136373413120453,(1, 4) => 0.12384594157474677,(1, 3) => 0.14285714285714285,(2, 4) => 0.07109086231544705,(1, 1) => 0.0,(1, 2) => 0.06427155444264425,(2, 7) => 0.5001487044561665,(1, 5) => 0.11858554949015154), Dict((1, 6) => 0.05135657686477498,(2, 3) => 0.05458333564695288,(2, 6) => 0.14285714285714285,(2, 2) => 0.07472986638841354,(2, 1) => 0.0,(2, 5) => 0.051343378960715065,(1, 7) => 0.10136373413120453,(1, 4) => 0.12384594157474677,(1, 3) => 0.14285714285714285,(2, 4) => 0.07109086231544705,(1, 1) => 0.0,(1, 2) => 0.06427155444264425,(2, 7) => 0.06744933486837255,(1, 5) => 0.11858554949015154), Dict((1, 6) => 0.05135657686477498,(2, 3) => 0.05458333564695288,(2, 6) => 0.14285714285714285,(2, 2) => 0.2602371075006372,(2, 1) => 0.0,(2, 5) => 0.21504746118467685,(1, 7) => 0.13767046676640057,(1, 4) => 0.12384594157474677,(1, 3) => 0.14285714285714285,(2, 4) => 0.07109086231544705,(1, 1) => 0.0,(1, 2) => 0.11031346801652807,(2, 7) => 0.06744933486837255,(1, 5) => 0.2884867030590912), Dict((1, 6) => 0.05135657686477498,(2, 3) => 0.15088454996917217,(2, 6) => 0.14285714285714285,(2, 2) => 0.09951841725348681,(2, 1) => 0.0,(2, 5) => 0.051343378960715065,(1, 7) => 0.35551086257757664,(1, 4) => 0.12384594157474677,(1, 3) => 0.14285714285714285,(2, 4) => 0.07109086231544705,(1, 1) => 0.0,(1, 2) => 0.5683287597702509,(2, 7) => 0.16260462120197125,(1, 5) => 0.11858554949015154), Dict((1, 6) => 0.05135657686477498,(2, 3) => 0.05458333564695288,(2, 6) => 0.14285714285714285,(2, 2) => 0.34132500969222207,(2, 1) => 0.0,(2, 5) => 0.5098453355992607,(1, 7) => 0.10136373413120453,(1, 4) => 0.12384594157474677,(1, 3) => 0.14285714285714285,(2, 4) => 0.07109086231544705,(1, 1) => 0.0,(1, 2) => 0.06427155444264425,(2, 7) => 0.06744933486837255,(1, 5) => 0.11858554949015154), Dict((1, 6) => 0.06975161253773832,(2, 3) => 0.11125179371159925,(2, 6) => 0.14285714285714285,(2, 2) => 0.07472986638841354,(2, 1) => 0.0,(2, 5) => 0.051343378960715065,(1, 7) => 0.10136373413120453,(1, 4) => 0.2569243505515196,(1, 3) => 0.14285714285714285,(2, 4) => 0.09062466121823726,(1, 1) => 0.0,(1, 2) => 0.06427155444264425,(2, 7) => 0.06744933486837255,(1, 5) => 0.11858554949015154)],"gamma_surprise" => [0.01486469554967476, 0.01486469554967476, 0.01486469554967476, 0.01486469554967476, 0.011897812932344818, 0.011543356313684269, 0.01486469554967476, 0.01486469554967476, 0.01486469554967476, 0.011543356313684269, 0.011543356313684269, 0.009890334847929614, 0.009706973937284216, 0.009706973937284216, 0.009597910377331646, 0.008489995946752905, 0.008382661353609867, 0.008382661353609867, 0.017055614924227167, 0.01486469554967476, 0.00745621925710786, 0.011543356313684269, 0.015613430703694666, 0.011717904733347063, 0.006856120468894735, 0.009597910377331646, 0.01486469554967476, 0.011543356313684269, 0.007511931036352752, 0.008768090768472226, 0.00752523015736202, 0.01921203233428799, 0.011543356313684269, 0.009597910377331646, 0.006809076633814619, 0.0078395165335132, 0.006818267104150749, 0.014766542132406937, 0.01202138734946737, 0.008320096060392692, 0.006270493156292424, 0.007092144119852813, 0.006277159356234936, 0.006804218180668381, 0.0058442783254587394, 0.006519885708318143, 0.01785282294117728, 0.009975309245685019, 0.007729159914071454, 0.005498416084067661, 0.006067264674941174, 0.00587876367322263, 0.006316643262095076, 0.021501424373131284, 0.008631190735628626, 0.005525289769523969, 0.005922344449771739, 0.016745797998280035, 0.0076806957856468995, 0.005233494517161159, 0.0055967295630713594, 0.01364794121734875, 0.006973007135245278, 0.004988442764442755, 0.00532319445162733, 0.005739383898866085, 0.005700117791110053, 0.022869028985822253, 0.009683679338515128, 0.005090110885012859, 0.005455783490847301, 0.005396214911492969, 0.017486112323380425, 0.007016747573297448, 0.0052138111149717505, 0.005140448495523817, 0.014521853732700055, 0.00646569605770641, 0.005004900110234549, 0.00492218352760099, 0.005261409637934752, 0.0048890859849985875, 0.013285785964868513, 0.006425629266335249, 0.0050459946966774985, 0.004713906585295785, 0.011602523953385409, 0.006015689500056863, 0.004858621898671977, 0.004559872691107495, 0.005099770300473076, 0.004733711867516291, 0.008369219298962588, 0.004423362031135224, 0.010644724975072647, 0.005653950732298247, 0.004694125417348089, 0.004301537140162187, 0.02949551788361041, 0.01486469554967476, 0.004569307690481428, 0.007447665753844725, 0.011543356313684269, 0.00442462733195251, 0.00676501244190808, 0.01630896849972602, 0.005354200597832519, 0.004548539404107241, 0.00419214325345569, 0.00518014575881699, 0.004296315147563341, 0.028687334246084096, 0.005008783699650649, 0.004189705689012601, 0.004534087822407485, 0.01015938994001988, 0.00408582112884456, 0.022369607438628435, 0.004855789525945351, 0.0039920380061199585, 0.006238727395358412, 0.013173101655826969, 0.0051017197099337925, 0.005820473106506383, 0.009127284650015227, 0.003906947859423685, 0.020802038152157375, 0.00471835429864626, 0.003829392978324008, 0.004521135711325249, 0.004093365720654914, 0.010892517085848432, 0.004886118736149755, 0.00440540919913053, 0.004003727411322334, 0.00998890429300002, 0.004699851719842354, 0.004300480669309314, 0.003922013589589127, 0.0048026519031928935, 0.0037584128787774957, 0.019518284712408088, 0.0046803934844736935, 0.0036932039491723487, 0.004299679696209685, 0.011335540272593881, 0.004537303763886723, 0.0056783684544231975, 0.008405977803022109, 0.003633088629668461, 0.016921903873717215, 0.008320096060392692, 0.004394209406848956, 0.005378987852162531, 0.010128189123990433, 0.004267269596429263, 0.005126516007894895, 0.007872820091951161, 0.003577491593370366, 0.01760188719519596, 0.004568916292804046, 0.003525921138927618, 0.00505477189772055, 0.009274265212606452, 0.004153892296694034, 0.004858140054472651, 0.007462438092712835, 0.0034779545095211524, 0.015499429377511092, 0.004466852310699248, 0.003436461511022865, 0.0042917176433672054, 0.003847216031095559, 0.010053276590606355, 0.004052012489975127, 0.004823775907553624, 0.006917932802413268, 0.0033944183914830796, 0.015229446198062761, 0.0044602437522331265, 0.0033550429348844003, 0.004664418211468886, 0.008911053187587892, 0.009597910377331646, 0.004532605470534944, 0.006659462944088804, 0.00331808866297258, 0.004404966111873575, 0.025894764438017515, 0.004370369661685811, 0.0032833385960473853, 0.004294370984690324, 0.008666817893354953, 0.0039599645662927035, 0.004209945425480335, 0.006626718749752509, 0.003250600962815182, 0.014619427394604216, 0.004287228405957299, 0.003219705638619353, 0.004400195424385262],"final_PolicyParameters" => Dict{Int64,Any}(1 => [0.0 0.0; 1.8561058043273821 2.3536805650169206; 0.0 1.0144857092668944; 0.5269179012960041 1.4169664827064674; 0.7784624253938969 1.5785023948085555; 0.9351611264521096 0.0; 1.0658424915385285 1.895513380554207]),"particlefilterseeds" => [1, 2, 3])
POPULATION_SIGNALS
subject_id: 15
algorithm_name: Actor-Critic (TD-Lambda, ReplTrc) modulated Actor
param_string: alpha(actor)=0.7972,
                surpriseprobability=0.0043,
                stochasticity=2.7816,
                eta(critic)=0.0,
                gamma=0.9966,
                lambda_actor=0.7939,
                lambda_critic=0.305,
                temp=0.392,
                nparticles=15,
                init_policy=nothing,
                init_Vs=nothing,
                use_replacing_trace=true
param_vector: [0.7972414808175023, 0.004336552046615557, 2.7816353998652787, 3.24411867293681e-5, 0.9966448663088217, 0.7939275473003868, 0.3049775441960644, 0.39196929107560724, 15.0]
LL: -61.416
RPE
[0.0, 0.0, 0.0, 1.0, 0.0, 0.0, -0.0, 1.0, 0.0, 0.0, 1.0, 0.0, 0.0, 0.0, 1.0, 0.0, 0.0, 0.0, -0.0, 0.0, 0.0, -0.0, -0.0, 0.0, 0.0, -0.0, -0.0, 0.0, 0.0, 1.0, 0.0, 0.0, -0.0, 0.0, 0.0, 1.0, 0.0, 0.0, 1.0, 0.0, 0.0, 1.0, 0.0, 0.0, 0.0, 1.0, 0.0, 1.0, 0.0, 0.0, 1.0, 0.0, 0.0, 0.0, 1.0, 0.0, 0.0, 0.0, 1.0, 0.0, 0.0, 0.0, 1.0, 0.0, 0.0, 0.0, 1.0, 0.0, 0.0, 0.0, 0.0, 1.0, 0.0, 0.0, 0.0, 1.0, 0.0, 0.0, 0.0, 1.0, 0.0, 0.0, 0.0, 1.0, 0.0, 0.0, 0.0, 1.0, 0.0, 0.0, 0.0, 1.0, 0.0, 0.0, 0.0, 1.0, 0.0, 0.0, -0.0, 0.0, 1.0, 0.0, 0.0, 1.0, 0.0, 0.0, 1.0, 0.0, 0.0, 0.0, 1.0, 0.0, 0.0, 0.999, 0.0, 0.0, 0.999, 0.0, 0.0, 0.999, 0.0, 0.0, 1.0, 0.0, 0.001, 0.999, 0.0, 0.0, 0.999, 0.0, 0.0, 0.0, 1.0, 0.0, 0.0, 0.0, 1.0, 0.0, 0.0, 0.0, 0.999, 0.0, 0.0, 0.999, 0.0, 0.0, 1.0, 0.0, 0.001, 0.999, 0.0, 0.0, 1.0, 0.0, 0.0, 1.0, 0.0, 0.001, 0.999, 0.0, 0.001, 0.999, 0.0, 0.0, 0.999, 0.0, 0.001, 0.999, 0.0, 0.001, 0.999, 0.0, 0.0, 0.0, 0.999, 0.0, 0.001, 0.999, 0.0, 0.001, 0.999, 0.0, 0.0, -0.001, 0.0, 0.001, 0.999, 0.0, 0.0, 0.001, 0.999, 0.0, 0.0, 0.999, 0.0, 0.001, 0.999, 0.0, 0.001, 0.999, 0.0]
SPE
[0.857, 0.857, 0.857, 0.857, 0.818, 0.815, 0.857, 0.857, 0.857, 0.815, 0.815, 0.779, 0.78, 0.777, 0.777, 0.744, 0.745, 0.743, 0.876, 0.857, 0.713, 0.815, 0.864, 0.815, 0.683, 0.777, 0.857, 0.815, 0.711, 0.754, 0.712, 0.891, 0.815, 0.777, 0.682, 0.723, 0.683, 0.857, 0.823, 0.743, 0.655, 0.694, 0.656, 0.681, 0.63, 0.668, 0.881, 0.787, 0.723, 0.608, 0.644, 0.633, 0.657, 0.902, 0.753, 0.61, 0.635, 0.874, 0.722, 0.588, 0.614, 0.845, 0.694, 0.568, 0.595, 0.625, 0.621, 0.908, 0.777, 0.576, 0.606, 0.6, 0.879, 0.694, 0.588, 0.581, 0.852, 0.668, 0.571, 0.562, 0.591, 0.559, 0.838, 0.667, 0.574, 0.543, 0.815, 0.643, 0.558, 0.527, 0.578, 0.545, 0.743, 0.513, 0.799, 0.62, 0.542, 0.499, 0.929, 0.857, 0.529, 0.711, 0.815, 0.513, 0.682, 0.87, 0.599, 0.528, 0.486, 0.585, 0.499, 0.927, 0.571, 0.485, 0.526, 0.787, 0.472, 0.906, 0.557, 0.46, 0.655, 0.839, 0.579, 0.63, 0.764, 0.448, 0.899, 0.545, 0.437, 0.525, 0.474, 0.803, 0.561, 0.512, 0.462, 0.785, 0.543, 0.501, 0.451, 0.552, 0.427, 0.892, 0.541, 0.417, 0.501, 0.812, 0.527, 0.621, 0.744, 0.407, 0.875, 0.743, 0.512, 0.6, 0.79, 0.497, 0.581, 0.727, 0.398, 0.88, 0.53, 0.389, 0.575, 0.77, 0.483, 0.557, 0.712, 0.381, 0.863, 0.519, 0.373, 0.5, 0.44, 0.787, 0.47, 0.554, 0.689, 0.365, 0.86, 0.518, 0.358, 0.539, 0.76, 0.777, 0.525, 0.677, 0.351, 0.511, 0.919, 0.508, 0.344, 0.5, 0.754, 0.458, 0.49, 0.676, 0.338, 0.855, 0.499, 0.331, 0.511]
action_selection_prob
[0.5, 0.5, 0.5, 0.5, 0.623, 0.653, 0.31, 0.5, 0.5, 0.576, 0.734, 0.707, 0.745, 0.728, 0.825, 0.764, 0.802, 0.806, 0.871, 0.346, 0.802, 0.194, 0.734, 0.346, 0.802, 0.194, 0.266, 0.654, 0.806, 0.871, 0.767, 0.821, 0.406, 0.679, 0.749, 0.897, 0.792, 0.841, 0.446, 0.761, 0.817, 0.915, 0.832, 0.872, 0.857, 0.928, 0.812, 0.712, 0.854, 0.883, 0.937, 0.855, 0.889, 0.901, 0.816, 0.872, 0.902, 0.914, 0.866, 0.886, 0.913, 0.924, 0.894, 0.897, 0.921, 0.933, 0.944, 0.906, 0.125, 0.928, 0.939, 0.95, 0.912, 0.744, 0.944, 0.954, 0.919, 0.801, 0.949, 0.958, 0.925, 0.934, 0.953, 0.913, 0.93, 0.939, 0.956, 0.926, 0.934, 0.943, 0.959, 0.962, 0.162, 0.947, 0.961, 0.936, 0.938, 0.95, 0.964, 0.05, 0.964, 0.309, 0.186, 0.967, 0.519, 0.459, 0.943, 0.941, 0.331, 0.965, 0.969, 0.944, 0.967, 0.971, 0.948, 0.463, 0.972, 0.951, 0.969, 0.974, 0.665, 0.672, 0.949, 0.753, 0.776, 0.975, 0.806, 0.97, 0.976, 0.954, 0.168, 0.972, 0.954, 0.956, 0.367, 0.973, 0.958, 0.958, 0.565, 0.974, 0.977, 0.959, 0.975, 0.978, 0.961, 0.307, 0.961, 0.842, 0.574, 0.979, 0.963, 0.024, 0.964, 0.867, 0.728, 0.966, 0.885, 0.806, 0.98, 0.899, 0.894, 0.981, 0.91, 0.85, 0.969, 0.919, 0.878, 0.982, 0.927, 0.909, 0.982, 0.965, 0.102, 0.921, 0.97, 0.933, 0.737, 0.983, 0.966, 0.929, 0.983, 0.938, 0.81, 0.028, 0.938, 0.81, 0.984, 0.942, 0.853, 0.937, 0.985, 0.967, 0.875, 0.929, 0.969, 0.895, 0.985, 0.945, 0.942, 0.985, 0.949]
results_dict
Dict{String,Any}("Surprise" => [1.0000000000000002, 1.0000000000000002, 1.0000000000000002, 1.0000000000000002, 0.785205637862483, 0.773340693506996, 1.0000000000000002, 1.0000000000000002, 1.0000000000000002, 0.773340693506996, 0.773340693506996, 0.647267870951337, 0.6488609017247907, 0.6414854812363958, 0.6414854812363958, 0.558536880436043, 0.5594514612088201, 0.5552420044528426, 1.154071748077475, 1.0000000000000002, 0.4970910779687361, 0.773340693506996, 1.0513572493591576, 0.773340693506996, 0.4510548894836561, 0.6414854812363958, 1.0000000000000002, 0.773340693506996, 0.4944329462714055, 0.5799507819832401, 0.4965111315389814, 1.3060143272564269, 0.773340693506996, 0.6414854812363958, 0.44925275144753235, 0.5154982401767637, 0.45066047374308094, 0.9983753643345363, 0.8084843601019893, 0.5552420044528426, 0.4143622561537865, 0.46761099306594756, 0.4153675672799668, 0.4484480356659627, 0.38660563855379065, 0.43062997126062574, 1.2054289974366323, 0.6691898339773222, 0.5154982401767637, 0.3639978905956569, 0.4012102662072718, 0.3891652715677047, 0.4169658324623364, 1.462215244232424, 0.578080913431166, 0.3659716549783628, 0.3913804455612998, 1.1313253213439904, 0.5138416839659371, 0.34678931138299846, 0.3701733577172056, 0.9190253890569472, 0.46611326206939413, 0.3306565657903372, 0.3523072373586881, 0.38107047274581235, 0.3772479345415808, 1.556979962280152, 0.6414854812363958, 0.3370490008517277, 0.362418420180457, 0.35735334574051164, 1.1828749263618372, 0.46761099306594756, 0.34647320378147595, 0.34057175276175783, 0.9652467413741977, 0.43062997126062574, 0.3326854588217948, 0.3262255156013591, 0.34946678305370116, 0.3238657226826297, 0.8827683499875281, 0.429255192437282, 0.3352464146311267, 0.3123605999759595, 0.7722055521432839, 0.3999335677915902, 0.322866396283288, 0.3022320511783571, 0.3388586046443031, 0.31382036774161076, 0.5552420044528426, 0.29324674159020886, 0.709047686423361, 0.3760513640645782, 0.3119898262258788, 0.2852212952053106, 2.025382994909967, 1.0000000000000002, 0.3029873190395781, 0.4944329462714055, 0.773340693506996, 0.29344533029015496, 0.44925275144753235, 1.1027144987183164, 0.3562235205821972, 0.3023575673164961, 0.2780095929871208, 0.34422243776044253, 0.2849765823911762, 1.9684698625822443, 0.33289138291596926, 0.27740964604573676, 0.301458025435718, 0.6713616911333633, 0.27060775628946765, 1.5235083805625274, 0.3227669490148382, 0.2644604723546743, 0.4143622561537865, 0.8866703467534981, 0.3394984298707822, 0.38660563855379065, 0.6046595595136378, 0.25887763492005783, 1.4108579948732656, 0.31366614497057804, 0.2537849148397604, 0.3006508470515367, 0.2714937616480507, 0.7260037193309503, 0.3252006801757899, 0.29297956825814536, 0.2655776588738584, 0.6659651456199933, 0.3128376302012561, 0.28602162922357616, 0.26018208323471315, 0.31923265704704223, 0.24912048490811461, 1.3245893905811337, 0.31113082545617926, 0.24483249743931543, 0.286006461452995, 0.7609903208242641, 0.30204150307068023, 0.3772479345415808, 0.5576288279874801, 0.24087714887431702, 1.1449069409540735, 0.5552420044528426, 0.2925321836417722, 0.35735334574051164, 0.6787858921048302, 0.2840925690000281, 0.34057175276175783, 0.5226857179211944, 0.23721717798181235, 1.1888827554108359, 0.3037402595162987, 0.23382068840276027, 0.33587977531385776, 0.6208247097035542, 0.27655179350606307, 0.3228025439045909, 0.49570083168798296, 0.23066021665465233, 1.0435428600368981, 0.296971234655788, 0.22790618974287233, 0.2859927193270173, 0.255241198315367, 0.6704559012665774, 0.26977354187972846, 0.3205492194067671, 0.4596287768211965, 0.22513484766827216, 1.0182151440789526, 0.2965276537736072, 0.222538548990874, 0.3099472610284259, 0.5961186843948572, 0.6414854812363958, 0.30053780684907067, 0.44258948011771637, 0.22010120577108272, 0.2921303774121037, 1.7667390995541488, 0.2905638247189994, 0.21780864424277505, 0.28598020940972557, 0.5806468276380966, 0.2636477364881878, 0.2803856781072592, 0.4414264326680679, 0.21564832817144391, 0.9849346733611842, 0.2850453667777473, 0.21360912886970568, 0.2918629849515706],"trialByTrial_Vs" => [0.0, 0.0, 0.0, 0.0, 9.110068108896351e-7, 2.9971834568972844e-6, 9.860638325553667e-6, 0.0, 0.0, 1.9720956760298145e-5, 3.24411867293681e-5, 1.8221187712754726e-6, 5.994491266950953e-6, 2.9581684323352935e-5, 6.488132102813979e-5, 2.733537932237744e-6, 8.99258816978889e-6, 3.9442820977795525e-5, 9.732040293045717e-5, 2.9978482057425063e-6, 8.993861911287815e-6, 3.944380332288053e-5, 3.24411867293681e-5, 2.9982925489022127e-6, 8.994692485279897e-6, 3.944332769415356e-5, 3.244037445669456e-5, 2.99873689179901e-6, 3.944291539993471e-5, 9.73174789200313e-5, 2.7341312015696227e-6, 9.079724703464721e-6, 3.3350867702445984e-5, 5.997374126605522e-6, 4.9304461040073476e-5, 0.00012975550855489373, 2.818709088280532e-6, 9.357309246144538e-6, 3.426153349868716e-5, 8.996357255094433e-6, 5.9166415697765675e-5, 0.00016219248586157964, 5.816245396581041e-6, 1.9218413924517103e-5, 6.902877933609428e-5, 0.0001946284108742278, 1.1995686264529124e-5, 6.67016087432494e-5, 2.1857434334585083e-5, 7.889155191814462e-5, 0.00022706328362697591, 6.7283709563262245e-6, 2.2217854491823007e-5, 8.875473340700402e-5, 9.91406315932731e-5, 7.640470819608167e-6, 2.5216988812547275e-5, 9.861472028259427e-5, 0.00013157860208289922, 8.552743181457815e-6, 2.8216468971876855e-5, 0.00010847511622497662, 0.00016401552024626756, 9.465188044660013e-6, 3.1216294960596984e-5, 0.0001183359211972329, 0.0002594971041539605, 1.0377936302519069e-5, 2.48572324644598e-5, 3.421689739514361e-5, 0.00012819855190715384, 0.00029192987248931703, 1.0655746746143716e-5, 2.576968351455046e-5, 0.0001380615914811965, 0.00032436158866717984, 1.1568603386373096e-5, 2.8771348961558617e-5, 0.00014792503988245303, 0.00035679225272168216, 1.2481632565972623e-5, 3.7217845644547015e-5, 0.00015778889707401762, 0.00019645138611751683, 1.3394556419808175e-5, 4.021870933160753e-5, 0.0001676488311378742, 0.00022888619973078465, 1.4307652777427231e-5, 4.321991877842125e-5, 0.00017750917419929573, 0.00038922186468695613, 3.1773360192940065e-5, 4.6222347593242e-5, 0.00018737280039507194, 0.0002613199611202075, 1.5221187181401335e-5, 4.9224027040729155e-5, 0.00019723323242940558, 4.9227346120460473e-5, 0.00042165042459713277, 3.26861972907683e-5, 5.909586265597108e-5, 0.000454077932486342, 3.568674987415345e-5, 6.896478774644904e-5, 0.00029375267031992076, 1.5500419439899196e-5, 7.88297898954686e-5, 0.00020022800370464273, 0.0004865043883887126, 1.641507251188379e-5, 0.0002100930789786945, 0.0005189297923383723, 1.9419989076868765e-5, 8.183223849035958e-5, 0.0005513541443694477, 2.2422147389524162e-5, 0.0002199585628720731, 0.0005837774445160643, 3.868633180657554e-5, 9.170261194805207e-5, 0.00032618432736405875, 4.1686548906905775e-5, 0.0001015676052496645, 0.0006161996928123464, 4.46888712724144e-5, 0.00022982518395468397, 0.0006486208892924174, 2.5427533705633984e-5, 0.00011143879565860165, 0.0002396929420950878, 0.0003586149322867546, 2.634260155640103e-5, 0.00011444019969061088, 0.00024955386318571644, 0.0003910444851221405, 2.7257841849359995e-5, 0.000117441949451091, 0.00025941519312367106, 0.0006810410339903994, 2.8173789329649103e-5, 0.0002692827198649537, 0.0007134601269404134, 3.118098323436642e-5, 0.00012044580421618196, 0.00042347298590434724, 4.7694199854156e-5, 0.00013031205129645292, 0.0007458781681765795, 3.4182754243259035e-5, 0.0002791506550042157, 0.00045590043466750476, 5.0697859013129914e-5, 0.0001401852232977471, 0.0004883268314457418, 5.369988342562436e-5, 0.00015005228738425053, 0.0007782951577330165, 5.6704012769904984e-5, 0.00028901248221081376, 0.000810711095643842, 5.9711388741900335e-5, 0.0001599255474538499, 0.000520752176273186, 6.27137858206513e-5, 0.00016979269979355865, 0.0008431259819431727, 6.571850916253205e-5, 0.0002988819626881427, 0.0008755398166651242, 3.718821573105906e-5, 0.0001796667763198372, 0.0003087525797996346, 0.0005531764691839639, 6.872625728183254e-5, 0.00018266884777041505, 0.000907952599843811, 3.810531088650989e-5, 0.0003186156326429056, 0.0009403643315133461, 7.173151771084642e-5, 0.0001925439633437341, 0.0005855997102122009, 7.17377316039111e-5, 0.0001925519415989462, 0.000972775011707842, 7.474355917656636e-5, 0.00020242819322301741, 0.00032848706628802783, 0.0010051846404614097, 4.111484103541299e-5, 0.00020543305711731005, 0.0005864966663884368, 4.411931309878818e-5, 0.00021530021053011415, 0.0010375932178081592, 7.566102069731343e-5, 0.0003383596363149163, 0.0010700007437821992, 7.867066164063084e-5, 0.0, 0.0, 0.0, 0.0, 0.0, 0.0, 0.0, 0.0, 0.0, 0.0, 0.0, 0.0, 0.0, 0.0, 0.0, 0.0, 0.0, 0.0, 0.0, 0.0, 0.0, 0.0, 0.0, 0.0, 0.0, 0.0, 0.0, 0.0, 0.0, 0.0, 0.0, 0.0, 0.0, 0.0, 0.0, 0.0, 0.0, 0.0, 0.0, 0.0, 0.0, 0.0, 0.0, 0.0, 0.0, 0.0, 0.0, 0.0, 0.0, 0.0, 0.0, 0.0, 0.0],"final_V" => Dict{Int64,Any}(1 => [0.0, 0.00022517718074887904, 4.712699058212591e-5, 0.0006189188264699344, 0.0003482333425921978, 0.0011024072184176378, 7.867538997667247e-5]),"nparticles" => 15,"trial_by_trial_p_sa_max" => [0.5, 0.5, 0.5, 0.5, 0.6228400779802354, 0.6533841547117566, 0.3097723840976247, 0.5, 0.5, 0.5756158135349814, 0.7335160141443056, 0.7068226726655789, 0.7452462921075422, 0.7281935635367837, 0.825301781459475, 0.7639740346050531, 0.8016950111950384, 0.8056006181283989, 0.8706795814363371, 0.34647246527143544, 0.8016962839168169, 0.1943992673390056, 0.7335160141443056, 0.34647575039297135, 0.801696875954528, 0.19439657842068403, 0.2664849587766028, 0.6535209630954236, 0.8056053084235126, 0.8706774517985021, 0.7672170863517227, 0.8207922668895914, 0.40605317326836465, 0.6790159479999803, 0.7489649923365979, 0.8974573925071748, 0.7923576838018251, 0.840812560860365, 0.44600831011609415, 0.7608049066756882, 0.8170038295955672, 0.9150828035247446, 0.8323925052056071, 0.872089837306349, 0.8569352810692952, 0.9275503258216423, 0.8116981888762198, 0.7121718451687586, 0.8536145037782451, 0.882866096862166, 0.9368309386514332, 0.854613286408013, 0.8891551877966899, 0.9009671023133662, 0.8160210433238659, 0.8718457734027092, 0.9022899444007119, 0.914273561293841, 0.865625663188444, 0.8855651526611007, 0.9127012895322931, 0.9244635797131614, 0.8943027510206453, 0.8967194247244872, 0.9211451784696703, 0.9325094707524826, 0.9440064539530034, 0.9059529794208051, 0.12462730167488566, 0.9281261430164127, 0.9390209303699678, 0.9497194030870699, 0.9121409909705034, 0.7443326173065832, 0.944394865892353, 0.954375218578578, 0.9189719635747982, 0.8011860207543574, 0.9489040376978731, 0.9582422695371502, 0.9248393211803443, 0.9339884059209748, 0.9527407650104508, 0.9129307301624541, 0.9299278815031363, 0.9389764267575468, 0.9560426964325441, 0.9259900487497646, 0.934383744333223, 0.9432725288458439, 0.9589157406426982, 0.961505229289678, 0.16157508972682383, 0.9470112541778002, 0.9614387903068337, 0.935648467260847, 0.9383176399968812, 0.9502913955796659, 0.9636703780542433, 0.04970845664059855, 0.9642953246649113, 0.30936831160740236, 0.1864368791996776, 0.9667083572398837, 0.5188260032962397, 0.4586816568513117, 0.9430796383448163, 0.9410999319977473, 0.33089089557086354, 0.9652530133112789, 0.9688158967057591, 0.944301103215358, 0.9670776233196273, 0.9706724839603991, 0.9479120743178238, 0.46334155802863947, 0.9723204098263548, 0.951087741723316, 0.9687208281922737, 0.9737929705153519, 0.6653328766943504, 0.6716790915621936, 0.9489735336917636, 0.7526344084423167, 0.7761500175375926, 0.9751167375832394, 0.8064945574506615, 0.9702083849912159, 0.9763131736351678, 0.9539020617661768, 0.16753216300846338, 0.9715613479861983, 0.9537620696415915, 0.9558992060757718, 0.36710442385946146, 0.9727966129709347, 0.9577293343727534, 0.9577324817531502, 0.5646820168833768, 0.9739293665901667, 0.9773998036470105, 0.9594215926634804, 0.9749721341912015, 0.9783910782192714, 0.9613842152082421, 0.3070457577862958, 0.9610698053162297, 0.8420509477969071, 0.57437493718489, 0.9792990193056675, 0.9631664034919917, 0.024065098360286377, 0.9639210797885046, 0.8669800087853732, 0.727901404729536, 0.9663832435966845, 0.8853098986790281, 0.8055471716342153, 0.9801337097768702, 0.89931319515478, 0.8942275346831858, 0.9809036691676472, 0.9103340295787576, 0.8499164301655616, 0.9685308332752631, 0.9192177459478629, 0.8781647852647579, 0.9816161453225463, 0.926527987593251, 0.9092641351885894, 0.9822773431089058, 0.9647925824990854, 0.10238213142392323, 0.9206001221996473, 0.9704204968149047, 0.9326431199025809, 0.7368028242324175, 0.9828926049776607, 0.9659765498207925, 0.9294398315679135, 0.983466557218315, 0.9378309407561503, 0.8103940091610373, 0.027903945193470673, 0.9378317344809597, 0.8103975383402718, 0.9840032246466006, 0.9422866670218769, 0.8528878130637174, 0.9365250338552928, 0.9845061257217161, 0.967370804457191, 0.8748555749765845, 0.9291131560177397, 0.968655555970234, 0.895268800970687, 0.9849783497411694, 0.9453666123821215, 0.9423266958668073, 0.9854226203324685, 0.9488477369328661],"final_Tsas" => Dict{Tuple{Int64,Int64},Float64}[Dict((1, 6) => 0.674869511873867,(2, 3) => 0.05418219117783453,(2, 6) => 0.14285714285714285,(2, 2) => 0.07436854829662609,(2, 1) => 1.0,(2, 5) => 0.05109800357863359,(1, 7) => 0.1012555079081332,(1, 4) => 0.12378532192224903,(1, 3) => 0.14285714285714285,(2, 4) => 0.553528533679861,(1, 1) => 1.0,(1, 2) => 0.06402239483949324,(2, 7) => 0.06716756794782375,(1, 5) => 0.11851145373218272), Dict((1, 6) => 0.051125159212454745,(2, 3) => 0.5190785479568372,(2, 6) => 0.14285714285714285,(2, 2) => 0.07436854829662609,(2, 1) => 0.0,(2, 5) => 0.06946777395943488,(1, 7) => 0.1012555079081332,(1, 4) => 0.12378532192224903,(1, 3) => 0.14285714285714285,(2, 4) => 0.07068865747927008,(1, 1) => 0.0,(1, 2) => 0.06402239483949324,(2, 7) => 0.5018098014768416,(1, 5) => 0.11851145373218272), Dict((1, 6) => 0.051125159212454745,(2, 3) => 0.05418219117783453,(2, 6) => 0.14285714285714285,(2, 2) => 0.07436854829662609,(2, 1) => 0.0,(2, 5) => 0.05109800357863359,(1, 7) => 0.1012555079081332,(1, 4) => 0.12378532192224903,(1, 3) => 0.14285714285714285,(2, 4) => 0.07068865747927008,(1, 1) => 0.0,(1, 2) => 0.06402239483949324,(2, 7) => 0.06716756794782375,(1, 5) => 0.11851145373218272), Dict((1, 6) => 0.051125159212454745,(2, 3) => 0.05418219117783453,(2, 6) => 0.14285714285714285,(2, 2) => 0.25969767611041444,(2, 1) => 0.0,(2, 5) => 0.2157979486273642,(1, 7) => 0.13765693848851662,(1, 4) => 0.12378532192224903,(1, 3) => 0.14285714285714285,(2, 4) => 0.07068865747927008,(1, 1) => 0.0,(1, 2) => 0.1100545921882859,(2, 7) => 0.06716756794782375,(1, 5) => 0.28893127760690396), Dict((1, 6) => 0.051125159212454745,(2, 3) => 0.1515748817879316,(2, 6) => 0.14285714285714285,(2, 2) => 0.10110409685206509,(2, 1) => 0.0,(2, 5) => 0.05109800357863359,(1, 7) => 0.3560655219708173,(1, 4) => 0.12378532192224903,(1, 3) => 0.14285714285714285,(2, 4) => 0.07068865747927008,(1, 1) => 0.0,(1, 2) => 0.5698334336142478,(2, 7) => 0.16235235878403967,(1, 5) => 0.11851145373218272), Dict((1, 6) => 0.051125159212454745,(2, 3) => 0.05418219117783453,(2, 6) => 0.14285714285714285,(2, 2) => 0.34172403385101585,(2, 1) => 0.0,(2, 5) => 0.5103422630986663,(1, 7) => 0.1012555079081332,(1, 4) => 0.12378532192224903,(1, 3) => 0.14285714285714285,(2, 4) => 0.07068865747927008,(1, 1) => 0.0,(1, 2) => 0.06402239483949324,(2, 7) => 0.06716756794782375,(1, 5) => 0.11851145373218272), Dict((1, 6) => 0.06950469206385967,(2, 3) => 0.11261780554389278,(2, 6) => 0.14285714285714285,(2, 2) => 0.07436854829662609,(2, 1) => 0.0,(2, 5) => 0.05109800357863359,(1, 7) => 0.1012555079081332,(1, 4) => 0.2572880684665058,(1, 3) => 0.14285714285714285,(2, 4) => 0.09302817892378829,(1, 1) => 0.0,(1, 2) => 0.06402239483949324,(2, 7) => 0.06716756794782375,(1, 5) => 0.11851145373218272)],"gamma_surprise" => [0.004336552046615559, 0.004336552046615559, 0.004336552046615559, 0.004336552046615559, 0.00340825979717903, 0.0033569317621218275, 0.004336552046615559, 0.004336552046615559, 0.004336552046615559, 0.0033569317621218275, 0.0033569317621218275, 0.002811210954682266, 0.00281811030082648, 0.0027861668771766786, 0.0027861668771766786, 0.0024267701281497486, 0.002430734203607114, 0.0024124888571078833, 0.00500135059790562, 0.004336552046615559, 0.00216037286865004, 0.0033569317621218275, 0.004558250248090963, 0.0033569317621218275, 0.001960690484768627, 0.0027861668771766786, 0.004336552046615559, 0.0033569317621218275, 0.002148845371999724, 0.002519576323337103, 0.002157857842719617, 0.005656093201934463, 0.0033569317621218275, 0.0027861668771766786, 0.0019528720692374697, 0.002240191741627144, 0.0019589793576406823, 0.004329537232458272, 0.0035089487499412953, 0.0024124888571078833, 0.0018014786125220737, 0.002032511935642228, 0.0018058414037829952, 0.0019493808418540842, 0.0016810069795292926, 0.001872071620415537, 0.005222752877997482, 0.0029061456294353877, 0.002240191741627144, 0.0015828614182525538, 0.001744398851618148, 0.0016921177336283928, 0.0018127773843578927, 0.006328287960083404, 0.002511473145562262, 0.001591430763377571, 0.001701733073960747, 0.004903258736268813, 0.0022330089492326576, 0.0015081419849005135, 0.0016096724918795398, 0.003986801399569143, 0.0020260151067275425, 0.001438083650026709, 0.001532101967778763, 0.0016569793042619967, 0.0016403853218769466, 0.0067356555242005355, 0.0027861668771766786, 0.0014658447229808757, 0.0015760038437832812, 0.0015540122138859667, 0.005125533895390239, 0.002032511935642228, 0.0015067693450870176, 0.0014811426735735554, 0.004186473672373952, 0.001872071620415537, 0.0014468948957919248, 0.001418839575272249, 0.00151976826769544, 0.0014085906792632174, 0.0038301180546539693, 0.0018661062166524993, 0.001458016606124056, 0.0013586193804268783, 0.003352020836127478, 0.0017388576208032475, 0.0014042504077507927, 0.0013146229469025862, 0.0014737031916929922, 0.0013649600062770205, 0.0024124888571078833, 0.0012755892756296536, 0.0030787066918425412, 0.001635190788374614, 0.0013570088801830825, 0.0012407228290645422, 0.008744296150800463, 0.004336552046615559, 0.0013179038164225093, 0.002148845371999724, 0.0033569317621218275, 0.0012764520107678527, 0.0019528720692374697, 0.004779849743219105, 0.0015491065868536622, 0.0013151681881620738, 0.0012093896065988356, 0.0014969956935682472, 0.0012396596392055155, 0.008500670724659596, 0.001447789191419668, 0.0012067828836341157, 0.0013112605711287917, 0.0029155500326231917, 0.001177228248148726, 0.006591808521395527, 0.0014038184865994615, 0.0011505164110984453, 0.0018014786125220737, 0.003846982744795101, 0.001476481696569268, 0.0016810069795292926, 0.0026266408011178756, 0.0011262560294811672, 0.006107377567308616, 0.0013642901303153052, 0.0011041244391461267, 0.001307754155823351, 0.001181078095802395, 0.003152098235301359, 0.0014143886039028296, 0.0012744285837644107, 0.0011553710359385777, 0.002892182013034542, 0.0013606914107715175, 0.0012441999789917393, 0.0011319246528871617, 0.0013884680440394567, 0.0010838532219976489, 0.0057360767379968656, 0.0013532776873772686, 0.0010652172660417178, 0.001244134080965374, 0.003303498136080066, 0.0013137952060670525, 0.0016403853218769466, 0.002422834317297255, 0.001048026370334199, 0.004961830541075994, 0.0024124888571078833, 0.0012724849867186685, 0.0015540122138859667, 0.0029476963777695714, 0.001235818897596456, 0.0014811426735735554, 0.0022713552940835974, 0.0010321187299349034, 0.005151432408394563, 0.0013211745543705781, 0.0010173558273592889, 0.0014607671245692039, 0.0026966728406910196, 0.0012030555571948774, 0.0014039730830028901, 0.002154343832898287, 0.0010036183885832723, 0.004524523578283203, 0.0012917694598939713, 0.0009916473118797328, 0.0012440743767992912, 0.001110453155173021, 0.0029116278749201203, 0.0011736034140651156, 0.001394186306707624, 0.001997885854496484, 0.000979600680811747, 0.004415194206696693, 0.0012898424545661107, 0.0009683146749856384, 0.0013481366601887721, 0.002589635323700695, 0.0027861668771766786, 0.0013072631026802468, 0.0019239629956085736, 0.0009577194100742414, 0.0012707393918611068, 0.0076361657761698535, 0.0012639336493482757, 0.00094775331402076, 0.001244020026092117, 0.0025225926416770033, 0.0011469847171647234, 0.0012197133786459023, 0.0019189168603712993, 0.000938361926103151, 0.0042714995373312045, 0.0012399584830502367, 0.000929496898482069, 0.0012695777367440215],"final_PolicyParameters" => Dict{Int64,Any}(1 => [0.0 0.0; 2.9048108902594536 3.8119081741832264; 0.0 1.3605526582458045; 0.9062800964828017 1.971341267991957; 1.1798787926657528 2.311274083675765; 1.6634651233841151 0.0; 1.1182139264497857 2.2630157925992664]),"particlefilterseeds" => [1, 2, 3])