DateTime of fitting: 2020-02-09T16:33:41.551
DATA_STATS
nr_subjects: 1
all_subject_ids: [19]
nr_puzzles: 1
nr_episodes: 62
nr_actions: 180
max_state_id: 7
max_action_id: 2
SUBJECT_SIGNALS
subject_id: 19
algorithm_name: Sarsa-Lambda (ReplTrc)
param_string: alpha=0.2118, gamma=0.9039,
                lambda=0.5088, temp=0.1814,
                reward_magnitude=1.0,
                action_cost=0.0,
                initQSA=nothing, use_replacing_trace=true
param_vector: [0.21179575609990045, 0.903850854773616, 0.5087597038222867, 0.18143131160135204, 1.0, 0.0, 0.0]
LL: -59.716
RPE
[0.0, 0.0, 0.0, 0.0, 0.0, 0.0, 0.0, 0.0, 0.0, 0.0, 0.0, 0.0, 0.0, 1.0, 0.02, 0.043, 0.094, 0.788, 0.342, 0.621, 0.175, 0.267, 0.49, 0.422, 0.386, 0.089, 0.137, 0.369, 0.304, -0.055, -0.0, 1.0, -0.288, 0.0, 0.094, 0.788, 0.126, 0.148, 0.621, 0.36, 0.24, 0.034, 0.49, 0.251, 0.189, 0.185, 0.257, 0.386, 0.216, 0.149, 0.015, 0.304, 0.151, 0.117, -0.003, 0.24, -0.713, 0.12, 0.386, 0.23, 0.093, 0.19, 0.073, 0.037, 0.189, 0.186, 0.462, 0.057, 0.018, 0.577, 0.045, 0.193, 0.378, 0.036, 0.32, 0.156, 0.028, 0.126, 0.022, 0.105, 0.192, 0.149, 0.101, 0.017, -0.012, 0.117, 0.07, 0.408, -0.016, 0.014, 0.107, 0.262, 0.011, 0.077, 0.009, -0.353, 0.446, 0.209, 0.007, 0.063, 0.005, 0.05, 0.004, 0.04, -0.211, 0.012, 0.047, 0.093, 0.372, 0.037, 0.11, 0.238, 0.095, -0.019, 0.075, 0.172, 0.144, 0.029, 0.036, 0.211, 0.059, 0.12, 0.095, 0.046, 0.024, 0.023, 0.014, 0.18, 0.037, 0.083, 0.086, 0.029, 0.021, 0.018, 0.011, 0.023, 0.075, 0.078, -0.098, 0.018, -0.003, 0.033, 0.012, 0.014, 0.197, 0.162, 0.011, 0.013, 0.009, 0.171, 0.13, 0.007, -0.007, 0.026, 0.23, -0.003, 0.021, -0.0, 0.016, 0.008, 0.005, 0.098, 0.104, 0.004, 0.128, -0.001, 0.013, 0.0, 0.01, 0.157, 0.001, 0.008, 0.621, -0.198, -0.422, 0.45, 0.078, 0.006, 0.004, 0.003]
SPE
Float64[]
action_selection_prob
[0.5, 0.5, 0.5, 0.5, 0.5, 0.5, 0.5, 0.5, 0.5, 0.5, 0.5, 0.5, 0.5, 0.5, 0.528, 0.561, 0.625, 0.763, 0.432, 0.89, 0.5, 0.74, 0.943, 0.613, 0.967, 0.385, 0.632, 0.761, 0.979, 0.459, 0.274, 0.487, 0.852, 0.504, 0.392, 0.753, 0.178, 0.524, 0.884, 0.76, 0.985, 0.845, 0.94, 0.881, 0.989, 0.435, 0.835, 0.966, 0.917, 0.991, 0.939, 0.978, 0.948, 0.992, 0.959, 0.984, 0.964, 0.007, 0.453, 0.931, 0.99, 0.949, 0.991, 0.96, 0.988, 0.399, 0.894, 0.992, 0.482, 0.646, 0.992, 0.433, 0.937, 0.993, 0.541, 0.965, 0.993, 0.971, 0.993, 0.652, 0.959, 0.99, 0.975, 0.993, 0.978, 0.992, 0.291, 0.786, 0.993, 0.993, 0.644, 0.97, 0.994, 0.979, 0.994, 0.703, 0.146, 0.978, 0.994, 0.981, 0.994, 0.983, 0.994, 0.984, 0.994, 0.982, 0.992, 0.323, 0.757, 0.993, 0.396, 0.831, 0.993, 0.983, 0.994, 0.536, 0.982, 0.993, 0.605, 0.872, 0.994, 0.645, 0.985, 0.995, 0.983, 0.993, 0.69, 0.9, 0.995, 0.715, 0.987, 0.995, 0.984, 0.993, 0.985, 0.995, 0.745, 0.989, 0.993, 0.995, 0.985, 0.993, 0.985, 0.995, 0.235, 0.919, 0.995, 0.985, 0.996, 0.297, 0.932, 0.996, 0.986, 0.993, 0.357, 0.986, 0.993, 0.986, 0.993, 0.986, 0.996, 0.421, 0.941, 0.996, 0.536, 0.986, 0.993, 0.986, 0.994, 0.426, 0.986, 0.994, 0.014, 0.948, 0.472, 0.08, 0.989, 0.994, 0.976, 0.996]
results_dict
Dict{String,Any}("trialByTrial_Qsa" => [0.0, 0.0, 0.0, 0.0, 0.0, 0.0, 0.0, 0.0, 0.0, 0.0, 0.0, 0.0, 0.0, 0.0, 0.020594236239055545, 0.04478537462414662, 0.09739277324698392, 0.21179575609990045, 0.0, 0.3787340698978724, 0.0, 0.19407523196450188, 0.5103155573029604, 0.1330085471813598, 0.6140286440943383, 8.706437349397648e-6, 0.09840283535244514, 0.2599733154643413, 0.6957757392512818, 0.05493241687581438, 0.0001947164143976159, 0.0, 0.3677348998909425, 0.0881016496706245, 0.09754624955116913, 0.21179575609990045, 0.04946141643623102, 0.19419620263879875, 0.3787340698978724, 0.32715921683154253, 0.7602091465804899, 0.4267503657957422, 0.5103155573029604, 0.48174878833701457, 0.8109958316863154, 0.08510367646587991, 0.2983532604012073, 0.6140286440943383, 0.5533744512983139, 0.8510261124203451, 0.6135945104642279, 0.6957757392512818, 0.6464606265228777, 0.8825781495794197, 0.6899325509083126, 0.7602091465804899, 0.7126898472888411, 0.0, 0.1325593399324902, 0.5906888514719766, 0.9074475991718959, 0.6483116993418575, 0.9270498048841452, 0.6955736444395362, 0.8109958316863154, 0.16647383944995664, 0.3902987201306701, 0.942500346616343, 0.2407509833937793, 0.2860748182505447, 0.9546785291802168, 0.2534607631030912, 0.49365967276791883, 0.9642774243600524, 0.3326858961196491, 0.7219121103296495, 0.971843314277551, 0.757798137649711, 0.9778067808194043, 0.4169232866449492, 0.5771771089463728, 0.8510261124203451, 0.7866444551218048, 0.9825072104560494, 0.8098232686859244, 0.8825781495794197, 0.3027318346521559, 0.41265517512394256, 0.9074475991718959, 0.9862121090438069, 0.4644843018729719, 0.632355866238529, 0.9891323258338968, 0.8186956787559594, 0.991434053100954, 0.5131332011962647, 0.17688208447329004, 0.6888353673806477, 0.9932482843011491, 0.8359256505493703, 0.9946782690325587, 0.8498114702675061, 0.9958053890665682, 0.8608623255424388, 0.9966937898607593, 0.848789649208698, 0.9531551069989586, 0.35686623153179947, 0.498024336120886, 0.9630766565315331, 0.4145490487597523, 0.5805044361162195, 0.9053892244681677, 0.8558281594691501, 0.9254273852071301, 0.4912200450351414, 0.7337398105005184, 0.9708968639791733, 0.5429519132345119, 0.6400907324340486, 0.9412215485415326, 0.5736372708469847, 0.7670317778785212, 0.95367057511056, 0.8589864282638375, 0.9770607846775825, 0.6102993444931908, 0.690426540063148, 0.9634829506846925, 0.6324169846165819, 0.7916527048412891, 0.9712171067549654, 0.8663313424842269, 0.9819192131311323, 0.8725775168065953, 0.9773132013925402, 0.6597038593333951, 0.8127090822854692, 0.9857486470569052, 0.9821181690570933, 0.8770676331687985, 0.9667214526825988, 0.8796107244635961, 0.9859054649620967, 0.4652766491399307, 0.7321948772959006, 0.988890627667326, 0.8834192451827753, 0.99124354558032, 0.5231360418352556, 0.7675061705485016, 0.9930981254648904, 0.8869231251502339, 0.9737697077735941, 0.572243645010676, 0.888041675943272, 0.9793251723484071, 0.8894457527692984, 0.9837040131031114, 0.8909642338965666, 0.9945599132005606, 0.6216899187592264, 0.7957343506413558, 0.9957121004974969, 0.6791583435055839, 0.8931819851757006, 0.987155433969332, 0.8942337163090287, 0.9898758585435724, 0.6526918154956575, 0.895318521263578, 0.9920201087381988, 0.11841075057406372, 0.8182297375912857, 0.6863327846715437, 0.29193317588253387, 0.8205348409990816, 0.9937102158415869, 0.8963752122807729, 0.99662025941471],"StateValue_V2_record" => [0.0, 0.0, 0.0, 0.0, 0.0, 0.0, 0.0, 0.0, 0.0, 0.0, 0.0, 0.0, 0.0, 0.0, 1.0, 0.018614118028080134, 0.040479299135391535, 0.08802854134805939, 0.19143177518831933, 1.0, 0.04470574352420119, 0.3423191128090824, 1.0, 7.869320840286e-6, 0.17541506430150283, 0.461249152672555, 1.0, 0.12021988906206889, 0.5549903148201522, 1.0, 0.07692103071806282, 0.08894148684545494, 0.23497710340077585, 0.6288774966530156, 1.0, 0.07692103071806282, 0.15987502324532216, 0.008559569887917392, 1.0, 0.3323775035965185, 0.07963075136175962, 0.15987502324532216, 0.19143177518831933, 1.0, 0.29570313778025653, 0.1755244037488686, 0.3423191128090824, 1.0, 0.29570313778025653, 0.6871156869434969, 1.0, 0.3857186828994349, 0.461249152672555, 1.0, 0.43542905412456445, 0.7330192756875158, 1.0, 0.1198138727062076, 0.26966684943812647, 0.5549903148201522, 1.0, 0.5001679708158617, 0.7692006791457964, 1.0, 0.5545979227674909, 0.6288774966530156, 1.0, 0.5843039898601904, 0.7977190149018749, 1.0, 0.6235961258746198, 0.6871156869434969, 1.0, 0.644165327660497, 0.8201972881737838, 0.15046752208428904, 0.5338946233081916, 0.8201972881737838, 1.0, 0.5859770836098734, 0.8379147585622486, 1.0, 0.628694833084674, 0.7330192756875158, 1.0, 0.21760298212805604, 0.3527718318071545, 0.851879743913611, 1.0, 0.22909072738230196, 0.2585689690049617, 0.8628870046335575, 1.0, 0.27362442751753613, 0.44619471719854703, 0.8715629742467342, 1.0, 0.3006984315788713, 0.6525008779928787, 0.8784014103157884, 1.0, 0.6849364944605457, 0.8837914946470564, 1.0, 0.3768364690090627, 0.5216820232769436, 0.7692006791457964, 1.0, 0.7110092631647688, 0.8880399819919413, 1.0, 0.7319594536173365, 0.7977190149018749, 1.0, 0.41982453327681196, 0.3729787327625317, 0.8201972881737838, 0.8913886577473354, 1.0, 0.41982453327681196, 0.5715553902208048, 0.8940280981891825, 1.0, 0.7399787890430397, 0.8961085163469679, 1.0, 0.46379588251396575, 0.45013972190092544, 0.6226044356052962, 0.8977483107680212, 1.0, 0.7555521137762394, 0.899040803689819, 1.0, 0.7681028237977088, 0.900059552095991, 1.0, 0.7780911487839363, 0.9008625339132021, 0.7671792499602794, 0.8615100581928461, 1.0, 0.4439896575869467, 0.45013972190092544, 0.8704776592185424, 1.0, 0.4439896575869467, 0.5246894307835209, 0.8183368244383747, 1.0, 0.773541013475522, 0.8364483331503769, 1.0, 0.4439896575869467, 0.6631913549023246, 0.877545960404599, 1.0, 0.4907475508779838, 0.5785465556431848, 0.8507239011806108, 1.0, 0.5184825375850514, 0.6932823280740278, 0.8619759644861257, 1.0, 0.776395617425205, 0.883117225396613, 1.0, 0.5516195841879481, 0.6240426183944665, 0.870844888536165, 1.0, 0.5716106321190504, 0.7155359739546443, 0.8778354121112338, 1.0, 0.7830343244215429, 0.8875085201072104, 1.0, 0.7886799344218806, 0.8833453724601866, 1.0, 0.5962738971559426, 0.7345677987060024, 0.8909697572343194, 0.8876883465909525, 1.0, 0.7927383299338909, 0.8737720113351587, 1.0, 0.795036905174461, 0.8911114972319705, 1.0, 0.6138578493041551, 0.6617949657047627, 0.8938096390947303, 1.0, 0.798479239881914, 0.8959363259616021, 1.0, 0.6138578493041551, 0.6937111082942878, 0.8976125895755169, 1.0, 0.8016462247855257, 0.8801425827238173, 1.0, 0.6138578493041551, 0.802657227875921, 0.8851638941284266, 1.0, 0.8039263039152927, 0.8891217130874837, 1.0, 0.8052987843801317, 0.8989338276699, 1.0, 0.6138578493041551, 0.7192251729999177, 0.8999752331430952, 1.0, 0.6138578493041551, 0.8073033007694522, 0.8922412827876006, 1.0, 0.8082539088533028, 0.894700140864375, 1.0, 0.6388259963261613, 0.8092344107387349, 0.8966382232356365, 1.0, 0.8101895018178581, 0.7395576477230751, 0.6388259963261613, 0.66448643115366, 0.741641117408553, 0.8981658279856928, 1.0, 0.8101895018178581, 0.9007960733566885, 1.0],"final_QSA" => Dict{Int64,Any}(1 => [0.0 0.0; 0.39502179683453303 0.7569713078548873; 0.8976406942034159 0.22179777374355508; 0.07512722810757327 0.9950423654331232; 0.8375893341070052 0.004354764241023016; 0.997336074127393 0.009470113174879138; 0.7067825327068652 0.6442602694133415]),"trialByTrial_Vs" => [0.0, 0.0, 0.0, 0.0, 0.0, 0.0, 0.0, 0.0, 0.0, 0.0, 0.0, 0.0, 0.0, 0.0, 0.020594236239055545, 0.04478537462414662, 0.09739277324698392, 0.21179575609990045, 0.04946141643623102, 0.3787340698978724, 8.706437349397648e-6, 0.19407523196450188, 0.5103155573029604, 0.1330085471813598, 0.6140286440943383, 0.08510367646587991, 0.09840283535244514, 0.2599733154643413, 0.6957757392512818, 0.08510367646587991, 0.17688208447329004, 0.009470113174879138, 0.3677348998909425, 0.0881016496706245, 0.17688208447329004, 0.21179575609990045, 0.32715921683154253, 0.19419620263879875, 0.3787340698978724, 0.32715921683154253, 0.7602091465804899, 0.4267503657957422, 0.5103155573029604, 0.48174878833701457, 0.8109958316863154, 0.1325593399324902, 0.2983532604012073, 0.6140286440943383, 0.5533744512983139, 0.8510261124203451, 0.6135945104642279, 0.6957757392512818, 0.6464606265228777, 0.8825781495794197, 0.6899325509083126, 0.7602091465804899, 0.7126898472888411, 0.9074475991718959, 0.16647383944995664, 0.5906888514719766, 0.9074475991718959, 0.6483116993418575, 0.9270498048841452, 0.6955736444395362, 0.8109958316863154, 0.2407509833937793, 0.3902987201306701, 0.942500346616343, 0.2534607631030912, 0.2860748182505447, 0.9546785291802168, 0.3027318346521559, 0.49365967276791883, 0.9642774243600524, 0.3326858961196491, 0.7219121103296495, 0.971843314277551, 0.757798137649711, 0.9778067808194043, 0.4169232866449492, 0.5771771089463728, 0.8510261124203451, 0.7866444551218048, 0.9825072104560494, 0.8098232686859244, 0.8825781495794197, 0.4644843018729719, 0.41265517512394256, 0.9074475991718959, 0.9862121090438069, 0.4644843018729719, 0.632355866238529, 0.9891323258338968, 0.8186956787559594, 0.991434053100954, 0.5131332011962647, 0.498024336120886, 0.6888353673806477, 0.9932482843011491, 0.8359256505493703, 0.9946782690325587, 0.8498114702675061, 0.9958053890665682, 0.8608623255424388, 0.9966937898607593, 0.848789649208698, 0.9531551069989586, 0.4912200450351414, 0.498024336120886, 0.9630766565315331, 0.4912200450351414, 0.5805044361162195, 0.9053892244681677, 0.8558281594691501, 0.9254273852071301, 0.4912200450351414, 0.7337398105005184, 0.9708968639791733, 0.5429519132345119, 0.6400907324340486, 0.9412215485415326, 0.5736372708469847, 0.7670317778785212, 0.95367057511056, 0.8589864282638375, 0.9770607846775825, 0.6102993444931908, 0.690426540063148, 0.9634829506846925, 0.6324169846165819, 0.7916527048412891, 0.9712171067549654, 0.8663313424842269, 0.9819192131311323, 0.8725775168065953, 0.9773132013925402, 0.6597038593333951, 0.8127090822854692, 0.9857486470569052, 0.9821181690570933, 0.8770676331687985, 0.9667214526825988, 0.8796107244635961, 0.9859054649620967, 0.6791583435055839, 0.7321948772959006, 0.988890627667326, 0.8834192451827753, 0.99124354558032, 0.6791583435055839, 0.7675061705485016, 0.9930981254648904, 0.8869231251502339, 0.9737697077735941, 0.6791583435055839, 0.888041675943272, 0.9793251723484071, 0.8894457527692984, 0.9837040131031114, 0.8909642338965666, 0.9945599132005606, 0.6791583435055839, 0.7957343506413558, 0.9957121004974969, 0.6791583435055839, 0.8931819851757006, 0.987155433969332, 0.8942337163090287, 0.9898758585435724, 0.7067825327068652, 0.895318521263578, 0.9920201087381988, 0.8963752122807729, 0.8182297375912857, 0.7067825327068652, 0.7351726533688916, 0.8205348409990816, 0.9937102158415869, 0.8963752122807729, 0.99662025941471],"RPE_QV" => [0.0, 0.0, 0.0, 0.0, 0.0, 0.0, 0.0, 0.0, 0.0, 0.0, 0.0, 0.0, 0.0, 1.0, 0.01988506289633599, 0.04324316672391277, 0.09403900194133541, 0.7882042439000996, 0.3423191128090824, 0.6212659301021276, 0.17541506430150283, 0.2671739207080531, 0.4896844426970396, 0.42198176763879236, 0.3859713559056617, 0.08893278040810554, 0.13657426804833073, 0.3689041811886743, 0.3042242607487182, 0.10494260636950778, 0.008364853473519776, 1.0, -0.28810414852918287, 0.07177337357469765, 0.0938855256371502, 0.7882042439000996, 0.1260629873126376, 0.14812291017028364, 0.6212659301021276, 0.35995647011195436, 0.23979085341951012, 0.03449878687681279, 0.4896844426970396, 0.2512704873505012, 0.1890041683136846, 0.18456317297224656, 0.25663705441894485, 0.3859713559056617, 0.2158262278474825, 0.1489738875796549, 0.015282986188787762, 0.3042242607487182, 0.1512583883789972, 0.11742185042058029, -0.00281686396481573, 0.23979085341951012, 0.10750744088494268, 0.15046752208428904, 0.3857215455504011, 0.2295084367018072, 0.09255240082810412, 0.1896030592203911, 0.07295019511585477, 0.037445631247979616, 0.1890041683136846, 0.18629799235719785, 0.4615810237829409, 0.057499653383657034, 0.01781798561118239, 0.5768121863830128, 0.045321470819783216, 0.19273395409545585, 0.3779033014788154, 0.03572257563994763, 0.3198149818732296, 0.15648929998613892, 0.028156685722449004, 0.12599335699734537, 0.02219321918059569, 0.10475873663199436, 0.19202357019942362, 0.1489738875796549, 0.10139552687013653, 0.017492789543950615, -0.012104253784049446, 0.11742185042058029, 0.07024689811037577, 0.4075421130498412, -0.016058941424560436, 0.01378789095619315, 0.10707108834783291, 0.2616722319506535, 0.010867674166103236, 0.07741283759100848, 0.008565946899045995, -0.06299347929533927, 0.4457223511320062, 0.20891294338737354, 0.006751715698850913, 0.06311515314044869, 0.005321730967441263, 0.050248081828484836, 0.004194610933431764, 0.040000208370763346, -0.2109453301805052, 0.011691245680363838, 0.04684489300104144, 0.09327349036912597, 0.3724533230976564, 0.03692334346846693, 0.11014038202376863, 0.23783238832215525, 0.09461077553183228, -0.01937982631877322, 0.07457261479286992, 0.17197130986718323, 0.14380614990408058, 0.029103136020826703, 0.03559464240867294, 0.21063316874656224, 0.058778451458467385, 0.1196450572270431, 0.09494418660760451, 0.04632942488944003, 0.02413079713277544, 0.022939215322417494, 0.013743273901275721, 0.18041834847301708, 0.036517049315307526, 0.08311898933806239, 0.0861827072699447, 0.02878289324503458, 0.021177177622983434, 0.018080786868867715, 0.010767855653591285, 0.022686798607459813, 0.07486393937260727, 0.07826067494885014, -0.09806030046595271, 0.01788183094290674, -0.00329562183363985, 0.03327854731740121, 0.011500772768374357, 0.014094535037903255, 0.19651831656483199, 0.16161476179882972, 0.01110937233267395, 0.01251708077882685, 0.008756454419679982, 0.1705750664590322, 0.13010641902701536, 0.006901874535109598, -0.006780542426416569, 0.026230292226405938, 0.23041358286524494, -0.002877781814845437, 0.020674827651592897, -0.000324039681814714, 0.016295986896888603, 0.007969593773333394, 0.005440086799439414, 0.09753525424069132, 0.10424088250173946, 0.004287899502503079, 0.12814495726386832, -0.0009407023880999565, 0.01284456603066797, 0.0004664245553462898, 0.010124141456427593, 0.15654259524307745, 0.0013197019720584402, 0.007979891261801209, 0.6211468971490114, -0.17940374126512437, 0.015342952911274743, 0.4497079415260191, 0.0776309869866112, 0.006289784158413081, 0.004420861075915661, 0.003379740585290003],"StateValue_V3_record" => [0.0, 0.0, 0.0, 0.0, 0.0, 0.0, 0.0, 0.0, 0.0, 0.0, 0.0, 0.0, 0.0, 0.0, 0.21179575609990045, 0.020594236239055545, 0.024805808170279102, 0.05394409381659178, 0.11730983476602906, 0.3787340698978724, 0.04946141643623102, 0.07250173532484672, 0.5103155573029604, 8.706437349397648e-6, 0.03715216617504945, 0.25066153451103884, 0.6140286440943383, 0.1330085471813598, 0.22238249471879032, 0.6957757392512818, 0.08510367646587991, 0.08510367646587991, 0.1273286857175318, 0.3381056554476113, 0.7602091465804899, 0.08510367646587991, 0.08510367646587991, 0.17688208447329004, 0.21179575609990045, 0.3677348998909425, 0.3067156639176862, 0.08811554587952915, 0.17688208447329004, 0.3787340698978724, 0.32715921683154253, 0.32715921683154253, 0.2255680063940316, 0.5103155573029604, 0.32715921683154253, 0.40339646958195513, 0.8109958316863154, 0.4267503657957422, 0.4340570624468461, 0.6140286440943383, 0.48174878833701457, 0.5349668111910044, 0.8510261124203451, 0.1325593399324902, 0.1325593399324902, 0.35270789938511904, 0.6957757392512818, 0.5533744512983139, 0.5990855304114608, 0.8825781495794197, 0.6135945104642279, 0.6168313820795465, 0.7602091465804899, 0.6464606265228777, 0.6784965112560598, 0.9074475991718959, 0.6899325509083126, 0.689335951075054, 0.8109958316863154, 0.7126898472888411, 0.5617451622175784, 0.9074475991718959, 0.21425352631635958, 0.639297764354542, 0.9270498048841452, 0.6483116993418575, 0.6884688226282945, 0.942500346616343, 0.6955736444395362, 0.7035044702223401, 0.8510261124203451, 0.2407509833937793, 0.2407509833937793, 0.48805962206414416, 0.9546785291802168, 0.2534607631030912, 0.2534607631030912, 0.4082411913931716, 0.9642774243600524, 0.3027318346521559, 0.3027318346521559, 0.5736979882372731, 0.971843314277551, 0.3326858961196491, 0.40042135201756573, 0.7550558799417579, 0.9778067808194043, 0.757798137649711, 0.7844829959585284, 0.9825072104560494, 0.4169232866449492, 0.4391107424779928, 0.617846886185762, 0.8825781495794197, 0.7866444551218048, 0.8081195974004132, 0.9862121090438069, 0.8098232686859244, 0.8072596391037066, 0.9074475991718959, 0.4644843018729719, 0.4644843018729719, 0.4989708650998848, 0.9040463835307171, 0.9891323258338968, 0.4644843018729719, 0.4871615039860404, 0.6877769344548662, 0.991434053100954, 0.8186956787559594, 0.8350913892253858, 0.9932482843011491, 0.5131332011962647, 0.43831461829867163, 0.498024336120886, 0.7330822421844321, 0.9946782690325587, 0.8359256505493703, 0.8492931721301127, 0.9958053890665682, 0.8498114702675061, 0.8604538007509398, 0.9966937898607593, 0.8608623255424388, 0.8693341999184782, 0.9520164641594361, 0.8512658054273204, 0.9630766565315331, 0.4912200450351414, 0.4912200450351414, 0.5769083692982746, 0.9708968639791733, 0.4912200450351414, 0.4912200450351414, 0.6308763266259555, 0.9254273852071301, 0.8558281594691501, 0.8517235945008809, 0.9412215485415326, 0.4912200450351414, 0.5276428386359517, 0.7641973427512687, 0.9770607846775825, 0.5429519132345119, 0.5504907074365624, 0.6847019436684446, 0.95367057511056, 0.5736372708469847, 0.5989775862060022, 0.7871405536683688, 0.9634829506846925, 0.8589864282638375, 0.864097228687867, 0.9819192131311323, 0.6102993444931908, 0.6132101115803995, 0.7286383805922859, 0.9712171067549654, 0.6324169846165819, 0.6500212338096965, 0.8099058364902635, 0.9773132013925402, 0.8663313424842269, 0.8708165788309487, 0.9857486470569052, 0.8725775168065953, 0.8748581029363223, 0.9821181690570933, 0.6597038593333951, 0.6755597239774336, 0.8292843611091495, 0.9649798915763353, 0.9859054649620967, 0.8770676331687985, 0.8763696344507235, 0.9737697077735941, 0.8796107244635961, 0.8820465393278071, 0.988890627667326, 0.6791583435055839, 0.6791583435055839, 0.7664241979679891, 0.99124354558032, 0.8834192451827753, 0.8860703097704904, 0.9930981254648904, 0.6791583435055839, 0.6791583435055839, 0.7950621579397787, 0.9945599132005606, 0.8869231251502339, 0.8854870350402635, 0.9793251723484071, 0.6791583435055839, 0.6791583435055839, 0.8874321739679063, 0.9837040131031114, 0.8894457527692984, 0.8893771225398821, 0.987155433969332, 0.8909642338965666, 0.8926521600355989, 0.9957121004974969, 0.6791583435055839, 0.6791583435055839, 0.8178121271673325, 0.99662025941471, 0.6791583435055839, 0.7062989016196743, 0.892982748402148, 0.9898758585435724, 0.8942337163090287, 0.8943325030503918, 0.9920201087381988, 0.7067825327068652, 0.7067825327068652, 0.8955980285405767, 0.9937102158415869, 0.8963752122807729, 0.8963752122807729, 0.7763180549943324, 0.7067825327068652, 0.7553129920015882, 0.8369767545846925, 0.9950423654331232, 0.8963752122807729, 0.897311531894959, 0.997336074127393],"StateValue_V1_record" => [0.0, 0.0, 0.0, 0.0, 0.0, 0.0, 0.0, 0.0, 0.0, 0.0, 0.0, 0.0, 0.0, 0.0, 0.0, 0.020594236239055545, 0.04478537462414662, 0.09739277324698392, 0.21179575609990045, 0.0, 0.04946141643623102, 0.3787340698978724, 0.0, 8.706437349397648e-6, 0.19407523196450188, 0.5103155573029604, 0.0, 0.1330085471813598, 0.6140286440943383, 0.0, 0.08510367646587991, 0.09840283535244514, 0.2599733154643413, 0.6957757392512818, 0.0, 0.08510367646587991, 0.17688208447329004, 0.009470113174879138, 0.0, 0.3677348998909425, 0.0881016496706245, 0.17688208447329004, 0.21179575609990045, 0.0, 0.32715921683154253, 0.19419620263879875, 0.3787340698978724, 0.0, 0.32715921683154253, 0.7602091465804899, 0.0, 0.4267503657957422, 0.5103155573029604, 0.0, 0.48174878833701457, 0.8109958316863154, 0.0, 0.1325593399324902, 0.2983532604012073, 0.6140286440943383, 0.0, 0.5533744512983139, 0.8510261124203451, 0.0, 0.6135945104642279, 0.6957757392512818, 0.0, 0.6464606265228777, 0.8825781495794197, 0.0, 0.6899325509083126, 0.7602091465804899, 0.0, 0.7126898472888411, 0.9074475991718959, 0.16647383944995664, 0.5906888514719766, 0.9074475991718959, 0.0, 0.6483116993418575, 0.9270498048841452, 0.0, 0.6955736444395362, 0.8109958316863154, 0.0, 0.2407509833937793, 0.3902987201306701, 0.942500346616343, 0.0, 0.2534607631030912, 0.2860748182505447, 0.9546785291802168, 0.0, 0.3027318346521559, 0.49365967276791883, 0.9642774243600524, 0.0, 0.3326858961196491, 0.7219121103296495, 0.971843314277551, 0.0, 0.757798137649711, 0.9778067808194043, 0.0, 0.4169232866449492, 0.5771771089463728, 0.8510261124203451, 0.0, 0.7866444551218048, 0.9825072104560494, 0.0, 0.8098232686859244, 0.8825781495794197, 0.0, 0.4644843018729719, 0.41265517512394256, 0.9074475991718959, 0.9862121090438069, 0.0, 0.4644843018729719, 0.632355866238529, 0.9891323258338968, 0.0, 0.8186956787559594, 0.991434053100954, 0.0, 0.5131332011962647, 0.498024336120886, 0.6888353673806477, 0.9932482843011491, 0.0, 0.8359256505493703, 0.9946782690325587, 0.0, 0.8498114702675061, 0.9958053890665682, 0.0, 0.8608623255424388, 0.9966937898607593, 0.848789649208698, 0.9531551069989586, 0.0, 0.4912200450351414, 0.498024336120886, 0.9630766565315331, 0.0, 0.4912200450351414, 0.5805044361162195, 0.9053892244681677, 0.0, 0.8558281594691501, 0.9254273852071301, 0.0, 0.4912200450351414, 0.7337398105005184, 0.9708968639791733, 0.0, 0.5429519132345119, 0.6400907324340486, 0.9412215485415326, 0.0, 0.5736372708469847, 0.7670317778785212, 0.95367057511056, 0.0, 0.8589864282638375, 0.9770607846775825, 0.0, 0.6102993444931908, 0.690426540063148, 0.9634829506846925, 0.0, 0.6324169846165819, 0.7916527048412891, 0.9712171067549654, 0.0, 0.8663313424842269, 0.9819192131311323, 0.0, 0.8725775168065953, 0.9773132013925402, 0.0, 0.6597038593333951, 0.8127090822854692, 0.9857486470569052, 0.9821181690570933, 0.0, 0.8770676331687985, 0.9667214526825988, 0.0, 0.8796107244635961, 0.9859054649620967, 0.0, 0.6791583435055839, 0.7321948772959006, 0.988890627667326, 0.0, 0.8834192451827753, 0.99124354558032, 0.0, 0.6791583435055839, 0.7675061705485016, 0.9930981254648904, 0.0, 0.8869231251502339, 0.9737697077735941, 0.0, 0.6791583435055839, 0.888041675943272, 0.9793251723484071, 0.0, 0.8894457527692984, 0.9837040131031114, 0.0, 0.8909642338965666, 0.9945599132005606, 0.0, 0.6791583435055839, 0.7957343506413558, 0.9957121004974969, 0.0, 0.6791583435055839, 0.8931819851757006, 0.987155433969332, 0.0, 0.8942337163090287, 0.9898758585435724, 0.0, 0.7067825327068652, 0.895318521263578, 0.9920201087381988, 0.0, 0.8963752122807729, 0.8182297375912857, 0.7067825327068652, 0.7351726533688916, 0.8205348409990816, 0.9937102158415869, 0.0, 0.8963752122807729, 0.99662025941471, 0.0])
POPULATION_SIGNALS
subject_id: 19
algorithm_name: Sarsa-Lambda (ReplTrc)
param_string: alpha=0.1974, gamma=0.9961,
                lambda=0.6128, temp=0.2507,
                reward_magnitude=1.0,
                action_cost=0.0,
                initQSA=nothing, use_replacing_trace=true
param_vector: [0.197445163350583, 0.9960525723724495, 0.6127972592361022, 0.2507274927826116, 1.0, 0.0, 0.0]
LL: -61.158
RPE
[0.0, 0.0, 0.0, 0.0, 0.0, 0.0, 0.0, 0.0, 0.0, 0.0, 0.0, 0.0, 0.0, 1.0, 0.028, 0.046, 0.076, 0.803, 0.355, 0.644, 0.231, 0.249, 0.517, 0.435, 0.415, 0.15, 0.131, 0.381, 0.333, -0.086, -0.002, 1.0, -0.254, -0.023, 0.074, 0.803, 0.135, 0.121, 0.644, 0.343, 0.267, -0.006, 0.517, 0.234, 0.214, 0.229, 0.239, 0.415, 0.204, 0.172, -0.017, 0.333, 0.14, 0.138, -0.033, 0.267, -0.788, 0.208, 0.447, 0.195, 0.111, 0.165, 0.089, -0.003, 0.214, 0.221, 0.484, 0.071, 0.006, 0.604, 0.057, 0.218, 0.405, 0.046, 0.387, 0.148, 0.037, 0.122, 0.03, 0.111, 0.194, 0.172, 0.1, 0.024, -0.036, 0.138, 0.053, 0.424, 0.088, 0.019, 0.111, 0.291, 0.015, 0.079, 0.012, -0.387, 0.499, 0.237, 0.01, 0.067, 0.008, 0.054, 0.006, 0.044, -0.043, 0.032, 0.01, 0.08, 0.431, 0.008, 0.097, 0.262, 0.091, -0.035, 0.073, 0.159, 0.193, 0.006, 0.013, 0.232, 0.059, 0.108, 0.113, 0.047, 0.031, 0.005, -0.008, 0.2, 0.038, 0.072, 0.102, 0.03, 0.025, 0.004, -0.0, 0.024, 0.067, 0.105, -0.02, 0.02, 0.016, 0.005, 0.002, 0.016, 0.199, 0.181, 0.013, 0.005, 0.01, 0.174, 0.148, 0.008, 0.009, 0.004, 0.266, 0.007, 0.003, 0.006, 0.003, 0.001, 0.007, 0.097, 0.121, 0.005, 0.143, 0.004, 0.002, 0.004, 0.002, 0.184, 0.003, 0.001, 0.705, -0.058, -0.467, 0.529, 0.088, 0.001, -0.001, 0.004]
SPE
Float64[]
action_selection_prob
[0.5, 0.5, 0.5, 0.5, 0.5, 0.5, 0.5, 0.5, 0.5, 0.5, 0.5, 0.5, 0.5, 0.5, 0.545, 0.571, 0.602, 0.687, 0.404, 0.805, 0.5, 0.703, 0.873, 0.55, 0.912, 0.389, 0.644, 0.677, 0.935, 0.475, 0.273, 0.473, 0.769, 0.531, 0.378, 0.663, 0.24, 0.487, 0.788, 0.69, 0.949, 0.768, 0.86, 0.809, 0.958, 0.407, 0.787, 0.902, 0.85, 0.964, 0.878, 0.928, 0.893, 0.969, 0.909, 0.943, 0.917, 0.028, 0.49, 0.882, 0.957, 0.902, 0.96, 0.916, 0.954, 0.392, 0.844, 0.963, 0.503, 0.587, 0.965, 0.42, 0.892, 0.966, 0.514, 0.924, 0.967, 0.932, 0.968, 0.609, 0.92, 0.961, 0.939, 0.969, 0.944, 0.965, 0.337, 0.701, 0.969, 0.969, 0.599, 0.936, 0.97, 0.946, 0.97, 0.653, 0.225, 0.949, 0.971, 0.949, 0.971, 0.952, 0.971, 0.954, 0.971, 0.955, 0.971, 0.346, 0.674, 0.971, 0.41, 0.744, 0.971, 0.956, 0.973, 0.534, 0.957, 0.971, 0.588, 0.789, 0.975, 0.621, 0.963, 0.976, 0.956, 0.971, 0.656, 0.822, 0.977, 0.679, 0.967, 0.977, 0.957, 0.971, 0.958, 0.978, 0.703, 0.97, 0.971, 0.978, 0.959, 0.971, 0.959, 0.978, 0.276, 0.846, 0.979, 0.96, 0.979, 0.328, 0.865, 0.979, 0.96, 0.971, 0.376, 0.96, 0.971, 0.961, 0.971, 0.961, 0.979, 0.427, 0.878, 0.979, 0.539, 0.961, 0.971, 0.961, 0.971, 0.432, 0.961, 0.971, 0.039, 0.888, 0.469, 0.142, 0.972, 0.971, 0.938, 0.979]
results_dict
Dict{String,Any}("trialByTrial_Qsa" => [0.0, 0.0, 0.0, 0.0, 0.0, 0.0, 0.0, 0.0, 0.0, 0.0, 0.0, 0.0, 0.0, 0.0, 0.044899729702436025, 0.07356049633890632, 0.12051624046486566, 0.197445163350583, 0.0, 0.3559057341706276, 0.0, 0.2322724870326988, 0.48307903170048183, 0.14761829213888222, 0.5851425767257217, 0.0003222808369800695, 0.15095133676602168, 0.2835463425483142, 0.6670541684313135, 0.08875707637543023, 0.00232187149759637, 0.0, 0.3988735854275592, 0.1449697266764694, 0.12237966966534004, 0.197445163350583, 0.09773901492897258, 0.2337679911502933, 0.3559057341706276, 0.3873468358904375, 0.7327927125322885, 0.48718513214197506, 0.48307903170048183, 0.5482952621511485, 0.785551499054817, 0.11370145592567983, 0.3437138858956025, 0.5851425767257217, 0.6203726264843445, 0.8278933183542263, 0.6814429731597932, 0.6670541684313135, 0.7182074508113082, 0.8618749502255029, 0.7625484696532756, 0.7327927125322885, 0.788305018037104, 0.0, 0.20840305919847446, 0.6905324959495384, 0.8891470732410358, 0.7424145599171834, 0.9110344474728497, 0.7857194743839604, 0.785551499054817, 0.21818323371371168, 0.4409238097634092, 0.9286002655241478, 0.3282646875909539, 0.3352299240903682, 0.9426977977609207, 0.3254019976169803, 0.5450942432980364, 0.9540118404423639, 0.42056459431133925, 0.8109185763494653, 0.963091980118414, 0.8446618603495162, 0.9703792901328804, 0.517602237587057, 0.6306318078603936, 0.8278933183542263, 0.8722976213053231, 0.9762277560311541, 0.8949221928097781, 0.8618749502255029, 0.40635511544737035, 0.4613426244936167, 0.8891470732410358, 0.9809214706247927, 0.5754674803955658, 0.689676528793205, 0.9846884339737695, 0.9043717405514016, 0.9877116286289718, 0.6336915775084518, 0.24730382806751822, 0.7490030283244281, 0.990137908121637, 0.9215379237555343, 0.9920851304635389, 0.9356477671887081, 0.993647883172064, 0.9470906931527403, 0.9949020779167778, 0.9505829006353562, 0.9902784626570895, 0.47530970935379946, 0.5571146206006723, 0.9921979331857793, 0.5435639895704261, 0.6431866725274401, 0.908802226080231, 0.9580630909430795, 0.9268087854490293, 0.635208311041675, 0.7970307723183437, 0.9937384135423852, 0.6902324876462369, 0.705913670835895, 0.9412600367618733, 0.7250146872138136, 0.835849847322184, 0.9528579583986325, 0.9599904542780867, 0.9949747335033428, 0.7633629590585936, 0.7587271734981741, 0.9621659265032945, 0.7886993298244204, 0.8638912565863681, 0.9696360813250694, 0.9667280734323783, 0.9959669480676555, 0.9722109389373406, 0.9756312902078049, 0.8173885643338238, 0.8876736712653036, 0.9967632546652386, 0.9804427740933679, 0.9750626885334716, 0.9951336604717269, 0.9788364701458881, 0.9843042537571871, 0.6010199042096459, 0.8027048790191926, 0.9874033029380086, 0.9810404826822803, 0.9898904598470913, 0.6629320408652833, 0.8399212134517852, 0.9918865396539817, 0.9832347105291327, 0.9960944956748062, 0.715662312587581, 0.9854681330655244, 0.9968656186142605, 0.987319297767933, 0.9974844870589709, 0.9888520854897745, 0.9934885031573397, 0.7692960032752088, 0.8701307589877205, 0.9947741667150956, 0.8426399182927112, 0.989777939423896, 0.9979811629225228, 0.990863101872149, 0.9983797725390635, 0.8034598844782164, 0.9917643581754655, 0.9986996786147532, 0.18634524023520777, 0.8945954672921191, 0.8403230709134271, 0.37509322736466333, 0.9074413351963522, 0.9989564207830715, 0.9925120264756274, 0.9958059822216764],"StateValue_V2_record" => [0.0, 0.0, 0.0, 0.0, 0.0, 0.0, 0.0, 0.0, 0.0, 0.0, 0.0, 0.0, 0.0, 0.0, 1.0, 0.044722491268939076, 0.0732701216033618, 0.12004051132768613, 0.19666576285784668, 1.0, 0.09735319724115238, 0.3545008220427588, 1.0, 0.00032100865670034424, 0.23135560820026604, 0.481172112184457, 1.0, 0.1470355796141614, 0.5828327687522985, 1.0, 0.11325262765726608, 0.1503554672888558, 0.2824270638820481, 0.664421020377775, 1.0, 0.11325262765726608, 0.2463276141042055, 0.027297637584493422, 1.0, 0.3972990608165423, 0.14439746917222826, 0.2463276141042055, 0.19666576285784668, 1.0, 0.3858178122889993, 0.2463276141042055, 0.3545008220427588, 1.0, 0.3858178122889993, 0.7299000663335709, 1.0, 0.485262004091626, 0.481172112184457, 1.0, 0.546130906285278, 0.7824505913645843, 1.0, 0.20758040320492835, 0.34235710020644544, 0.5828327687522985, 1.0, 0.6179237504391841, 0.8246252693966903, 1.0, 0.678753026340942, 0.664421020377775, 1.0, 0.715372378877663, 0.858472761235489, 1.0, 0.7595383647568199, 0.7299000663335709, 1.0, 0.7851932410299676, 0.8856372295191685, 0.21732197118908186, 0.6878066688973057, 0.8856372295191685, 1.0, 0.7394839321722706, 0.9074382049252451, 1.0, 0.7826179036232727, 0.7824505913645843, 1.0, 0.3269688864940081, 0.43918329493510433, 0.924934683181067, 1.0, 0.3269688864940081, 0.33390662822643224, 0.9389765664296081, 1.0, 0.40475105803805694, 0.542942523222423, 0.9502459477463914, 1.0, 0.4189044460125851, 0.8077175339574895, 0.9592902442282223, 1.0, 0.8413276187860342, 0.966548788113807, 1.0, 0.515559040214324, 0.6281424344392333, 0.8246252693966903, 1.0, 0.8688542895755358, 0.9723741676162151, 1.0, 0.8913895522213727, 0.858472761235489, 1.0, 0.5731958641646955, 0.4595215078719239, 0.8856372295191685, 0.977049354111191, 1.0, 0.5731958641646955, 0.6869540806093736, 0.980801447644972, 1.0, 0.900801798557173, 0.9838127084580689, 1.0, 0.6311901258680489, 0.5549154509556009, 0.7460463930773013, 0.9862294103880326, 1.0, 0.9179002194954662, 0.988168946210665, 1.0, 0.9319543653428515, 0.9897255300659735, 1.0, 0.9433521211847932, 0.9909747739677016, 0.9468305434311111, 0.9863694100946286, 1.0, 0.6327008722054194, 0.5549154509556009, 0.9882813036523233, 1.0, 0.6327008722054194, 0.640647739686633, 0.9052147950650224, 1.0, 0.9542812062289544, 0.9231502748438913, 1.0, 0.6327008722054194, 0.7938845510276864, 0.9898157030742099, 1.0, 0.6875078448550692, 0.7031271277089718, 0.9375444808880503, 1.0, 0.7221527442071258, 0.8325503905423806, 0.9490966205685184, 1.0, 0.9562009614366846, 0.991047142751597, 1.0, 0.7603496390241571, 0.7557321528917341, 0.9583678461427276, 1.0, 0.7855859963000409, 0.8604811083729198, 0.965808513068977, 1.0, 0.9629119843269827, 0.9920354406207261, 1.0, 0.9683732066171725, 0.9717800562985359, 1.0, 0.8141619821325285, 0.8841696436911017, 0.9928286038556459, 0.9765725471996795, 1.0, 0.9712136991381608, 0.9912054423672754, 1.0, 0.9749725840207802, 0.9804187839519904, 1.0, 0.8393136581991657, 0.7995362596029827, 0.9835055998604565, 1.0, 0.9771678963771947, 0.9859829388976422, 1.0, 0.8393136581991657, 0.8366056852488398, 0.9879711393239561, 1.0, 0.9793534626684234, 0.9921624847429286, 1.0, 0.8393136581991657, 0.9815780689309909, 0.9929305637303873, 1.0, 0.9834219262947101, 0.9935469892367013, 1.0, 0.9849486634479513, 0.9895667791923226, 1.0, 0.8393136581991657, 0.8666959807901109, 0.9908473676862308, 1.0, 0.8393136581991657, 0.9858708626406741, 0.9940417045082275, 1.0, 0.9869517414886985, 0.9944387406421552, 1.0, 0.868142026113276, 0.9878494401479837, 0.9947573839117635, 1.0, 0.9885941570816413, 0.8910641164290488, 0.868142026113276, 0.8237140646463033, 0.9038592761994168, 0.9950131126089534, 1.0, 0.9885941570816413, 0.9918751101757745, 1.0],"final_QSA" => Dict{Int64,Any}(1 => [0.0 0.0; 0.49012611384084254 0.8698353447132908; 0.9928917176878487 0.31037553267069934; 0.11414668196308021 0.9991624704520272; 0.9248577273363355 0.01672791749539798; 0.9966340707470127 0.02740582007581638; 0.8715825350919886 0.8183869167396856]),"trialByTrial_Vs" => [0.0, 0.0, 0.0, 0.0, 0.0, 0.0, 0.0, 0.0, 0.0, 0.0, 0.0, 0.0, 0.0, 0.0, 0.044899729702436025, 0.07356049633890632, 0.12051624046486566, 0.197445163350583, 0.09773901492897258, 0.3559057341706276, 0.0003222808369800695, 0.2322724870326988, 0.48307903170048183, 0.14761829213888222, 0.5851425767257217, 0.11370145592567983, 0.15095133676602168, 0.2835463425483142, 0.6670541684313135, 0.11370145592567983, 0.24730382806751822, 0.02740582007581638, 0.3988735854275592, 0.1449697266764694, 0.24730382806751822, 0.197445163350583, 0.3873468358904375, 0.24730382806751822, 0.3559057341706276, 0.3873468358904375, 0.7327927125322885, 0.48718513214197506, 0.48307903170048183, 0.5482952621511485, 0.785551499054817, 0.20840305919847446, 0.3437138858956025, 0.5851425767257217, 0.6203726264843445, 0.8278933183542263, 0.6814429731597932, 0.6670541684313135, 0.7182074508113082, 0.8618749502255029, 0.7625484696532756, 0.7327927125322885, 0.788305018037104, 0.8891470732410358, 0.21818323371371168, 0.6905324959495384, 0.8891470732410358, 0.7424145599171834, 0.9110344474728497, 0.7857194743839604, 0.785551499054817, 0.3282646875909539, 0.4409238097634092, 0.9286002655241478, 0.3282646875909539, 0.3352299240903682, 0.9426977977609207, 0.40635511544737035, 0.5450942432980364, 0.9540118404423639, 0.42056459431133925, 0.8109185763494653, 0.963091980118414, 0.8446618603495162, 0.9703792901328804, 0.517602237587057, 0.6306318078603936, 0.8278933183542263, 0.8722976213053231, 0.9762277560311541, 0.8949221928097781, 0.8618749502255029, 0.5754674803955658, 0.4613426244936167, 0.8891470732410358, 0.9809214706247927, 0.5754674803955658, 0.689676528793205, 0.9846884339737695, 0.9043717405514016, 0.9877116286289718, 0.6336915775084518, 0.5571146206006723, 0.7490030283244281, 0.990137908121637, 0.9215379237555343, 0.9920851304635389, 0.9356477671887081, 0.993647883172064, 0.9470906931527403, 0.9949020779167778, 0.9505829006353562, 0.9902784626570895, 0.635208311041675, 0.5571146206006723, 0.9921979331857793, 0.635208311041675, 0.6431866725274401, 0.908802226080231, 0.9580630909430795, 0.9268087854490293, 0.635208311041675, 0.7970307723183437, 0.9937384135423852, 0.6902324876462369, 0.705913670835895, 0.9412600367618733, 0.7250146872138136, 0.835849847322184, 0.9528579583986325, 0.9599904542780867, 0.9949747335033428, 0.7633629590585936, 0.7587271734981741, 0.9621659265032945, 0.7886993298244204, 0.8638912565863681, 0.9696360813250694, 0.9667280734323783, 0.9959669480676555, 0.9722109389373406, 0.9756312902078049, 0.8173885643338238, 0.8876736712653036, 0.9967632546652386, 0.9804427740933679, 0.9750626885334716, 0.9951336604717269, 0.9788364701458881, 0.9843042537571871, 0.8426399182927112, 0.8027048790191926, 0.9874033029380086, 0.9810404826822803, 0.9898904598470913, 0.8426399182927112, 0.8399212134517852, 0.9918865396539817, 0.9832347105291327, 0.9960944956748062, 0.8426399182927112, 0.9854681330655244, 0.9968656186142605, 0.987319297767933, 0.9974844870589709, 0.9888520854897745, 0.9934885031573397, 0.8426399182927112, 0.8701307589877205, 0.9947741667150956, 0.8426399182927112, 0.989777939423896, 0.9979811629225228, 0.990863101872149, 0.9983797725390635, 0.8715825350919886, 0.9917643581754655, 0.9986996786147532, 0.9925120264756274, 0.8945954672921191, 0.8715825350919886, 0.8269785024342023, 0.9074413351963522, 0.9989564207830715, 0.9925120264756274, 0.9958059822216764],"RPE_QV" => [0.0, 0.0, 0.0, 0.0, 0.0, 0.0, 0.0, 0.0, 0.0, 0.0, 0.0, 0.0, 0.0, 1.0, 0.028370391900925773, 0.04648001498877981, 0.07614952239298102, 0.8025548366494171, 0.3545008220427588, 0.6440942658293725, 0.23135560820026604, 0.2488996251517582, 0.5169209682995182, 0.4352144766134163, 0.4148574232742783, 0.15003318645187572, 0.1314757271160264, 0.3808746778294608, 0.3329458315686865, 0.15757053772877527, 0.024975766086897052, 1.0, -0.25447611625533095, 0.1013578874277361, 0.07428609319250663, 0.8025548366494171, 0.14858859917523293, 0.1207328308924655, 0.6440942658293725, 0.34255323044313335, 0.2672072874677115, -0.006013019957518073, 0.5169209682995182, 0.23415532921343574, 0.21444850094518297, 0.22865564428076562, 0.23911888285669602, 0.4148574232742783, 0.2042526429123458, 0.1721066816457737, -0.017021952782018235, 0.3329458315686865, 0.14026531042418078, 0.13812504977449713, -0.032648403319704755, 0.2672072874677115, 0.0973322114820645, 0.21732197118908186, 0.4466756318368843, 0.1951047335696301, 0.11085292675896419, 0.16502364500806166, 0.08896555252715033, -0.003268883019376112, 0.21444850094518297, 0.22100006122139265, 0.48401087341765775, 0.07139973447585224, 0.0056419406354783486, 0.6037466423392399, 0.057302202239079336, 0.21754052560544268, 0.405151704448355, 0.04598815955763613, 0.3871529396461502, 0.148371667878757, 0.036908019881585985, 0.12188692776429078, 0.02962070986711962, 0.11054019685217631, 0.1939934615362967, 0.1721066816457737, 0.10007654631089202, 0.02377224396884592, -0.03644943157428915, 0.13812504977449713, 0.053166392424553566, 0.4242946050255518, 0.08790228087015517, 0.019078529375207265, 0.11148660021380774, 0.29112491885176706, 0.015311566026230516, 0.07944096790666733, 0.012288371371028228, -0.07877612655285093, 0.49874256500978303, 0.23722638206360447, 0.009862091878362955, 0.06663102245513064, 0.007914869536461144, 0.0540777628772654, 0.006352116827936016, 0.04388408081496131, -0.04291946050119477, 0.031951084891430725, 0.00972153734291048, 0.07960574160180145, 0.43116668305165096, 0.007802066814220687, 0.09708375011620696, 0.26202812253758234, 0.09119777391976902, -0.03491281609918817, 0.07319121455097066, 0.15867623998601144, 0.1927849307558661, 0.006261586457614765, 0.012894640062734886, 0.23163081005215536, 0.05873996323812669, 0.10753570332856699, 0.11324677324633436, 0.04714204160136748, 0.031056688473510285, 0.0050252664966572436, -0.007630806166859516, 0.19964067264455354, 0.037834073496705534, 0.07178177854849943, 0.10191725648260885, 0.0303639186749306, 0.025307367188347807, 0.004033051932344489, -0.0004308826388046416, 0.024368709792195076, 0.06678107935727795, 0.10515493259034225, -0.020190707465559177, 0.019557225906632114, 0.016142753833803813, 0.004866339528273089, 0.0015823138061022979, 0.01569574624281289, 0.19851635539333679, 0.18080072084126386, 0.012596697061991402, 0.0049424562153619345, 0.010109540152908658, 0.17367364438355648, 0.14804992587217092, 0.008113460346018342, 0.00892777421379587, 0.003905504325193765, 0.2659157563434099, 0.007462430664862962, 0.0031343813857395153, 0.006227691468768226, 0.002515512941029141, 0.0007146937025480637, 0.00651149684266028, 0.09739997751490215, 0.12071660869851031, 0.005225833284904446, 0.1432309443479629, 0.004263765084331461, 0.002018837077477187, 0.0035756387700062175, 0.0016202274609364853, 0.18438955566976734, 0.002993025736298005, 0.0013003213852468276, 0.704718876193841, -0.026453441178843184, 0.03941516042483573, 0.5287660488347534, 0.08757177741260125, 0.0010435792169285474, -0.0006369162998529632, 0.004194017778323622],"StateValue_V3_record" => [0.0, 0.0, 0.0, 0.0, 0.0, 0.0, 0.0, 0.0, 0.0, 0.0, 0.0, 0.0, 0.0, 0.0, 0.197445163350583, 0.044899729702436025, 0.05050132636563437, 0.0827377504909035, 0.13555159535281666, 0.3559057341706276, 0.09773901492897258, 0.09773901492897258, 0.48307903170048183, 0.0003222808369800695, 0.045680045853175005, 0.28141651417868657, 0.5851425767257217, 0.14761829213888222, 0.23354928556635668, 0.6670541684313135, 0.11370145592567983, 0.11370145592567983, 0.1769105831830822, 0.3587482055284527, 0.7327927125322885, 0.11370145592567983, 0.11370145592567983, 0.24730382806751822, 0.197445163350583, 0.3988735854275592, 0.34862850708470344, 0.1404140464049699, 0.24730382806751822, 0.3559057341706276, 0.3873468358904375, 0.3873468358904375, 0.25760610466763445, 0.48307903170048183, 0.3873468358904375, 0.45498231443155185, 0.785551499054817, 0.48718513214197506, 0.4859978904342326, 0.5851425767257217, 0.5482952621511485, 0.5945280993771049, 0.8278933183542263, 0.20840305919847446, 0.20840305919847446, 0.3909267527814517, 0.6670541684313135, 0.6203726264843445, 0.660701322928961, 0.8618749502255029, 0.6814429731597932, 0.6780820709122017, 0.7327927125322885, 0.7182074508113082, 0.7459021579404308, 0.8891470732410358, 0.7625484696532756, 0.7561022003266807, 0.785551499054817, 0.788305018037104, 0.6326580049806837, 0.8891470732410358, 0.296597002291233, 0.7290549819396659, 0.9110344474728497, 0.7424145599171834, 0.7749976804625087, 0.9286002655241478, 0.7857194743839604, 0.7850740492422257, 0.8278933183542263, 0.3282646875909539, 0.3282646875909539, 0.536489415728817, 0.9426977977609207, 0.3282646875909539, 0.3293786614813402, 0.45443677850940545, 0.9540118404423639, 0.40635511544737035, 0.40635511544737035, 0.6250894877646089, 0.963091980118414, 0.42056459431133925, 0.4970060697214318, 0.840213844550385, 0.9703792901328804, 0.8446618603495162, 0.8687278447122373, 0.9762277560311541, 0.517602237587057, 0.5394278648113406, 0.6689348785623728, 0.8618749502255029, 0.8722976213053231, 0.8920572513392393, 0.9809214706247927, 0.8949221928097781, 0.8877254288385568, 0.8891470732410358, 0.5754674803955658, 0.5754674803955658, 0.5451175420916579, 0.9065029534463325, 0.9846884339737695, 0.5754674803955658, 0.5974799703861823, 0.7471577359513173, 0.9877116286289718, 0.9043717405514016, 0.9200569754364619, 0.990137908121637, 0.6336915775084518, 0.5572084364779711, 0.5571146206006723, 0.7958422300820444, 0.9920851304635389, 0.9215379237555343, 0.934693896868404, 0.993647883172064, 0.9356477671887081, 0.9463251599136439, 0.9949020779167778, 0.9470906931527403, 0.9557553926577406, 0.9864278380272005, 0.9568914878109731, 0.9921979331857793, 0.635208311041675, 0.635208311041675, 0.6422463967671346, 0.9937384135423852, 0.635208311041675, 0.635208311041675, 0.6949228579843196, 0.9268087854490293, 0.9580630909430795, 0.9511697242653464, 0.9412600367618733, 0.635208311041675, 0.6665381671655694, 0.8350952244629666, 0.9949747335033428, 0.6902324876462369, 0.6927784719597706, 0.7516480539636706, 0.9528579583986325, 0.7250146872138136, 0.7462470917235423, 0.858209874964733, 0.9621659265032945, 0.9599904542780867, 0.9661224472068671, 0.9959669480676555, 0.7633629590585936, 0.7618562932884815, 0.7981452587198983, 0.9696360813250694, 0.7886993298244204, 0.8028722948155242, 0.8840143259408201, 0.9756312902078049, 0.9667280734323783, 0.9717248906808549, 0.9967632546652386, 0.9722109389373406, 0.9721258632443368, 0.9804427740933679, 0.8173885643338238, 0.8305741654562497, 0.9084360041077233, 0.9927766971315375, 0.9843042537571871, 0.9750626885334716, 0.9782499972011152, 0.9960944956748062, 0.9788364701458881, 0.9791488903538059, 0.9874033029380086, 0.8426399182927112, 0.8426399182927112, 0.8384031068795992, 0.9898904598470913, 0.9810404826822803, 0.9820163467570755, 0.9918865396539817, 0.8426399182927112, 0.8426399182927112, 0.8691529552496576, 0.9934885031573397, 0.9832347105291327, 0.9849974563671328, 0.9968656186142605, 0.8426399182927112, 0.8426399182927112, 0.9869415539071407, 0.9974844870589709, 0.987319297767933, 0.988548925327281, 0.9979811629225228, 0.9888520854897745, 0.9889931983046197, 0.9947741667150956, 0.8426399182927112, 0.8426399182927112, 0.8939656695113263, 0.9958059822216764, 0.8426399182927112, 0.870920175496353, 0.9906197992174604, 0.9983797725390635, 0.990863101872149, 0.9915690944531755, 0.9986996786147532, 0.8715825350919886, 0.8715825350919886, 0.9923553166308814, 0.9989564207830715, 0.9925120264756274, 0.9925120264756274, 0.8832246969081731, 0.8715825350919886, 0.8658747954336492, 0.9247319590924841, 0.9991624704520272, 0.9925120264756274, 0.9923862704327623, 0.9966340707470127],"StateValue_V1_record" => [0.0, 0.0, 0.0, 0.0, 0.0, 0.0, 0.0, 0.0, 0.0, 0.0, 0.0, 0.0, 0.0, 0.0, 0.0, 0.044899729702436025, 0.07356049633890632, 0.12051624046486566, 0.197445163350583, 0.0, 0.09773901492897258, 0.3559057341706276, 0.0, 0.0003222808369800695, 0.2322724870326988, 0.48307903170048183, 0.0, 0.14761829213888222, 0.5851425767257217, 0.0, 0.11370145592567983, 0.15095133676602168, 0.2835463425483142, 0.6670541684313135, 0.0, 0.11370145592567983, 0.24730382806751822, 0.02740582007581638, 0.0, 0.3988735854275592, 0.1449697266764694, 0.24730382806751822, 0.197445163350583, 0.0, 0.3873468358904375, 0.24730382806751822, 0.3559057341706276, 0.0, 0.3873468358904375, 0.7327927125322885, 0.0, 0.48718513214197506, 0.48307903170048183, 0.0, 0.5482952621511485, 0.785551499054817, 0.0, 0.20840305919847446, 0.3437138858956025, 0.5851425767257217, 0.0, 0.6203726264843445, 0.8278933183542263, 0.0, 0.6814429731597932, 0.6670541684313135, 0.0, 0.7182074508113082, 0.8618749502255029, 0.0, 0.7625484696532756, 0.7327927125322885, 0.0, 0.788305018037104, 0.8891470732410358, 0.21818323371371168, 0.6905324959495384, 0.8891470732410358, 0.0, 0.7424145599171834, 0.9110344474728497, 0.0, 0.7857194743839604, 0.785551499054817, 0.0, 0.3282646875909539, 0.4409238097634092, 0.9286002655241478, 0.0, 0.3282646875909539, 0.3352299240903682, 0.9426977977609207, 0.0, 0.40635511544737035, 0.5450942432980364, 0.9540118404423639, 0.0, 0.42056459431133925, 0.8109185763494653, 0.963091980118414, 0.0, 0.8446618603495162, 0.9703792901328804, 0.0, 0.517602237587057, 0.6306318078603936, 0.8278933183542263, 0.0, 0.8722976213053231, 0.9762277560311541, 0.0, 0.8949221928097781, 0.8618749502255029, 0.0, 0.5754674803955658, 0.4613426244936167, 0.8891470732410358, 0.9809214706247927, 0.0, 0.5754674803955658, 0.689676528793205, 0.9846884339737695, 0.0, 0.9043717405514016, 0.9877116286289718, 0.0, 0.6336915775084518, 0.5571146206006723, 0.7490030283244281, 0.990137908121637, 0.0, 0.9215379237555343, 0.9920851304635389, 0.0, 0.9356477671887081, 0.993647883172064, 0.0, 0.9470906931527403, 0.9949020779167778, 0.9505829006353562, 0.9902784626570895, 0.0, 0.635208311041675, 0.5571146206006723, 0.9921979331857793, 0.0, 0.635208311041675, 0.6431866725274401, 0.908802226080231, 0.0, 0.9580630909430795, 0.9268087854490293, 0.0, 0.635208311041675, 0.7970307723183437, 0.9937384135423852, 0.0, 0.6902324876462369, 0.705913670835895, 0.9412600367618733, 0.0, 0.7250146872138136, 0.835849847322184, 0.9528579583986325, 0.0, 0.9599904542780867, 0.9949747335033428, 0.0, 0.7633629590585936, 0.7587271734981741, 0.9621659265032945, 0.0, 0.7886993298244204, 0.8638912565863681, 0.9696360813250694, 0.0, 0.9667280734323783, 0.9959669480676555, 0.0, 0.9722109389373406, 0.9756312902078049, 0.0, 0.8173885643338238, 0.8876736712653036, 0.9967632546652386, 0.9804427740933679, 0.0, 0.9750626885334716, 0.9951336604717269, 0.0, 0.9788364701458881, 0.9843042537571871, 0.0, 0.8426399182927112, 0.8027048790191926, 0.9874033029380086, 0.0, 0.9810404826822803, 0.9898904598470913, 0.0, 0.8426399182927112, 0.8399212134517852, 0.9918865396539817, 0.0, 0.9832347105291327, 0.9960944956748062, 0.0, 0.8426399182927112, 0.9854681330655244, 0.9968656186142605, 0.0, 0.987319297767933, 0.9974844870589709, 0.0, 0.9888520854897745, 0.9934885031573397, 0.0, 0.8426399182927112, 0.8701307589877205, 0.9947741667150956, 0.0, 0.8426399182927112, 0.989777939423896, 0.9979811629225228, 0.0, 0.990863101872149, 0.9983797725390635, 0.0, 0.8715825350919886, 0.9917643581754655, 0.9986996786147532, 0.0, 0.9925120264756274, 0.8945954672921191, 0.8715825350919886, 0.8269785024342023, 0.9074413351963522, 0.9989564207830715, 0.0, 0.9925120264756274, 0.9958059822216764, 0.0])