DateTime of fitting: 2020-02-09T16:30:56.432
DATA_STATS
nr_subjects: 1
all_subject_ids: [7]
nr_puzzles: 1
nr_episodes: 58
nr_actions: 192
max_state_id: 7
max_action_id: 2
SUBJECT_SIGNALS
subject_id: 7
algorithm_name: Sarsa-Lambda (ReplTrc)
param_string: alpha=0.1445, gamma=0.9949,
                lambda=0.4836, temp=0.1756,
                reward_magnitude=1.0,
                action_cost=0.0,
                initQSA=nothing, use_replacing_trace=true
param_vector: [0.14452814672328657, 0.9948868512401147, 0.4836265091474007, 0.17563179551567373, 1.0, 0.0, 0.0]
LL: -58.574
RPE
[0.0, 0.0, 0.0, 0.0, 0.0, 0.0, 0.0, 0.0, 0.0, 0.0, 0.0, 1.0, 0.002, -0.002, 0.001, 0.002, 0.065, -0.07, 0.033, 0.028, 0.081, 0.855, -0.001, 0.267, 0.732, -0.016, 1.0, 0.06, 0.855, 0.115, -0.255, 0.12, 0.238, 0.626, 0.094, 0.093, 0.742, 0.086, 0.373, 0.536, -0.051, 0.219, 0.135, 0.635, 0.167, 0.327, 0.458, 0.074, 0.424, 0.392, -0.09, 0.076, 0.116, 0.392, -0.21, 0.543, -0.191, 0.074, 0.246, 0.339, 0.328, 0.424, 0.281, 0.16, 0.465, 0.138, 0.465, 0.24, -0.161, 0.137, 0.175, 0.416, 0.205, 0.171, 0.398, -0.159, 0.135, 0.232, 0.176, 0.34, 0.176, 0.291, 0.245, 0.176, 0.096, 0.444, 0.15, 0.094, 0.418, 0.129, 0.074, 0.271, 0.249, 0.403, 0.367, 0.11, 0.278, 0.094, 0.092, 0.382, 0.08, 0.096, 0.347, 0.069, 0.07, 0.19, 0.213, 0.144, 0.182, 0.08, 0.302, 0.059, 0.047, 0.204, 0.156, 0.159, 0.133, 0.209, 0.05, 0.061, 0.276, -0.192, 0.112, 0.114, 0.069, -0.03, 0.254, 0.059, 0.067, 0.174, 0.098, -0.722, 0.647, 0.189, 0.083, 0.073, 0.189, 0.051, 0.048, 0.196, 0.043, 0.057, 0.138, 0.071, 0.192, 0.061, 0.024, 0.169, 0.052, 0.044, 0.147, 0.037, 0.162, 0.032, 0.123, 0.045, 0.063, 0.109, 0.038, 0.032, 0.127, 0.033, 0.1, 0.028, -0.074, 0.038, 0.112, 0.027, 0.093, 0.023, 0.042, 0.101, 0.02, -0.058, 0.191, 0.017, 0.077, -0.091, 0.091, 0.015, 0.053, 0.079, 0.012, -0.048, 0.168, 0.011, 0.046, 0.07, 0.009, -0.065, 0.146, 0.008]
SPE
Float64[]
action_selection_prob
[0.5, 0.5, 0.5, 0.5, 0.5, 0.5, 0.5, 0.5, 0.5, 0.5, 0.5, 0.5, 0.495, 0.503, 0.495, 0.502, 0.505, 0.587, 0.305, 0.547, 0.578, 0.683, 0.478, 0.49, 0.801, 0.461, 0.399, 0.556, 0.602, 0.649, 0.754, 0.516, 0.672, 0.88, 0.592, 0.664, 0.742, 0.348, 0.616, 0.925, 0.423, 0.238, 0.741, 0.842, 0.196, 0.692, 0.95, 0.258, 0.729, 0.965, 0.32, 0.221, 0.31, 0.817, 0.975, 0.9, 0.369, 0.137, 0.455, 0.843, 0.976, 0.64, 0.981, 0.738, 0.933, 0.554, 0.745, 0.985, 0.637, 0.12, 0.619, 0.825, 0.988, 0.794, 0.954, 0.697, 0.153, 0.68, 0.839, 0.966, 0.873, 0.974, 0.899, 0.99, 0.746, 0.809, 0.991, 0.796, 0.878, 0.992, 0.836, 0.866, 0.98, 0.136, 0.914, 0.993, 0.921, 0.993, 0.794, 0.9, 0.994, 0.831, 0.938, 0.994, 0.861, 0.927, 0.983, 0.938, 0.986, 0.88, 0.954, 0.995, 0.899, 0.942, 0.988, 0.949, 0.989, 0.957, 0.995, 0.912, 0.953, 0.995, 0.964, 0.99, 0.923, 0.961, 0.964, 0.995, 0.929, 0.964, 0.991, 0.969, 0.008, 0.971, 0.985, 0.938, 0.97, 0.995, 0.946, 0.976, 0.995, 0.952, 0.974, 0.986, 0.958, 0.987, 0.957, 0.965, 0.987, 0.961, 0.978, 0.995, 0.97, 0.995, 0.974, 0.988, 0.964, 0.977, 0.988, 0.968, 0.98, 0.989, 0.979, 0.989, 0.981, 0.97, 0.983, 0.996, 0.98, 0.996, 0.973, 0.984, 0.996, 0.975, 0.98, 0.996, 0.982, 0.989, 0.986, 0.996, 0.975, 0.987, 0.996, 0.977, 0.983, 0.996, 0.978, 0.988, 0.996, 0.983, 0.985, 0.996]
results_dict
Dict{String,Any}("trialByTrial_Qsa" => [0.0, 0.0, 0.0, 0.0, 0.0, 0.0, 0.0, 0.0, 0.0, 0.0, 0.0, 0.0, 0.0, 0.0017933091654946357, 0.00015099109541304948, 0.001669405953378513, 0.003727102864903575, 0.06954024602632713, 0.0, 0.033459543535563435, 0.0627424500942177, 0.14452814672328657, 0.0008628572592750984, 0.0, 0.26816790825130526, 0.016099181662147403, 0.0, 0.08331264279908285, 0.14452814672328657, 0.15154292385658358, 0.26816790825130526, 0.013733014250405884, 0.13394570298109346, 0.3739382441843703, 0.06851206615995509, 0.16318382883266017, 0.2577418969818146, 0.002813314984324009, 0.08945142004820944, 0.4644217894867301, 0.05909945560402305, 0.0077461800970279986, 0.22827647258561068, 0.36501908500137525, 0.04377802778748888, 0.21189153062897437, 0.5418279156775873, 0.10600000288464644, 0.18054622826869135, 0.608046677905051, 0.1592674708814556, 0.07007581642373396, 0.15157533768650522, 0.2691392636328118, 0.6646949651494694, 0.4567916998507833, 0.19734914837857032, 0.006778427601543543, 0.08166186981168481, 0.32937242686159973, 0.6720843640678092, 0.2919266111048105, 0.7194774032106768, 0.3726956556922507, 0.5353005887560564, 0.15178482046911898, 0.29103761683058454, 0.7600208142386414, 0.21206825465503365, 0.051280759098149206, 0.19828747930970914, 0.3749454500589972, 0.7947045612088939, 0.42811637282486853, 0.6024627334465459, 0.25931911675228236, 0.10038108889172073, 0.24563992600913725, 0.4805139522406888, 0.6599180578349578, 0.5296046016354435, 0.7090694706701273, 0.5752497091215718, 0.8243755305081164, 0.30285088222326295, 0.40121061574969846, 0.8497582096030387, 0.35268712357041365, 0.44930146995101233, 0.8714723771295, 0.39966706018670506, 0.47585825312872493, 0.7511171208993985, 0.1133937721560231, 0.5186108784985208, 0.8900482362657228, 0.6228591627041444, 0.9059393609071946, 0.43752917822909226, 0.5323932128199809, 0.9195337707548857, 0.4801335206651549, 0.579282363911586, 0.9311634057414933, 0.5204772749101964, 0.5932620316977709, 0.7870877021669642, 0.6696437354340665, 0.8178595219873693, 0.5508810725193976, 0.6342378683647165, 0.9411122311364181, 0.5854356234461909, 0.6354996171895892, 0.8441839477178283, 0.7031267888226924, 0.8667037529839093, 0.7353972293125617, 0.9496231712349408, 0.6116269768337613, 0.6758720165417611, 0.9569040409341512, 0.7691603590006887, 0.8859688125303143, 0.6358930054007658, 0.7080452676277985, 0.6819894450163385, 0.9408246861825019, 0.6531955974050714, 0.7234203984861702, 0.9024495287239637, 0.7933174995816357, 0.07177023571477, 0.7228182248929075, 0.9165483175494724, 0.6782032948521822, 0.7554119259518525, 0.9493771846203138, 0.7036485088161658, 0.7559436030492849, 0.956693606309055, 0.7257170297431521, 0.7862641043902547, 0.9286094345549873, 0.7416664159910134, 0.9389273806722825, 0.7458439815499068, 0.7737293209905866, 0.9477540931592543, 0.7628152738210088, 0.8111152919178902, 0.9629525991304763, 0.80181360750465, 0.9683069913190632, 0.8273649543563737, 0.9553050972488247, 0.7806525727882514, 0.8482580359805132, 0.9617647687114296, 0.7986272527352263, 0.8349247257934745, 0.9672908358291029, 0.8666111027824517, 0.9720182307075904, 0.8830729431967711, 0.8132115212783538, 0.855615135648728, 0.972887523127804, 0.8792134941411158, 0.9768060391632205, 0.8274241352276355, 0.87373074682619, 0.9801582193381327, 0.8411874373365194, 0.7872621754940907, 0.9830259151248824, 0.8942094238318017, 0.976062383965461, 0.8897679835385802, 0.9854791481542069, 0.8466438068193437, 0.9038824612980285, 0.9875778199603228, 0.8601331234676637, 0.8160094778480713, 0.9893731746197203, 0.8652125205070905, 0.9161128238322367, 0.9909090499974841, 0.9022684943669784, 0.8410732629480955, 0.9922229481533018],"StateValue_V2_record" => [0.0, 0.0, 0.0, 0.0, 0.0, 0.0, 0.0, 0.0, 0.0, 0.0, 0.0, 0.0, 1.0, 0.0037080456335119283, 0.0017841397089589958, 0.0037080456335119283, 0.0016608700323982504, 0.0037080456335119283, 0.0691846764035955, 0.14378915280909987, 0.03328845991202824, 0.06242163861332628, 0.14378915280909987, 1.0, 0.016016864151396425, 0.006743768492858739, 0.26679672584378905, 1.0, 0.04355418421899705, 0.07140326382302833, 1.0, 0.08288665286287195, 0.14378915280909987, 1.0, 0.1507680623433969, 0.26679672584378905, 0.013662795305621932, 0.1332608186760037, 0.3720262423148453, 1.0, 0.06816175377383213, 0.1623494456406311, 0.25642402432089156, 1.0, 0.1128139729305448, 0.08899404163071996, 0.46204713178975226, 1.0, 0.1128139729305448, 0.21080809771190862, 0.22710926102289858, 0.36315268811956597, 1.0, 0.2904339469152624, 0.21080809771190862, 0.5390574689424692, 1.0, 0.2904339469152624, 0.17962306854551732, 0.6049376447879683, 1.0, 0.2904339469152624, 0.2895494982010073, 0.2904339469152624, 0.26776311454073126, 0.6612962809127133, 0.4544560559371653, 1.0, 0.2904339469152624, 0.3276882966456519, 0.1128139729305448, 0.3276882966456519, 0.6686478967351376, 1.0, 0.2904339469152624, 0.7157986082186846, 1.0, 0.37079000736253326, 0.5325635172144925, 1.0, 0.15100872210256788, 0.2895494982010073, 0.7561347147548301, 1.0, 0.21098391812173323, 0.39915916618732505, 0.19727360593077592, 0.3730282981960034, 0.7906411185672734, 1.0, 0.42592735012407246, 0.5993822518681465, 1.0, 0.25799317953204587, 0.39915916618732505, 0.2443839325260853, 0.47805701292168173, 0.6565437986359131, 1.0, 0.5268966545233617, 0.7054438929854977, 1.0, 0.5723083717847525, 0.820160375786619, 1.0, 0.3013023606103929, 0.39915916618732505, 0.8454132694674046, 1.0, 0.35088378184190205, 0.44700412469711764, 0.8670164092251059, 1.0, 0.3976235030535444, 0.4734251190918586, 0.7472765473241432, 1.0, 0.43529202645401655, 0.515959143928263, 0.8854972872302226, 1.0, 0.6196743911487805, 0.9013071581874407, 1.0, 0.43529202645401655, 0.529671007124079, 0.9148320577952778, 1.0, 0.4776785265493865, 0.5763204070109281, 0.9264022287281756, 1.0, 0.5178159971774408, 0.5902285946761084, 0.7830632056587082, 1.0, 0.6662197473986669, 0.8136776845867592, 1.0, 0.5480643356466007, 0.6309949157946152, 0.93630018429887, 1.0, 0.5824422040141743, 0.6322502131100487, 0.8398675096124398, 1.0, 0.6995315969543815, 0.8622721677641517, 1.0, 0.731637033881479, 0.9447676066945825, 1.0, 0.6084996371156514, 0.6724161823785394, 0.9520112482239195, 0.7652275276649113, 0.8814387221952279, 1.0, 0.632641589868781, 0.7044249268456848, 0.6785023315312984, 0.9360141096050784, 1.0, 0.6498557111462371, 0.7197214423727749, 0.8978351700353097, 1.0, 0.7892611491924545, 0.9118618696562193, 0.7191223477826738, 0.9118618696562193, 1.0, 0.6747355405161587, 0.7515493923994692, 0.944522877846109, 1.0, 0.7000506493159173, 0.7520783509528102, 0.9518018895823656, 1.0, 0.7220063306124932, 0.7822438190599493, 0.9238613163762747, 1.0, 0.7378741652758403, 0.9341265053001757, 1.0, 0.742030370320577, 0.7697731278724766, 0.9429080854931408, 1.0, 0.7589148858496493, 0.8069679387688963, 0.9580288792424039, 1.0, 0.7977138152517784, 0.9633558936272119, 1.0, 0.8231345142660338, 0.9504204801755147, 1.0, 0.7766609800537978, 0.8439207664557766, 0.9568471223769913, 1.0, 0.7945437527882925, 0.830655631467186, 0.9623449338914349, 1.0, 0.8621799912969568, 0.967048156896662, 1.0, 0.8785576598723762, 0.8090534497968049, 0.8512402481789466, 0.9679130044954152, 1.0, 0.8747179447538738, 0.9718114845754245, 1.0, 0.8231933925366971, 0.869263231541582, 0.9751465245544325, 1.0, 0.836886320834471, 0.7832367868777584, 0.9779995573860264, 1.0, 0.8896371980252583, 0.9710716317973173, 0.8852184674769643, 0.9804402466699293, 1.0, 0.8423147910884408, 0.8992607758119604, 0.9825281876549024, 1.0, 0.8557351348540687, 0.8118370999983577, 0.9843143623988496, 1.0, 0.8607885601808224, 0.9114286026831439, 0.9858423846173303, 1.0, 0.8976550613339223, 0.8367727302366798, 0.987149564616422, 1.0],"final_QSA" => Dict{Int64,Any}(1 => [0.0 0.0; 0.993346951043676 0.02324444898067253; 0.9697241136347192 0.1812692335179732; 0.1030120698752818 0.8627262182071894; 0.14737408320342144 0.926822894924123; 0.19121376551766836 0.9032209115204751; 0.200768106225633 0.8770452350624985]),"trialByTrial_Vs" => [0.0, 0.0, 0.0, 0.0, 0.0, 0.0, 0.0, 0.0, 0.0, 0.0, 0.0, 0.0, 0.003727102864903575, 0.0017933091654946357, 0.003727102864903575, 0.001669405953378513, 0.003727102864903575, 0.06954024602632713, 0.14452814672328657, 0.033459543535563435, 0.0627424500942177, 0.14452814672328657, 0.016099181662147403, 0.006778427601543543, 0.26816790825130526, 0.04377802778748888, 0.07177023571477, 0.08331264279908285, 0.14452814672328657, 0.15154292385658358, 0.26816790825130526, 0.013733014250405884, 0.13394570298109346, 0.3739382441843703, 0.06851206615995509, 0.16318382883266017, 0.2577418969818146, 0.1133937721560231, 0.08945142004820944, 0.4644217894867301, 0.1133937721560231, 0.21189153062897437, 0.22827647258561068, 0.36501908500137525, 0.2919266111048105, 0.21189153062897437, 0.5418279156775873, 0.2919266111048105, 0.18054622826869135, 0.608046677905051, 0.2919266111048105, 0.29103761683058454, 0.2919266111048105, 0.2691392636328118, 0.6646949651494694, 0.4567916998507833, 0.2919266111048105, 0.32937242686159973, 0.1133937721560231, 0.32937242686159973, 0.6720843640678092, 0.2919266111048105, 0.7194774032106768, 0.3726956556922507, 0.5353005887560564, 0.15178482046911898, 0.29103761683058454, 0.7600208142386414, 0.21206825465503365, 0.40121061574969846, 0.19828747930970914, 0.3749454500589972, 0.7947045612088939, 0.42811637282486853, 0.6024627334465459, 0.25931911675228236, 0.40121061574969846, 0.24563992600913725, 0.4805139522406888, 0.6599180578349578, 0.5296046016354435, 0.7090694706701273, 0.5752497091215718, 0.8243755305081164, 0.30285088222326295, 0.40121061574969846, 0.8497582096030387, 0.35268712357041365, 0.44930146995101233, 0.8714723771295, 0.39966706018670506, 0.47585825312872493, 0.7511171208993985, 0.43752917822909226, 0.5186108784985208, 0.8900482362657228, 0.6228591627041444, 0.9059393609071946, 0.43752917822909226, 0.5323932128199809, 0.9195337707548857, 0.4801335206651549, 0.579282363911586, 0.9311634057414933, 0.5204772749101964, 0.5932620316977709, 0.7870877021669642, 0.6696437354340665, 0.8178595219873693, 0.5508810725193976, 0.6342378683647165, 0.9411122311364181, 0.5854356234461909, 0.6354996171895892, 0.8441839477178283, 0.7031267888226924, 0.8667037529839093, 0.7353972293125617, 0.9496231712349408, 0.6116269768337613, 0.6758720165417611, 0.9569040409341512, 0.7691603590006887, 0.8859688125303143, 0.6358930054007658, 0.7080452676277985, 0.6819894450163385, 0.9408246861825019, 0.6531955974050714, 0.7234203984861702, 0.9024495287239637, 0.7933174995816357, 0.9165483175494724, 0.7228182248929075, 0.9165483175494724, 0.6782032948521822, 0.7554119259518525, 0.9493771846203138, 0.7036485088161658, 0.7559436030492849, 0.956693606309055, 0.7257170297431521, 0.7862641043902547, 0.9286094345549873, 0.7416664159910134, 0.9389273806722825, 0.7458439815499068, 0.7737293209905866, 0.9477540931592543, 0.7628152738210088, 0.8111152919178902, 0.9629525991304763, 0.80181360750465, 0.9683069913190632, 0.8273649543563737, 0.9553050972488247, 0.7806525727882514, 0.8482580359805132, 0.9617647687114296, 0.7986272527352263, 0.8349247257934745, 0.9672908358291029, 0.8666111027824517, 0.9720182307075904, 0.8830729431967711, 0.8132115212783538, 0.855615135648728, 0.972887523127804, 0.8792134941411158, 0.9768060391632205, 0.8274241352276355, 0.87373074682619, 0.9801582193381327, 0.8411874373365194, 0.7872621754940907, 0.9830259151248824, 0.8942094238318017, 0.976062383965461, 0.8897679835385802, 0.9854791481542069, 0.8466438068193437, 0.9038824612980285, 0.9875778199603228, 0.8601331234676637, 0.8160094778480713, 0.9893731746197203, 0.8652125205070905, 0.9161128238322367, 0.9909090499974841, 0.9022684943669784, 0.8410732629480955, 0.9922229481533018],"RPE_QV" => [0.0, 0.0, 0.0, 0.0, 0.0, 0.0, 0.0, 0.0, 0.0, 0.0, 0.0, 1.0, 0.0017841397089589958, 0.0019147364680172927, 0.0014121778681527345, 0.0020386396801334154, 0.06545757353869193, 0.07424890678277274, 0.03328845991202824, 0.028029051132757846, 0.08104670271488218, 0.8554718532767134, 0.00588091123358364, 0.26679672584378905, 0.7318320917486947, 0.05530408216088093, 1.0, 0.060476510010017026, 0.8554718532767134, 0.11525380198720547, -0.25450511294568334, 0.11952780442559782, 0.23808053933375187, 0.6260617558156296, 0.09383737948067603, 0.0932401954882314, 0.7422581030181854, 0.08618072664639595, 0.3725957117415428, 0.5355782105132699, 0.15170864210788557, 0.2193630809258706, 0.1348762155339553, 0.6349809149986247, 0.16703006992441974, 0.32716593831349483, 0.45817208432241274, 0.07362306566087089, 0.4243914165192769, 0.39195332209494904, 0.13028202731955169, 0.22035813049152847, 0.11618777685422604, 0.3921570172799015, -0.21023890921230404, 0.5432083001492167, 0.1303391482670816, 0.10603554532900127, 0.24602642683396708, 0.33927546987353785, 0.32791563593219075, 0.4238719971138741, 0.28052259678932323, 0.15986786152224175, 0.46469941124394365, 0.1377646777318883, 0.46509709792424553, 0.23997918576135857, 0.1870909115322914, 0.13654595885502324, 0.17474081888629428, 0.41569566850827616, 0.20529543879110612, 0.171265879043278, 0.3975372665534541, 0.1398400494350427, 0.13468472454987412, 0.23241708691254448, 0.17602984639522423, 0.3400819421650422, 0.17583929135005416, 0.29093052932987273, 0.24491066666504724, 0.1756244694918836, 0.0963082839640621, 0.4442026537177061, 0.15024179039696128, 0.09431700112670399, 0.4177149392740936, 0.1285276228705, 0.07375805890515352, 0.27141829419541824, 0.24888287910060147, 0.40256537177223994, 0.36688640873170175, 0.10995176373427717, 0.27844799548329624, 0.09406063909280538, 0.09214182889498673, 0.3824388449752969, 0.08046622924511426, 0.09618688634577321, 0.3471198648165895, 0.06883659425850674, 0.06975131976591209, 0.18980117396093732, 0.21291229783303578, 0.14403394915269263, 0.18214047801263067, 0.08011384327521764, 0.30206231593415345, 0.058887768863581935, 0.046814589663857764, 0.20436789242285058, 0.15581605228217166, 0.1591453789414593, 0.13329624701609066, 0.2093703773820208, 0.05037682876505922, 0.06078920554477807, 0.27613923168215837, -0.19167651326923985, 0.11227836319453921, 0.11403118746968566, 0.06853192144491904, -0.02954293609650016, 0.25402466458873985, 0.059175313817498076, 0.06652584496770353, 0.17441477154913942, 0.09755047127603633, 0.11854437007458363, 0.6473521120679038, 0.1890436447633118, 0.08345168245052759, 0.07334609754728694, 0.18911095189425653, 0.05062281537968616, 0.04842984213664436, 0.19585828653308068, 0.04330639369094502, 0.05652678931679722, 0.13759721198601993, 0.07139056544501265, 0.19246008930916236, 0.06107261932771746, 0.023929146322569816, 0.1691787645025542, 0.052245906840745704, 0.0441526649478875, 0.14691358732451365, 0.03704740086952374, 0.16154228612256183, 0.03169300868093683, 0.12305552581914103, 0.04469490275117527, 0.06326819366752523, 0.10858908639647813, 0.038235231288570426, 0.03202837873195974, 0.1274202080979604, 0.03270916417089709, 0.10043705411421033, 0.027981769292409586, -0.07401949339996616, 0.03802872690059278, 0.11229786884668713, 0.02711247687219598, 0.09259799043430872, 0.023193960836779492, 0.041839096313946555, 0.1014157777282425, 0.01984178066186726, -0.05795065045876091, 0.19073738189193568, 0.016974084875117645, 0.07686220796551557, -0.09084391648849666, 0.09067226313134913, 0.014520851845793104, 0.0526169689926167, 0.07864572635687384, 0.01242218003967721, -0.04829602346930595, 0.1683048845507783, 0.010626825380279703, 0.04621608217605333, 0.06972956078509362, 0.009090950002515918, -0.06549576413029867, 0.14607630166832652, 0.007777051846698191],"StateValue_V3_record" => [0.0, 0.0, 0.0, 0.0, 0.0, 0.0, 0.0, 0.0, 0.0, 0.0, 0.0, 0.0, 0.14452814672328657, 0.003727102864903575, 0.003727102864903575, 0.0015712027569942375, 0.003727102864903575, 0.001964046768184749, 0.013187564657453963, 0.05948972314546068, 0.14452814672328657, 0.037510530350193166, 0.07445597983563278, 0.26816790825130526, 0.016099181662147403, 0.016099181662147403, 0.0385596363380436, 0.3739382441843703, 0.04377802778748888, 0.04377802778748888, 0.14452814672328657, 0.08331264279908285, 0.0920532007111229, 0.26816790825130526, 0.15154292385658358, 0.16820034226060704, 0.23138475594566493, 0.031008146305940988, 0.16835504210188115, 0.4644217894867301, 0.06851206615995509, 0.08207420870966695, 0.17665966148669118, 0.36501908500137525, 0.1133937721560231, 0.1133937721560231, 0.14330198774325853, 0.5418279156775873, 0.1133937721560231, 0.1133937721560231, 0.21189153062897437, 0.2477698820537838, 0.4567916998507833, 0.2919266111048105, 0.2919266111048105, 0.2591762173644089, 0.608046677905051, 0.2919266111048105, 0.2919266111048105, 0.24188273318349282, 0.6646949651494694, 0.2919266111048105, 0.2919266111048105, 0.29103761683058454, 0.2919266111048105, 0.32581699056480784, 0.6343095252318898, 0.5353005887560564, 0.2919266111048105, 0.2919266111048105, 0.32937242686159973, 0.11721961332695033, 0.3784072817510944, 0.7194774032106768, 0.2919266111048105, 0.353188045295577, 0.7600208142386414, 0.3726956556922507, 0.39580106143867533, 0.6024627334465459, 0.15178482046911898, 0.1716956940256396, 0.35825723843995466, 0.7947045612088939, 0.21206825465503365, 0.18879203973703007, 0.40121061574969846, 0.22354244602025472, 0.43502517462939605, 0.8243755305081164, 0.42811637282486853, 0.45286911291992804, 0.6599180578349578, 0.25931911675228236, 0.2362739171279509, 0.40121061574969846, 0.2792307368474323, 0.5059552197081754, 0.7090694706701273, 0.5296046016354435, 0.5550183285354029, 0.7511171208993985, 0.5752497091215718, 0.6106461938874357, 0.8497582096030387, 0.30285088222326295, 0.31677014001868886, 0.46541040206108436, 0.8714723771295, 0.35268712357041365, 0.3663185849477543, 0.5096730359829272, 0.8900482362657228, 0.39966706018670506, 0.4103271757461739, 0.5150858361755845, 0.7870877021669642, 0.43752917822909226, 0.43752917822909226, 0.5716362912104759, 0.9059393609071946, 0.6228591627041444, 0.6631027354501593, 0.9195337707548857, 0.43752917822909226, 0.45084626599497885, 0.5876663903192548, 0.9311634057414933, 0.4801335206651549, 0.4940352330877929, 0.6294509546643655, 0.9411122311364181, 0.5204772749101964, 0.5305583038874669, 0.6206936436162493, 0.8178595219873693, 0.6696437354340665, 0.6904606951703413, 0.8441839477178283, 0.5508810725193976, 0.5624597778148446, 0.6778943750816235, 0.9496231712349408, 0.5854356234461909, 0.5922016493299195, 0.6650365299312079, 0.8667037529839093, 0.7031267888226924, 0.7261277755006766, 0.8859688125303143, 0.7353972293125617, 0.7656571419343403, 0.9569040409341512, 0.6116269768337613, 0.620412728051929, 0.7157819079343757, 0.9292013897009664, 0.7853877427503195, 0.9024495287239637, 0.6358930054007658, 0.6457977969985857, 0.7037754818250068, 0.7187031590113535, 0.9493771846203138, 0.6531955974050714, 0.6628104544874542, 0.7486282421793328, 0.9165483175494724, 0.7933174995816357, 0.6889805729942864, 0.9165483175494724, 0.7501403525203643, 0.9286094345549873, 0.6782032948521822, 0.688803870400077, 0.782743781354206, 0.956693606309055, 0.7036485088161658, 0.7106479841462764, 0.7842506382223094, 0.9629525991304763, 0.7257170297431521, 0.7338867418433265, 0.8061507744328854, 0.9389273806722825, 0.7416664159910134, 0.7694823160170648, 0.9477540931592543, 0.7458439815499068, 0.7493024167205782, 0.798180414289076, 0.9553050972488247, 0.7628152738210088, 0.7691965766588211, 0.8323484404223719, 0.9683069913190632, 0.80181360750465, 0.8251610147353868, 0.972887523127804, 0.8273649543563737, 0.8451499414470737, 0.9617647687114296, 0.7806525727882514, 0.7897966075655488, 0.863952215391771, 0.9672908358291029, 0.7986272527352263, 0.8032562549559079, 0.8533405323249683, 0.9720182307075904, 0.8666111027824517, 0.881127084075925, 0.976062383965461, 0.8830729431967711, 0.8723750429942775, 0.8187077426995425, 0.8718453385141144, 0.9768060391632205, 0.8792134941411158, 0.8925965100888871, 0.9801582193381327, 0.8274241352276355, 0.8334710622784672, 0.8883881812297536, 0.9830259151248824, 0.8411874373365194, 0.8328119372243057, 0.8148290958097839, 0.9854791481542069, 0.8942094238318017, 0.9053181763021175, 0.9629328810742935, 0.9028726776881603, 0.9875778199603228, 0.8466438068193437, 0.8542484398340432, 0.9152489823760942, 0.9893731746197203, 0.8601331234676637, 0.8531529887015405, 0.840334270896672, 0.9909090499974841, 0.8652125205070905, 0.8718920452128066, 0.926190708024335, 0.9922229481533018, 0.9022684943669784, 0.8928025129590008, 0.8621854001084105, 0.993346951043676],"StateValue_V1_record" => [0.0, 0.0, 0.0, 0.0, 0.0, 0.0, 0.0, 0.0, 0.0, 0.0, 0.0, 0.0, 0.0, 0.003727102864903575, 0.0017933091654946357, 0.003727102864903575, 0.001669405953378513, 0.003727102864903575, 0.06954024602632713, 0.14452814672328657, 0.033459543535563435, 0.0627424500942177, 0.14452814672328657, 0.0, 0.016099181662147403, 0.006778427601543543, 0.26816790825130526, 0.0, 0.04377802778748888, 0.07177023571477, 0.0, 0.08331264279908285, 0.14452814672328657, 0.0, 0.15154292385658358, 0.26816790825130526, 0.013733014250405884, 0.13394570298109346, 0.3739382441843703, 0.0, 0.06851206615995509, 0.16318382883266017, 0.2577418969818146, 0.0, 0.1133937721560231, 0.08945142004820944, 0.4644217894867301, 0.0, 0.1133937721560231, 0.21189153062897437, 0.22827647258561068, 0.36501908500137525, 0.0, 0.2919266111048105, 0.21189153062897437, 0.5418279156775873, 0.0, 0.2919266111048105, 0.18054622826869135, 0.608046677905051, 0.0, 0.2919266111048105, 0.29103761683058454, 0.2919266111048105, 0.2691392636328118, 0.6646949651494694, 0.4567916998507833, 0.0, 0.2919266111048105, 0.32937242686159973, 0.1133937721560231, 0.32937242686159973, 0.6720843640678092, 0.0, 0.2919266111048105, 0.7194774032106768, 0.0, 0.3726956556922507, 0.5353005887560564, 0.0, 0.15178482046911898, 0.29103761683058454, 0.7600208142386414, 0.0, 0.21206825465503365, 0.40121061574969846, 0.19828747930970914, 0.3749454500589972, 0.7947045612088939, 0.0, 0.42811637282486853, 0.6024627334465459, 0.0, 0.25931911675228236, 0.40121061574969846, 0.24563992600913725, 0.4805139522406888, 0.6599180578349578, 0.0, 0.5296046016354435, 0.7090694706701273, 0.0, 0.5752497091215718, 0.8243755305081164, 0.0, 0.30285088222326295, 0.40121061574969846, 0.8497582096030387, 0.0, 0.35268712357041365, 0.44930146995101233, 0.8714723771295, 0.0, 0.39966706018670506, 0.47585825312872493, 0.7511171208993985, 0.0, 0.43752917822909226, 0.5186108784985208, 0.8900482362657228, 0.0, 0.6228591627041444, 0.9059393609071946, 0.0, 0.43752917822909226, 0.5323932128199809, 0.9195337707548857, 0.0, 0.4801335206651549, 0.579282363911586, 0.9311634057414933, 0.0, 0.5204772749101964, 0.5932620316977709, 0.7870877021669642, 0.0, 0.6696437354340665, 0.8178595219873693, 0.0, 0.5508810725193976, 0.6342378683647165, 0.9411122311364181, 0.0, 0.5854356234461909, 0.6354996171895892, 0.8441839477178283, 0.0, 0.7031267888226924, 0.8667037529839093, 0.0, 0.7353972293125617, 0.9496231712349408, 0.0, 0.6116269768337613, 0.6758720165417611, 0.9569040409341512, 0.7691603590006887, 0.8859688125303143, 0.0, 0.6358930054007658, 0.7080452676277985, 0.6819894450163385, 0.9408246861825019, 0.0, 0.6531955974050714, 0.7234203984861702, 0.9024495287239637, 0.0, 0.7933174995816357, 0.9165483175494724, 0.7228182248929075, 0.9165483175494724, 0.0, 0.6782032948521822, 0.7554119259518525, 0.9493771846203138, 0.0, 0.7036485088161658, 0.7559436030492849, 0.956693606309055, 0.0, 0.7257170297431521, 0.7862641043902547, 0.9286094345549873, 0.0, 0.7416664159910134, 0.9389273806722825, 0.0, 0.7458439815499068, 0.7737293209905866, 0.9477540931592543, 0.0, 0.7628152738210088, 0.8111152919178902, 0.9629525991304763, 0.0, 0.80181360750465, 0.9683069913190632, 0.0, 0.8273649543563737, 0.9553050972488247, 0.0, 0.7806525727882514, 0.8482580359805132, 0.9617647687114296, 0.0, 0.7986272527352263, 0.8349247257934745, 0.9672908358291029, 0.0, 0.8666111027824517, 0.9720182307075904, 0.0, 0.8830729431967711, 0.8132115212783538, 0.855615135648728, 0.972887523127804, 0.0, 0.8792134941411158, 0.9768060391632205, 0.0, 0.8274241352276355, 0.87373074682619, 0.9801582193381327, 0.0, 0.8411874373365194, 0.7872621754940907, 0.9830259151248824, 0.0, 0.8942094238318017, 0.976062383965461, 0.8897679835385802, 0.9854791481542069, 0.0, 0.8466438068193437, 0.9038824612980285, 0.9875778199603228, 0.0, 0.8601331234676637, 0.8160094778480713, 0.9893731746197203, 0.0, 0.8652125205070905, 0.9161128238322367, 0.9909090499974841, 0.0, 0.9022684943669784, 0.8410732629480955, 0.9922229481533018, 0.0])
POPULATION_SIGNALS
subject_id: 7
algorithm_name: Sarsa-Lambda (ReplTrc)
param_string: alpha=0.1974, gamma=0.9961,
                lambda=0.6128, temp=0.2507,
                reward_magnitude=1.0,
                action_cost=0.0,
                initQSA=nothing, use_replacing_trace=true
param_vector: [0.197445163350583, 0.9960525723724495, 0.6127972592361022, 0.2507274927826116, 1.0, 0.0, 0.0]
LL: -62.861
RPE
[0.0, 0.0, 0.0, 0.0, 0.0, 0.0, 0.0, 0.0, 0.0, 0.0, 0.0, 1.0, 0.01, -0.008, 0.008, 0.007, 0.103, -0.121, 0.073, 0.032, 0.089, 0.803, -0.006, 0.355, 0.644, -0.045, 1.0, 0.04, 0.803, 0.093, -0.311, 0.176, 0.259, 0.517, 0.131, 0.076, 0.642, 0.133, 0.435, 0.415, -0.096, 0.344, 0.11, 0.515, 0.239, 0.329, 0.333, 0.076, 0.446, 0.267, -0.149, 0.118, 0.123, 0.379, -0.201, 0.414, -0.325, 0.148, 0.306, 0.308, 0.204, 0.376, 0.164, 0.115, 0.332, 0.149, 0.424, 0.132, -0.254, 0.202, 0.184, 0.351, 0.106, 0.117, 0.266, -0.222, 0.176, 0.248, 0.114, 0.214, 0.108, 0.172, 0.152, 0.085, 0.072, 0.358, 0.068, 0.061, 0.319, 0.055, 0.033, 0.21, 0.138, 0.458, 0.261, 0.044, 0.162, 0.035, 0.049, 0.261, 0.028, 0.047, 0.225, 0.023, 0.023, 0.124, 0.11, 0.072, 0.089, 0.029, 0.182, 0.018, 0.004, 0.125, 0.071, 0.079, 0.057, 0.099, 0.015, 0.016, 0.151, -0.088, 0.046, 0.046, 0.022, -0.027, 0.142, 0.02, 0.023, 0.088, 0.037, -0.77, 0.711, 0.102, 0.03, 0.027, 0.087, 0.016, 0.005, 0.095, 0.013, 0.016, 0.06, 0.024, 0.116, 0.019, -0.022, 0.094, 0.015, 0.01, 0.059, 0.01, 0.081, 0.008, 0.06, 0.012, 0.011, 0.049, 0.01, 0.004, 0.048, 0.008, 0.042, 0.006, -0.022, 0.008, 0.039, 0.007, 0.034, 0.005, 0.009, 0.033, 0.004, -0.047, 0.084, 0.003, 0.027, -0.033, 0.027, 0.003, 0.015, 0.022, 0.002, -0.037, 0.069, 0.002, 0.013, 0.018, 0.001, -0.032, 0.056, 0.001]
SPE
Float64[]
action_selection_prob
[0.5, 0.5, 0.5, 0.5, 0.5, 0.5, 0.5, 0.5, 0.5, 0.5, 0.5, 0.5, 0.483, 0.51, 0.484, 0.509, 0.513, 0.592, 0.313, 0.573, 0.58, 0.666, 0.462, 0.472, 0.764, 0.45, 0.355, 0.561, 0.548, 0.66, 0.695, 0.531, 0.685, 0.843, 0.632, 0.677, 0.697, 0.296, 0.617, 0.89, 0.394, 0.226, 0.752, 0.792, 0.191, 0.68, 0.918, 0.269, 0.735, 0.936, 0.344, 0.236, 0.33, 0.817, 0.947, 0.851, 0.398, 0.139, 0.446, 0.826, 0.949, 0.606, 0.957, 0.691, 0.888, 0.558, 0.711, 0.962, 0.644, 0.145, 0.62, 0.786, 0.965, 0.742, 0.911, 0.697, 0.198, 0.678, 0.782, 0.927, 0.813, 0.937, 0.837, 0.968, 0.742, 0.745, 0.97, 0.787, 0.836, 0.971, 0.821, 0.8, 0.945, 0.156, 0.87, 0.973, 0.858, 0.974, 0.767, 0.834, 0.974, 0.796, 0.894, 0.975, 0.82, 0.863, 0.95, 0.874, 0.954, 0.836, 0.91, 0.975, 0.851, 0.879, 0.957, 0.885, 0.959, 0.894, 0.976, 0.861, 0.893, 0.976, 0.902, 0.961, 0.87, 0.902, 0.922, 0.975, 0.875, 0.906, 0.962, 0.907, 0.036, 0.93, 0.935, 0.883, 0.914, 0.975, 0.89, 0.936, 0.976, 0.895, 0.919, 0.936, 0.885, 0.937, 0.899, 0.895, 0.938, 0.902, 0.924, 0.976, 0.903, 0.976, 0.908, 0.938, 0.906, 0.913, 0.939, 0.908, 0.927, 0.939, 0.916, 0.94, 0.919, 0.911, 0.93, 0.976, 0.919, 0.976, 0.913, 0.932, 0.977, 0.915, 0.941, 0.977, 0.921, 0.94, 0.934, 0.977, 0.915, 0.935, 0.977, 0.917, 0.945, 0.977, 0.917, 0.936, 0.977, 0.922, 0.947, 0.977]
results_dict
Dict{String,Any}("trialByTrial_Qsa" => [0.0, 0.0, 0.0, 0.0, 0.0, 0.0, 0.0, 0.0, 0.0, 0.0, 0.0, 0.0, 0.0, 0.010210357615963672, 0.0010185585361395372, 0.009497591183726988, 0.01672791749539798, 0.12051624046486566, 0.0, 0.07356049633890632, 0.1078737288761093, 0.197445163350583, 0.00623218058521319, 0.0, 0.3559057341706276, 0.044899729702436025, 0.0, 0.15655073570180716, 0.197445163350583, 0.2611921454713266, 0.3559057341706276, 0.04526826450186059, 0.22212617820974606, 0.48307903170048183, 0.14925908397745363, 0.28090008848476145, 0.3580103243147625, 0.01400311944692702, 0.14761829213888222, 0.5851425767257217, 0.12323726575884532, 0.02740582007581638, 0.37321628030188553, 0.484768080699822, 0.09510466686928522, 0.33557091667560307, 0.6670541684313135, 0.20644545950362025, 0.2835463425483142, 0.7327927125322885, 0.29489643319134823, 0.14650743894437973, 0.27969581208387134, 0.4038795441636584, 0.785551499054817, 0.58649813116948, 0.35327781815425596, 0.02833255449548057, 0.17699149223521018, 0.48477579132697557, 0.7956259480414409, 0.45695762915410193, 0.8359786161150191, 0.5509091682342447, 0.6681420752064934, 0.28950202544572895, 0.44062615901804103, 0.8683638450491779, 0.37981678317685647, 0.1262205819483061, 0.3540064354609156, 0.5402683876028771, 0.8943547671662856, 0.6135297579033958, 0.7336658173765328, 0.4403808759862445, 0.2188503127249919, 0.4176876301963593, 0.6687758166878608, 0.7862522135704673, 0.7171182373256874, 0.8284556801778719, 0.7591294546493977, 0.9152139074203487, 0.4962496978621006, 0.5701619324316969, 0.9319545113195956, 0.5585629100402756, 0.6222159363939349, 0.9453897639473683, 0.613161038144915, 0.6490703479402733, 0.8623262764270166, 0.231379828917422, 0.6918696286579692, 0.956172290925394, 0.7994523578742476, 0.9648258601029114, 0.6551631883957297, 0.707096521626887, 0.9717708239006083, 0.6983778668487371, 0.7485916205545261, 0.9773445381868051, 0.7364789143440025, 0.7619998579899678, 0.8895092872669673, 0.8355916253868575, 0.9113251440912633, 0.7639955413902801, 0.7957263860124395, 0.9818177495452942, 0.7929379012257209, 0.7997986194103838, 0.9288335655012532, 0.8605213153501002, 0.9428850337859368, 0.8829320291332957, 0.9854077469564048, 0.8140131250554927, 0.8331287232136856, 0.9882889167422505, 0.9041559401715498, 0.9541621076198356, 0.8322481985580362, 0.8578840796468877, 0.8338952529135356, 0.9799170585541485, 0.8447121045176821, 0.8711067985485474, 0.9632125777684836, 0.9188099521155745, 0.14953184011744433, 0.8643831249432458, 0.9704760763602323, 0.862592783110691, 0.8929753926381738, 0.9838823382084848, 0.8795690219684807, 0.8881323878148507, 0.98706469257374, 0.8929725079462694, 0.9121001309810098, 0.9763054322860364, 0.8613912061621194, 0.9809838100788414, 0.9050545820612063, 0.8865313678303003, 0.9847384648041303, 0.9131960274546417, 0.9268718044704963, 0.9896187064615078, 0.9069936413353284, 0.9916684426600058, 0.9239434524095509, 0.9877517811138594, 0.9230287225211193, 0.9372483533613478, 0.9901701326925871, 0.9317357990456314, 0.9397406819448387, 0.9921109924488138, 0.9481104222890524, 0.9936686388334318, 0.9570942378147153, 0.9390037062452948, 0.950258448191721, 0.9933134683599657, 0.9568737424387471, 0.9946336916918811, 0.945693414295419, 0.9587911003302277, 0.9956932433123672, 0.9518226412073689, 0.9084556888011348, 0.9965435915900681, 0.964200771100215, 0.9949187354731964, 0.9658202402994613, 0.9972260427131734, 0.9529481885637747, 0.9715782325215512, 0.9977737471627984, 0.9587154312445351, 0.9254880659372636, 0.9982133100178994, 0.9598546464677974, 0.9762410444610307, 0.9985660833132721, 0.9676693414672914, 0.9392846308483109, 0.9988492032277142],"StateValue_V2_record" => [0.0, 0.0, 0.0, 0.0, 0.0, 0.0, 0.0, 0.0, 0.0, 0.0, 0.0, 0.0, 1.0, 0.016661885251725263, 0.010170052968223247, 0.016661885251725263, 0.009460100129893165, 0.016661885251725263, 0.12004051132768613, 0.19666576285784668, 0.0732701216033618, 0.10744790513845685, 0.19666576285784668, 1.0, 0.044722491268939076, 0.028220713787106028, 0.3545008220427588, 1.0, 0.09472924807977641, 0.14894157400056626, 1.0, 0.1559327630025845, 0.19666576285784668, 1.0, 0.26016110838019385, 0.3545008220427588, 0.04508957130391468, 0.2212493511970787, 0.481172112184457, 1.0, 0.14866989454569815, 0.2797912557148953, 0.35659710446961407, 1.0, 0.23046647378829546, 0.1470355796141614, 0.5828327687522985, 1.0, 0.23046647378829546, 0.33424627476811536, 0.37174303604597025, 0.4828544937851129, 1.0, 0.45515382198415905, 0.33424627476811536, 0.664421020377775, 1.0, 0.45515382198415905, 0.2824270638820481, 0.7299000663335709, 1.0, 0.45515382198415905, 0.4388868191445118, 0.45515382198415905, 0.4022852588928243, 0.7824505913645843, 0.5841829722429949, 1.0, 0.45515382198415905, 0.4828621739751238, 0.23046647378829546, 0.4828621739751238, 0.7924852721929461, 1.0, 0.45515382198415905, 0.8326786510297253, 1.0, 0.548734494163286, 0.6655046327196943, 1.0, 0.28835923715225265, 0.4388868191445118, 0.8649360416164648, 1.0, 0.37831748391353676, 0.5679112594674384, 0.3526090206772465, 0.5381357172433613, 0.8908243664495419, 1.0, 0.6111078935867236, 0.7307697246596312, 1.0, 0.43864250434973145, 0.5679112594674384, 0.4160388385052361, 0.6661358725524295, 0.7831485398603965, 1.0, 0.7142874649834476, 0.8251854113377366, 1.0, 0.7561328460672273, 0.9116011667570791, 1.0, 0.49429078809459615, 0.5679112594674384, 0.9282756883339923, 1.0, 0.5563580233774575, 0.6197597840163113, 0.941657906274359, 1.0, 0.6107406293228042, 0.6465081897165901, 0.8589223058594859, 1.0, 0.6525769791253023, 0.6891385233711416, 0.9523978700074969, 1.0, 0.7962965775498644, 0.9610172798469659, 1.0, 0.6525769791253023, 0.7043053092820721, 0.9679348289026956, 1.0, 0.6956210707626687, 0.7456366093097964, 0.9734865413551309, 1.0, 0.7335717171304126, 0.7589919186983487, 0.8859980137314469, 1.0, 0.8322931879194556, 0.907727754039796, 1.0, 0.7609797242828708, 0.7925853136923231, 0.9779420950355197, 1.0, 0.7898078362474906, 0.7966414722436465, 0.9251670622233973, 1.0, 0.8571244697357912, 0.9391630633539663, 1.0, 0.8794467188482457, 0.9815179211916667, 1.0, 0.8107998671564599, 0.829840007874366, 0.9843877177683001, 0.9005868500337026, 0.9503956217550552, 1.0, 0.8289629590260691, 0.8544976443296539, 0.8306035117537015, 0.9760489068845037, 1.0, 0.8413776646189827, 0.8676681675054099, 0.9594103658277962, 1.0, 0.9151830163261251, 0.966645192284531, 0.8609710351150563, 0.966645192284531, 1.0, 0.8591877605273142, 0.8894504369025511, 0.9799985338843816, 1.0, 0.8760969869108248, 0.884626549490268, 0.9831683261360947, 1.0, 0.8894475635977592, 0.9084996817248829, 0.9724515372497028, 1.0, 0.857990926716786, 0.9771114474847564, 1.0, 0.9014819445995367, 0.8830318494162368, 0.9808512809822508, 1.0, 0.9095912522264978, 0.9232130451023319, 0.9857122582388809, 1.0, 0.9034133495775087, 0.9877539032520797, 1.0, 0.920296252499215, 0.9838527024439283, 1.0, 0.9193851334408168, 0.933548633317413, 0.986261507754821, 1.0, 0.9280578394109008, 0.9360311236141965, 0.9881947061076248, 1.0, 0.94436782501414, 0.9897462037958702, 1.0, 0.9533161775781961, 0.9352970570728898, 0.9465073717400158, 0.9893924353321435, 1.0, 0.9530965525917667, 0.990707447178004, 1.0, 0.9419603579846366, 0.9550063418517346, 0.9917628162951506, 1.0, 0.9480653902169388, 0.9048696257167558, 0.9926098078845671, 1.0, 0.9603946583378684, 0.9909913657696219, 0.9620077347996557, 0.9932895650812545, 1.0, 0.9491864945566139, 0.9677429977641689, 0.9938351075072034, 1.0, 0.9549309714642814, 0.9218347687768146, 0.994272935219746, 1.0, 0.9560656897178976, 0.9723874035909764, 0.9946243159680664, 1.0, 0.9638495367744498, 0.9355768727463667, 0.9949063182871363, 1.0],"final_QSA" => Dict{Int64,Any}(1 => [0.0 0.0; 0.9990764224844015 0.06083808976011493; 0.99193517099483 0.304498102562705; 0.21470463857486413 0.9504055537110399; 0.30156406480458847 0.9800435427548797; 0.3488455915404285 0.9681208085785585; 0.3563839413342797 0.9646501411378737]),"trialByTrial_Vs" => [0.0, 0.0, 0.0, 0.0, 0.0, 0.0, 0.0, 0.0, 0.0, 0.0, 0.0, 0.0, 0.01672791749539798, 0.010210357615963672, 0.01672791749539798, 0.009497591183726988, 0.01672791749539798, 0.12051624046486566, 0.197445163350583, 0.07356049633890632, 0.1078737288761093, 0.197445163350583, 0.044899729702436025, 0.02833255449548057, 0.3559057341706276, 0.09510466686928522, 0.14953184011744433, 0.15655073570180716, 0.197445163350583, 0.2611921454713266, 0.3559057341706276, 0.04526826450186059, 0.22212617820974606, 0.48307903170048183, 0.14925908397745363, 0.28090008848476145, 0.3580103243147625, 0.231379828917422, 0.14761829213888222, 0.5851425767257217, 0.231379828917422, 0.33557091667560307, 0.37321628030188553, 0.484768080699822, 0.45695762915410193, 0.33557091667560307, 0.6670541684313135, 0.45695762915410193, 0.2835463425483142, 0.7327927125322885, 0.45695762915410193, 0.44062615901804103, 0.45695762915410193, 0.4038795441636584, 0.785551499054817, 0.58649813116948, 0.45695762915410193, 0.48477579132697557, 0.231379828917422, 0.48477579132697557, 0.7956259480414409, 0.45695762915410193, 0.8359786161150191, 0.5509091682342447, 0.6681420752064934, 0.28950202544572895, 0.44062615901804103, 0.8683638450491779, 0.37981678317685647, 0.5701619324316969, 0.3540064354609156, 0.5402683876028771, 0.8943547671662856, 0.6135297579033958, 0.7336658173765328, 0.4403808759862445, 0.5701619324316969, 0.4176876301963593, 0.6687758166878608, 0.7862522135704673, 0.7171182373256874, 0.8284556801778719, 0.7591294546493977, 0.9152139074203487, 0.4962496978621006, 0.5701619324316969, 0.9319545113195956, 0.5585629100402756, 0.6222159363939349, 0.9453897639473683, 0.613161038144915, 0.6490703479402733, 0.8623262764270166, 0.6551631883957297, 0.6918696286579692, 0.956172290925394, 0.7994523578742476, 0.9648258601029114, 0.6551631883957297, 0.707096521626887, 0.9717708239006083, 0.6983778668487371, 0.7485916205545261, 0.9773445381868051, 0.7364789143440025, 0.7619998579899678, 0.8895092872669673, 0.8355916253868575, 0.9113251440912633, 0.7639955413902801, 0.7957263860124395, 0.9818177495452942, 0.7929379012257209, 0.7997986194103838, 0.9288335655012532, 0.8605213153501002, 0.9428850337859368, 0.8829320291332957, 0.9854077469564048, 0.8140131250554927, 0.8331287232136856, 0.9882889167422505, 0.9041559401715498, 0.9541621076198356, 0.8322481985580362, 0.8578840796468877, 0.8338952529135356, 0.9799170585541485, 0.8447121045176821, 0.8711067985485474, 0.9632125777684836, 0.9188099521155745, 0.9704760763602323, 0.8643831249432458, 0.9704760763602323, 0.862592783110691, 0.8929753926381738, 0.9838823382084848, 0.8795690219684807, 0.8881323878148507, 0.98706469257374, 0.8929725079462694, 0.9121001309810098, 0.9763054322860364, 0.8613912061621194, 0.9809838100788414, 0.9050545820612063, 0.8865313678303003, 0.9847384648041303, 0.9131960274546417, 0.9268718044704963, 0.9896187064615078, 0.9069936413353284, 0.9916684426600058, 0.9239434524095509, 0.9877517811138594, 0.9230287225211193, 0.9372483533613478, 0.9901701326925871, 0.9317357990456314, 0.9397406819448387, 0.9921109924488138, 0.9481104222890524, 0.9936686388334318, 0.9570942378147153, 0.9390037062452948, 0.950258448191721, 0.9933134683599657, 0.9568737424387471, 0.9946336916918811, 0.945693414295419, 0.9587911003302277, 0.9956932433123672, 0.9518226412073689, 0.9084556888011348, 0.9965435915900681, 0.964200771100215, 0.9949187354731964, 0.9658202402994613, 0.9972260427131734, 0.9529481885637747, 0.9715782325215512, 0.9977737471627984, 0.9587154312445351, 0.9254880659372636, 0.9982133100178994, 0.9598546464677974, 0.9762410444610307, 0.9985660833132721, 0.9676693414672914, 0.9392846308483109, 0.9988492032277142],"RPE_QV" => [0.0, 0.0, 0.0, 0.0, 0.0, 0.0, 0.0, 0.0, 0.0, 0.0, 0.0, 1.0, 0.010170052968223247, 0.006451527635761591, 0.007536818095755393, 0.007164294067998275, 0.10331259383228815, 0.07614952239298102, 0.0732701216033618, 0.031573979483306605, 0.08879203398173738, 0.8025548366494171, 0.021988533201892837, 0.3545008220427588, 0.6440942658293725, 0.10404184429813024, 1.0, 0.04011502715603951, 0.8025548366494171, 0.09330867657143221, -0.31081616286671293, 0.17598108669521811, 0.25904593397471093, 0.5169209682995182, 0.1305321717374417, 0.07569701598485262, 0.6419896756852375, 0.13303246016723436, 0.4352144766134163, 0.4148574232742783, 0.21100900900927005, 0.3443372159701539, 0.10963821348322739, 0.515231919300178, 0.23914160789883016, 0.3288501037021719, 0.3329458315686865, 0.07598160437842782, 0.4463537237852567, 0.2672072874677115, 0.14399038595316355, 0.3086463830397793, 0.12258944680895295, 0.3785710472009259, -0.20136852681182216, 0.41350186883052, 0.12958435582086786, 0.20213391929281488, 0.3058706817399136, 0.3077094808659705, 0.20437405195855907, 0.37572102187562334, 0.1640213838849809, 0.11459546448544955, 0.3318579247935066, 0.14938479369878283, 0.4243098825984237, 0.13163615495082215, 0.1880944762905819, 0.202125223542657, 0.1841292817824457, 0.3505559788466648, 0.10564523283371441, 0.11723996675623538, 0.2663341826234672, 0.1275303834811939, 0.17605481568385295, 0.24844824235607016, 0.11437272317253566, 0.21374778642953274, 0.10806717401204924, 0.17154431982212814, 0.1524717121076814, 0.0847860925796513, 0.07166156160533776, 0.35811375590229544, 0.06804548868040439, 0.06119687397603568, 0.31944196988042406, 0.05461023605263171, 0.033347151571675115, 0.20985195791921263, 0.13767372357298335, 0.45775869445371953, 0.2605282413495277, 0.04382770907460598, 0.16156492197271832, 0.03517413989708862, 0.0491421208863424, 0.2608383072758086, 0.028229176099391684, 0.04725874246105921, 0.2248949208006048, 0.022655461813194888, 0.022513004354346222, 0.1239981557414791, 0.11049071273303268, 0.0721361286529385, 0.0886748559087367, 0.02858977230204296, 0.18221570902308015, 0.018182250454705784, 0.003703571017925511, 0.12536844281301351, 0.07116643449874682, 0.07864174800386603, 0.0571149662140632, 0.09858589205837098, 0.014592253043595238, 0.015826882818873234, 0.15125899455461456, -0.08770206670854785, 0.04623968158350544, 0.04583789238016445, 0.022249445771617693, -0.027280567893186225, 0.14215365397096813, 0.020082941445851543, 0.022956062987727788, 0.08830356727924871, 0.03678742223151643, 0.04783524016895657, 0.711439194997612, 0.10226206734128529, 0.029523923639767746, 0.026857653791860114, 0.0870231412462078, 0.016117661791515192, 0.005057527521787231, 0.09503593832124402, 0.012935307426260034, 0.015527173778613568, 0.06035140626869295, 0.02369456771396361, 0.11572024132263703, 0.01901618992115861, -0.022022732644969456, 0.09431991315195054, 0.015261535195869702, 0.010017017647690252, 0.05884045376838454, 0.010381293538492153, 0.08076026191675123, 0.008331557339994244, 0.059909250034377415, 0.012248218886140583, 0.010519910796293663, 0.0490131543934732, 0.009829867307412865, 0.004295324568565073, 0.0484540241627861, 0.007889007551186156, 0.04163578150681779, 0.0063313611665681835, -0.02179718074182546, 0.007503665494720924, 0.03913398714042249, 0.006686531640034299, 0.03383370473925684, 0.005366308308118906, 0.009312927556315631, 0.032971715964922876, 0.004306756687632807, -0.04695301549061315, 0.08415411908343229, 0.003456408409931888, 0.02679059466940692, -0.03291100067354069, 0.027469324781793203, 0.0027739572868266116, 0.014794809200394221, 0.02225687498565221, 0.00222625283720157, -0.03688066246772048, 0.0687848692824824, 0.001786689982100631, 0.012532757123179028, 0.01838327150703578, 0.0014339166867278763, -0.03209246872092475, 0.05562168743882534, 0.0011507967722858004],"StateValue_V3_record" => [0.0, 0.0, 0.0, 0.0, 0.0, 0.0, 0.0, 0.0, 0.0, 0.0, 0.0, 0.0, 0.197445163350583, 0.01672791749539798, 0.01672791749539798, 0.008589282201758981, 0.01672791749539798, 0.010912146396274521, 0.037126489460786546, 0.09672089167988213, 0.197445163350583, 0.07979462587561575, 0.12540528652986394, 0.3559057341706276, 0.044899729702436025, 0.044899729702436025, 0.06999447271614846, 0.48307903170048183, 0.09510466686928522, 0.09510466686928522, 0.197445163350583, 0.15655073570180716, 0.16447125379144445, 0.3559057341706276, 0.2611921454713266, 0.27961549235899974, 0.29453658612140804, 0.08001487891101103, 0.27327354495868716, 0.5851425767257217, 0.14925908397745363, 0.17503202994865916, 0.29584609817104235, 0.484768080699822, 0.231379828917422, 0.231379828917422, 0.23354928556635668, 0.6670541684313135, 0.231379828917422, 0.231379828917422, 0.33557091667560307, 0.39486381527254744, 0.58649813116948, 0.45695762915410193, 0.45695762915410193, 0.40050077911893456, 0.7327927125322885, 0.45695762915410193, 0.45695762915410193, 0.3716767264532352, 0.785551499054817, 0.45695762915410193, 0.45695762915410193, 0.44062615901804103, 0.45695762915410193, 0.47862656641804646, 0.7457922573847906, 0.6681420752064934, 0.45695762915410193, 0.45695762915410193, 0.48477579132697557, 0.23738417895550162, 0.5455315400410802, 0.8359786161150191, 0.45695762915410193, 0.5311419276925824, 0.8683638450491779, 0.5509091682342447, 0.5735354884388103, 0.7336658173765328, 0.28950202544572895, 0.31899733043967826, 0.5244040930989535, 0.8943547671662856, 0.37981678317685647, 0.329647063416434, 0.5701619324316969, 0.3903618715800761, 0.6094839701097803, 0.9152139074203487, 0.6135297579033958, 0.6366782222907976, 0.7862522135704673, 0.4403808759862445, 0.39647016569440646, 0.5701619324316969, 0.4667425339925188, 0.6913581576975131, 0.8284556801778719, 0.7171182373256874, 0.7384555781513323, 0.8623262764270166, 0.7591294546493977, 0.789234256752842, 0.9319545113195956, 0.4962496978621006, 0.5103989265992244, 0.6408697614639164, 0.9453897639473683, 0.5585629100402756, 0.570645936819019, 0.6852882083180072, 0.956172290925394, 0.613161038144915, 0.619745271934261, 0.6905046020510719, 0.8895092872669673, 0.6551631883957297, 0.6551631883957297, 0.7433096698286668, 0.9648258601029114, 0.7994523578742476, 0.8313525702848752, 0.9717708239006083, 0.6551631883957297, 0.6648660624815277, 0.7585977838150485, 0.9773445381868051, 0.6983778668487371, 0.7077088769737041, 0.792996034928718, 0.9818177495452942, 0.7364789143440025, 0.7409239981662588, 0.7864826941055152, 0.9113251440912633, 0.8355916253868575, 0.8498345550922156, 0.9288335655012532, 0.7639955413902801, 0.769640453652613, 0.8317039964455438, 0.9854077469564048, 0.7929379012257209, 0.7936691534103357, 0.8245520120806075, 0.9428850337859368, 0.8605213153501002, 0.876048748130899, 0.9541621076198356, 0.8829320291332957, 0.9023973366948237, 0.9882889167422505, 0.8140131250554927, 0.8171380665189957, 0.8629940801017664, 0.9709725678547976, 0.9132857416550839, 0.9632125777684836, 0.8322481985580362, 0.8366412440128732, 0.8524976634629209, 0.8619628043427157, 0.9838823382084848, 0.8447121045176821, 0.8492446681241803, 0.8885419108144379, 0.9704760763602323, 0.9188099521155745, 0.7668031644402082, 0.9704760763602323, 0.8845742755340141, 0.9763054322860364, 0.862592783110691, 0.8678956969508382, 0.9101576909768122, 0.98706469257374, 0.8795690219684807, 0.8805676063161701, 0.9068967741808647, 0.9896187064615078, 0.8929725079462694, 0.8960382733093606, 0.9240162242501693, 0.9809838100788414, 0.8613912061621194, 0.8842396081130364, 0.9847384648041303, 0.9050545820612063, 0.900706300016694, 0.9051543784898, 0.9877517811138594, 0.9131960274546417, 0.9151738391403755, 0.9384895674764174, 0.9916684426600058, 0.9069936413353284, 0.9229393644417173, 0.9933134683599657, 0.9239434524095509, 0.9357722440687994, 0.9901701326925871, 0.9230287225211193, 0.9251058280267271, 0.9469257636368945, 0.9921109924488138, 0.9317357990456314, 0.9325838901067155, 0.9493076946606531, 0.9936686388334318, 0.9481104222890524, 0.9563312059698952, 0.9949187354731964, 0.9570942378147153, 0.9527904899025633, 0.9404852687046281, 0.9579852646752214, 0.9946336916918811, 0.9568737424387471, 0.9635540437977451, 0.9956932433123672, 0.945693414295419, 0.9475322067980478, 0.9653012061748709, 0.9965435915900681, 0.9518226412073689, 0.9425519953940223, 0.9250715125901875, 0.9972260427131734, 0.964200771100215, 0.9694904444409753, 0.988420617569178, 0.9712439256181327, 0.9977737471627984, 0.9529481885637747, 0.9558693520830873, 0.9759727448387668, 0.9982133100178994, 0.9587154312445351, 0.9514335228191183, 0.9390693056887919, 0.9985660833132721, 0.9598546464677974, 0.9623291787452166, 0.9798707325066555, 0.9988492032277142, 0.9676693414672914, 0.961332838738365, 0.9502668640105049, 0.9990764224844015],"StateValue_V1_record" => [0.0, 0.0, 0.0, 0.0, 0.0, 0.0, 0.0, 0.0, 0.0, 0.0, 0.0, 0.0, 0.0, 0.01672791749539798, 0.010210357615963672, 0.01672791749539798, 0.009497591183726988, 0.01672791749539798, 0.12051624046486566, 0.197445163350583, 0.07356049633890632, 0.1078737288761093, 0.197445163350583, 0.0, 0.044899729702436025, 0.02833255449548057, 0.3559057341706276, 0.0, 0.09510466686928522, 0.14953184011744433, 0.0, 0.15655073570180716, 0.197445163350583, 0.0, 0.2611921454713266, 0.3559057341706276, 0.04526826450186059, 0.22212617820974606, 0.48307903170048183, 0.0, 0.14925908397745363, 0.28090008848476145, 0.3580103243147625, 0.0, 0.231379828917422, 0.14761829213888222, 0.5851425767257217, 0.0, 0.231379828917422, 0.33557091667560307, 0.37321628030188553, 0.484768080699822, 0.0, 0.45695762915410193, 0.33557091667560307, 0.6670541684313135, 0.0, 0.45695762915410193, 0.2835463425483142, 0.7327927125322885, 0.0, 0.45695762915410193, 0.44062615901804103, 0.45695762915410193, 0.4038795441636584, 0.785551499054817, 0.58649813116948, 0.0, 0.45695762915410193, 0.48477579132697557, 0.231379828917422, 0.48477579132697557, 0.7956259480414409, 0.0, 0.45695762915410193, 0.8359786161150191, 0.0, 0.5509091682342447, 0.6681420752064934, 0.0, 0.28950202544572895, 0.44062615901804103, 0.8683638450491779, 0.0, 0.37981678317685647, 0.5701619324316969, 0.3540064354609156, 0.5402683876028771, 0.8943547671662856, 0.0, 0.6135297579033958, 0.7336658173765328, 0.0, 0.4403808759862445, 0.5701619324316969, 0.4176876301963593, 0.6687758166878608, 0.7862522135704673, 0.0, 0.7171182373256874, 0.8284556801778719, 0.0, 0.7591294546493977, 0.9152139074203487, 0.0, 0.4962496978621006, 0.5701619324316969, 0.9319545113195956, 0.0, 0.5585629100402756, 0.6222159363939349, 0.9453897639473683, 0.0, 0.613161038144915, 0.6490703479402733, 0.8623262764270166, 0.0, 0.6551631883957297, 0.6918696286579692, 0.956172290925394, 0.0, 0.7994523578742476, 0.9648258601029114, 0.0, 0.6551631883957297, 0.707096521626887, 0.9717708239006083, 0.0, 0.6983778668487371, 0.7485916205545261, 0.9773445381868051, 0.0, 0.7364789143440025, 0.7619998579899678, 0.8895092872669673, 0.0, 0.8355916253868575, 0.9113251440912633, 0.0, 0.7639955413902801, 0.7957263860124395, 0.9818177495452942, 0.0, 0.7929379012257209, 0.7997986194103838, 0.9288335655012532, 0.0, 0.8605213153501002, 0.9428850337859368, 0.0, 0.8829320291332957, 0.9854077469564048, 0.0, 0.8140131250554927, 0.8331287232136856, 0.9882889167422505, 0.9041559401715498, 0.9541621076198356, 0.0, 0.8322481985580362, 0.8578840796468877, 0.8338952529135356, 0.9799170585541485, 0.0, 0.8447121045176821, 0.8711067985485474, 0.9632125777684836, 0.0, 0.9188099521155745, 0.9704760763602323, 0.8643831249432458, 0.9704760763602323, 0.0, 0.862592783110691, 0.8929753926381738, 0.9838823382084848, 0.0, 0.8795690219684807, 0.8881323878148507, 0.98706469257374, 0.0, 0.8929725079462694, 0.9121001309810098, 0.9763054322860364, 0.0, 0.8613912061621194, 0.9809838100788414, 0.0, 0.9050545820612063, 0.8865313678303003, 0.9847384648041303, 0.0, 0.9131960274546417, 0.9268718044704963, 0.9896187064615078, 0.0, 0.9069936413353284, 0.9916684426600058, 0.0, 0.9239434524095509, 0.9877517811138594, 0.0, 0.9230287225211193, 0.9372483533613478, 0.9901701326925871, 0.0, 0.9317357990456314, 0.9397406819448387, 0.9921109924488138, 0.0, 0.9481104222890524, 0.9936686388334318, 0.0, 0.9570942378147153, 0.9390037062452948, 0.950258448191721, 0.9933134683599657, 0.0, 0.9568737424387471, 0.9946336916918811, 0.0, 0.945693414295419, 0.9587911003302277, 0.9956932433123672, 0.0, 0.9518226412073689, 0.9084556888011348, 0.9965435915900681, 0.0, 0.964200771100215, 0.9949187354731964, 0.9658202402994613, 0.9972260427131734, 0.0, 0.9529481885637747, 0.9715782325215512, 0.9977737471627984, 0.0, 0.9587154312445351, 0.9254880659372636, 0.9982133100178994, 0.0, 0.9598546464677974, 0.9762410444610307, 0.9985660833132721, 0.0, 0.9676693414672914, 0.9392846308483109, 0.9988492032277142, 0.0])