DateTime of fitting: 2020-02-09T16:33:18.229
DATA_STATS
nr_subjects: 1
all_subject_ids: [17]
nr_puzzles: 1
nr_episodes: 48
nr_actions: 197
max_state_id: 7
max_action_id: 2
SUBJECT_SIGNALS
subject_id: 17
algorithm_name: Sarsa-Lambda (ReplTrc)
param_string: alpha=0.1521, gamma=0.9997,
                lambda=0.6843, temp=0.371,
                reward_magnitude=1.0,
                action_cost=0.0,
                initQSA=nothing, use_replacing_trace=true
param_vector: [0.15207623536061896, 0.9996902673548618, 0.6842851099748853, 0.37100705614363727, 1.0, 0.0, 0.0]
LL: -120.347
RPE
[0.0, 0.0, 0.0, 0.0, 0.0, 0.0, 1.0, 0.0, 1.0, 0.033, 0.048, 0.848, -0.119, -0.007, 0.184, 0.081, 0.719, 0.015, 0.055, -0.104, 0.046, 0.043, -0.085, 0.158, -0.082, -0.044, 0.016, 0.094, 0.134, 0.104, -0.39, 0.0, 0.152, 0.848, 0.014, 0.035, 0.17, 0.719, -0.088, 0.058, 0.233, 0.617, 0.078, 0.093, 0.61, -0.028, 0.197, 0.091, 0.102, 0.523, 0.099, 0.038, 0.517, 0.464, 0.438, 0.401, -0.293, 0.416, 0.372, 0.09, 0.435, 0.315, 0.519, 0.267, -0.053, -0.035, 0.459, 0.227, -0.275, 0.161, 0.487, 0.192, -0.205, 0.174, 0.09, -0.123, -0.166, 0.166, 0.149, 0.444, -0.012, 0.01, 0.347, 0.309, 0.163, 0.314, -0.16, 0.43, 0.138, 0.17, 0.261, 0.117, 0.328, -0.05, 0.376, -0.037, 0.205, 0.319, 0.153, 0.195, 0.099, 0.328, -0.016, 0.27, -0.062, 0.23, 0.229, 0.286, 0.145, 0.084, 0.514, 0.071, -0.049, 0.439, 0.061, 0.375, 0.051, 0.488, 0.004, 0.194, 0.231, 0.134, 0.044, 0.327, 0.037, 0.445, -0.012, 0.165, 0.279, 0.031, -0.396, 0.407, -0.029, 0.249, -0.003, 0.14, 0.119, 0.374, 0.027, -0.354, 0.3, -0.367, 0.378, 0.216, 0.004, 0.119, -0.044, 0.24, 0.1, -0.287, 0.243, -0.265, 0.359, -0.328, 0.223, 0.271, 0.087, 0.023, 0.246, 0.019, 0.366, 0.009, 0.085, 0.19, 0.068, 0.016, 0.257, -0.0, 0.072, 0.104, -0.68, 0.396, 0.352, 0.212, 0.014, 0.172, -0.797, 0.36, 0.233, -0.289, 0.225, 0.259, 0.061, 0.126, -0.507, 0.316, 0.209, 0.124, 0.08, 0.052, 0.111, 0.07, -0.148, 0.18, 0.012, 0.153, 0.01]
SPE
Float64[]
action_selection_prob
[0.5, 0.5, 0.5, 0.5, 0.5, 0.5, 0.5, 0.452, 0.5, 0.478, 0.555, 0.601, 0.525, 0.383, 0.488, 0.605, 0.681, 0.453, 0.533, 0.46, 0.399, 0.533, 0.455, 0.403, 0.543, 0.365, 0.456, 0.536, 0.539, 0.63, 0.741, 0.453, 0.291, 0.586, 0.472, 0.493, 0.325, 0.665, 0.556, 0.365, 0.543, 0.613, 0.582, 0.586, 0.728, 0.508, 0.392, 0.623, 0.635, 0.671, 0.662, 0.678, 0.774, 0.306, 0.809, 0.462, 0.712, 0.283, 0.835, 0.486, 0.561, 0.855, 0.376, 0.87, 0.555, 0.625, 0.342, 0.882, 0.576, 0.339, 0.441, 0.892, 0.526, 0.394, 0.517, 0.726, 0.401, 0.54, 0.59, 0.597, 0.412, 0.276, 0.411, 0.704, 0.899, 0.475, 0.722, 0.373, 0.905, 0.525, 0.738, 0.91, 0.521, 0.765, 0.575, 0.566, 0.628, 0.612, 0.591, 0.779, 0.914, 0.569, 0.797, 0.643, 0.624, 0.667, 0.668, 0.613, 0.808, 0.917, 0.357, 0.919, 0.653, 0.411, 0.921, 0.46, 0.923, 0.321, 0.821, 0.689, 0.625, 0.829, 0.925, 0.502, 0.926, 0.343, 0.838, 0.705, 0.538, 0.927, 0.432, 0.156, 0.608, 0.419, 0.815, 0.719, 0.374, 0.701, 0.928, 0.589, 0.181, 0.574, 0.266, 0.45, 0.8, 0.731, 0.478, 0.686, 0.74, 0.576, 0.196, 0.564, 0.287, 0.495, 0.204, 0.553, 0.768, 0.929, 0.506, 0.929, 0.412, 0.772, 0.748, 0.467, 0.776, 0.93, 0.546, 0.782, 0.754, 0.425, 0.683, 0.07, 0.355, 0.508, 0.908, 0.47, 0.785, 0.092, 0.38, 0.456, 0.254, 0.606, 0.76, 0.423, 0.626, 0.111, 0.402, 0.457, 0.719, 0.764, 0.478, 0.729, 0.768, 0.513, 0.864, 0.526, 0.865]
results_dict
Dict{String,Any}("trialByTrial_Qsa" => [0.0, 0.0, 0.0, 0.0, 0.0, 0.0, 0.0, 0.0, 0.0, 0.07116500115659743, 0.1040312715741254, 0.15207623536061896, 0.14149405383405528, 0.02278107019790182, 0.01558391878183519, 0.19954119298510917, 0.28102528935977955, 0.03330209600210806, 0.04868206754552582, 0.1040312715741254, 0.0, 0.04956388466527718, 0.09611353263612482, 0.0055347568330579005, 0.16368318920260458, 0.08161049685978286, 0.03702752516625934, 0.053518167071251954, 0.15232329229307007, 0.28671560385399375, 0.3903642566734346, 0.0, 0.0, 0.15207623536061896, 0.06228041314168215, 0.07615827964969235, 0.11133060555175493, 0.28102528935977955, 0.18011701360690077, 0.09215264864960813, 0.15031224524584855, 0.3830969654649078, 0.2193707527283824, 0.2974883545626571, 0.3903642566734346, 0.1151140574619281, 0.08685284656843689, 0.2842707192478395, 0.37501536636900246, 0.4769132565395465, 0.3458638279682258, 0.4449065289300592, 0.4830753654598112, 0.09723262705707296, 0.5616873178458469, 0.1031837246359086, 0.5044646746501158, 0.21191975047645273, 0.6283442604586661, 0.16016345106536828, 0.24987243126021097, 0.6848642661782789, 0.21343691645588342, 0.7327889222054923, 0.40164704186621836, 0.3487760638909151, 0.313882244554979, 0.7734253769631345, 0.43366649262791795, 0.15899621623801452, 0.32018180598090584, 0.8078819926628323, 0.4526882855587842, 0.2478757497094525, 0.4395813274585681, 0.5297153678457532, 0.40730224962247324, 0.24145160627461143, 0.4073608769191997, 0.5564623192520581, 0.18145858065033607, 0.16909671250499198, 0.1806545022640318, 0.5276374878505778, 0.8370985759636526, 0.27715705278945096, 0.5916065775721565, 0.43150643155628593, 0.8618720112659841, 0.4518421998851253, 0.621812410688508, 0.8828779957905872, 0.34561248614712126, 0.673657046900418, 0.6239138599807852, 0.5131268648111319, 0.47615124084475374, 0.681107624326214, 0.5514752258840919, 0.7051876214677194, 0.9006894692686453, 0.41703775665016085, 0.7452077821267827, 0.7296035763038876, 0.6021947298454156, 0.5404629331992229, 0.7707244464745673, 0.48450544441143795, 0.7709300705368946, 0.9157922409139349, 0.41429764130672375, 0.9285982399038976, 0.5490608426791374, 0.49989481634117716, 0.9394567507774348, 0.5729958805324189, 0.9486639401957023, 0.31372091759686804, 0.8016772677694344, 0.8055918095149371, 0.5915667882655418, 0.8224591620312638, 0.9564709349089875, 0.6354219354767681, 0.963090671256796, 0.4021060571401844, 0.8473224993101693, 0.8351566752471756, 0.6890469232262059, 0.96870370302175, 0.633027292058674, 0.23669589923834822, 0.6436496327816077, 0.6130105028544649, 0.8625818889074571, 0.860225427499913, 0.4802115251065777, 0.5992957612466312, 0.9734631260469302, 0.671825956098305, 0.3178282398455168, 0.649181222152982, 0.2826518353680785, 0.6605979433819954, 0.8767239344622421, 0.8814818182848662, 0.7023251864045315, 0.6589125372122642, 0.8995056171818895, 0.6522509452909782, 0.3655444404903807, 0.6339016278486688, 0.3686418276977196, 0.7278440205555818, 0.3844775084298293, 0.6184315329591359, 0.8897355722550154, 0.9774987539359523, 0.7347862382348366, 0.9809206587282956, 0.5390754154108558, 0.9053770566693494, 0.9147884245957566, 0.725517067108257, 0.9156298813593634, 0.9838221731220569, 0.6703484404426668, 0.9276369673217936, 0.9277470801923815, 0.6017522262984714, 0.7059132161082106, 0.025970173079811847, 0.4216418548939359, 0.7741560781485287, 0.9862824361299704, 0.7625993045934921, 0.9351265763479558, 0.13851216255365528, 0.49822663115211163, 0.7428487449365356, 0.4538923823707441, 0.6794957694751499, 0.9387350322305368, 0.5994879205705704, 0.7252491559002389, 0.21785544173210275, 0.534279390161138, 0.7437424580717056, 0.8682505390016344, 0.9480519778884064, 0.774604459304935, 0.8857460041316523, 0.9559520375255678, 0.807796054866826, 0.9883685516016433, 0.8364203196482326, 0.9901374184858567],"StateValue_V2_record" => [0.0, 0.0, 0.0, 0.0, 0.0, 0.0, 0.0, 1.0, 0.07114295903254794, 0.0, 1.0, 0.10399904969320364, 0.10399904969320364, 0.15202913238597804, 1.0, 0.14145022850648992, 0.19947938856359185, 0.03329178125582468, 0.19947938856359185, 0.28093824665355543, 1.0, 0.1031517652679419, 0.04866698911997415, 0.1636324911754482, 0.15202913238597804, 0.04954853311217648, 0.1636324911754482, 0.15202913238597804, 0.1636324911754482, 0.2866267986716097, 0.1031517652679419, 0.05350159074780202, 0.15227611279683198, 0.2866267986716097, 0.3902433481196477, 0.07015374951145838, 0.3308966088630882, 0.15202913238597804, 1.0, 0.1031517652679419, 0.08682594540653146, 0.38297830782844994, 0.28093824665355543, 1.0, 0.1800612254878419, 0.2973962127077006, 0.1502656886365319, 0.38297830782844994, 1.0, 0.21930280644487388, 0.2973962127077006, 0.3902433481196477, 1.0, 0.11507840288041782, 0.24979503761112962, 0.2841826713260315, 0.3748992118676095, 0.47676554093509704, 1.0, 0.3457567026499316, 0.4447687268540144, 0.48292574124906623, 1.0, 0.4015226386655292, 0.5615133449471499, 1.0, 0.16011384321601532, 0.5043084254720577, 0.5562899647059965, 0.6281496417288168, 1.0, 0.18140237700416822, 0.24979503761112962, 0.6846521413575548, 1.0, 0.4015226386655292, 0.7325619535542895, 1.0, 0.4015226386655292, 0.34866803655808526, 0.5562899647059965, 0.7731858218753107, 1.0, 0.4335321719580485, 0.4072347039572657, 0.4085196357641233, 0.8076317652362853, 1.0, 0.452548073218675, 0.4072347039572657, 0.439445174771261, 0.5295512977037, 0.5562899647059965, 0.24137682082992712, 0.4072347039572657, 0.5562899647059965, 1.0, 0.3136237479872256, 0.5274740612957918, 0.3136237479872256, 0.5274740612957918, 0.8368392992074779, 1.0, 0.3136237479872256, 0.591423337702004, 0.6237206134905949, 0.8616050613681641, 1.0, 0.4517022496053698, 0.6216198150857657, 0.8826045396536166, 1.0, 0.3455054386775941, 0.6734483933213656, 0.6237206134905949, 1.0, 0.5129679326700025, 0.47600376126144106, 0.6808966630601075, 1.0, 0.5513044160036507, 0.7049692018404035, 0.9004104963368806, 1.0, 0.4169085864426711, 0.744976966949247, 0.7293775942582967, 1.0, 0.6020082104788522, 0.540295534185324, 0.770485727953088, 1.0, 0.48435537725855654, 0.7706912883269306, 0.9155085901607595, 1.0, 0.63283122284106, 0.9283106227147814, 1.0, 0.5488907806119925, 0.63283122284106, 0.9391657703530236, 1.0, 0.63283122284106, 0.9483701080041582, 1.0, 0.5913835607194363, 0.8014289621487409, 0.8053422914328744, 1.0, 0.5913835607194363, 0.8222044195794896, 0.9561746846363203, 1.0, 0.635225124559914, 0.9627923706356797, 1.0, 0.643450273478304, 0.8470600558711728, 0.8348979999610465, 1.0, 0.6888335029000506, 0.9684036638614579, 1.0, 0.7345586509496569, 0.8623147191373575, 0.643450273478304, 0.7345586509496569, 0.8623147191373575, 0.8599589876028383, 1.0, 0.6716178696678501, 0.5991101397852802, 0.9731616127379551, 1.0, 0.6716178696678501, 0.8764523844389651, 0.6489801495358705, 0.6587084504891987, 0.7345586509496569, 0.8764523844389651, 0.8812087945896475, 1.0, 0.7345586509496569, 0.6587084504891987, 0.899227010927763, 1.0, 0.6520489218803993, 0.8894599921027473, 0.6337052878207178, 0.7056945717405473, 0.7345586509496569, 0.8894599921027473, 0.6182399845245956, 0.8894599921027473, 0.9771959906612764, 1.0, 0.7345586509496569, 0.980616835577997, 1.0, 0.6701408116470442, 0.9050966318387398, 0.9145050847572648, 1.0, 0.7739162967386939, 0.9153462808942424, 0.9835174512780301, 1.0, 0.6701408116470442, 0.927349647870177, 0.9274597266352143, 1.0, 0.7143343358852816, 0.7056945717405473, 0.9859769522621744, 0.6434580949571388, 0.7739162967386939, 0.9859769522621744, 1.0, 0.8075458540580199, 0.9348369371199245, 0.9880624215957843, 0.6792853074531101, 0.8075458540580199, 0.8536261320033384, 0.6792853074531101, 0.9384442753459201, 1.0, 0.7143343358852816, 0.7250245225607976, 0.9880624215957843, 0.6807662177388348, 0.8075458540580199, 0.8679816134655467, 0.9477583352415665, 1.0, 0.8075458540580199, 0.885471659678872, 0.9556559479723598, 0.8075458540580199, 0.9880624215957843, 1.0, 0.8361612529701806, 0.9898307406041787, 1.0],"final_QSA" => Dict{Int64,Any}(1 => [0.0 0.0; 0.9529640752311689 0.5112838423198129; 0.9916372827534649 0.302159644523926; 0.5872105793415038 0.7057466111521938; 0.5194679537343172 0.8943336603829705; 0.7973393109505763 0.8607764158282204; 0.6052378868988743 0.7145556570990533]),"trialByTrial_Vs" => [0.0, 0.0, 0.0, 0.0, 0.0, 0.0, 0.0, 0.07116500115659743, 0.0, 0.1040312715741254, 0.1040312715741254, 0.15207623536061896, 0.14149405383405528, 0.19954119298510917, 0.03330209600210806, 0.19954119298510917, 0.28102528935977955, 0.1031837246359086, 0.04868206754552582, 0.16368318920260458, 0.15207623536061896, 0.04956388466527718, 0.16368318920260458, 0.15207623536061896, 0.16368318920260458, 0.28671560385399375, 0.1031837246359086, 0.053518167071251954, 0.15232329229307007, 0.28671560385399375, 0.3903642566734346, 0.07017548515009778, 0.3309991300991923, 0.15207623536061896, 0.1031837246359086, 0.08685284656843689, 0.3830969654649078, 0.28102528935977955, 0.18011701360690077, 0.2974883545626571, 0.15031224524584855, 0.3830969654649078, 0.2193707527283824, 0.2974883545626571, 0.3903642566734346, 0.1151140574619281, 0.24987243126021097, 0.2842707192478395, 0.37501536636900246, 0.4769132565395465, 0.3458638279682258, 0.4449065289300592, 0.4830753654598112, 0.40164704186621836, 0.5616873178458469, 0.16016345106536828, 0.5044646746501158, 0.5564623192520581, 0.6283442604586661, 0.18145858065033607, 0.24987243126021097, 0.6848642661782789, 0.40164704186621836, 0.7327889222054923, 0.40164704186621836, 0.3487760638909151, 0.5564623192520581, 0.7734253769631345, 0.43366649262791795, 0.4073608769191997, 0.40864620683469194, 0.8078819926628323, 0.4526882855587842, 0.4073608769191997, 0.4395813274585681, 0.5297153678457532, 0.5564623192520581, 0.24145160627461143, 0.4073608769191997, 0.5564623192520581, 0.31372091759686804, 0.5276374878505778, 0.31372091759686804, 0.5276374878505778, 0.8370985759636526, 0.31372091759686804, 0.5916065775721565, 0.6239138599807852, 0.8618720112659841, 0.4518421998851253, 0.621812410688508, 0.8828779957905872, 0.34561248614712126, 0.673657046900418, 0.6239138599807852, 0.5131268648111319, 0.47615124084475374, 0.681107624326214, 0.5514752258840919, 0.7051876214677194, 0.9006894692686453, 0.41703775665016085, 0.7452077821267827, 0.7296035763038876, 0.6021947298454156, 0.5404629331992229, 0.7707244464745673, 0.48450544441143795, 0.7709300705368946, 0.9157922409139349, 0.633027292058674, 0.9285982399038976, 0.5490608426791374, 0.633027292058674, 0.9394567507774348, 0.633027292058674, 0.9486639401957023, 0.5915667882655418, 0.8016772677694344, 0.8055918095149371, 0.5915667882655418, 0.8224591620312638, 0.9564709349089875, 0.6354219354767681, 0.963090671256796, 0.6436496327816077, 0.8473224993101693, 0.8351566752471756, 0.6890469232262059, 0.96870370302175, 0.7347862382348366, 0.8625818889074571, 0.6436496327816077, 0.7347862382348366, 0.8625818889074571, 0.860225427499913, 0.671825956098305, 0.5992957612466312, 0.9734631260469302, 0.671825956098305, 0.8767239344622421, 0.649181222152982, 0.6589125372122642, 0.7347862382348366, 0.8767239344622421, 0.8814818182848662, 0.7347862382348366, 0.6589125372122642, 0.8995056171818895, 0.6522509452909782, 0.8897355722550154, 0.6339016278486688, 0.7059132161082106, 0.7347862382348366, 0.8897355722550154, 0.6184315329591359, 0.8897355722550154, 0.9774987539359523, 0.7347862382348366, 0.9809206587282956, 0.6703484404426668, 0.9053770566693494, 0.9147884245957566, 0.7741560781485287, 0.9156298813593634, 0.9838221731220569, 0.6703484404426668, 0.9276369673217936, 0.9277470801923815, 0.7145556570990533, 0.7059132161082106, 0.9862824361299704, 0.6436574566837604, 0.7741560781485287, 0.9862824361299704, 0.807796054866826, 0.9351265763479558, 0.9883685516016433, 0.6794957694751499, 0.807796054866826, 0.8538906098005706, 0.6794957694751499, 0.9387350322305368, 0.7145556570990533, 0.7252491559002389, 0.9883685516016433, 0.6809771385892488, 0.807796054866826, 0.8682505390016344, 0.9480519778884064, 0.807796054866826, 0.8857460041316523, 0.9559520375255678, 0.807796054866826, 0.9883685516016433, 0.8364203196482326, 0.9901374184858567],"RPE_QV" => [0.0, 0.0, 0.0, 0.0, 0.0, 0.0, 1.0, 0.0, 1.0, 0.03283404853660621, 0.047997860811852644, 0.847923764639381, 0.05798533472953657, 0.01051071105792286, 0.18389546978175667, 0.08139705366844627, 0.7189747106402204, 0.01536489311786609, 0.11495042362992239, 0.047997860811852644, 0.046257628540011614, 0.11406860651017102, 0.05591559974985322, 0.1580977343423903, 0.1229436094690051, 0.021541268408159037, 0.016107239090469842, 0.09417474446149604, 0.1343035063785396, 0.10352774426565398, -0.3012126541296234, 0.3308966088630882, 0.15202913238597804, 0.847923764639381, 0.02454553226484931, 0.3068200281787576, 0.1696076411018005, 0.7189747106402204, 0.11727919910079984, 0.058113039986923756, 0.2326660625826014, 0.6169030345350922, 0.0780254599793182, 0.09275499355699063, 0.6096357433265653, 0.13468098014920152, 0.19732982475759459, 0.09062849261977002, 0.10175017456609459, 0.5230867434604535, 0.09890489888578863, 0.03801921231900701, 0.5169246345401888, 0.4642807178900769, 0.4383126821541531, 0.4011247008361491, 0.05182529005588066, 0.4162298912523641, 0.3716557395413339, 0.08963158654576134, 0.43477971009734384, 0.3151357338217211, 0.5191250370984062, 0.2672110777945077, -0.0529790053081331, 0.20751390081508136, 0.4593035773203317, 0.22657462303686549, -0.026431788670652268, 0.23277058503316678, 0.4874499592553795, 0.19211800733716766, -0.04545358160151852, 0.17352317931346475, 0.08996997024513192, 0.026574596860243216, -0.16592542879254613, 0.16578309768265426, 0.14892908778679675, 0.44353768074794186, 0.34601548064545573, 0.1445270354822336, 0.34681955903176, 0.30920181135690006, 0.16290142403634744, 0.314266284912553, 0.03211403591843842, 0.43009862981187813, 0.13812798873401588, 0.16977761520064039, 0.2607921289651086, 0.11712200420941277, 0.3278359071742444, -0.04993643340982312, 0.3760861400192148, -0.03712310354969084, 0.2047454222153538, 0.31889237567378603, 0.15349397595631153, 0.19522287486916123, 0.09931053073135465, 0.3279392102990861, -0.015830187868486, 0.2703964236961124, -0.06189919566009161, 0.2300227947538651, 0.22927555352543272, 0.2861858439154926, 0.14457851962386492, 0.08420775908606515, 0.5140129814080576, 0.07140176009610244, 0.08377038016192262, 0.43927095401184646, 0.060543249222565154, 0.3753742274717393, 0.05133605980429767, 0.4877080445518729, 0.0036650236634400146, 0.19440819048506286, 0.23063763131394788, 0.13371552260505648, 0.04352906509101251, 0.3273704351589116, 0.03690932874320396, 0.44495399873098845, -0.01242449934912282, 0.16484332475282437, 0.27935674063525207, 0.03129629697824998, 0.22928742707868344, 0.40675437423995575, 0.0909090181680492, 0.24930421628289257, -0.002622901304618841, 0.13977457250008696, 0.11889861467870244, 0.3738658514913239, 0.026536873953069806, 0.20462642834066014, 0.29995669813518344, 0.009527228336216664, 0.4519068155815784, 0.21585444105696971, 0.0044848601274054545, 0.11851818171513384, -0.04361673591533277, 0.24031447371549886, 0.10049438281811052, 0.23720904681176913, 0.242899527318305, 0.07179294389187851, 0.3659168232519373, 0.16161597154716545, 0.22291392646099806, 0.2710284591436114, 0.08746041840626095, 0.022501246064047686, 0.24583059734316037, 0.01907934127170441, 0.366021216427884, 0.009128028087915352, 0.0852115754042434, 0.18982921378598538, 0.06788756991866673, 0.016177826877943113, 0.2570012074275102, -0.00017724068657931635, 0.0722529198076185, 0.10394234544207592, 0.28006373615396385, 0.5763520248637297, 0.352274441844758, 0.2118208741136457, 0.013717563870029648, 0.17223763252643243, 0.05293584524782846, 0.5407731448994548, 0.3093192229059083, 0.12484686508263065, 0.22539292508236602, 0.25894850587077023, 0.06126496776946322, 0.1255366019902272, 0.2628132656955454, 0.43002019622463167, 0.2732664638968819, 0.12423915539384112, 0.0795077962399321, 0.05194802211159355, 0.11086720037393694, 0.06990994384070748, -0.14840618346754786, 0.18026636672895824, 0.011631448398356725, 0.15341042095594615, 0.00986258151414332],"StateValue_V3_record" => [0.0, 0.0, 0.0, 0.0, 0.0, 0.0, 0.0, 0.15207623536061896, 0.07116500115659743, 0.07116500115659743, 0.15207623536061896, 0.1040312715741254, 0.1040312715741254, 0.11133060555175493, 0.28102528935977955, 0.14149405383405528, 0.12343955713807048, 0.19954119298510917, 0.043550049526117206, 0.21191975047645273, 0.3903642566734346, 0.1031837246359086, 0.1031837246359086, 0.05709446594205523, 0.16368318920260458, 0.15207623536061896, 0.05616857540970209, 0.16368318920260458, 0.15207623536061896, 0.15119803902803394, 0.28671560385399375, 0.1031837246359086, 0.06783990767500457, 0.17274766393884924, 0.30245971345729133, 0.3309991300991923, 0.07017548515009778, 0.3418182834812769, 0.28102528935977955, 0.1031837246359086, 0.1031837246359086, 0.08685284656843689, 0.3830969654649078, 0.3903642566734346, 0.18011701360690077, 0.16673538347443573, 0.2974883545626571, 0.18569522413958872, 0.4769132565395465, 0.2193707527283824, 0.23123657094431777, 0.3115941847937027, 0.4830753654598112, 0.1151140574619281, 0.11081210787508404, 0.24987243126021097, 0.29805315922186176, 0.39048914986429994, 0.5564623192520581, 0.3458638279682258, 0.3609049126494992, 0.45068834761090987, 0.5616873178458469, 0.40164704186621836, 0.40164704186621836, 0.6283442604586661, 0.16016345106536828, 0.16418525904922468, 0.4599655618572948, 0.5564623192520581, 0.6848642661782789, 0.18145858065033607, 0.18145858065033607, 0.31599209278299634, 0.7327889222054923, 0.40164704186621836, 0.40164704186621836, 0.7734253769631345, 0.40164704186621836, 0.3935901941858072, 0.3434547584215468, 0.5564623192520581, 0.8078819926628323, 0.43366649262791795, 0.39188818183433927, 0.4073608769191997, 0.4433355837488844, 0.8370985759636526, 0.4526882855587842, 0.4215294904670034, 0.4073608769191997, 0.45326362182895463, 0.5110800565200673, 0.5564623192520581, 0.26666327565661124, 0.4300094519255069, 0.6239138599807852, 0.31372091759686804, 0.31372091759686804, 0.5276374878505778, 0.31372091759686804, 0.5746597352884195, 0.8618720112659841, 0.31372091759686804, 0.3249494862997197, 0.5672388248488746, 0.6239138599807852, 0.8828779957905872, 0.4518421998851253, 0.4776613404533425, 0.6614726958732028, 0.9006894692686453, 0.34561248614712126, 0.3954685367262137, 0.6660629021001159, 0.681107624326214, 0.5131268648111319, 0.5074813229783924, 0.5072881538625852, 0.7296035763038876, 0.5514752258840919, 0.5748180118980611, 0.7348763813340986, 0.9157922409139349, 0.41703775665016085, 0.4669095171795802, 0.742800386750692, 0.7707244464745673, 0.6021947298454156, 0.5927813331975784, 0.575443933872519, 0.8055918095149371, 0.48450544441143795, 0.5280275101676077, 0.7929170275153034, 0.9285982399038976, 0.633027292058674, 0.633027292058674, 0.9394567507774348, 0.5490608426791374, 0.5415603119531621, 0.633027292058674, 0.9486639401957023, 0.633027292058674, 0.633027292058674, 0.9564709349089875, 0.5915667882655418, 0.5915667882655418, 0.8022346307706779, 0.8351566752471756, 0.5915667882655418, 0.6266412909682574, 0.8427941153183185, 0.963090671256796, 0.6354219354767681, 0.685207198824103, 0.96870370302175, 0.6436496327816077, 0.6436496327816077, 0.8454330282229143, 0.860225427499913, 0.6890469232262059, 0.7315304446646278, 0.9734631260469302, 0.7347862382348366, 0.7347862382348366, 0.8625818889074571, 0.6392726650643855, 0.7347862382348366, 0.8621830079513282, 0.8814818182848662, 0.671825956098305, 0.671825956098305, 0.656151872471324, 0.9774987539359523, 0.671825956098305, 0.6179763454288028, 0.8767239344622421, 0.5934274991194641, 0.6589125372122642, 0.7347862382348366, 0.8774059751065368, 0.8995056171818895, 0.7347862382348366, 0.7347862382348366, 0.6954586576775856, 0.9147884245957566, 0.6522509452909782, 0.6086324811569915, 0.8897355722550154, 0.5935445519225406, 0.7059132161082106, 0.7347862382348366, 0.8897355722550154, 0.6596485207012857, 0.9030362234293042, 0.9809206587282956, 0.7347862382348366, 0.7721712300152366, 0.9838221731220569, 0.6703484404426668, 0.6703484404426668, 0.9067652128172256, 0.9277470801923815, 0.7741560781485287, 0.7741560781485287, 0.9259539674203751, 0.9862824361299704, 0.6703484404426668, 0.7094322165513761, 0.9276100132254259, 0.9387350322305368, 0.7145556570990533, 0.7145556570990533, 0.6025088145924044, 0.9862824361299704, 0.6687270677450823, 0.8063689992545275, 0.9883685516016433, 0.807796054866826, 0.807796054866826, 0.8139739309292321, 0.9883685516016433, 0.6794957694751499, 0.807796054866826, 0.8613966666298596, 0.7188756834002338, 0.9480519778884064, 0.7145556570990533, 0.7145556570990533, 0.6480763683645595, 0.9883685516016433, 0.695867184395847, 0.807796054866826, 0.8803417853356225, 0.9559520375255678, 0.807796054866826, 0.807796054866826, 0.8963776452052193, 0.9333829838395857, 0.8352102852811027, 0.9901374184858567, 0.8364203196482326, 0.8597503989323007, 0.9916372827534649],"StateValue_V1_record" => [0.0, 0.0, 0.0, 0.0, 0.0, 0.0, 0.0, 0.0, 0.07116500115659743, 0.0, 0.0, 0.1040312715741254, 0.1040312715741254, 0.15207623536061896, 0.0, 0.14149405383405528, 0.19954119298510917, 0.03330209600210806, 0.19954119298510917, 0.28102528935977955, 0.0, 0.1031837246359086, 0.04868206754552582, 0.16368318920260458, 0.15207623536061896, 0.04956388466527718, 0.16368318920260458, 0.15207623536061896, 0.16368318920260458, 0.28671560385399375, 0.1031837246359086, 0.053518167071251954, 0.15232329229307007, 0.28671560385399375, 0.3903642566734346, 0.07017548515009778, 0.3309991300991923, 0.15207623536061896, 0.0, 0.1031837246359086, 0.08685284656843689, 0.3830969654649078, 0.28102528935977955, 0.0, 0.18011701360690077, 0.2974883545626571, 0.15031224524584855, 0.3830969654649078, 0.0, 0.2193707527283824, 0.2974883545626571, 0.3903642566734346, 0.0, 0.1151140574619281, 0.24987243126021097, 0.2842707192478395, 0.37501536636900246, 0.4769132565395465, 0.0, 0.3458638279682258, 0.4449065289300592, 0.4830753654598112, 0.0, 0.40164704186621836, 0.5616873178458469, 0.0, 0.16016345106536828, 0.5044646746501158, 0.5564623192520581, 0.6283442604586661, 0.0, 0.18145858065033607, 0.24987243126021097, 0.6848642661782789, 0.0, 0.40164704186621836, 0.7327889222054923, 0.0, 0.40164704186621836, 0.3487760638909151, 0.5564623192520581, 0.7734253769631345, 0.0, 0.43366649262791795, 0.4073608769191997, 0.40864620683469194, 0.8078819926628323, 0.0, 0.4526882855587842, 0.4073608769191997, 0.4395813274585681, 0.5297153678457532, 0.5564623192520581, 0.24145160627461143, 0.4073608769191997, 0.5564623192520581, 0.0, 0.31372091759686804, 0.5276374878505778, 0.31372091759686804, 0.5276374878505778, 0.8370985759636526, 0.0, 0.31372091759686804, 0.5916065775721565, 0.6239138599807852, 0.8618720112659841, 0.0, 0.4518421998851253, 0.621812410688508, 0.8828779957905872, 0.0, 0.34561248614712126, 0.673657046900418, 0.6239138599807852, 0.0, 0.5131268648111319, 0.47615124084475374, 0.681107624326214, 0.0, 0.5514752258840919, 0.7051876214677194, 0.9006894692686453, 0.0, 0.41703775665016085, 0.7452077821267827, 0.7296035763038876, 0.0, 0.6021947298454156, 0.5404629331992229, 0.7707244464745673, 0.0, 0.48450544441143795, 0.7709300705368946, 0.9157922409139349, 0.0, 0.633027292058674, 0.9285982399038976, 0.0, 0.5490608426791374, 0.633027292058674, 0.9394567507774348, 0.0, 0.633027292058674, 0.9486639401957023, 0.0, 0.5915667882655418, 0.8016772677694344, 0.8055918095149371, 0.0, 0.5915667882655418, 0.8224591620312638, 0.9564709349089875, 0.0, 0.6354219354767681, 0.963090671256796, 0.0, 0.6436496327816077, 0.8473224993101693, 0.8351566752471756, 0.0, 0.6890469232262059, 0.96870370302175, 0.0, 0.7347862382348366, 0.8625818889074571, 0.6436496327816077, 0.7347862382348366, 0.8625818889074571, 0.860225427499913, 0.0, 0.671825956098305, 0.5992957612466312, 0.9734631260469302, 0.0, 0.671825956098305, 0.8767239344622421, 0.649181222152982, 0.6589125372122642, 0.7347862382348366, 0.8767239344622421, 0.8814818182848662, 0.0, 0.7347862382348366, 0.6589125372122642, 0.8995056171818895, 0.0, 0.6522509452909782, 0.8897355722550154, 0.6339016278486688, 0.7059132161082106, 0.7347862382348366, 0.8897355722550154, 0.6184315329591359, 0.8897355722550154, 0.9774987539359523, 0.0, 0.7347862382348366, 0.9809206587282956, 0.0, 0.6703484404426668, 0.9053770566693494, 0.9147884245957566, 0.0, 0.7741560781485287, 0.9156298813593634, 0.9838221731220569, 0.0, 0.6703484404426668, 0.9276369673217936, 0.9277470801923815, 0.0, 0.7145556570990533, 0.7059132161082106, 0.9862824361299704, 0.6436574566837604, 0.7741560781485287, 0.9862824361299704, 0.0, 0.807796054866826, 0.9351265763479558, 0.9883685516016433, 0.6794957694751499, 0.807796054866826, 0.8538906098005706, 0.6794957694751499, 0.9387350322305368, 0.0, 0.7145556570990533, 0.7252491559002389, 0.9883685516016433, 0.6809771385892488, 0.807796054866826, 0.8682505390016344, 0.9480519778884064, 0.0, 0.807796054866826, 0.8857460041316523, 0.9559520375255678, 0.807796054866826, 0.9883685516016433, 0.0, 0.8364203196482326, 0.9901374184858567, 0.0])
POPULATION_SIGNALS
subject_id: 17
algorithm_name: Sarsa-Lambda (ReplTrc)
param_string: alpha=0.1974, gamma=0.9961,
                lambda=0.6128, temp=0.2507,
                reward_magnitude=1.0,
                action_cost=0.0,
                initQSA=nothing, use_replacing_trace=true
param_vector: [0.197445163350583, 0.9960525723724495, 0.6127972592361022, 0.2507274927826116, 1.0, 0.0, 0.0]
LL: -125.563
RPE
[0.0, 0.0, 0.0, 0.0, 0.0, 0.0, 1.0, 0.0, 1.0, 0.046, 0.076, 0.803, -0.134, -0.007, 0.221, 0.122, 0.644, 0.017, 0.075, -0.121, 0.045, 0.053, -0.091, 0.154, -0.083, -0.046, 0.02, 0.087, 0.186, 0.147, -0.483, 0.0, 0.197, 0.803, 0.02, 0.052, 0.219, 0.644, -0.096, 0.078, 0.27, 0.562, 0.115, 0.145, 0.517, -0.023, 0.202, 0.127, 0.12, 0.451, 0.132, 0.078, 0.415, 0.562, 0.333, 0.452, -0.315, 0.473, 0.267, 0.122, 0.495, 0.214, 0.571, 0.172, -0.027, -0.031, 0.476, 0.138, -0.29, 0.206, 0.499, 0.111, -0.191, 0.15, 0.124, -0.094, -0.23, 0.207, 0.163, 0.362, -0.037, 0.028, 0.359, 0.336, 0.089, 0.318, -0.15, 0.424, 0.071, 0.198, 0.264, 0.057, 0.324, -0.027, 0.29, -0.003, 0.215, 0.233, 0.169, 0.187, 0.046, 0.314, 0.004, 0.187, -0.035, 0.227, 0.15, 0.261, 0.13, 0.037, 0.468, 0.03, -0.043, 0.378, 0.024, 0.305, 0.019, 0.505, 0.017, 0.12, 0.2, 0.104, 0.015, 0.249, 0.012, 0.434, 0.0, 0.097, 0.201, 0.01, -0.429, 0.469, -0.075, 0.258, 0.008, 0.078, 0.125, 0.306, 0.008, -0.389, 0.308, -0.381, 0.376, 0.212, 0.012, 0.062, -0.014, 0.203, 0.05, -0.284, 0.224, -0.237, 0.346, -0.327, 0.195, 0.282, 0.058, 0.006, 0.165, 0.005, 0.324, 0.012, 0.04, 0.185, 0.041, 0.004, 0.247, 0.004, 0.032, 0.101, -0.758, 0.455, 0.367, 0.133, 0.003, 0.157, -0.789, 0.399, 0.189, -0.263, 0.208, 0.242, 0.026, 0.108, -0.505, 0.333, 0.157, 0.096, 0.106, 0.021, 0.086, 0.087, -0.101, 0.107, 0.003, 0.086, 0.002]
SPE
Float64[]
action_selection_prob
[0.5, 0.5, 0.5, 0.5, 0.5, 0.5, 0.5, 0.427, 0.5, 0.453, 0.602, 0.687, 0.53, 0.297, 0.483, 0.681, 0.805, 0.413, 0.545, 0.458, 0.313, 0.548, 0.443, 0.32, 0.556, 0.266, 0.419, 0.554, 0.546, 0.727, 0.873, 0.417, 0.176, 0.66, 0.447, 0.488, 0.23, 0.784, 0.581, 0.272, 0.571, 0.674, 0.615, 0.653, 0.858, 0.502, 0.317, 0.686, 0.73, 0.763, 0.745, 0.787, 0.901, 0.209, 0.926, 0.452, 0.827, 0.179, 0.942, 0.451, 0.607, 0.953, 0.325, 0.96, 0.549, 0.716, 0.265, 0.965, 0.581, 0.237, 0.451, 0.968, 0.479, 0.324, 0.46, 0.835, 0.359, 0.55, 0.647, 0.649, 0.367, 0.172, 0.363, 0.798, 0.971, 0.477, 0.827, 0.303, 0.973, 0.476, 0.842, 0.974, 0.556, 0.871, 0.614, 0.55, 0.707, 0.667, 0.592, 0.884, 0.975, 0.634, 0.9, 0.706, 0.647, 0.762, 0.736, 0.701, 0.908, 0.976, 0.324, 0.977, 0.756, 0.413, 0.977, 0.489, 0.978, 0.216, 0.918, 0.758, 0.7, 0.923, 0.978, 0.551, 0.978, 0.258, 0.929, 0.775, 0.601, 0.979, 0.361, 0.068, 0.665, 0.331, 0.901, 0.788, 0.317, 0.804, 0.979, 0.627, 0.096, 0.59, 0.16, 0.383, 0.884, 0.798, 0.429, 0.777, 0.806, 0.578, 0.112, 0.55, 0.193, 0.454, 0.123, 0.529, 0.842, 0.979, 0.563, 0.979, 0.409, 0.846, 0.812, 0.405, 0.85, 0.979, 0.524, 0.854, 0.817, 0.425, 0.769, 0.021, 0.305, 0.555, 0.964, 0.419, 0.856, 0.036, 0.354, 0.394, 0.204, 0.626, 0.821, 0.408, 0.662, 0.053, 0.393, 0.386, 0.753, 0.824, 0.418, 0.77, 0.826, 0.562, 0.924, 0.579, 0.924]
results_dict
Dict{String,Any}("trialByTrial_Qsa" => [0.0, 0.0, 0.0, 0.0, 0.0, 0.0, 0.0, 0.0, 0.0, 0.07356049633890632, 0.12051624046486566, 0.197445163350583, 0.15095133676602168, 0.01672791749539798, 0.010210357615963672, 0.2322724870326988, 0.3559057341706276, 0.02740582007581638, 0.044899729702436025, 0.12051624046486566, 0.0, 0.04852441976456695, 0.10606305893283159, 0.00862492395842215, 0.16305371005831665, 0.07999552848832567, 0.03385192757853381, 0.05473309576967932, 0.1464478843999145, 0.3340297000275636, 0.48307903170048183, 0.0, 0.0, 0.197445163350583, 0.0624573460477531, 0.0827377504909035, 0.1355515953528167, 0.3559057341706276, 0.18423703830355875, 0.0883529297352205, 0.16682677127344067, 0.4381987397407731, 0.2196740700905354, 0.33568830193196136, 0.48307903170048183, 0.11772324038305791, 0.09502296590606175, 0.2978770082757618, 0.4267107483290465, 0.5491236813432195, 0.3706402266820126, 0.5047905214555957, 0.5851425767257217, 0.10243257621600096, 0.6670541684313135, 0.11598481103893152, 0.5701966427032972, 0.2564058806048299, 0.7327927125322885, 0.16458140270347285, 0.28777249737743754, 0.785551499054817, 0.2535198562737689, 0.8278933183542263, 0.43665659577352406, 0.41128882155792446, 0.3820978351620156, 0.8618749502255029, 0.4688716831355543, 0.1792564385151616, 0.38702350808905844, 0.8891470732410358, 0.4780595683320233, 0.28822284265710896, 0.4584771999297855, 0.5847599713906759, 0.4928020719695593, 0.26407228078477746, 0.4727988575999723, 0.6381470297313171, 0.21411146840194376, 0.17753983037610477, 0.21017440773031246, 0.5709725605452755, 0.9110344474728497, 0.3280611663616481, 0.6481278685831894, 0.5005895734432598, 0.9286002655241478, 0.4745398239536351, 0.6749996632303803, 0.9426977977609207, 0.4071535974541098, 0.7340264719875441, 0.7095931485549108, 0.549622236975893, 0.5485578419245817, 0.766932576776615, 0.5920819362854232, 0.763647915142965, 0.9540118404423639, 0.4892012506813359, 0.8060331142670306, 0.8129506122266557, 0.6512326266552916, 0.6191655391125626, 0.8498826091501902, 0.5653363194939505, 0.8293078156696045, 0.963091980118414, 0.49883195374318606, 0.9703792901328804, 0.6351898176338406, 0.5947501571003966, 0.9762277560311541, 0.6721751330123334, 0.9809214706247927, 0.3511574732089142, 0.8594202333081975, 0.8795225619082943, 0.6740001778105428, 0.8772233284438976, 0.9846884339737695, 0.7346703460324776, 0.9877116286289718, 0.4617082870500596, 0.8995196194822107, 0.9033102493523708, 0.785343248798221, 0.990137908121637, 0.6828621071426331, 0.2551020465679303, 0.7270510696066874, 0.6492260998131177, 0.9112167058022246, 0.9224011729633191, 0.5545905785681522, 0.6821486933431842, 0.9920851304635389, 0.7474421515431066, 0.3601657082033634, 0.7078004005783782, 0.32772119019207196, 0.7068619801113091, 0.9220580237180721, 0.9377226860433903, 0.7546556399481842, 0.7435247824794947, 0.9500190404705886, 0.6956626053969666, 0.4135469419035343, 0.6665812529449494, 0.4312019890072003, 0.7799889864979404, 0.4398544646158139, 0.6461175586604446, 0.9319255017504747, 0.993647883172064, 0.8261957920244923, 0.9949020779167778, 0.6167072764621457, 0.9441033710219932, 0.9598875391892921, 0.7624003870762869, 0.9513059448358238, 0.9959086379752481, 0.7092557184535042, 0.9598293947550589, 0.9678075505664562, 0.68501051186248, 0.7895791470085632, 0.03205478794684728, 0.4887246717256622, 0.8593449874346648, 0.9967164576185517, 0.8041599562197644, 0.9645300463277773, 0.17606120955376214, 0.5775549516758609, 0.777806187976419, 0.5168928657327707, 0.7278830355257879, 0.9741637940035176, 0.6673837179293106, 0.7788643987870484, 0.2747080045575284, 0.6100330796854794, 0.7699624157055361, 0.8689253275543446, 0.9792650279168523, 0.8031820589656444, 0.8924470289528014, 0.9833590478668792, 0.886087198689865, 0.9973647771804253, 0.907598658900421, 0.9978850891805013],"StateValue_V2_record" => [0.0, 0.0, 0.0, 0.0, 0.0, 0.0, 0.0, 1.0, 0.0732701216033618, 0.0, 1.0, 0.12004051132768613, 0.12004051132768613, 0.19666576285784668, 1.0, 0.1503554672888558, 0.23135560820026604, 0.027297637584493422, 0.23135560820026604, 0.3545008220427588, 1.0, 0.11552696939146022, 0.044722491268939076, 0.16241006733845784, 0.19666576285784668, 0.04833287312937744, 0.16241006733845784, 0.19666576285784668, 0.16241006733845784, 0.3327111419612524, 0.11552696939146022, 0.05451704083529672, 0.14586979197503794, 0.3327111419612524, 0.481172112184457, 0.0832090220528836, 0.38616700589445185, 0.19666576285784668, 1.0, 0.11552696939146022, 0.09464786962519238, 0.43646898192916256, 0.3545008220427588, 1.0, 0.1835097759285412, 0.3343631966546696, 0.16616823466750083, 0.43646898192916256, 1.0, 0.21880692259720355, 0.3343631966546696, 0.481172112184457, 1.0, 0.11725853641156506, 0.2866365362708406, 0.296701160343682, 0.42502633853211963, 0.5469560553525431, 1.0, 0.36917715121132644, 0.5027978974050762, 0.5828327687522985, 1.0, 0.4349329254636155, 0.664421020377775, 1.0, 0.16393172952746016, 0.5679458327227537, 0.6356279905157164, 0.7299000663335709, 1.0, 0.2132662788761985, 0.2866365362708406, 0.7824505913645843, 1.0, 0.4349329254636155, 0.8246252693966903, 1.0, 0.4349329254636155, 0.409665288700804, 0.6356279905157164, 0.858472761235489, 1.0, 0.46702084609976885, 0.47093251832720784, 0.4346813557329715, 0.8856372295191685, 1.0, 0.4968628507074752, 0.47093251832720784, 0.4968628507074752, 0.5824516737241228, 0.6356279905157164, 0.26302987456793736, 0.47093251832720784, 0.6356279905157164, 1.0, 0.3497713044975485, 0.5687186876852057, 0.3497713044975485, 0.5687186876852057, 0.9074382049252451, 1.0, 0.3497713044975485, 0.6455694307285587, 0.7067920809559847, 0.924934683181067, 1.0, 0.4968628507074752, 0.6723351509111574, 0.9389765664296081, 1.0, 0.4055463880948629, 0.731128955612667, 0.7067920809559847, 1.0, 0.5474526429729382, 0.5463924495440591, 0.7639051659345785, 1.0, 0.5897447356923565, 0.7606334702650084, 0.9502459477463914, 1.0, 0.4872701641489641, 0.8028513568830523, 0.809741548520118, 1.0, 0.6486619329928702, 0.6167214279574424, 0.8465277590586561, 1.0, 0.5631046952875223, 0.8260341830862867, 0.9592902442282223, 1.0, 0.6801665583950909, 0.966548788113807, 1.0, 0.6326824517989741, 0.6801665583950909, 0.9723741676162151, 1.0, 0.6801665583950909, 0.977049354111191, 1.0, 0.6713396108876795, 0.8560277341355608, 0.8760507102483635, 1.0, 0.6713396108876795, 0.8737605528416663, 0.980801447644972, 1.0, 0.7317702880114069, 0.9838127084580689, 1.0, 0.7241810881278818, 0.8959688308847429, 0.8997444975178277, 1.0, 0.7822431631608047, 0.9862294103880326, 1.0, 0.8229344439292888, 0.9076197438030553, 0.7241810881278818, 0.8229344439292888, 0.9076197438030553, 0.9187600610894787, 1.0, 0.7444916777441095, 0.6794559607449838, 0.988168946210665, 1.0, 0.7444916777441095, 0.9184182664010427, 0.7050064097223439, 0.7405897722113667, 0.8229344439292888, 0.9184182664010427, 0.9340210936055217, 1.0, 0.8229344439292888, 0.7405897722113667, 0.946268909063536, 1.0, 0.6929165276089688, 0.928246793278046, 0.6639499716910673, 0.7864623404695239, 0.8229344439292888, 0.928246793278046, 0.6435670563587429, 0.928246793278046, 0.9897255300659735, 1.0, 0.8229344439292888, 0.9909747739677016, 1.0, 0.7064559828354826, 0.9403765912919574, 0.9560984525977548, 1.0, 0.8559527852896681, 0.9475507334669258, 0.9919773607031884, 1.0, 0.7064559828354826, 0.9560405376844677, 0.9639872003031982, 1.0, 0.7578479573599815, 0.7864623404695239, 0.9927819915369139, 0.6920456531838819, 0.8559527852896681, 0.9927819915369139, 1.0, 0.8825894336013378, 0.9607226337753004, 0.9934277519042375, 0.725009769921728, 0.8825894336013378, 0.8555120228612961, 0.725009769921728, 0.9703183529293087, 1.0, 0.7578479573599815, 0.7757898879411609, 0.9934277519042375, 0.7163898522440064, 0.8825894336013378, 0.8654953077100782, 0.9753994500909593, 1.0, 0.8825894336013378, 0.8889241588945878, 0.9794773091935277, 0.8825894336013378, 0.9934277519042375, 1.0, 0.9040159788795497, 0.9939460100103495, 1.0],"final_QSA" => Dict{Int64,Any}(1 => [0.0 0.0; 0.9765927031388306 0.5929792905216815; 0.9983026680927292 0.37172501265924723; 0.6612867934024077 0.7383241247773071; 0.5891024590223712 0.9055007069510476; 0.8280791034999876 0.9249024068460955; 0.6640430888950604 0.7608513630509482]),"trialByTrial_Vs" => [0.0, 0.0, 0.0, 0.0, 0.0, 0.0, 0.0, 0.07356049633890632, 0.0, 0.12051624046486566, 0.12051624046486566, 0.197445163350583, 0.15095133676602168, 0.2322724870326988, 0.02740582007581638, 0.2322724870326988, 0.3559057341706276, 0.11598481103893152, 0.044899729702436025, 0.16305371005831665, 0.197445163350583, 0.04852441976456695, 0.16305371005831665, 0.197445163350583, 0.16305371005831665, 0.3340297000275636, 0.11598481103893152, 0.05473309576967932, 0.1464478843999145, 0.3340297000275636, 0.48307903170048183, 0.08353878536219433, 0.38769741337513874, 0.197445163350583, 0.11598481103893152, 0.09502296590606175, 0.4381987397407731, 0.3559057341706276, 0.18423703830355875, 0.33568830193196136, 0.16682677127344067, 0.4381987397407731, 0.2196740700905354, 0.33568830193196136, 0.48307903170048183, 0.11772324038305791, 0.28777249737743754, 0.2978770082757618, 0.4267107483290465, 0.5491236813432195, 0.3706402266820126, 0.5047905214555957, 0.5851425767257217, 0.43665659577352406, 0.6670541684313135, 0.16458140270347285, 0.5701966427032972, 0.6381470297313171, 0.7327927125322885, 0.21411146840194376, 0.28777249737743754, 0.785551499054817, 0.43665659577352406, 0.8278933183542263, 0.43665659577352406, 0.41128882155792446, 0.6381470297313171, 0.8618749502255029, 0.4688716831355543, 0.4727988575999723, 0.43640402905403375, 0.8891470732410358, 0.49883195374318606, 0.4727988575999723, 0.49883195374318606, 0.5847599713906759, 0.6381470297313171, 0.26407228078477746, 0.4727988575999723, 0.6381470297313171, 0.3511574732089142, 0.5709725605452755, 0.3511574732089142, 0.5709725605452755, 0.9110344474728497, 0.3511574732089142, 0.6481278685831894, 0.7095931485549108, 0.9286002655241478, 0.49883195374318606, 0.6749996632303803, 0.9426977977609207, 0.4071535974541098, 0.7340264719875441, 0.7095931485549108, 0.549622236975893, 0.5485578419245817, 0.766932576776615, 0.5920819362854232, 0.763647915142965, 0.9540118404423639, 0.4892012506813359, 0.8060331142670306, 0.8129506122266557, 0.6512326266552916, 0.6191655391125626, 0.8498826091501902, 0.5653363194939505, 0.8293078156696045, 0.963091980118414, 0.6828621071426331, 0.9703792901328804, 0.6351898176338406, 0.6828621071426331, 0.9762277560311541, 0.6828621071426331, 0.9809214706247927, 0.6740001778105428, 0.8594202333081975, 0.8795225619082943, 0.6740001778105428, 0.8772233284438976, 0.9846884339737695, 0.7346703460324776, 0.9877116286289718, 0.7270510696066874, 0.8995196194822107, 0.9033102493523708, 0.785343248798221, 0.990137908121637, 0.8261957920244923, 0.9112167058022246, 0.7270510696066874, 0.8261957920244923, 0.9112167058022246, 0.9224011729633191, 0.7474421515431066, 0.6821486933431842, 0.9920851304635389, 0.7474421515431066, 0.9220580237180721, 0.7078004005783782, 0.7435247824794947, 0.8261957920244923, 0.9220580237180721, 0.9377226860433903, 0.8261957920244923, 0.7435247824794947, 0.9500190404705886, 0.6956626053969666, 0.9319255017504747, 0.6665812529449494, 0.7895791470085632, 0.8261957920244923, 0.9319255017504747, 0.6461175586604446, 0.9319255017504747, 0.993647883172064, 0.8261957920244923, 0.9949020779167778, 0.7092557184535042, 0.9441033710219932, 0.9598875391892921, 0.8593449874346648, 0.9513059448358238, 0.9959086379752481, 0.7092557184535042, 0.9598293947550589, 0.9678075505664562, 0.7608513630509482, 0.7895791470085632, 0.9967164576185517, 0.6947882796342083, 0.8593449874346648, 0.9967164576185517, 0.886087198689865, 0.9645300463277773, 0.9973647771804253, 0.7278830355257879, 0.886087198689865, 0.8589024782332456, 0.7278830355257879, 0.9741637940035176, 0.7608513630509482, 0.7788643987870484, 0.9973647771804253, 0.7192289564974187, 0.886087198689865, 0.8689253275543446, 0.9792650279168523, 0.886087198689865, 0.8924470289528014, 0.9833590478668792, 0.886087198689865, 0.9973647771804253, 0.907598658900421, 0.9978850891805013],"RPE_QV" => [0.0, 0.0, 0.0, 0.0, 0.0, 0.0, 1.0, 0.0, 1.0, 0.04648001498877981, 0.07614952239298102, 0.8025548366494171, 0.08040427143424436, 0.01056972008909544, 0.22114525058430237, 0.12222833501006, 0.6440942658293725, 0.017316671193122697, 0.11751033763602181, 0.07614952239298102, 0.04503327928031091, 0.11388564757389089, 0.09060270392501509, 0.15378514338003568, 0.16965743190293575, 0.03553144090313455, 0.020326436504154215, 0.0872353155665887, 0.1862632575613379, 0.1471424121568934, -0.3782655118701659, 0.38616700589445185, 0.19666576285784668, 0.8025548366494171, 0.03219052357743928, 0.3537312314382591, 0.2189492266899421, 0.6440942658293725, 0.15012615835111087, 0.07781530493228032, 0.2696422106557219, 0.5618012602592268, 0.11468912656413421, 0.14548381025249563, 0.5169209682995182, 0.1689132958877827, 0.20167819443762025, 0.12714933025635783, 0.12024530702349662, 0.45087631865678046, 0.1321576707230636, 0.07804224729670284, 0.4148574232742783, 0.561988444161774, 0.3329458315686865, 0.45196102168382213, 0.06543134781241922, 0.47349418572874097, 0.2672072874677115, 0.12205513356736777, 0.49467809398714674, 0.21444850094518297, 0.5711054131229214, 0.1721066816457737, -0.026991307072720072, 0.22433916895779193, 0.47637492607347337, 0.13812504977449713, 0.002060835191653565, 0.23066784351477648, 0.49861372143011, 0.11085292675896419, -0.0071270500048154495, 0.20864000805036625, 0.12397447379433729, 0.050868019125040465, -0.2297721974016219, 0.20686023754243038, 0.16282913291574408, 0.3618529702686829, 0.354607219283262, 0.17223147412144374, 0.35854427995489324, 0.3364656443799696, 0.08896555252715033, 0.31750826436691054, 0.05866421237279529, 0.42434510973780715, 0.07139973447585224, 0.19779532695752228, 0.26397690319922784, 0.057302202239079336, 0.3239753581585572, -0.027234391031559446, 0.29040685144508915, -0.003229787431833886, 0.2153473240099968, 0.23306742322338503, 0.16855153397958522, 0.18659803260342633, 0.04598815955763613, 0.3136501062017164, 0.0037084342530874226, 0.18704938777334434, -0.03451119869784913, 0.2273622199460935, 0.1501173908498098, 0.26069786359233627, 0.12998242855861775, 0.036908019881585985, 0.4677168343706209, 0.02962070986711962, 0.044976740761250245, 0.3776240105158185, 0.02377224396884592, 0.30487422109885753, 0.019078529375207265, 0.5048702609266466, 0.01663047694016595, 0.12047743809170575, 0.19976037503112354, 0.1035781192010744, 0.015311566026230516, 0.2491423624255913, 0.012288371371028228, 0.43426054383468327, 0.00022487803561699327, 0.09668975064762919, 0.20088616158981154, 0.009862091878362955, 0.22475763666042226, 0.46907904155995156, 0.09588337432260141, 0.2583936439899376, 0.007543355287254139, 0.07759882703668086, 0.12486538217683163, 0.3060202528674808, 0.007914869536461144, 0.17097611485793618, 0.30788234713957746, 0.03278937163298845, 0.49521325373721686, 0.21155628628973366, 0.011963069887449551, 0.06227731395660974, -0.014065867736817506, 0.20274412658404128, 0.049980959529411395, 0.23258418788107948, 0.22356604716976475, 0.11988108752457449, 0.3917324549220885, 0.1482578067801057, 0.1949920609974577, 0.2821292346176014, 0.0578000283154988, 0.006352116827936016, 0.16477898194320928, 0.005097922083222239, 0.32366931482981165, 0.011995081575761679, 0.04011246081070785, 0.18515034639063888, 0.04067141586736467, 0.00409136202475191, 0.24678481923096351, 0.004157805548139271, 0.032192449433543824, 0.10145182860704394, 0.2032028445283507, 0.6054035616675099, 0.3672281135640059, 0.13343700410224912, 0.0032835423814483455, 0.156562677555536, 0.02889770557646021, 0.5489485603679659, 0.3050344819254769, 0.08946578030587715, 0.20811690418895734, 0.24243531740352076, 0.025836205996482398, 0.10840617001185027, 0.2145633531171891, 0.40171831913278633, 0.2725563539158584, 0.09553289200454207, 0.1064741225366147, 0.020734972083147674, 0.08574209992894333, 0.08703028024072634, -0.10076961426554143, 0.10734055321437252, 0.002635222819574734, 0.08634735110992853, 0.002114910819498661],"StateValue_V3_record" => [0.0, 0.0, 0.0, 0.0, 0.0, 0.0, 0.0, 0.197445163350583, 0.07356049633890632, 0.07356049633890632, 0.197445163350583, 0.12051624046486566, 0.12051624046486566, 0.13555159535281666, 0.3559057341706276, 0.15095133676602168, 0.12443653407552123, 0.2322724870326988, 0.05387441774178686, 0.2564058806048299, 0.48307903170048183, 0.11598481103893152, 0.11598481103893152, 0.059735913604724016, 0.16305371005831665, 0.197445163350583, 0.059032548316870784, 0.16305371005831665, 0.197445163350583, 0.1465919252763069, 0.3340297000275636, 0.11598481103893152, 0.07195728690166409, 0.18322466371532456, 0.3630822576316802, 0.38769741337513874, 0.08353878536219433, 0.4021642445038316, 0.3559057341706276, 0.11598481103893152, 0.11598481103893152, 0.09502296590606175, 0.4381987397407731, 0.48307903170048183, 0.18423703830355875, 0.16523632250758785, 0.33568830193196136, 0.220066321602572, 0.5491236813432195, 0.2196740700905354, 0.24231888341952657, 0.3644133766121306, 0.5851425767257217, 0.11772324038305791, 0.11598481103893152, 0.28777249737743754, 0.3229820285581456, 0.45045260261644177, 0.6381470297313171, 0.3706402266820126, 0.39673411956596044, 0.5201995857213397, 0.6670541684313135, 0.43665659577352406, 0.43665659577352406, 0.7327927125322885, 0.16458140270347285, 0.20522232879339014, 0.5080403315531775, 0.6381470297313171, 0.785551499054817, 0.21411146840194376, 0.21411146840194376, 0.3854442944506848, 0.8278933183542263, 0.43665659577352406, 0.43665659577352406, 0.8618749502255029, 0.43665659577352406, 0.4313272927395051, 0.4052273952396208, 0.6381470297313171, 0.8891470732410358, 0.4688716831355543, 0.41154884129615693, 0.4727988575999723, 0.4854723757656686, 0.9110344474728497, 0.49883195374318606, 0.49883195374318606, 0.4727988575999723, 0.49883195374318606, 0.5662192387403825, 0.6381470297313171, 0.304915834177083, 0.5049486823467552, 0.7095931485549108, 0.3511574732089142, 0.3511574732089142, 0.5709725605452755, 0.3511574732089142, 0.6374060746617377, 0.9286002655241478, 0.3511574732089142, 0.39075163748473285, 0.6186069860386191, 0.7095931485549108, 0.9426977977609207, 0.49883195374318606, 0.5135935545947451, 0.7271206260033328, 0.9540118404423639, 0.4071535974541098, 0.4711209649672897, 0.7286491732015642, 0.766932576776615, 0.549622236975893, 0.5489845310688268, 0.5910771294908465, 0.8129506122266557, 0.5920819362854232, 0.6253616214450137, 0.8004907941712459, 0.963091980118414, 0.4892012506813359, 0.5511299471352615, 0.8067653266739063, 0.8498826091501902, 0.6512326266552916, 0.6444185573909703, 0.6640571097695702, 0.8795225619082943, 0.5653363194939505, 0.6168098517560873, 0.8549722175090663, 0.9703792901328804, 0.6828621071426331, 0.6828621071426331, 0.9762277560311541, 0.6351898176338406, 0.6267416536884736, 0.6828621071426331, 0.9809214706247927, 0.6828621071426331, 0.7323710733985791, 0.9846884339737695, 0.6740001778105428, 0.6740001778105428, 0.8627038405442466, 0.9033102493523708, 0.6740001778105428, 0.7134418976895367, 0.8976743271090999, 0.9877116286289718, 0.7346703460324776, 0.7838623004791486, 0.990137908121637, 0.7270510696066874, 0.7270510696066874, 0.899564020562687, 0.9224011729633191, 0.785343248798221, 0.825007249788193, 0.9920851304635389, 0.8261957920244923, 0.8261957920244923, 0.9112167058022246, 0.7122624616912582, 0.8261957920244923, 0.912706104819128, 0.9377226860433903, 0.7474421515431066, 0.7474421515431066, 0.7425709121591906, 0.993647883172064, 0.7474421515431066, 0.6706955775956177, 0.9220580237180721, 0.6325001727403775, 0.7435247824794947, 0.8261957920244923, 0.924420074006174, 0.9500190404705886, 0.8261957920244923, 0.8261957920244923, 0.783555629671252, 0.9598875391892921, 0.6956626053969666, 0.6396379134444585, 0.9319255017504747, 0.6197706766847194, 0.7895791470085632, 0.8261957920244923, 0.9319255017504747, 0.7018226114754919, 0.9433378377828967, 0.9949020779167778, 0.8261957920244923, 0.8587306050310121, 0.9959086379752481, 0.7092557184535042, 0.7092557184535042, 0.946471741863123, 0.9678075505664562, 0.8593449874346648, 0.8593449874346648, 0.959336319185455, 0.9967164576185517, 0.7092557184535042, 0.7579821873990059, 0.9606503333506913, 0.9741637940035176, 0.7608513630509482, 0.7608513630509482, 0.6399846426740567, 0.9967164576185517, 0.7218017619375768, 0.8856914785066458, 0.9973647771804253, 0.886087198689865, 0.886087198689865, 0.8087134658606098, 0.9973647771804253, 0.7278830355257879, 0.886087198689865, 0.8646060926641841, 0.7757507163724765, 0.9792650279168523, 0.7608513630509482, 0.7608513630509482, 0.6791070496200492, 0.9973647771804253, 0.730769860201366, 0.886087198689865, 0.8899481280711965, 0.9833590478668792, 0.886087198689865, 0.886087198689865, 0.9096307368513786, 0.9634625749174441, 0.9072810717534187, 0.9978850891805013, 0.907598658900421, 0.924647525745211, 0.9983026680927292],"StateValue_V1_record" => [0.0, 0.0, 0.0, 0.0, 0.0, 0.0, 0.0, 0.0, 0.07356049633890632, 0.0, 0.0, 0.12051624046486566, 0.12051624046486566, 0.197445163350583, 0.0, 0.15095133676602168, 0.2322724870326988, 0.02740582007581638, 0.2322724870326988, 0.3559057341706276, 0.0, 0.11598481103893152, 0.044899729702436025, 0.16305371005831665, 0.197445163350583, 0.04852441976456695, 0.16305371005831665, 0.197445163350583, 0.16305371005831665, 0.3340297000275636, 0.11598481103893152, 0.05473309576967932, 0.1464478843999145, 0.3340297000275636, 0.48307903170048183, 0.08353878536219433, 0.38769741337513874, 0.197445163350583, 0.0, 0.11598481103893152, 0.09502296590606175, 0.4381987397407731, 0.3559057341706276, 0.0, 0.18423703830355875, 0.33568830193196136, 0.16682677127344067, 0.4381987397407731, 0.0, 0.2196740700905354, 0.33568830193196136, 0.48307903170048183, 0.0, 0.11772324038305791, 0.28777249737743754, 0.2978770082757618, 0.4267107483290465, 0.5491236813432195, 0.0, 0.3706402266820126, 0.5047905214555957, 0.5851425767257217, 0.0, 0.43665659577352406, 0.6670541684313135, 0.0, 0.16458140270347285, 0.5701966427032972, 0.6381470297313171, 0.7327927125322885, 0.0, 0.21411146840194376, 0.28777249737743754, 0.785551499054817, 0.0, 0.43665659577352406, 0.8278933183542263, 0.0, 0.43665659577352406, 0.41128882155792446, 0.6381470297313171, 0.8618749502255029, 0.0, 0.4688716831355543, 0.4727988575999723, 0.43640402905403375, 0.8891470732410358, 0.0, 0.49883195374318606, 0.4727988575999723, 0.49883195374318606, 0.5847599713906759, 0.6381470297313171, 0.26407228078477746, 0.4727988575999723, 0.6381470297313171, 0.0, 0.3511574732089142, 0.5709725605452755, 0.3511574732089142, 0.5709725605452755, 0.9110344474728497, 0.0, 0.3511574732089142, 0.6481278685831894, 0.7095931485549108, 0.9286002655241478, 0.0, 0.49883195374318606, 0.6749996632303803, 0.9426977977609207, 0.0, 0.4071535974541098, 0.7340264719875441, 0.7095931485549108, 0.0, 0.549622236975893, 0.5485578419245817, 0.766932576776615, 0.0, 0.5920819362854232, 0.763647915142965, 0.9540118404423639, 0.0, 0.4892012506813359, 0.8060331142670306, 0.8129506122266557, 0.0, 0.6512326266552916, 0.6191655391125626, 0.8498826091501902, 0.0, 0.5653363194939505, 0.8293078156696045, 0.963091980118414, 0.0, 0.6828621071426331, 0.9703792901328804, 0.0, 0.6351898176338406, 0.6828621071426331, 0.9762277560311541, 0.0, 0.6828621071426331, 0.9809214706247927, 0.0, 0.6740001778105428, 0.8594202333081975, 0.8795225619082943, 0.0, 0.6740001778105428, 0.8772233284438976, 0.9846884339737695, 0.0, 0.7346703460324776, 0.9877116286289718, 0.0, 0.7270510696066874, 0.8995196194822107, 0.9033102493523708, 0.0, 0.785343248798221, 0.990137908121637, 0.0, 0.8261957920244923, 0.9112167058022246, 0.7270510696066874, 0.8261957920244923, 0.9112167058022246, 0.9224011729633191, 0.0, 0.7474421515431066, 0.6821486933431842, 0.9920851304635389, 0.0, 0.7474421515431066, 0.9220580237180721, 0.7078004005783782, 0.7435247824794947, 0.8261957920244923, 0.9220580237180721, 0.9377226860433903, 0.0, 0.8261957920244923, 0.7435247824794947, 0.9500190404705886, 0.0, 0.6956626053969666, 0.9319255017504747, 0.6665812529449494, 0.7895791470085632, 0.8261957920244923, 0.9319255017504747, 0.6461175586604446, 0.9319255017504747, 0.993647883172064, 0.0, 0.8261957920244923, 0.9949020779167778, 0.0, 0.7092557184535042, 0.9441033710219932, 0.9598875391892921, 0.0, 0.8593449874346648, 0.9513059448358238, 0.9959086379752481, 0.0, 0.7092557184535042, 0.9598293947550589, 0.9678075505664562, 0.0, 0.7608513630509482, 0.7895791470085632, 0.9967164576185517, 0.6947882796342083, 0.8593449874346648, 0.9967164576185517, 0.0, 0.886087198689865, 0.9645300463277773, 0.9973647771804253, 0.7278830355257879, 0.886087198689865, 0.8589024782332456, 0.7278830355257879, 0.9741637940035176, 0.0, 0.7608513630509482, 0.7788643987870484, 0.9973647771804253, 0.7192289564974187, 0.886087198689865, 0.8689253275543446, 0.9792650279168523, 0.0, 0.886087198689865, 0.8924470289528014, 0.9833590478668792, 0.886087198689865, 0.9973647771804253, 0.0, 0.907598658900421, 0.9978850891805013, 0.0])