DateTime of fitting: 2020-12-27T19:48:43.248
DATA_STATS
nr_subjects: 1
all_subject_ids: [9]
nr_puzzles: 1
nr_episodes: 49
nr_actions: 187
max_state_id: 7
max_action_id: 2
SUBJECT_SIGNALS
subject_id: 9
algorithm_name: hybrid_actorcritic_FWD
param_string: alpha=0.5773,
                eta_critic=0.0008,
                gamma=0.9818,
                lambda_actor=0.7551,
                lambda_critic=0.4158,
                eta_fwd=0.232,
                w_MB=12.1256,
                w_MF=2.8318
param_vector: [0.577343486467118, 0.0007698284619408052, 0.981836488560029, 0.7551027083683768, 0.4158289775049541, 0.23195783269184855, 12.125618132828173, 2.8317986923271348]
LL: -93.531
RPE
[0.0, 0.0, 0.0, 0.0, 1.0, 0.0, -0.0, 0.0, 0.0, 0.0, 0.999, -0.0, 0.0, -0.0, 0.0, -0.0, 0.0, 0.0, -0.001, -0.0, 0.0, 0.0, 0.001, 0.998, 0.0, 0.001, 0.001, 0.998, -0.0, 0.0, -0.0, 0.0, -0.0, -0.0, 0.003, -0.003, 0.001, 0.002, -0.003, -0.0, 0.003, 0.997, -0.0, 1.0, 0.0, 0.003, 0.996, 0.004, 0.995, 0.0, 0.005, -0.004, 0.999, 0.0, 0.001, 0.998, 0.0, 0.004, -0.003, -0.001, 0.004, -0.003, 0.997, 0.005, 0.994, 0.002, 0.997, 0.0, 0.003, 0.996, 0.0, 0.005, -0.006, 0.0, -0.0, 0.0, 0.003, -0.003, 0.005, 0.993, 0.0, 0.004, 0.995, 0.001, -0.0, 0.006, -0.002, 0.994, 0.0, 0.005, 0.993, 0.0, 0.006, -0.001, 0.993, 0.0, 0.006, 0.992, 0.0, 0.006, 0.001, 0.991, 0.008, 0.99, 0.006, 0.002, 0.99, 0.009, 0.989, 0.001, 0.006, 0.003, 0.988, -0.001, 0.001, 0.01, 0.987, 0.002, 0.01, 0.987, 0.011, 0.986, 0.001, 0.013, 0.985, 0.012, 0.984, 0.005, 0.007, 0.984, -0.002, 0.014, 0.983, 0.013, 0.982, 0.003, 0.014, 0.981, 0.001, 0.017, 0.981, 0.001, 0.006, 0.01, 0.98, 0.001, 0.007, 0.011, 0.979, 0.005, 0.011, 0.978, 0.001, 0.019, 0.978, 0.001, 0.007, 0.012, 0.977, 0.006, 0.013, 0.976, 0.019, 0.975, 0.001, 0.007, 0.014, 0.975, 0.006, 0.014, 0.974, 0.001, 0.023, 0.973, 0.001, 0.008, 0.016, 0.972, 0.003, 0.022, 0.972, 0.0, 0.001, 0.008, 0.017, 0.971, 0.0]
SPE
[0.857, 0.857, 0.857, 0.857, 0.857, 0.658, 0.857, 0.857, 0.857, 0.658, 0.658, 0.857, 0.658, 0.658, 0.506, 0.506, 0.388, 0.506, 0.658, 0.658, 0.298, 0.388, 0.506, 0.506, 0.658, 0.658, 0.388, 0.388, 0.388, 0.229, 0.298, 0.176, 0.962, 0.506, 0.857, 0.857, 0.506, 0.298, 0.95, 0.388, 0.658, 0.461, 0.971, 0.857, 0.298, 0.506, 0.354, 0.977, 0.272, 0.229, 0.388, 0.658, 0.658, 0.176, 0.95, 0.506, 0.298, 0.229, 0.506, 0.935, 0.461, 0.388, 0.388, 0.916, 0.209, 0.62, 0.298, 0.229, 0.971, 0.229, 0.135, 0.354, 0.95, 0.651, 0.135, 0.5, 0.841, 0.53, 0.367, 0.16, 0.971, 0.476, 0.176, 0.367, 0.506, 0.825, 0.461, 0.135, 0.384, 0.646, 0.104, 0.104, 0.571, 0.354, 0.08, 0.08, 0.613, 0.061, 0.061, 0.569, 0.272, 0.047, 0.513, 0.036, 0.719, 0.209, 0.028, 0.535, 0.021, 0.295, 0.437, 0.16, 0.016, 0.987, 0.388, 0.547, 0.013, 0.805, 0.42, 0.01, 0.323, 0.007, 0.448, 0.805, 0.006, 0.248, 0.004, 0.908, 0.123, 0.003, 0.047, 0.688, 0.003, 0.378, 0.002, 0.946, 0.29, 0.002, 0.344, 0.618, 0.001, 0.265, 0.576, 0.095, 0.001, 0.994, 0.49, 0.073, 0.001, 0.822, 0.056, 0.001, 0.406, 0.638, 0.0, 0.312, 0.521, 0.043, 0.0, 0.631, 0.033, 0.0, 0.542, 0.0, 0.763, 0.4, 0.025, 0.0, 0.604, 0.019, 0.0, 0.239, 0.699, 0.0, 0.184, 0.468, 0.015, 0.0, 0.898, 0.552, 0.0, 0.639, 0.992, 0.359, 0.011, 0.0, 0.998]
action_selection_prob
[0.5, 0.5, 0.5, 0.5, 0.5, 0.549, 0.35, 0.501, 0.501, 0.66, 0.742, 0.429, 0.567, 0.412, 0.557, 0.403, 0.547, 0.604, 0.306, 0.418, 0.538, 0.6, 0.704, 0.834, 0.52, 0.606, 0.741, 0.876, 0.325, 0.613, 0.321, 0.611, 0.318, 0.41, 0.391, 0.101, 0.686, 0.802, 0.902, 0.406, 0.402, 0.892, 0.341, 0.293, 0.525, 0.588, 0.884, 0.544, 0.906, 0.636, 0.706, 0.081, 0.601, 0.682, 0.756, 0.761, 0.303, 0.803, 0.228, 0.168, 0.801, 0.229, 0.834, 0.271, 0.561, 0.478, 0.796, 0.339, 0.809, 0.848, 0.361, 0.828, 0.283, 0.521, 0.172, 0.515, 0.833, 0.121, 0.842, 0.734, 0.431, 0.62, 0.768, 0.555, 0.134, 0.724, 0.214, 0.83, 0.393, 0.807, 0.867, 0.228, 0.843, 0.422, 0.89, 0.33, 0.861, 0.907, 0.475, 0.88, 0.602, 0.919, 0.439, 0.929, 0.61, 0.714, 0.936, 0.689, 0.942, 0.526, 0.891, 0.782, 0.947, 0.766, 0.218, 0.756, 0.952, 0.398, 0.81, 0.955, 0.845, 0.958, 0.533, 0.644, 0.961, 0.869, 0.963, 0.887, 0.826, 0.965, 0.104, 0.901, 0.967, 0.793, 0.968, 0.365, 0.833, 0.97, 0.497, 0.736, 0.971, 0.61, 0.795, 0.855, 0.972, 0.669, 0.912, 0.876, 0.974, 0.86, 0.892, 0.975, 0.284, 0.918, 0.976, 0.43, 0.926, 0.904, 0.977, 0.874, 0.914, 0.977, 0.885, 0.978, 0.477, 0.93, 0.922, 0.979, 0.9, 0.929, 0.98, 0.435, 0.934, 0.98, 0.562, 0.939, 0.934, 0.981, 0.368, 0.907, 0.981, 0.509, 0.823, 0.942, 0.939, 0.982, 0.436]
results_dict
Dict{String,Any}("finalQSA_Hybrid_record" => [0.0 0.0; 15.445605776752078 18.25287364907894; 17.96092946716176 13.907236086072674; 13.550520327067407 15.160351959120952; 12.462851559005202 15.309983012281382; 15.77874326050491 18.178755227745782; 17.193637290632356 16.938071243602355],"final_PolicyParameters_MF" => [0.0 0.0; 1.191992972009002 2.2425080268461324; 2.0606422679600844 0.7971365969651761; 0.6557427114830646 1.1808103675490318; 0.3451668336923211 1.2164149689600663; 1.4565724372242765 2.2244626816569926; 1.9646037404875982 1.8636562077721357],"final_Tsas" => [0.14285714285714285 0.14285714285714285; 0.8767866988404092 0.0007287914170546788; 0.9999709550438874 0.03817924028918388; 0.049709823124679725 0.006018977690320241; 0.0172974656056086 0.0005597425394702544; 0.006018977690320241 0.0004299058731493027; 0.002094416214640487 0.0012354726063212153]

[0.14285714285714285 0.14285714285714285; 0.01020358072341469 0.0007287914170546788; 4.840826018757196e-6 0.03817924028918388; 0.049709823124679725 0.42801647545648275; 0.0172974656056086 0.7240046611390375; 0.006018977690320241 0.4116627945964343; 0.002094416214640487 0.017803075898418383]

[0.14285714285714285 0.14285714285714285; 0.01020358072341469 0.991199481947938; 4.840826018757196e-6 0.03817924028918388; 0.049709823124679725 0.3099308034000675; 0.0172974656056086 0.27319662616361123; 0.006018977690320241 0.5764146328973483; 0.002094416214640487 0.013960090545885186]

[0.14285714285714285 0.14285714285714285; 0.01020358072341469 0.0007287914170546788; 4.840826018757196e-6 0.5927711617201478; 0.049709823124679725 0.006018977690320241; 0.0172974656056086 0.0005597425394702544; 0.006018977690320241 0.010202949013620203; 0.5092206049111672 0.23319330529816976]

[0.14285714285714285 0.14285714285714285; 0.01020358072341469 0.0007287914170546788; 4.840826018757196e-6 0.21633263683393286; 0.049709823124679725 0.2379768103821688; 0.0172974656056086 0.0005597425394702544; 0.9638861338580785 0.0004299058731493027; 0.24401442510528498 0.6595722504789894]

[0.14285714285714285 0.14285714285714285; 0.07219539754251746 0.0007287914170546788; 4.840826018757196e-6 0.03817924028918388; 0.7017410612519217 0.006018977690320241; 0.0172974656056086 0.0005597425394702544; 0.006018977690320241 0.0004299058731493027; 0.23838730512498602 0.0730003325658949]

[0.14285714285714285 0.14285714285714285; 0.01020358072341469 0.005156560966788641; 4.840826018757196e-6 0.03817924028918388; 0.049709823124679725 0.006018977690320241; 0.8962152063663484 0.0005597425394702544; 0.006018977690320241 0.0004299058731493027; 0.002094416214640487 0.0012354726063212153],"finalQSA_MB_record" => [0.0 0.0; 0.9954231075067503 0.9816032354359947; 0.9999989488598063 0.9607660443796391; 0.9643699711747469 0.9745095761137298; 0.9472010248429004 0.9785348445020954; 0.9611074901769019 0.9797046280464523; 0.9591488577218826 0.9605408616387905])
POPULATION_SIGNALS
subject_id: 9
algorithm_name: hybrid_actorcritic_FWD
param_string: alpha=0.644,
                eta_critic=0.0002,
                gamma=0.972,
                lambda_actor=0.8563,
                lambda_critic=0.4629,
                eta_fwd=0.24,
                w_MB=12.1269,
                w_MF=2.8638
param_vector: [0.644030167544776, 0.00020351207271904898, 0.9720012726758733, 0.856341395594059, 0.4628830908282809, 0.24003847973901876, 12.126880916735841, 2.863789486249355]
LL: -94.763
RPE
[0.0, 0.0, 0.0, 0.0, 1.0, 0.0, -0.0, 0.0, 0.0, 0.0, 1.0, -0.0, 0.0, -0.0, 0.0, -0.0, 0.0, 0.0, -0.0, -0.0, 0.0, 0.0, 0.0, 1.0, 0.0, 0.0, 0.0, 0.999, -0.0, 0.0, -0.0, 0.0, -0.0, -0.0, 0.001, -0.001, 0.0, 0.0, -0.001, -0.0, 0.001, 0.999, -0.0, 1.0, 0.0, 0.001, 0.999, 0.001, 0.999, 0.0, 0.001, -0.001, 1.0, 0.0, 0.0, 1.0, 0.0, 0.001, -0.001, -0.0, 0.001, -0.001, 0.999, 0.001, 0.998, 0.001, 0.999, 0.0, 0.001, 0.999, 0.0, 0.001, -0.002, 0.0, -0.0, 0.0, 0.001, -0.001, 0.001, 0.998, 0.0, 0.001, 0.999, 0.0, -0.0, 0.001, -0.001, 0.998, 0.0, 0.001, 0.998, -0.0, 0.002, -0.0, 0.998, 0.0, 0.002, 0.998, 0.0, 0.001, 0.0, 0.998, 0.002, 0.997, 0.002, 0.0, 0.997, 0.002, 0.997, 0.0, 0.002, 0.001, 0.997, -0.0, 0.0, 0.002, 0.997, 0.0, 0.003, 0.996, 0.003, 0.996, 0.0, 0.003, 0.996, 0.003, 0.996, 0.001, 0.002, 0.996, -0.001, 0.004, 0.995, 0.003, 0.995, 0.001, 0.004, 0.995, 0.0, 0.004, 0.995, 0.0, 0.002, 0.003, 0.995, 0.0, 0.002, 0.003, 0.994, 0.001, 0.003, 0.994, 0.0, 0.005, 0.994, 0.0, 0.002, 0.003, 0.994, 0.001, 0.003, 0.994, 0.005, 0.993, 0.0, 0.002, 0.004, 0.993, 0.001, 0.004, 0.993, 0.0, 0.006, 0.993, 0.0, 0.002, 0.004, 0.993, 0.001, 0.006, 0.992, 0.0, 0.0, 0.002, 0.004, 0.992, 0.0]
SPE
[0.857, 0.857, 0.857, 0.857, 0.857, 0.651, 0.857, 0.857, 0.857, 0.651, 0.651, 0.857, 0.651, 0.651, 0.495, 0.495, 0.376, 0.495, 0.651, 0.651, 0.286, 0.376, 0.495, 0.495, 0.651, 0.651, 0.376, 0.376, 0.376, 0.217, 0.286, 0.165, 0.964, 0.495, 0.857, 0.857, 0.495, 0.286, 0.952, 0.376, 0.651, 0.457, 0.972, 0.857, 0.286, 0.495, 0.348, 0.979, 0.264, 0.217, 0.376, 0.651, 0.651, 0.165, 0.952, 0.495, 0.286, 0.217, 0.495, 0.937, 0.457, 0.376, 0.376, 0.917, 0.201, 0.616, 0.286, 0.217, 0.972, 0.217, 0.125, 0.348, 0.952, 0.656, 0.125, 0.499, 0.84, 0.526, 0.366, 0.153, 0.972, 0.468, 0.165, 0.366, 0.495, 0.825, 0.457, 0.125, 0.379, 0.639, 0.095, 0.095, 0.575, 0.348, 0.072, 0.072, 0.609, 0.055, 0.055, 0.572, 0.264, 0.042, 0.511, 0.032, 0.717, 0.201, 0.024, 0.535, 0.018, 0.288, 0.435, 0.153, 0.014, 0.988, 0.376, 0.549, 0.011, 0.802, 0.417, 0.008, 0.317, 0.006, 0.451, 0.802, 0.005, 0.241, 0.004, 0.912, 0.116, 0.003, 0.042, 0.69, 0.002, 0.379, 0.002, 0.948, 0.288, 0.001, 0.343, 0.609, 0.001, 0.261, 0.583, 0.088, 0.001, 0.995, 0.491, 0.067, 0.001, 0.823, 0.051, 0.0, 0.406, 0.638, 0.0, 0.309, 0.524, 0.039, 0.0, 0.625, 0.029, 0.0, 0.549, 0.0, 0.756, 0.398, 0.022, 0.0, 0.601, 0.017, 0.0, 0.235, 0.703, 0.0, 0.178, 0.47, 0.013, 0.0, 0.901, 0.557, 0.0, 0.648, 0.993, 0.357, 0.01, 0.0, 0.999]
action_selection_prob
[0.5, 0.5, 0.5, 0.5, 0.5, 0.548, 0.313, 0.501, 0.501, 0.701, 0.783, 0.387, 0.608, 0.374, 0.592, 0.361, 0.578, 0.649, 0.308, 0.37, 0.564, 0.643, 0.707, 0.869, 0.507, 0.648, 0.719, 0.904, 0.298, 0.675, 0.292, 0.671, 0.288, 0.378, 0.332, 0.079, 0.742, 0.805, 0.925, 0.374, 0.351, 0.913, 0.352, 0.227, 0.548, 0.588, 0.872, 0.61, 0.9, 0.694, 0.736, 0.082, 0.602, 0.746, 0.793, 0.784, 0.231, 0.81, 0.297, 0.145, 0.835, 0.3, 0.858, 0.211, 0.429, 0.479, 0.767, 0.316, 0.824, 0.84, 0.32, 0.862, 0.327, 0.479, 0.138, 0.469, 0.868, 0.121, 0.859, 0.7, 0.423, 0.623, 0.701, 0.6, 0.116, 0.75, 0.257, 0.806, 0.32, 0.805, 0.858, 0.193, 0.851, 0.536, 0.888, 0.36, 0.873, 0.907, 0.561, 0.894, 0.713, 0.921, 0.331, 0.931, 0.584, 0.8, 0.939, 0.704, 0.945, 0.526, 0.906, 0.848, 0.95, 0.792, 0.254, 0.778, 0.955, 0.355, 0.836, 0.958, 0.87, 0.961, 0.558, 0.537, 0.964, 0.893, 0.966, 0.909, 0.878, 0.968, 0.083, 0.916, 0.97, 0.773, 0.971, 0.31, 0.83, 0.972, 0.482, 0.702, 0.974, 0.645, 0.791, 0.898, 0.975, 0.724, 0.927, 0.912, 0.976, 0.866, 0.923, 0.977, 0.22, 0.933, 0.978, 0.432, 0.94, 0.931, 0.979, 0.883, 0.938, 0.98, 0.897, 0.98, 0.42, 0.944, 0.943, 0.981, 0.912, 0.948, 0.982, 0.426, 0.948, 0.982, 0.607, 0.952, 0.952, 0.983, 0.3, 0.92, 0.983, 0.513, 0.831, 0.955, 0.955, 0.985, 0.39]
results_dict
Dict{String,Any}("finalQSA_Hybrid_record" => [0.0 0.0; 15.972857271911776 19.102970888261172; 18.893645267592206 14.706683430824775; 14.476605772376043 16.175371566820825; 12.875842287144636 15.98064696795419; 17.548176355428573 20.125341558548918; 19.901702713317235 19.456244099751075],"final_PolicyParameters_MF" => [0.0 0.0; 1.3708222409376165 2.555811925887736; 2.3628752225849996 1.1552757725940919; 1.0514172344679964 1.578919795021492; 0.6032637280991335 1.4842225675302665; 2.144304997385631 2.924320037941502; 2.9789028925551455 2.8071506117901155],"final_Tsas" => [0.14285714285714285 0.14285714285714285; 0.8840761720530889 0.0005898397232738308; 0.9999807723715283 0.03621262224403818; 0.047650599771949326 0.0053015296456134856; 0.015894057610385478 0.000448255492809497; 0.0053015296456134856 0.0003406569257808407; 0.0017683474712557679 0.0010212940727809404]

[0.14285714285714285 0.14285714285714285; 0.00917947806852586 0.0005898397232738308; 3.2046047452848686e-6 0.03621262224403818; 0.047650599771949326 0.42331806897780766; 0.015894057610385478 0.7286166467163515; 0.0053015296456134856 0.4127434498233676; 0.0017683474712557679 0.01644528979534722]

[0.14285714285714285 0.14285714285714285; 0.00917947806852586 0.9925511583461923; 3.2046047452848686e-6 0.03621262224403818; 0.047650599771949326 0.31013580305510624; 0.015894057610385478 0.2691420758196012; 0.0053015296456134856 0.5766452677327576; 0.0017683474712557679 0.012742937310601282]

[0.14285714285714285 0.14285714285714285; 0.00917947806852586 0.0005898397232738308; 3.2046047452848686e-6 0.6003042585521716; 0.047650599771949326 0.0053015296456134856; 0.015894057610385478 0.000448255492809497; 0.0053015296456134856 0.009248654740751639; 0.5075451894741201 0.2410597738117997]

[0.14285714285714285 0.14285714285714285; 0.00917947806852586 0.0005898397232738308; 3.2046047452848686e-6 0.21863263022763765; 0.047650599771949326 0.24534000938463224; 0.015894057610385478 0.000448255492809497; 0.9681908221263191 0.0003406569257808407; 0.2457556613449924 0.6569331595131822]

[0.14285714285714285 0.14285714285714285; 0.07002643760428194 0.0005898397232738308; 3.2046047452848686e-6 0.03621262224403818; 0.7140964013683042 0.0053015296456134856; 0.015894057610385478 0.000448255492809497; 0.0053015296456134856 0.0003406569257808407; 0.2396257592958646 0.07077625142350781]

[0.14285714285714285 0.14285714285714285; 0.00917947806852586 0.004499643037438503; 3.2046047452848686e-6 0.03621262224403818; 0.047650599771949326 0.0053015296456134856; 0.9046356543376872 0.000448255492809497; 0.0053015296456134856 0.0003406569257808407; 0.0017683474712557679 0.0010212940727809404],"finalQSA_MB_record" => [0.0 0.0; 0.9934219394190084 0.9716981188123281; 0.9999989387910309 0.9399107923652109; 0.9454664553800789 0.9609785873053709; 0.9192972597587165 0.9672845853655416; 0.9406653889535813 0.9689799092677498; 0.9376482910880474 0.9396993747022625])