DateTime of fitting: 2021-01-04T21:58:50.728
DATA_STATS
nr_subjects: 1
all_subject_ids: [18]
nr_puzzles: 1
nr_episodes: 62
nr_actions: 174
max_state_id: 7
max_action_id: 2
SUBJECT_SIGNALS
subject_id: 18
algorithm_name: Actor-Critic (TD-Lambda, ReplTrc) modulated Actor
param_string: alpha(actor)=0.8515,
                surpriseprobability=0.0033,
                stochasticity=2.801,
                eta(critic)=0.0009,
                gamma=0.9282,
                lambda_actor=0.6498,
                lambda_critic=0.3128,
                temp=0.375,
                nparticles=15,
                init_policy=nothing,
                init_Vs=nothing,
                use_replacing_trace=true
param_vector: [0.8515492960094379, 0.0033245567995326916, 2.8010480102138855, 0.0009435558316541904, 0.9281760527714159, 0.649751833647373, 0.31275317313193207, 0.375031352346586, 15.0]
LL: -44.071
RPE
[0.0, 0.0, 1.0, 0.0, -0.0, 0.0, 0.001, 0.999, 0.0, 0.001, 0.998, 0.001, 0.002, 0.997, 0.001, 0.002, 0.996, -0.0, 1.0, 0.0, 0.999, 0.001, 0.003, -0.004, 0.001, 0.998, 0.001, 0.003, -0.005, 0.001, 0.001, 0.003, 0.995, -0.0, 0.002, 0.997, 0.003, 0.996, 0.003, 0.995, 0.004, 0.994, 0.005, 0.993, 0.005, 0.992, 0.001, 0.0, 0.006, 0.992, -0.001, 0.005, 0.994, -0.001, 0.0, 0.004, 0.993, 0.001, 0.007, 0.991, -0.0, 0.005, 0.992, 0.0, 0.007, 0.99, 0.008, 0.989, 0.001, 0.009, 0.988, 0.009, 0.987, -0.001, 0.003, 0.005, 0.991, 0.001, 0.006, 0.991, 0.006, 0.99, 0.001, 0.007, 0.989, -0.001, 0.01, 0.986, 0.01, 0.985, 0.007, 0.988, 0.002, 0.009, 0.987, -0.001, 0.011, 0.984, 0.011, 0.983, 0.008, 0.986, 0.002, 0.01, 0.985, 0.003, 0.011, 0.982, 0.002, -0.003, 0.003, 0.012, 0.981, 0.013, 0.98, 0.004, 0.013, 0.979, 0.014, 0.979, 0.004, 0.014, 0.978, 0.015, 0.977, 0.002, 0.018, 0.976, 0.002, 0.01, 0.984, 0.009, 0.983, 0.016, 0.975, 0.009, 0.982, 0.003, 0.012, 0.981, 0.005, 0.016, 0.974, 0.017, 0.973, 0.01, 0.98, 0.003, 0.014, 0.979, 0.006, 0.017, 0.972, 0.003, 0.021, 0.971, 0.019, 0.97, 0.011, 0.978, 0.003, 0.015, 0.978, 0.006, 0.019, 0.969, 0.003, 0.023, 0.968, 0.003, 0.015, 0.977, 0.013, 0.976]
SPE
[0.857, 0.857, 0.857, 0.857, 0.857, 0.816, 0.816, 0.816, 0.778, 0.778, 0.778, 0.743, 0.743, 0.743, 0.712, 0.712, 0.712, 0.857, 0.857, 0.886, 0.816, 0.695, 0.683, 0.886, 0.816, 0.778, 0.816, 0.656, 0.891, 0.857, 0.778, 0.632, 0.707, 0.895, 0.778, 0.743, 0.743, 0.712, 0.712, 0.683, 0.683, 0.656, 0.862, 0.632, 0.656, 0.609, 0.692, 0.899, 0.632, 0.587, 0.857, 0.857, 0.681, 0.876, 0.669, 0.622, 0.657, 0.647, 0.905, 0.568, 0.754, 0.614, 0.635, 0.724, 0.88, 0.549, 0.609, 0.532, 0.88, 0.587, 0.515, 0.568, 0.5, 0.816, 0.818, 0.908, 0.614, 0.638, 0.607, 0.595, 0.88, 0.577, 0.619, 0.588, 0.56, 0.695, 0.863, 0.486, 0.577, 0.472, 0.857, 0.543, 0.601, 0.584, 0.528, 0.669, 0.843, 0.459, 0.572, 0.447, 0.837, 0.514, 0.584, 0.579, 0.5, 0.869, 0.568, 0.435, 0.58, 0.816, 0.85, 0.553, 0.424, 0.539, 0.414, 0.828, 0.525, 0.404, 0.512, 0.394, 0.808, 0.5, 0.385, 0.488, 0.377, 0.596, 0.825, 0.369, 0.582, 0.576, 0.487, 0.844, 0.475, 0.489, 0.361, 0.829, 0.463, 0.569, 0.562, 0.452, 0.803, 0.489, 0.354, 0.479, 0.346, 0.819, 0.441, 0.566, 0.548, 0.431, 0.79, 0.48, 0.339, 0.563, 0.818, 0.333, 0.47, 0.326, 0.81, 0.422, 0.551, 0.546, 0.412, 0.782, 0.472, 0.32, 0.549, 0.803, 0.314, 0.539, 0.544, 0.404, 0.799, 0.395]
action_selection_prob
[0.5, 0.5, 0.5, 0.5, 0.336, 0.601, 0.664, 0.756, 0.677, 0.692, 0.843, 0.732, 0.774, 0.885, 0.773, 0.824, 0.909, 0.463, 0.5, 0.805, 0.756, 0.843, 0.856, 0.924, 0.642, 0.843, 0.255, 0.865, 0.929, 0.5, 0.255, 0.865, 0.929, 0.849, 0.612, 0.885, 0.728, 0.909, 0.795, 0.924, 0.837, 0.936, 0.865, 0.944, 0.865, 0.95, 0.885, 0.885, 0.885, 0.955, 0.109, 0.438, 0.939, 0.1, 0.796, 0.894, 0.946, 0.822, 0.907, 0.959, 0.147, 0.917, 0.952, 0.259, 0.925, 0.963, 0.608, 0.966, 0.843, 0.727, 0.968, 0.794, 0.97, 0.141, 0.373, 0.837, 0.957, 0.799, 0.932, 0.961, 0.865, 0.964, 0.824, 0.938, 0.966, 0.115, 0.943, 0.972, 0.788, 0.974, 0.832, 0.969, 0.845, 0.947, 0.971, 0.138, 0.95, 0.975, 0.754, 0.976, 0.811, 0.973, 0.861, 0.953, 0.974, 0.874, 0.848, 0.978, 0.885, 0.044, 0.885, 0.873, 0.979, 0.891, 0.98, 0.895, 0.905, 0.981, 0.915, 0.981, 0.903, 0.924, 0.982, 0.931, 0.983, 0.909, 0.931, 0.983, 0.916, 0.937, 0.976, 0.937, 0.977, 0.942, 0.984, 0.946, 0.978, 0.921, 0.942, 0.979, 0.925, 0.95, 0.985, 0.953, 0.985, 0.956, 0.98, 0.93, 0.946, 0.981, 0.933, 0.958, 0.986, 0.937, 0.95, 0.986, 0.96, 0.986, 0.962, 0.982, 0.94, 0.953, 0.982, 0.943, 0.964, 0.987, 0.945, 0.956, 0.987, 0.947, 0.958, 0.983, 0.966, 0.984]
results_dict
Dict{String,Any}("Surprise" => [1.0000000000000002, 1.0000000000000002, 1.0000000000000002, 1.0000000000000002, 1.0000000000000002, 0.7744982818318503, 0.7744982818318503, 0.7744982818318503, 0.6429351027861638, 0.6429351027861638, 0.6429351027861638, 0.5567303413277973, 0.5567303413277973, 0.5567303413277973, 0.49587601448742, 0.49587601448742, 0.49587601448742, 1.0000000000000002, 1.0000000000000002, 1.2550065945607167, 0.7744982818318503, 0.4689358227980507, 0.4506232649635004, 1.2550065945607167, 0.7744982818318503, 0.6429351027861638, 0.7744982818318503, 0.4156540065582301, 1.3060079134728604, 1.0000000000000002, 0.6429351027861638, 0.3878205683976582, 0.4872483806326003, 1.357009232385003, 0.6429351027861638, 0.5567303413277973, 0.5567303413277973, 0.49587601448742, 0.49587601448742, 0.4506232649635004, 0.4506232649635004, 0.4156540065582301, 1.0375836196946917, 0.3878205683976582, 0.4156540065582301, 0.36514097051892763, 0.4643495060117111, 1.408010551297147, 0.38782056839765816, 0.34630503090836107, 1.0000000000000002, 1.0000000000000002, 0.4481176728605509, 1.1530039567364307, 0.43154767065496824, 0.3783672002997831, 0.4169719699025315, 0.4048196598614946, 1.5100131891214335, 0.3304119659117382, 0.5813564334762527, 0.370515955689533, 0.391593430080639, 0.516881180550444, 1.1879180984734583, 0.3168220687593054, 0.3651409705189276, 0.30506851416086633, 1.187918098473458, 0.34630503090836107, 0.29480265260542615, 0.33041196591173816, 0.2857588411922386, 0.7744982818318503, 0.7863193731433658, 1.561014508033577, 0.37051595568953277, 0.39472688047070453, 0.36312545796121165, 0.35273156704801356, 1.187918098473458, 0.3375244303120535, 0.37505116818428913, 0.3471449741347735, 0.3243721665452867, 0.4689358227980503, 1.0433594998051345, 0.27773112853997783, 0.33752443031205354, 0.27055738026756443, 1.0000000000000002, 0.3128846358719537, 0.358226791864802, 0.34309736948943786, 0.30276458306861376, 0.4318858397093906, 0.9096257892377713, 0.26410821468074536, 0.33402399273749683, 0.25827912992674323, 0.8768695392577217, 0.2937815479057563, 0.3436758189297073, 0.33953016196941266, 0.28575410151198993, 1.089266224303459, 0.330966619138481, 0.2529847978829109, 0.3400076107717448, 0.7744982818318503, 0.9507478157030886, 0.31977032494498925, 0.2481548595846171, 0.3098319672715342, 0.2437307805826216, 0.8319586714958062, 0.3009508227564157, 0.2396634670689373, 0.292966716065814, 0.23591143636950718, 0.7436241903163, 0.2857502732627898, 0.23243939701205718, 0.2791958576063174, 0.22921713524257267, 0.3537818086977398, 0.8148385840381746, 0.22641609083561565, 0.34193280600309084, 0.3371974443188347, 0.27853746537327984, 0.9159793357479031, 0.2720147015947665, 0.27948174043525803, 0.22360344424857906, 0.8351869794890499, 0.2660903277446144, 0.3313442652452671, 0.32620053750216704, 0.26068561192487344, 0.7240588364302754, 0.2797436005548776, 0.2209741254550719, 0.27422421856580376, 0.2185107635130083, 0.7889861690349163, 0.25573505390670714, 0.32903984279715004, 0.3163829881514701, 0.2511837175678928, 0.6793345834463921, 0.2746695519159813, 0.21619811636367695, 0.3269569882668597, 0.7832753269900878, 0.2140227541917781, 0.26975137076841554, 0.2119727977010191, 0.7522130872085756, 0.24698518366849967, 0.3185124471914276, 0.31485679086757323, 0.2430999609424452, 0.6561180256977522, 0.2703255546963021, 0.21003770049974235, 0.3170739974560274, 0.7261284026308457, 0.20820806715579648, 0.30975428386509135, 0.31347146794091324, 0.23949424010600517, 0.7090229448211746, 0.2361389074384372],"trialByTrial_Vs" => [0.0, 0.0, 0.0, 0.0, 0.0002739048277768395, 7.951183402463042e-5, 0.00027376382729335795, 0.0009435558316541904, 0.0001592782337367617, 0.0005479782520359652, 0.0018862213657009322, 0.00023929915833300334, 0.0008225013127271864, 0.0028279974421857247, 0.0003195743561408159, 0.001097332182804077, 0.0037688849003614374, 6.906850481624811e-6, 0.0, 0.00040010361724442795, 0.0009435558316541904, 0.000674198833341457, 0.0013724700369887306, 0.0047088845786890585, 0.000280805161259414, 0.0018862213657009322, 0.0005555803146784985, 0.001397235444745892, 0.004784451889253125, 0.0, 0.0005567449302708731, 0.001398854951460264, 0.004780208119377379, 0.0006819538294044439, 0.0006374085541948096, 0.0028279974421857247, 0.0009124140696234103, 0.0037688849003614374, 0.0011877264043721344, 0.0047088845786890585, 0.0014633447346019117, 0.00564799731483844, 0.0007616999539829213, 0.0065862239456890475, 0.0017392682377551883, 0.007523565307330702, 0.0010388501990369673, 0.0016743169369987387, 0.0020160602606037023, 0.00846002223506433, 0.0010627405505416075, 2.3903422780369166e-5, 0.00571925355778401, 0.0022931547504503108, 0.00114226328491033, 0.00175494052373895, 0.006657412954391044, 0.0012229167789265289, 0.002031196438180005, 0.009395595563402701, 0.002315404312262994, 0.002308839750101626, 0.0075946871452283885, 0.0023954480243071445, 0.0025851371573181224, 0.010330286126071179, 0.0024760604728668464, 0.011264094756008458, 0.0013041388605329145, 0.002754408645082925, 0.012197022285367311, 0.0030330556917051127, 0.013129069545515328, 0.0013862090577958447, 0.00030122800696359746, 0.0033120008009113197, 0.008531076965537109, 0.0014091752512273405, 0.0028628203678274706, 0.009466583249770176, 0.003587915265002954, 0.010401206831593205, 0.001490734529264615, 0.0031397217222872593, 0.011334948543885205, 0.0038646949842131664, 0.0034174863386169634, 0.014060237367035653, 0.003945073788810136, 0.014990526579727735, 0.004224278733828888, 0.012267809218739312, 0.001572709954172148, 0.0036966291683567555, 0.013199789687463541, 0.004501581481274362, 0.003974990724056137, 0.015919938012608055, 0.004582019826278465, 0.016848472493910877, 0.004861742039678972, 0.014130890780581516, 0.0016552690479266297, 0.004254726835951392, 0.01506111332783322, 0.001738411361597357, 0.005139564658483864, 0.01777613085108897, 0.0018224821610606662, 0.004533682090861292, 0.0018239551903136294, 0.005419319137238623, 0.01870291391081437, 0.0056993674652306165, 0.019628822498979084, 0.0019082755809308703, 0.0059797088388687785, 0.020553857440695857, 0.006260342455816895, 0.021478019560298888, 0.0019931770955007875, 0.006541267514991953, 0.022401309681344576, 0.006822483216562489, 0.023323728626612243, 0.0020786592792858484, 0.004555479750915759, 0.024245277218104874, 0.0021631877758679953, 0.0048396790033202, 0.01599045815817573, 0.007103988761946942, 0.01691892609978395, 0.007381373761544723, 0.025165956277049848, 0.007663460764500193, 0.017846517980051362, 0.002246365286706506, 0.005118641678289751, 0.018773234625590753, 0.0023301184241743813, 0.00794087617104821, 0.026085766623899675, 0.008222988868705369, 0.027004709078332714, 0.008505388471376428, 0.019699076862234953, 0.0024167688315678048, 0.005399016036960718, 0.02062404551503758, 0.0025008533096086863, 0.008783124492303906, 0.02792278445925392, 0.0025881705163318864, 0.005680239814863839, 0.028839993584795557, 0.009065548147960604, 0.029756337272317943, 0.009348808901913343, 0.021548141408273755, 0.0026736980215944883, 0.005966143266289945, 0.022471365365440858, 0.002758204179609824, 0.009626862025577285, 0.03067181633841017, 0.0028462667021296336, 0.0062479437948914475, 0.031586431598890824, 0.0029323722273629405, 0.0065349646150485, 0.023393718209259257, 0.009910144158094386, 0.024315200761673025, 0.0, 0.0, 0.0, 0.0, 0.0, 0.0, 0.0, 0.0, 0.0, 0.0, 0.0, 0.0, 0.0, 0.0, 0.0, 0.0, 0.0, 0.0, 0.0, 0.0, 0.0, 0.0, 0.0, 0.0, 0.0, 0.0, 0.0, 0.0, 0.0, 0.0, 0.0, 0.0, 0.0, 0.0, 0.0, 0.0, 0.0, 0.0, 0.0, 0.0, 0.0, 0.0, 0.0, 0.0, 0.0, 0.0, 0.0, 0.0, 0.0, 0.0, 0.0, 0.0, 0.0, 0.0, 0.0, 0.0, 0.0, 0.0, 0.0, 0.0, 0.0, 0.0],"final_V" => Dict{Int64,Any}(1 => [0.0, 0.025235813843850697, 0.032500183868808735, 0.00038393959657589206, 0.006816783575693085, 0.010189333071330176, 0.003017137828193261]),"nparticles" => 15,"trial_by_trial_p_sa_max" => [0.5, 0.5, 0.5, 0.5, 0.33572744919912334, 0.6014572525532151, 0.6643043179335809, 0.7561159779073078, 0.6769946447302394, 0.6923342071796784, 0.8433403192802958, 0.732325332541848, 0.7740797552827557, 0.8846838989818515, 0.7733712852519407, 0.8235117825011351, 0.9087231633677533, 0.46256388776460716, 0.5, 0.8045043490196749, 0.7561159779073078, 0.8431227650563952, 0.8558992416647662, 0.924439387676627, 0.6418613261493663, 0.8433403192802958, 0.25481746144767353, 0.864525392874572, 0.9286269341401387, 0.5, 0.25512367968733884, 0.8645439844242166, 0.9285891377736123, 0.8492812342070902, 0.6120463389506342, 0.8846838989818515, 0.7283806892575873, 0.9087231633677533, 0.795423700391267, 0.924439387676627, 0.8372352757675301, 0.9355191801538403, 0.8645063350333944, 0.943752015499242, 0.8653551858293465, 0.9501112016807932, 0.8848254598952582, 0.8848087769963868, 0.8854268051641696, 0.9551715831211137, 0.10944048355425809, 0.43787930292509597, 0.9385609802852317, 0.09959389759396019, 0.7960880166241843, 0.8941600971326509, 0.9460776186559676, 0.8220821789868878, 0.9071038488541848, 0.9592945547040757, 0.14734750499046362, 0.9172867537457077, 0.9519471848124649, 0.2587460874067716, 0.9254751173625521, 0.9627187437247371, 0.6083133921155577, 0.9656080759866519, 0.8426118596658828, 0.7265292979446267, 0.9680788951399593, 0.7944458428219361, 0.9702160649478365, 0.1408388384918223, 0.3725860330659135, 0.8366770365182795, 0.956658064487547, 0.799035414894757, 0.9322156139550557, 0.960522832606841, 0.8649307948001831, 0.9637508534085621, 0.8244318238080333, 0.9378456437926641, 0.9664876444331982, 0.11491084193379728, 0.9426243564973886, 0.972082945588916, 0.787735149643919, 0.9737278012759732, 0.8323209496640886, 0.9688374982924023, 0.8445122271800601, 0.9467318370696384, 0.9708771206963334, 0.1380677641213613, 0.9502920919665521, 0.975188044975942, 0.7540757555064365, 0.9764931267822675, 0.811138497783049, 0.9726641891918785, 0.8607154543005938, 0.9534132867126303, 0.9742429109428419, 0.8740223644101339, 0.8475686753546599, 0.9776665461016414, 0.8851283994130047, 0.04383404081988371, 0.8851462850812705, 0.8726308514954088, 0.9787272828774431, 0.8907933839425446, 0.9796908345947999, 0.8945227891164682, 0.9045166052321759, 0.9805699802118772, 0.9152300170842571, 0.981375351398795, 0.902542242419639, 0.9238151153158594, 0.9821158655119004, 0.9308427486817236, 0.9827990578402429, 0.9094723949045018, 0.9313888563844825, 0.9834313394477353, 0.9155028870628569, 0.9371801102501832, 0.9756477395703147, 0.9366978930446126, 0.9769059253708577, 0.9416294923170505, 0.9840181989749596, 0.9458724431880329, 0.9780393049517991, 0.9207770868391643, 0.9420558425610055, 0.979065582443012, 0.9254541215384413, 0.9495293755334989, 0.9845643639107322, 0.9527403181575471, 0.9850739271054554, 0.9555702656750131, 0.9799992632100912, 0.9296473898242632, 0.9462405981038587, 0.9808523452922242, 0.9333837875778237, 0.9580716811506711, 0.9855504501730268, 0.9367733084141742, 0.9498687113264396, 0.9859970469947887, 0.9603173296545755, 0.9864164519494261, 0.962337193521327, 0.9816348388793805, 0.9398334428989839, 0.9530542819208083, 0.9823551617462573, 0.9426069759179923, 0.9641536309299386, 0.9868110760323896, 0.945158891763069, 0.9558514506339778, 0.9871830533009895, 0.9474908422736029, 0.9583471887105182, 0.9830204438826662, 0.9658113567387563, 0.983636764754328],"final_Tsas" => Dict{Tuple{Int64,Int64},Float64}[Dict((1, 6) => 0.10146027863607554,(2, 3) => 0.14285714285714285,(2, 6) => 0.05129435368439295,(2, 2) => 0.14285714285714285,(2, 1) => 1.0,(2, 5) => 0.06023888941576132,(1, 7) => 0.12963412060354912,(1, 4) => 0.12996412051130612,(1, 3) => 0.6918842316161499,(2, 4) => 0.1359247988432684,(1, 1) => 1.0,(1, 2) => 0.6130977424144194,(2, 7) => 0.053244437361493785,(1, 5) => 0.12963412060354912), Dict((1, 6) => 0.10146027863607554,(2, 3) => 0.14285714285714285,(2, 6) => 0.2161073741953429,(2, 2) => 0.14285714285714285,(2, 1) => 0.0,(2, 5) => 0.4674612060301658,(1, 7) => 0.12963412060354912,(1, 4) => 0.12996412051130612,(1, 3) => 0.05135262806397509,(2, 4) => 0.1844512069403896,(1, 1) => 0.0,(1, 2) => 0.05762603418738657,(2, 7) => 0.053244437361493785,(1, 5) => 0.12963412060354912), Dict((1, 6) => 0.10146027863607554,(2, 3) => 0.14285714285714285,(2, 6) => 0.5274208573826928,(2, 2) => 0.14285714285714285,(2, 1) => 0.0,(2, 5) => 0.20983850722098157,(1, 7) => 0.12963412060354912,(1, 4) => 0.12996412051130612,(1, 3) => 0.05135262806397509,(2, 4) => 0.1359247988432684,(1, 1) => 0.0,(1, 2) => 0.05762603418738657,(2, 7) => 0.09126194878389038,(1, 5) => 0.12963412060354912), Dict((1, 6) => 0.10146027863607554,(2, 3) => 0.14285714285714285,(2, 6) => 0.05129435368439295,(2, 2) => 0.14285714285714285,(2, 1) => 0.0,(2, 5) => 0.06023888941576132,(1, 7) => 0.22219527637870515,(1, 4) => 0.12996412051130612,(1, 3) => 0.05135262806397509,(2, 4) => 0.1359247988432684,(1, 1) => 0.0,(1, 2) => 0.0781990604180174,(2, 7) => 0.053244437361493785,(1, 5) => 0.12963412060354912), Dict((1, 6) => 0.3550160719901127,(2, 3) => 0.14285714285714285,(2, 6) => 0.05129435368439295,(2, 2) => 0.14285714285714285,(2, 1) => 0.0,(2, 5) => 0.06023888941576132,(1, 7) => 0.12963412060354912,(1, 4) => 0.12996412051130612,(1, 3) => 0.05135262806397509,(2, 4) => 0.1359247988432684,(1, 1) => 0.0,(1, 2) => 0.05762603418738657,(2, 7) => 0.47143706300785604,(1, 5) => 0.12963412060354912), Dict((1, 6) => 0.10146027863607554,(2, 3) => 0.14285714285714285,(2, 6) => 0.05129435368439295,(2, 2) => 0.14285714285714285,(2, 1) => 0.0,(2, 5) => 0.08174472908580734,(1, 7) => 0.12963412060354912,(1, 4) => 0.2202152769321629,(1, 3) => 0.05135262806397509,(2, 4) => 0.1359247988432684,(1, 1) => 0.0,(1, 2) => 0.0781990604180174,(2, 7) => 0.22432323876227842,(1, 5) => 0.12963412060354912), Dict((1, 6) => 0.1376825348295094,(2, 3) => 0.14285714285714285,(2, 6) => 0.05129435368439295,(2, 2) => 0.14285714285714285,(2, 1) => 0.0,(2, 5) => 0.06023888941576132,(1, 7) => 0.12963412060354912,(1, 4) => 0.12996412051130612,(1, 3) => 0.05135262806397509,(2, 4) => 0.1359247988432684,(1, 1) => 0.0,(1, 2) => 0.05762603418738657,(2, 7) => 0.053244437361493785,(1, 5) => 0.22219527637870515)],"gamma_surprise" => [0.0033245567995326924, 0.0033245567995326924, 0.0033245567995326924, 0.0033245567995326924, 0.0033245567995326924, 0.0025767953352125806, 0.0025767953352125806, 0.0025767953352125806, 0.002140014641625089, 0.002140014641625089, 0.002140014641625089, 0.0018536132655890874, 0.0018536132655890874, 0.0018536132655890874, 0.0016513355956921185, 0.0016513355956921185, 0.0016513355956921185, 0.0033245567995326924, 0.0033245567995326924, 0.00416880646037306, 0.0025767953352125806, 0.0015617611503452656, 0.001500863868601106, 0.00416880646037306, 0.0025767953352125806, 0.002140014641625089, 0.0025767953352125806, 0.0013845551171384406, 0.004337484789213777, 0.0033245567995326924, 0.002140014641625089, 0.001291960939244724, 0.0016226510044360027, 0.004506105984756738, 0.002140014641625089, 0.0018536132655890874, 0.0018536132655890874, 0.0016513355956921185, 0.0016513355956921185, 0.001500863868601106, 0.001500863868601106, 0.0013845551171384406, 0.0034490747199219336, 0.001291960939244724, 0.0013845551171384406, 0.001216499470403638, 0.0015465103339343748, 0.004674670076024597, 0.0012919609392447239, 0.0011538182762349937, 0.0033245567995326924, 0.0033245567995326924, 0.001492531098842127, 0.0038312782866094168, 0.001437421256316112, 0.0012605082823947383, 0.0013889391922043263, 0.001348514272595232, 0.005011627061727325, 0.0011009240968322745, 0.001935446246303898, 0.0012343846049443694, 0.0013045132162877407, 0.0017211653032528588, 0.003946835428267786, 0.001055690715079554, 0.0012164994704036377, 0.001016566215851117, 0.003946835428267785, 0.0011538182762349937, 0.0009823913489458126, 0.0011009240968322743, 0.0009522827274651575, 0.0025767953352125806, 0.0026160218231756514, 0.005180020014109285, 0.0012343846049443685, 0.001314937937839317, 0.0012097927354647777, 0.0011752050306278645, 0.003946835428267785, 0.0011245959923679083, 0.0012494749177682314, 0.0011566135602668047, 0.00108082139300623, 0.0015617611503452643, 0.0034682079733707755, 0.0009255553775113436, 0.0011245959923679085, 0.0009016699941699289, 0.0033245567995326924, 0.0010425843755041892, 0.0011934917644021415, 0.0011431432146580107, 0.0010088966745250693, 0.0014385460268924069, 0.0030250114800355462, 0.0008801961732238289, 0.0011129458819865792, 0.0008607862444895355, 0.0029163964281997, 0.0009789919820686853, 0.0011450683048345987, 0.0011312713196715242, 0.0009522669476644559, 0.0036202530477208584, 0.0011027701489728853, 0.0008431563039979825, 0.0011328603162082682, 0.0025767953352125806, 0.00316133275728654, 0.001065504205560346, 0.000827072235725665, 0.0010324228706996453, 0.0008123392559192057, 0.00276743992437954, 0.001002858776694284, 0.0007987939860957787, 0.0009762793030314585, 0.0007862983688851841, 0.0024743298184479894, 0.0009522542022875589, 0.0007747349455368775, 0.0009304321318583213, 0.0007640031523382928, 0.0011787000239192394, 0.002710645773447144, 0.0007546740428590173, 0.0011392675038505112, 0.0011235077333849606, 0.0009282400482639585, 0.0030460761938350366, 0.0009065223168831682, 0.0009313839612629372, 0.0007453061160787184, 0.0027781487832932777, 0.0008867961238858773, 0.0011040270644735633, 0.0010869069785315168, 0.000868799539690581, 0.0024093850545686838, 0.0009322558069337894, 0.0007365486302139088, 0.0009138790735356151, 0.0007283437584272473, 0.0026248707519308523, 0.0008523146379955535, 0.001096357230630725, 0.0010542291860505914, 0.0008371586277275843, 0.002260896683565822, 0.0009153618320493733, 0.0007206407590839682, 0.0010894247423140677, 0.002605920915412221, 0.0007133949221806541, 0.0008989862705276813, 0.0007065666984555445, 0.002502836924947897, 0.0008231770465287627, 0.0010613172892768423, 0.0010491490340199426, 0.0008102384775208041, 0.0021837982822750907, 0.000900898099326747, 0.0007001209752427533, 0.0010565292860597439, 0.002416255122651651, 0.0006940264709958623, 0.0010321642810375718, 0.0010445377564150665, 0.000798230405925833, 0.002359469531674553, 0.0007870559385913872],"final_PolicyParameters" => Dict{Int64,Any}(1 => [0.0 0.0; 1.550020823994144 0.0; 1.6400200136004837 0.0; 0.2890542492243219 0.28912210125722054; 0.3016181384120607 1.4991548248596822; 1.488890791101813 2.7594895376142703; 0.436002917473977 1.537390921603501]),"particlefilterseeds" => [1, 2, 3])
POPULATION_SIGNALS
subject_id: 18
algorithm_name: Actor-Critic (TD-Lambda, ReplTrc) modulated Actor
param_string: alpha(actor)=0.7972,
                surpriseprobability=0.0043,
                stochasticity=2.7816,
                eta(critic)=0.0,
                gamma=0.9966,
                lambda_actor=0.7939,
                lambda_critic=0.305,
                temp=0.392,
                nparticles=15,
                init_policy=nothing,
                init_Vs=nothing,
                use_replacing_trace=true
param_vector: [0.7972414808175023, 0.004336552046615557, 2.7816353998652787, 3.24411867293681e-5, 0.9966448663088217, 0.7939275473003868, 0.3049775441960644, 0.39196929107560724, 15.0]
LL: -45.02
RPE
[0.0, 0.0, 1.0, 0.0, -0.0, 0.0, 0.0, 1.0, 0.0, 0.0, 1.0, 0.0, 0.0, 1.0, 0.0, 0.0, 1.0, -0.0, 1.0, 0.0, 1.0, 0.0, 0.0, -0.0, 0.0, 1.0, 0.0, 0.0, -0.0, 0.0, 0.0, 0.0, 1.0, -0.0, 0.0, 1.0, 0.0, 1.0, 0.0, 1.0, 0.0, 1.0, 0.0, 1.0, 0.0, 1.0, 0.0, 0.0, 0.0, 1.0, -0.0, 0.0, 1.0, -0.0, 0.0, 0.0, 1.0, 0.0, 0.0, 1.0, -0.0, 0.0, 1.0, 0.0, 0.0, 1.0, 0.0, 1.0, 0.0, 0.0, 1.0, 0.0, 1.0, -0.0, 0.0, 0.0, 1.0, 0.0, 0.0, 1.0, 0.0, 1.0, 0.0, 0.0, 1.0, -0.0, 0.0, 1.0, 0.0, 0.999, 0.0, 1.0, 0.0, 0.0, 1.0, -0.0, 0.0, 0.999, 0.0, 0.999, 0.0, 1.0, 0.0, 0.0, 0.999, 0.0, 0.0, 0.999, 0.0, -0.0, 0.0, 0.0, 0.999, 0.0, 0.999, 0.0, 0.0, 0.999, 0.001, 0.999, 0.0, 0.001, 0.999, 0.001, 0.999, 0.0, 0.001, 0.999, 0.0, 0.0, 0.999, 0.0, 0.999, 0.001, 0.999, 0.0, 0.999, 0.0, 0.0, 0.999, 0.0, 0.001, 0.999, 0.001, 0.999, 0.0, 0.999, 0.0, 0.001, 0.999, 0.0, 0.001, 0.999, 0.0, 0.001, 0.999, 0.001, 0.999, 0.0, 0.999, 0.0, 0.001, 0.999, 0.0, 0.001, 0.999, 0.0, 0.001, 0.999, 0.0, 0.001, 0.999, 0.0, 0.999]
SPE
[0.857, 0.857, 0.857, 0.857, 0.857, 0.815, 0.821, 0.815, 0.777, 0.781, 0.777, 0.743, 0.748, 0.743, 0.711, 0.718, 0.711, 0.857, 0.857, 0.886, 0.815, 0.694, 0.687, 0.886, 0.815, 0.777, 0.815, 0.659, 0.891, 0.857, 0.78, 0.634, 0.706, 0.895, 0.777, 0.745, 0.743, 0.713, 0.711, 0.684, 0.682, 0.657, 0.862, 0.632, 0.655, 0.608, 0.692, 0.898, 0.63, 0.587, 0.857, 0.857, 0.68, 0.876, 0.668, 0.624, 0.656, 0.646, 0.905, 0.567, 0.756, 0.616, 0.634, 0.724, 0.879, 0.548, 0.608, 0.531, 0.88, 0.586, 0.515, 0.566, 0.499, 0.815, 0.815, 0.909, 0.613, 0.639, 0.609, 0.594, 0.88, 0.576, 0.619, 0.59, 0.558, 0.696, 0.861, 0.485, 0.575, 0.471, 0.859, 0.542, 0.601, 0.585, 0.527, 0.669, 0.841, 0.458, 0.57, 0.446, 0.838, 0.512, 0.584, 0.58, 0.499, 0.869, 0.567, 0.434, 0.58, 0.815, 0.849, 0.552, 0.423, 0.537, 0.413, 0.828, 0.524, 0.403, 0.511, 0.393, 0.807, 0.498, 0.384, 0.486, 0.376, 0.596, 0.823, 0.367, 0.582, 0.576, 0.486, 0.845, 0.474, 0.487, 0.359, 0.83, 0.462, 0.569, 0.562, 0.451, 0.802, 0.488, 0.352, 0.477, 0.344, 0.82, 0.44, 0.566, 0.548, 0.43, 0.789, 0.478, 0.338, 0.563, 0.816, 0.331, 0.469, 0.324, 0.811, 0.42, 0.551, 0.546, 0.411, 0.782, 0.47, 0.318, 0.549, 0.802, 0.312, 0.539, 0.544, 0.402, 0.799, 0.394]
action_selection_prob
[0.5, 0.5, 0.5, 0.5, 0.31, 0.653, 0.69, 0.734, 0.745, 0.647, 0.825, 0.802, 0.763, 0.871, 0.839, 0.825, 0.897, 0.402, 0.5, 0.865, 0.734, 0.888, 0.862, 0.915, 0.637, 0.825, 0.242, 0.878, 0.923, 0.5, 0.242, 0.878, 0.923, 0.897, 0.545, 0.871, 0.713, 0.897, 0.798, 0.915, 0.845, 0.928, 0.908, 0.937, 0.875, 0.944, 0.92, 0.897, 0.895, 0.95, 0.074, 0.377, 0.933, 0.09, 0.793, 0.909, 0.941, 0.833, 0.92, 0.954, 0.198, 0.929, 0.948, 0.406, 0.936, 0.958, 0.407, 0.962, 0.86, 0.64, 0.964, 0.76, 0.967, 0.12, 0.378, 0.823, 0.953, 0.752, 0.942, 0.957, 0.861, 0.96, 0.806, 0.947, 0.963, 0.114, 0.951, 0.969, 0.715, 0.971, 0.799, 0.966, 0.842, 0.955, 0.968, 0.154, 0.958, 0.972, 0.652, 0.974, 0.766, 0.97, 0.867, 0.96, 0.972, 0.885, 0.827, 0.975, 0.899, 0.037, 0.899, 0.863, 0.976, 0.887, 0.977, 0.91, 0.904, 0.978, 0.917, 0.979, 0.919, 0.926, 0.98, 0.934, 0.981, 0.926, 0.907, 0.982, 0.933, 0.919, 0.973, 0.94, 0.975, 0.945, 0.982, 0.95, 0.976, 0.938, 0.928, 0.977, 0.942, 0.953, 0.983, 0.957, 0.983, 0.959, 0.978, 0.946, 0.936, 0.979, 0.95, 0.962, 0.984, 0.953, 0.942, 0.985, 0.964, 0.985, 0.966, 0.98, 0.955, 0.947, 0.981, 0.958, 0.968, 0.985, 0.96, 0.951, 0.986, 0.962, 0.954, 0.981, 0.969, 0.982]
results_dict
Dict{String,Any}("Surprise" => [1.0000000000000002, 1.0000000000000002, 1.0000000000000002, 1.0000000000000002, 1.0000000000000002, 0.773340693506996, 0.7974403297896184, 0.773340693506996, 0.6414854812363958, 0.6533400096612024, 0.6414854812363958, 0.5552420044528426, 0.5674449342924549, 0.5552420044528426, 0.4944329462714055, 0.5060296271749646, 0.4944329462714055, 1.0000000000000002, 1.0000000000000002, 1.2567862467957907, 0.773340693506996, 0.46761099306594767, 0.45654053472119954, 1.2567862467957907, 0.773340693506996, 0.6414854812363958, 0.773340693506996, 0.4192749607034639, 1.308143496154949, 1.0000000000000002, 0.6488609017247907, 0.3900958169536816, 0.4859692346843633, 1.3595007455141077, 0.6414854812363958, 0.5602635864972367, 0.5552420044528426, 0.49760718912223634, 0.4944329462714055, 0.45140647084768337, 0.44925275144753235, 0.41590228884263736, 1.0377765510821682, 0.3877522769483748, 0.4143622561537865, 0.3648794441491172, 0.4631654014743042, 1.4044660055457265, 0.3866056385537907, 0.34592356492591664, 1.0000000000000002, 1.0000000000000002, 0.446897686367465, 1.1510714447345602, 0.4304195215142343, 0.3801272724316676, 0.4158148938607529, 0.40374802243342833, 1.5074398140643008, 0.3299558688925803, 0.5845999218643112, 0.3719106667208582, 0.3904979784875043, 0.5184296530861466, 1.1845269621394972, 0.31632022585250474, 0.36399789059565696, 0.3045397862736966, 1.186287347942256, 0.34522793716957806, 0.29425958007233566, 0.3293950028085676, 0.285209869608194, 0.773340693506996, 0.773340693506996, 1.5649297429507407, 0.36947875431144556, 0.39524458744868163, 0.36501839354678367, 0.35174850271494845, 1.1888827554108359, 0.33659127689979984, 0.37532032032069057, 0.34862787521454247, 0.32348486960440515, 0.46959557814736846, 1.0267443887363286, 0.27718198993584103, 0.3358797753138577, 0.27001197399480636, 1.0128454466905514, 0.3120394317793237, 0.3583204575454756, 0.34429993927104635, 0.301958037154129, 0.4320462898854682, 0.8986271194045214, 0.26356918268584273, 0.3325857244191592, 0.2577482402423412, 0.8841372846381851, 0.293010553375545, 0.34364357689606756, 0.3405310781988629, 0.28501586029788684, 1.0878746947451268, 0.32967803805781126, 0.2524632048850343, 0.33994773559466684, 0.773340693506996, 0.9491483694722633, 0.31853422186353625, 0.2476432833905163, 0.30864384298981457, 0.24322963239941975, 0.830225273955682, 0.29980668918271575, 0.23917293781187815, 0.29186303265191244, 0.2354315599481662, 0.7418673100519495, 0.2846838896298744, 0.23197009591368825, 0.27816396304628777, 0.228758253597312, 0.353817027371702, 0.8082873377710756, 0.22576996120949194, 0.3418871893322841, 0.3372191838512906, 0.2778294616727405, 0.9227187862179488, 0.27133467354762136, 0.2785330391859292, 0.22298265679333654, 0.8396572612037266, 0.2654362399207656, 0.3312367596776683, 0.32616994652620024, 0.2600556298411069, 0.7225303376292251, 0.27886212992100434, 0.22037671664012715, 0.273368241660472, 0.2179349919164318, 0.7922808441597788, 0.25512752102884984, 0.32892369850301173, 0.31631567652317644, 0.2505971348634427, 0.6778797209548343, 0.2738671997997463, 0.21564243032598032, 0.32683445035598935, 0.7780351017623991, 0.21348576513581027, 0.268970668012654, 0.21145325797286926, 0.7547248036140323, 0.24641819158326336, 0.3183535539701252, 0.31475199072044346, 0.24255132359033119, 0.6547796001554922, 0.2695887349073647, 0.2095344848452474, 0.3169147005493099, 0.7219854118222613, 0.207720157142138, 0.3095694843966561, 0.3133405638544636, 0.23896283143361408, 0.7108665353891988, 0.23562369912784817],"trialByTrial_Vs" => [0.0, 0.0, 0.0, 0.0, 9.860638325553667e-6, 2.9971834568972844e-6, 9.860482690333411e-6, 3.24411867293681e-5, 5.994712846620564e-6, 1.9721530138868747e-5, 6.488132102813979e-5, 8.992588167805097e-6, 2.9582986668414413e-5, 9.732040293045717e-5, 1.1990809409055375e-5, 3.94448522420502e-5, 0.00012975843247046124, 2.7718744137298274e-7, 0.0, 1.4989376561153234e-5, 3.24411867293681e-5, 2.485025762228479e-5, 4.930712682285786e-5, 0.00016219540968229185, 1.0137816774637104e-5, 6.488132102813979e-5, 1.9999584211217583e-5, 5.022038280576117e-5, 0.00016518800230513422, 0.0, 2.0001210393989273e-5, 5.0222552777245765e-5, 0.000165183034271701, 2.512863375177515e-5, 2.3000001833735193e-5, 9.732040293045717e-5, 3.286208096721124e-5, 0.00012975843247046124, 4.272456910093102e-5, 0.00016219540968229185, 5.258746619797847e-5, 0.0001946313346000878, 2.812618358967168e-5, 0.00022706620725798676, 6.24507722214395e-5, 0.0002595000276901253, 3.799101203302337e-5, 6.0085273764449944e-5, 7.231521597761061e-5, 0.0002919327959306388, 3.890323661635857e-5, 9.121422495887853e-7, 0.00019761886226740975, 8.218006853908392e-5, 4.190052831365032e-5, 6.308412703921623e-5, 0.00023005363800636578, 4.489934142722972e-5, 7.294788853805596e-5, 0.00032436451201366167, 8.309025941440706e-5, 8.28134493708009e-5, 0.00026248736152270554, 8.608840117008583e-5, 9.267729966804158e-5, 0.00035679517597332714, 8.908731147738228e-5, 0.00038922478784376736, 4.789892308954959e-5, 9.89538062490063e-5, 0.0004216533476591133, 0.00010882070966482467, 0.000454080855453495, 5.089965635801491e-5, 1.0777191816720417e-5, 0.00011868802168793979, 0.0002949200328505644, 5.181067707832921e-5, 0.0001025429492275533, 0.0003273516520240766, 0.00012855143698886737, 0.0003597822190773752, 5.481071998343378e-5, 0.00011240761708753391, 0.0003922117340445923, 0.00013841598987273963, 0.0001222734224425396, 0.0004865073112610411, 0.00014141475366828834, 0.0005189327151158793, 0.0001512824656337224, 0.0004246401969598588, 5.7811330257911695e-5, 0.00013214102672140044, 0.00045706760785730455, 0.00016114773856532342, 0.0001420076493231709, 0.0005513570670521363, 0.00016414665132556935, 0.0005837803671039376, 0.00017401508307849994, 0.0004894939667710582, 6.081272962205606e-5, 0.00015187607068480172, 0.0005219192737352474, 6.381491805825227e-5, 0.00018388107591172463, 0.0006162026153054076, 6.681837229710544e-5, 0.00016174351038575793, 6.682049597337407e-5, 0.00019374959603966308, 0.0006486238116906694, 0.0002036185245806221, 0.0006810439562938453, 6.982429591897807e-5, 0.00021348786149771694, 0.0007134630491490564, 0.00022335760675406483, 0.0007458810902904225, 7.282888484625797e-5, 0.00023322776031278498, 0.0007782980797520626, 0.00024309832213699852, 0.0008107140175680944, 7.583426273758819e-5, 0.00016265344164891984, 0.0008431289037726344, 7.883840002428948e-5, 0.00017252774984686346, 0.0005543435287839986, 0.00025296929218982856, 0.0005867667319514371, 0.0002628349095395876, 0.0008755427383997982, 0.0002727066961259181, 0.0006191888832716875, 8.184068923446003e-5, 0.00018239524821109788, 0.0006516099827788726, 8.484376715228426e-5, 0.0002825724017518543, 0.0009079555214837003, 0.0002924442764009779, 0.000940367253058454, 0.000302316559141607, 0.0006840300305071147, 8.785074973318886e-5, 0.00019226461220492745, 0.0007164490264905347, 9.085429733367428e-5, 0.00031218276127950833, 0.0009727779331581714, 9.386219308220607e-5, 0.0002021351130686673, 0.0010051875618169637, 0.00032205513200346964, 0.0010375961390689408, 0.00033192863903153846, 0.0007488669707632523, 9.686773966265759e-5, 0.00021201178216851161, 0.0007812838633593864, 9.987188133984155e-5, 0.00034179533751494887, 0.0010700036649482117, 0.00010288081408012063, 0.00022188309935987886, 0.001102410139488884, 0.00010588717592299023, 0.00023176131256858877, 0.0008136997043130546, 0.0003516689323996498, 0.0008461144936583734, 0.0, 0.0, 0.0, 0.0, 0.0, 0.0, 0.0, 0.0, 0.0, 0.0, 0.0, 0.0, 0.0, 0.0, 0.0, 0.0, 0.0, 0.0, 0.0, 0.0, 0.0, 0.0, 0.0, 0.0, 0.0, 0.0, 0.0, 0.0, 0.0, 0.0, 0.0, 0.0, 0.0, 0.0, 0.0, 0.0, 0.0, 0.0, 0.0, 0.0, 0.0, 0.0, 0.0, 0.0, 0.0, 0.0, 0.0, 0.0, 0.0, 0.0, 0.0, 0.0, 0.0, 0.0, 0.0, 0.0, 0.0, 0.0, 0.0, 0.0, 0.0, 0.0],"final_V" => Dict{Int64,Any}(1 => [0.0, 0.0008785282314294583, 0.0011348155627250646, 1.377870718407544e-5, 0.0002416327175009316, 0.0003615371758020551, 0.00010889169021678082]),"nparticles" => 15,"trial_by_trial_p_sa_max" => [0.5, 0.5, 0.5, 0.5, 0.3097723840976247, 0.6533841547117566, 0.6902280533550166, 0.7335160141443056, 0.7453290756969452, 0.6467762874406063, 0.825301781459475, 0.801747454966015, 0.763464078076684, 0.8706795814363371, 0.838769351191329, 0.8251308180077822, 0.897461327054606, 0.4019583406166188, 0.5, 0.8645926172868575, 0.7335160141443056, 0.8880666426847326, 0.8620366819508296, 0.9150869853389549, 0.6366772725574533, 0.825301781459475, 0.24157695562243978, 0.8777107317388774, 0.9230966525838735, 0.5, 0.24158467466800856, 0.8777110390302203, 0.9230958398422976, 0.8966121765312713, 0.5449404901303915, 0.8706795814363371, 0.713165928241183, 0.8974608003177764, 0.7976091294108635, 0.9150864006065249, 0.8450748628665108, 0.9275537615991, 0.9081673888473922, 0.9368341086635591, 0.8749383169374343, 0.9440093417732875, 0.9197528168921169, 0.8972748048767533, 0.8953207210519954, 0.9497220238720004, 0.07448687480106632, 0.3768887229137968, 0.9334674553832905, 0.08993098972065999, 0.7930690077929391, 0.9087038848017788, 0.9413776321175049, 0.8329325870404874, 0.9201624998851174, 0.954377597534752, 0.19793585339693573, 0.9290933173967431, 0.947608597759613, 0.40620817741104054, 0.9362400484922206, 0.9582444334899038, 0.4072293608743447, 0.9615072034710977, 0.8604456710423521, 0.6404387020836305, 0.9642971316524679, 0.7604547121433236, 0.9667100167841867, 0.11957265925322921, 0.37798033420579674, 0.8234926528122328, 0.9526432325756453, 0.7522769727072114, 0.9420894703916075, 0.9567956245270562, 0.8610174632756531, 0.9602788378793776, 0.8062416442018114, 0.9469614084015295, 0.9632424812792522, 0.11434740209286368, 0.9510821668885571, 0.9688174259099755, 0.7151910783678364, 0.9706738975786703, 0.7987536715632376, 0.9657946813834406, 0.8418643585860633, 0.9546126712395858, 0.9680155214476996, 0.15421425155280977, 0.957669823503053, 0.9723217205815001, 0.651629574861059, 0.9737941893954056, 0.7660597751931477, 0.9699655756961667, 0.8668373683451066, 0.9603433270533721, 0.9716915069540192, 0.8852026295432844, 0.8266634654192353, 0.9751178741029122, 0.8992284013171467, 0.0372997432646321, 0.8992287580707413, 0.8630415107155586, 0.9763142360599942, 0.8870477086005109, 0.9774007991827651, 0.9102651318341873, 0.9040010914688547, 0.9783920131709111, 0.9165831864944902, 0.9792998992103258, 0.9191633954550494, 0.9262789559821043, 0.9801345395151054, 0.9339731250231212, 0.9809044530566168, 0.9264827495972805, 0.9073735602543512, 0.9816168871942176, 0.932604634730895, 0.9191527143814298, 0.9732298421727885, 0.9402241348773553, 0.9746095820073726, 0.9453999274953268, 0.9822780463758909, 0.9497569932984066, 0.9758540438467512, 0.9377963800199197, 0.9282971670016827, 0.9769821886714539, 0.9422549501978293, 0.9534726631096457, 0.9828932731997299, 0.9566799831740773, 0.9834671930239054, 0.9594755663239155, 0.9780095928375564, 0.9461248166735465, 0.9355994543121741, 0.9789491708884963, 0.9495129265441928, 0.9619330830287927, 0.9840038304078706, 0.9525047296396886, 0.9415620964458609, 0.9845067035844564, 0.9641111993269585, 0.9849789016507778, 0.9660544707827327, 0.9798117207521451, 0.955164761120582, 0.9465218796808756, 0.9806063402305416, 0.9575446164534218, 0.967798394722626, 0.985423148056541, 0.9596870223222477, 0.9507094363799772, 0.9858418531458163, 0.961625099599803, 0.9542928467167816, 0.9813407488837225, 0.9693728052900418, 0.9820215394610825],"final_Tsas" => Dict{Tuple{Int64,Int64},Float64}[Dict((1, 6) => 0.10140202563148541,(2, 3) => 0.14285714285714285,(2, 6) => 0.05110504353958272,(2, 2) => 0.14285714285714285,(2, 1) => 1.0,(2, 5) => 0.059972047117635825,(1, 7) => 0.12955043487973136,(1, 4) => 0.12955043487973136,(1, 3) => 0.6934746404728873,(2, 4) => 0.13587878234940565,(1, 1) => 1.0,(1, 2) => 0.614416048048078,(2, 7) => 0.053065776018569766,(1, 5) => 0.12955043487973136), Dict((1, 6) => 0.10140202563148541,(2, 3) => 0.14285714285714285,(2, 6) => 0.21568990621022002,(2, 2) => 0.14285714285714285,(2, 1) => 0.0,(2, 5) => 0.4676877521038068,(1, 7) => 0.12955043487973136,(1, 4) => 0.12955043487973136,(1, 3) => 0.05108755992118547,(2, 4) => 0.18472730590356617,(1, 1) => 0.0,(1, 2) => 0.05738709129128585,(2, 7) => 0.053065776018569766,(1, 5) => 0.12955043487973136), Dict((1, 6) => 0.10140202563148541,(2, 3) => 0.14285714285714285,(2, 6) => 0.5287848760918664,(2, 2) => 0.14285714285714285,(2, 1) => 0.0,(2, 5) => 0.21089201665921653,(1, 7) => 0.12955043487973136,(1, 4) => 0.12955043487973136,(1, 3) => 0.05108755992118547,(2, 4) => 0.13587878234940565,(1, 1) => 0.0,(1, 2) => 0.05738709129128585,(2, 7) => 0.09122014809849072,(1, 5) => 0.12955043487973136), Dict((1, 6) => 0.10140202563148541,(2, 3) => 0.14285714285714285,(2, 6) => 0.05110504353958272,(2, 2) => 0.14285714285714285,(2, 1) => 0.0,(2, 5) => 0.059972047117635825,(1, 7) => 0.2226973907216118,(1, 4) => 0.12955043487973136,(1, 3) => 0.05108755992118547,(2, 4) => 0.13587878234940565,(1, 1) => 0.0,(1, 2) => 0.07801779339338927,(2, 7) => 0.053065776018569766,(1, 5) => 0.12955043487973136), Dict((1, 6) => 0.3551337423999278,(2, 3) => 0.14285714285714285,(2, 6) => 0.05110504353958272,(2, 2) => 0.14285714285714285,(2, 1) => 0.0,(2, 5) => 0.059972047117635825,(1, 7) => 0.12955043487973136,(1, 4) => 0.12955043487973136,(1, 3) => 0.05108755992118547,(2, 4) => 0.13587878234940565,(1, 1) => 0.0,(1, 2) => 0.05738709129128585,(2, 7) => 0.47175629744901576,(1, 5) => 0.12955043487973136), Dict((1, 6) => 0.10140202563148541,(2, 3) => 0.14285714285714285,(2, 6) => 0.05110504353958272,(2, 2) => 0.14285714285714285,(2, 1) => 0.0,(2, 5) => 0.08153204276643305,(1, 7) => 0.12955043487973136,(1, 4) => 0.2226973907216118,(1, 3) => 0.05108755992118547,(2, 4) => 0.13587878234940565,(1, 1) => 0.0,(1, 2) => 0.07801779339338927,(2, 7) => 0.22476045037821402,(1, 5) => 0.12955043487973136), Dict((1, 6) => 0.13785612944264505,(2, 3) => 0.14285714285714285,(2, 6) => 0.05110504353958272,(2, 2) => 0.14285714285714285,(2, 1) => 0.0,(2, 5) => 0.059972047117635825,(1, 7) => 0.12955043487973136,(1, 4) => 0.12955043487973136,(1, 3) => 0.05108755992118547,(2, 4) => 0.13587878234940565,(1, 1) => 0.0,(1, 2) => 0.05738709129128585,(2, 7) => 0.053065776018569766,(1, 5) => 0.2226973907216118)],"gamma_surprise" => [0.004336552046615559, 0.004336552046615559, 0.004336552046615559, 0.004336552046615559, 0.004336552046615559, 0.0033569317621218275, 0.0034611818328487485, 0.0033569317621218275, 0.0027861668771766786, 0.002837508608517909, 0.0027861668771766786, 0.0024124888571078833, 0.002465379043129981, 0.0024124888571078833, 0.002148845371999724, 0.0021991346437784404, 0.002148845371999724, 0.004336552046615559, 0.004336552046615559, 0.005444056649283085, 0.0033569317621218275, 0.0020325119356422285, 0.001984488714650382, 0.005444056649283085, 0.0033569317621218275, 0.0027861668771766786, 0.0033569317621218275, 0.0018227981222997513, 0.005665261977492279, 0.004336552046615559, 0.00281811030082648, 0.001696156947064558, 0.0021121390932237706, 0.005886368928296463, 0.0027861668771766786, 0.002434254178952904, 0.0024124888571078833, 0.00216261105253095, 0.002148845371999724, 0.001962215774955925, 0.0019528720692374697, 0.00180816194205255, 0.004499634896426679, 0.0016859842928574707, 0.0018014786125220737, 0.0015866888115277484, 0.002013227686240184, 0.006079875902081998, 0.001681006979529293, 0.0015043826292563817, 0.004336552046615559, 0.004336552046615559, 0.0019426546442822662, 0.004988413174417715, 0.0018711584470866938, 0.0016528848380708738, 0.0018077826736261772, 0.0017554132459439975, 0.006522737671127105, 0.0014350405690105367, 0.0025397230550320534, 0.0016172148390419592, 0.001697902597392258, 0.0022529020320550797, 0.005132655615607721, 0.0013758181662867932, 0.001582861418252554, 0.001324647637473583, 0.005140244307061863, 0.0015013619644094057, 0.0012799893661340806, 0.0014326047507516348, 0.0012406731889723255, 0.0033569317621218275, 0.0033569317621218275, 0.00676981426884822, 0.0016066569112215376, 0.0017185055971770564, 0.0015872920779182143, 0.0015296758780050065, 0.005151432408394563, 0.0014638569702810909, 0.0016320171658241753, 0.0015161255394083727, 0.0014069365637305435, 0.0020411205006070758, 0.00445201414269844, 0.001205793731918696, 0.0014607671245692037, 0.0011746394535860636, 0.004392012337931664, 0.0013572243481537781, 0.0015582113118758692, 0.0014973322367312775, 0.0013134326297565759, 0.0018782171980131176, 0.0038986571576866483, 0.0011466433651038859, 0.0014464617645493778, 0.001121348068911169, 0.0038360347464967007, 0.0012745631937959615, 0.0014944820364689432, 0.001480966042335656, 0.0012398302878475367, 0.004715828158291014, 0.001433833962645043, 0.0010983804832403136, 0.001478432842257006, 0.0033569317621218275, 0.0041169391746601345, 0.001385434484095548, 0.001077433257861351, 0.0013424749658158433, 0.0010582509005616647, 0.003602967748859289, 0.0013040870738119236, 0.0010406192769844764, 0.0012695779439727915, 0.0010243575636794595, 0.0032207515298103766, 0.001238387990623468, 0.0010093120104378913, 0.001210060330341388, 0.0009953510542530248, 0.001538657589848639, 0.003508096641967649, 0.0009823614549882348, 0.0014868549862079089, 0.0014665837727763568, 0.0012086069514272854, 0.004002759501650077, 0.0011803868324737601, 0.0012116639286512993, 0.0009702452118021988, 0.0036437510408180176, 0.0011547565163069643, 0.0014406033802755547, 0.001418598233771246, 0.00113137513859433, 0.003137065124489945, 0.0012130937901002172, 0.000958917082227672, 0.0011892229402398428, 0.0009483025707823495, 0.003438864793819278, 0.0011099591393616628, 0.0014305578864122436, 0.0013757984064414446, 0.00109027070655297, 0.002943772822073137, 0.0011913909518686187, 0.0009383362865787054, 0.001421484226142247, 0.003377240517400469, 0.0009289605932770504, 0.0011701147362731972, 0.0009201244924057166, 0.0032763883177709904, 0.0010721089078371156, 0.0013846497742282305, 0.0013690065480899969, 0.0010553028083305372, 0.0028437430868827906, 0.0011728003860015997, 0.0009117826942920188, 0.0013784002386362552, 0.0031347065950609386, 0.0009038948408237906, 0.001346495707589063, 0.0013628759460352171, 0.0010397060740639284, 0.0030865798132994234, 0.0010251926999899868],"final_PolicyParameters" => Dict{Int64,Any}(1 => [0.0 0.0; 1.5825696311861663 0.0; 1.6747441460454426 0.0; 0.5070898326325882 0.39233207597309067; 0.6514891822085782 1.8714551396844483; 2.4511119919621245 3.8246924774827242; 0.8082498363663995 2.0901048820030157]),"particlefilterseeds" => [1, 2, 3])