DateTime of fitting: 2020-12-27T19:46:56.021
DATA_STATS
nr_subjects: 1
all_subject_ids: [8]
nr_puzzles: 1
nr_episodes: 58
nr_actions: 185
max_state_id: 7
max_action_id: 2
SUBJECT_SIGNALS
subject_id: 8
algorithm_name: hybrid_actorcritic_FWD
param_string: alpha=0.7195,
                eta_critic=0.0792,
                gamma=0.8938,
                lambda_actor=0.8815,
                lambda_critic=0.4319,
                eta_fwd=0.2143,
                w_MB=12.0757,
                w_MF=2.888
param_vector: [0.7195119737213299, 0.07916186962646242, 0.8938372693782684, 0.8814897687795713, 0.4318885565417165, 0.21431012664680207, 12.075747633241338, 2.8879629001680347]
LL: -40.849
RPE
[0.0, 0.0, 0.0, 0.0, 1.0, -0.002, 0.0, 1.0, 0.016, 0.04, 0.921, 0.03, 0.074, 0.848, 0.014, 0.053, 0.102, -0.204, 0.015, 0.05, 0.087, 0.795, 0.074, 0.112, 0.733, 0.267, -0.274, 0.084, 0.115, 0.692, 0.285, 0.637, -0.003, 0.288, 0.587, 0.077, 0.222, 0.541, 0.327, 0.498, 0.035, 0.321, 0.458, 0.07, 0.294, -0.358, 0.256, 0.443, 0.327, 0.408, 0.074, 0.317, 0.375, 0.307, 0.346, 0.118, 0.297, 0.318, 0.057, 0.363, 0.293, -0.132, 0.23, 0.307, 0.27, 0.294, 0.248, 0.28, 0.229, -0.105, 0.282, 0.267, 0.211, 0.255, 0.194, 0.066, 0.428, 0.179, -0.101, 0.297, 0.255, 0.165, 0.076, 0.413, 0.151, 0.252, 0.139, 0.23, 0.238, 0.128, 0.062, 0.405, 0.118, 0.232, 0.109, -0.253, 0.472, 0.218, 0.1, 0.205, 0.092, 0.193, 0.085, -0.139, 0.399, 0.181, 0.078, 0.289, 0.17, 0.072, 0.159, 0.066, 0.149, 0.061, 0.3, -0.617, 0.278, 0.425, 0.056, 0.179, 0.052, 0.066, 0.397, -0.633, -0.231, 0.282, 0.338, 0.1, 0.098, 0.317, -0.585, 0.094, 0.27, 0.132, -0.223, 0.306, 0.257, -0.55, 0.111, -0.361, 0.259, 0.234, 0.165, 0.074, 0.152, 0.074, 0.14, 0.113, -0.338, 0.234, 0.262, 0.129, -0.178, 0.786, 0.083, 0.118, -0.468, 0.724, 0.096, 0.109, 0.105, -0.243, 0.666, 0.097, 0.262, 0.1, 0.231, 0.1, 0.092, 0.096, 0.085, 0.227, 0.092, 0.078, 0.057, -0.221, 0.614, 0.053, 0.262, 0.072, 0.196, 0.093, 0.066, 0.088, 0.061]
SPE
[0.857, 0.857, 0.857, 0.857, 0.857, 0.857, 0.857, 0.857, 0.673, 0.673, 0.673, 0.529, 0.529, 0.529, 0.673, 0.857, 0.416, 0.931, 0.529, 0.673, 0.327, 0.541, 0.416, 0.257, 0.425, 0.673, 0.966, 0.327, 0.202, 0.477, 0.529, 0.375, 0.957, 0.416, 0.294, 0.416, 0.158, 0.231, 0.327, 0.182, 0.805, 0.257, 0.143, 0.471, 0.124, 0.994, 0.098, 0.302, 0.202, 0.238, 0.711, 0.158, 0.187, 0.124, 0.147, 0.559, 0.098, 0.115, 0.611, 0.077, 0.091, 0.992, 0.857, 0.077, 0.071, 0.06, 0.056, 0.047, 0.044, 0.779, 0.673, 0.037, 0.035, 0.029, 0.027, 0.679, 0.06, 0.021, 0.695, 0.529, 0.023, 0.017, 0.634, 0.047, 0.013, 0.018, 0.01, 0.868, 0.014, 0.008, 0.605, 0.037, 0.006, 0.011, 0.005, 0.857, 0.912, 0.009, 0.004, 0.007, 0.003, 0.005, 0.002, 0.78, 0.416, 0.004, 0.002, 0.804, 0.003, 0.002, 0.003, 0.001, 0.002, 0.001, 0.631, 0.416, 0.63, 0.029, 0.001, 0.002, 0.001, 0.746, 0.023, 1.0, 0.673, 0.495, 0.018, 0.215, 0.586, 0.014, 0.832, 0.46, 0.011, 0.347, 1.0, 0.389, 0.009, 0.673, 0.498, 0.999, 0.306, 0.22, 0.272, 0.001, 0.214, 0.001, 0.168, 0.392, 0.831, 0.24, 0.35, 0.132, 0.944, 0.673, 0.001, 0.104, 1.0, 0.529, 0.215, 0.082, 0.456, 1.0, 0.416, 0.358, 0.43, 0.064, 0.943, 0.169, 0.05, 0.133, 0.04, 0.741, 0.104, 0.031, 0.556, 0.831, 0.327, 0.437, 0.48, 0.024, 0.742, 0.082, 0.019, 0.064, 0.015]
action_selection_prob
[0.5, 0.5, 0.5, 0.5, 0.5, 0.405, 0.501, 0.5, 0.612, 0.688, 0.825, 0.697, 0.806, 0.917, 0.513, 0.321, 0.87, 0.947, 0.493, 0.285, 0.85, 0.92, 0.77, 0.898, 0.949, 0.441, 0.962, 0.799, 0.902, 0.942, 0.578, 0.959, 0.851, 0.762, 0.967, 0.87, 0.939, 0.972, 0.849, 0.975, 0.893, 0.887, 0.977, 0.903, 0.951, 0.979, 0.94, 0.97, 0.897, 0.974, 0.908, 0.917, 0.977, 0.93, 0.979, 0.919, 0.939, 0.98, 0.926, 0.957, 0.981, 0.933, 0.175, 0.945, 0.981, 0.949, 0.982, 0.952, 0.982, 0.933, 0.38, 0.956, 0.982, 0.958, 0.983, 0.933, 0.961, 0.983, 0.939, 0.572, 0.96, 0.983, 0.939, 0.963, 0.983, 0.961, 0.983, 0.944, 0.962, 0.983, 0.949, 0.965, 0.983, 0.963, 0.984, 0.048, 0.541, 0.966, 0.985, 0.967, 0.985, 0.967, 0.985, 0.935, 0.695, 0.968, 0.985, 0.934, 0.968, 0.985, 0.969, 0.985, 0.969, 0.985, 0.94, 0.03, 0.696, 0.968, 0.985, 0.978, 0.985, 0.943, 0.969, 0.985, 0.065, 0.745, 0.96, 0.979, 0.92, 0.964, 0.981, 0.904, 0.952, 0.971, 0.919, 0.789, 0.959, 0.024, 0.906, 0.959, 0.76, 0.944, 0.993, 0.972, 0.993, 0.975, 0.994, 0.911, 0.958, 0.797, 0.943, 0.995, 0.909, 0.243, 0.976, 0.994, 0.976, 0.66, 0.971, 0.994, 0.922, 0.951, 0.807, 0.922, 0.95, 0.994, 0.927, 0.972, 0.994, 0.972, 0.994, 0.934, 0.974, 0.994, 0.939, 0.957, 0.861, 0.937, 0.957, 0.994, 0.939, 0.973, 0.994, 0.974, 0.994]
results_dict
Dict{String,Any}("finalQSA_Hybrid_record" => [0.0 0.0; 12.26912452134449 10.786754945791834; 14.01737106263435 10.383611533293884; 9.027991044725814 14.185948874779708; 13.110732267475589 9.905674391343602; 14.656509185117995 12.50888139831256; 13.429288674048951 10.610661676247336],"final_PolicyParameters_MF" => [0.0 0.0; 0.991020984417055 0.2831666036163215; 1.1431382306362188 0.37875151861983314; -0.11906631447392571 0.7495519393871078; 0.9355242410181049 0.0; 1.118604202877282 0.9710191396871536; 1.3760376272614412 0.37593740999963493],"final_Tsas" => [0.14285714285714285 0.14285714285714285; 0.020744893278106927 0.11224141047902828; 1.9019308282388667e-5 0.05443855419265563; 0.08818693958425203 0.9881525571024801; 0.00016669950773346822 0.14285714285714285; 0.7433690755050472 0.05443855419265563; 2.4207144482106303e-5 0.08818693958425203]

[0.14285714285714285 0.14285714285714285; 0.020744893278106927 0.11224141047902828; 1.9019308282388667e-5 0.6733686748440663; 0.08818693958425203 1.2007953181870877e-7; 0.10394136945606249 0.14285714285714285; 0.042771820749158806 0.05443855419265563; 0.019235396344529764 0.47087836249448783]

[0.14285714285714285 0.14285714285714285; 0.0849099335297727 0.11224141047902828; 1.9019308282388667e-5 0.05443855419265563; 0.08818693958425203 5.928007503265291e-7; 0.00016669950773346822 0.14285714285714285; 0.042771820749158806 0.6733686748440663; 0.4171322861016763 0.08818693958425203]

[0.14285714285714285 0.14285714285714285; 0.020744893278106927 0.11224141047902828; 0.9494720618012715 0.05443855419265563; 0.08818693958425203 1.2007953181870877e-7; 0.6229006183369262 0.14285714285714285; 0.042771820749158806 0.05443855419265563; 2.4207144482106303e-5 0.08818693958425203]

[0.14285714285714285 0.14285714285714285; 0.8113656000796927 0.11224141047902828; 1.9019308282388667e-5 0.05443855419265563; 0.08818693958425203 5.3935138388833754e-6; 0.00016669950773346822 0.14285714285714285; 0.042771820749158806 0.05443855419265563; 0.5157861930543962 0.08818693958425203]

[0.14285714285714285 0.14285714285714285; 0.020744893278106927 0.32655153712583035; 0.05043284165731652 0.05443855419265563; 0.08818693958425203 1.2007953181870877e-7; 0.27249121417607747 0.14285714285714285; 0.042771820749158806 0.05443855419265563; 0.047773503065951545 0.08818693958425203]

[0.14285714285714285 0.14285714285714285; 0.020744893278106927 0.11224141047902828; 1.9019308282388667e-5 0.05443855419265563; 0.47087836249448783 0.011841096344335274; 0.00016669950773346822 0.14285714285714285; 0.042771820749158806 0.05443855419265563; 2.4207144482106303e-5 0.08818693958425203],"finalQSA_MB_record" => [0.0 0.0; 0.7791775329703134 0.8257847309458604; 0.887625700606393 0.7694622587288196; 0.7762322466088947 0.9965058153667047; 0.8625502578201334 0.8205684843783889; 0.9462777116395779 0.8037527022854948; 0.7832789378900077 0.7890215294852153])
POPULATION_SIGNALS
subject_id: 8
algorithm_name: hybrid_actorcritic_FWD
param_string: alpha=0.644,
                eta_critic=0.0002,
                gamma=0.972,
                lambda_actor=0.8563,
                lambda_critic=0.4629,
                eta_fwd=0.24,
                w_MB=12.1269,
                w_MF=2.8638
param_vector: [0.644030167544776, 0.00020351207271904898, 0.9720012726758733, 0.856341395594059, 0.4628830908282809, 0.24003847973901876, 12.126880916735841, 2.863789486249355]
LL: -43.363
RPE
[0.0, 0.0, 0.0, 0.0, 1.0, -0.0, 0.0, 1.0, 0.0, 0.0, 1.0, 0.0, 0.0, 1.0, 0.0, 0.0, 0.0, -0.001, 0.0, 0.0, 0.0, 0.999, 0.0, 0.0, 0.999, 0.001, -0.001, 0.0, 0.001, 0.999, 0.001, 0.999, -0.0, 0.001, 0.999, 0.0, 0.001, 0.998, 0.002, 0.998, 0.0, 0.002, 0.998, 0.0, 0.002, -0.002, 0.002, 0.998, 0.002, 0.998, 0.0, 0.002, 0.997, 0.002, 0.997, 0.0, 0.002, 0.997, 0.0, 0.002, 0.997, -0.0, 0.001, 0.003, 0.997, 0.003, 0.996, 0.003, 0.996, -0.0, 0.001, 0.003, 0.996, 0.003, 0.996, 0.0, 0.004, 0.996, -0.0, 0.001, 0.003, 0.995, 0.0, 0.004, 0.995, 0.004, 0.995, 0.001, 0.004, 0.995, 0.0, 0.004, 0.995, 0.004, 0.994, -0.001, 0.001, 0.004, 0.994, 0.004, 0.994, 0.004, 0.994, -0.0, 0.002, 0.004, 0.994, 0.001, 0.005, 0.993, 0.005, 0.993, 0.005, 0.993, 0.001, -0.002, 0.001, 0.006, 0.993, 0.005, 0.992, 0.0, 0.006, -0.007, -0.001, 0.001, 0.006, 0.992, 0.0, 0.006, -0.007, 0.0, 0.006, 0.992, -0.001, 0.001, 0.007, -0.007, 0.001, -0.001, 0.001, 0.006, 0.992, 0.006, 0.992, 0.006, 0.991, 0.001, -0.001, 0.001, 0.007, 0.991, -0.0, 1.0, 0.006, 0.991, -0.002, 0.999, 0.006, 0.991, 0.001, -0.001, 0.999, 0.001, 0.007, 0.991, 0.002, 0.006, 0.99, 0.007, 0.99, 0.002, 0.007, 0.99, 0.001, -0.001, 0.999, 0.001, 0.008, 0.99, 0.002, 0.007, 0.99, 0.007, 0.989]
SPE
[0.857, 0.857, 0.857, 0.857, 0.857, 0.857, 0.857, 0.857, 0.651, 0.651, 0.651, 0.495, 0.495, 0.495, 0.651, 0.857, 0.376, 0.937, 0.495, 0.651, 0.286, 0.526, 0.376, 0.217, 0.4, 0.651, 0.972, 0.286, 0.165, 0.471, 0.495, 0.358, 0.964, 0.376, 0.272, 0.405, 0.125, 0.207, 0.286, 0.157, 0.797, 0.217, 0.119, 0.474, 0.095, 0.996, 0.072, 0.309, 0.165, 0.235, 0.7, 0.125, 0.178, 0.095, 0.136, 0.532, 0.072, 0.103, 0.631, 0.055, 0.078, 0.995, 0.857, 0.055, 0.06, 0.042, 0.045, 0.032, 0.034, 0.756, 0.651, 0.024, 0.026, 0.018, 0.02, 0.699, 0.042, 0.015, 0.677, 0.495, 0.014, 0.011, 0.644, 0.032, 0.009, 0.011, 0.007, 0.885, 0.008, 0.005, 0.612, 0.024, 0.004, 0.006, 0.003, 0.857, 0.917, 0.005, 0.002, 0.004, 0.002, 0.003, 0.001, 0.787, 0.376, 0.002, 0.001, 0.811, 0.002, 0.001, 0.001, 0.001, 0.001, 0.0, 0.616, 0.376, 0.616, 0.018, 0.0, 0.001, 0.0, 0.765, 0.014, 1.0, 0.651, 0.468, 0.011, 0.24, 0.582, 0.008, 0.818, 0.442, 0.006, 0.379, 1.0, 0.356, 0.005, 0.651, 0.495, 0.999, 0.27, 0.243, 0.288, 0.001, 0.219, 0.0, 0.166, 0.376, 0.817, 0.206, 0.38, 0.126, 0.955, 0.651, 0.0, 0.096, 1.0, 0.495, 0.24, 0.073, 0.457, 1.0, 0.376, 0.348, 0.46, 0.055, 0.955, 0.183, 0.042, 0.139, 0.032, 0.726, 0.105, 0.024, 0.575, 0.817, 0.286, 0.437, 0.505, 0.018, 0.741, 0.08, 0.014, 0.061, 0.011]
action_selection_prob
[0.5, 0.5, 0.5, 0.5, 0.5, 0.392, 0.502, 0.499, 0.638, 0.682, 0.684, 0.73, 0.789, 0.82, 0.553, 0.321, 0.846, 0.873, 0.543, 0.307, 0.837, 0.856, 0.795, 0.878, 0.897, 0.356, 0.919, 0.826, 0.891, 0.906, 0.505, 0.927, 0.865, 0.698, 0.938, 0.882, 0.918, 0.946, 0.792, 0.952, 0.899, 0.846, 0.956, 0.91, 0.929, 0.959, 0.923, 0.955, 0.869, 0.961, 0.916, 0.896, 0.964, 0.91, 0.967, 0.924, 0.923, 0.969, 0.931, 0.937, 0.97, 0.937, 0.253, 0.931, 0.972, 0.938, 0.973, 0.944, 0.975, 0.94, 0.466, 0.948, 0.976, 0.952, 0.977, 0.942, 0.943, 0.978, 0.947, 0.632, 0.955, 0.979, 0.948, 0.948, 0.98, 0.958, 0.98, 0.952, 0.961, 0.981, 0.955, 0.952, 0.982, 0.963, 0.982, 0.042, 0.536, 0.965, 0.983, 0.967, 0.984, 0.969, 0.984, 0.901, 0.734, 0.97, 0.985, 0.908, 0.972, 0.985, 0.973, 0.986, 0.974, 0.986, 0.918, 0.025, 0.677, 0.955, 0.986, 0.934, 0.987, 0.924, 0.958, 0.987, 0.08, 0.747, 0.955, 0.986, 0.832, 0.959, 0.986, 0.82, 0.954, 0.985, 0.859, 0.8, 0.96, 0.014, 0.852, 0.96, 0.787, 0.955, 0.988, 0.935, 0.977, 0.943, 0.979, 0.87, 0.962, 0.827, 0.958, 0.98, 0.88, 0.207, 0.95, 0.98, 0.952, 0.577, 0.953, 0.981, 0.901, 0.962, 0.761, 0.91, 0.964, 0.981, 0.92, 0.956, 0.981, 0.959, 0.982, 0.928, 0.962, 0.983, 0.935, 0.967, 0.836, 0.938, 0.968, 0.983, 0.943, 0.963, 0.983, 0.965, 0.984]
results_dict
Dict{String,Any}("finalQSA_Hybrid_record" => [0.0 0.0; 14.0897145998055 12.313192951202659; 16.94873409528969 13.621250970659908; 12.5803031282706 16.692285175263383; 15.007119568170047 11.520462181928815; 15.881873852300934 13.91519681253559; 16.28091027864329 13.394007874879495],"final_PolicyParameters_MF" => [0.0 0.0; 0.9464980775814494 0.2672259565181772; 1.8267944667039495 0.8024271526050919; 0.4349442720641153 1.60835773407564; 1.1605884337778696 0.0; 1.3648744233086665 0.8548166734927343; 1.703528726599243 0.6977917844344272],"final_Tsas" => [0.14285714285714285 0.14285714285714285; 0.015894057610385478 0.10856593146585447; 5.548700270303271e-6 0.047650599771949326; 0.08250593032534027 0.9918822044710474; 6.562462579825666e-5 0.14285714285714285; 0.7827242665357711 0.047650599771949326; 7.3012910816823604e-6 0.08250593032534027]

[0.14285714285714285 0.14285714285714285; 0.015894057610385478 0.10856593146585447; 5.548700270303271e-6 0.7140964013683042; 0.08250593032534027 1.7410647618818868e-8; 0.09605422918931554 0.14285714285714285; 0.03621262224403818 0.047650599771949326; 0.015431297013647963 0.5049644180479584]

[0.14285714285714285 0.14285714285714285; 0.07674101714614157 0.10856593146585447; 5.548700270303271e-6 0.047650599771949326; 0.08250593032534027 1.0511626739473723e-7; 6.562462579825666e-5 0.14285714285714285; 0.03621262224403818 0.7140964013683042; 0.4368534473944456 0.08250593032534027]

[0.14285714285714285 0.14285714285714285; 0.015894057610385478 0.10856593146585447; 0.9537253599263267 0.047650599771949326; 0.08250593032534027 1.7410647618818868e-8; 0.6158425124175937 0.14285714285714285; 0.03621262224403818 0.047650599771949326; 7.3012910816823604e-6 0.08250593032534027]

[0.14285714285714285 0.14285714285714285; 0.8437886948019311 0.10856593146585447; 5.548700270303271e-6 0.047650599771949326; 0.08250593032534027 1.3823438344699013e-6; 6.562462579825666e-5 0.14285714285714285; 0.03621262224403818 0.047650599771949326; 0.5075746218481311 0.08250593032534027]

[0.14285714285714285 0.14285714285714285; 0.015894057610385478 0.34860441120487323; 0.0462468965723219 0.047650599771949326; 0.08250593032534027 1.7410647618818868e-8; 0.2878407598898978 0.14285714285714285; 0.03621262224403818 0.047650599771949326; 0.04011872987053053 0.08250593032534027]

[0.14285714285714285 0.14285714285714285; 0.015894057610385478 0.10856593146585447; 5.548700270303271e-6 0.047650599771949326; 0.5049644180479584 0.008116255836907959; 6.562462579825666e-5 0.14285714285714285; 0.03621262224403818 0.047650599771949326; 7.3012910816823604e-6 0.08250593032534027],"finalQSA_MB_record" => [0.0 0.0; 0.9383898958596076 0.9523419259494219; 0.9705765524416831 0.9338024492245629; 0.9347824360504018 0.9993013313532689; 0.9635807733157707 0.9500875072089822; 0.9873477642731042 0.945632841582814; 0.9403310818040039 0.9397833105091021])