DateTime of fitting: 2020-12-27T19:37:10.733
DATA_STATS
nr_subjects: 1
all_subject_ids: [3]
nr_puzzles: 1
nr_episodes: 58
nr_actions: 192
max_state_id: 7
max_action_id: 2
SUBJECT_SIGNALS
subject_id: 3
algorithm_name: hybrid_actorcritic_FWD
param_string: alpha=0.8626,
                eta_critic=0.0007,
                gamma=0.9968,
                lambda_actor=0.9958,
                lambda_critic=0.4688,
                eta_fwd=0.1942,
                w_MB=12.1038,
                w_MF=2.9603
param_vector: [0.862598709868272, 0.0007318413408838324, 0.9967877421647108, 0.9958115098168088, 0.4687713851466292, 0.194185878163639, 12.10384378554614, 2.9602533146017147]
LL: -11.945
RPE
[0.0, 0.0, 0.0, 1.0, 0.0, 0.999, 0.001, 0.999, 0.001, 0.998, 0.0, 0.001, 0.002, -0.003, 0.0, 0.003, 0.997, 0.0, 0.001, 0.002, -0.003, 0.0, 0.003, 0.996, 0.001, 0.004, 0.996, 0.004, 0.995, 0.004, 0.994, 0.004, 0.993, -0.002, 0.002, 0.005, 0.993, 0.0, 0.002, 0.005, -0.008, 0.0, 0.002, 0.005, 0.992, 0.006, 0.991, 0.006, 0.991, -0.0, 0.001, 0.009, 0.99, 0.0, 0.01, 0.989, 0.008, 0.988, 0.001, 0.011, 0.988, 0.009, 0.987, 0.0, 0.001, 0.012, 0.986, 0.0, 0.001, 0.012, 0.985, 0.0, 0.001, 0.013, 0.985, 0.011, 0.984, 0.012, 0.983, 0.012, 0.983, 0.002, 0.015, 0.982, 0.013, -0.016, 0.016, 0.981, 0.0, 0.002, 0.016, 0.98, 0.0, 0.002, 0.016, 0.98, 0.0, 0.002, 0.017, 0.979, 0.0, 0.003, 0.017, 0.978, 0.017, 0.978, 0.001, 0.004, 0.017, 0.977, -0.001, 0.004, 0.019, 0.976, 0.018, 0.975, 0.001, 0.003, 0.02, 0.975, 0.001, 0.003, 0.02, 0.974, 0.02, -0.02, 0.02, 0.973, 0.001, 0.005, 0.02, 0.973, 0.001, 0.003, 0.022, 0.972, 0.001, 0.003, 0.023, 0.971, 0.001, 0.004, 0.023, 0.97, 0.001, 0.004, 0.023, 0.97, 0.001, 0.004, 0.023, 0.969, 0.024, 0.968, 0.03, 0.968, 0.025, 0.967, 0.025, 0.966, 0.026, 0.965, 0.026, -0.033, 0.001, 0.006, 0.026, 0.965, -0.007, 0.001, 0.006, 0.026, 0.964, -0.002, 0.007, 0.029, 0.963, 0.027, 0.963, -0.002, 0.007, 0.03, 0.962, 0.028, 0.961, 0.029, 0.961, -0.002, 0.007, 0.032, 0.96, 0.001]
SPE
[0.857, 0.857, 0.857, 0.857, 0.691, 0.691, 0.557, 0.557, 0.448, 0.448, 0.691, 0.691, 0.361, 0.94, 0.857, 0.857, 0.485, 0.557, 0.557, 0.291, 0.804, 0.691, 0.691, 0.509, 0.925, 0.557, 0.41, 0.235, 0.331, 0.189, 0.267, 0.152, 0.215, 0.98, 0.448, 0.293, 0.173, 0.556, 0.361, 0.236, 0.991, 0.448, 0.291, 0.19, 0.307, 0.153, 0.247, 0.124, 0.199, 0.961, 0.557, 0.448, 0.16, 0.485, 0.961, 0.129, 0.1, 0.104, 0.893, 0.361, 0.084, 0.08, 0.068, 0.509, 0.968, 0.291, 0.055, 0.41, 0.78, 0.235, 0.044, 0.331, 0.629, 0.189, 0.035, 0.065, 0.029, 0.052, 0.023, 0.042, 0.019, 0.853, 0.152, 0.015, 0.034, 1.0, 0.123, 0.204, 0.409, 0.507, 0.099, 0.164, 0.329, 0.408, 0.08, 0.132, 0.265, 0.329, 0.064, 0.107, 0.214, 0.265, 0.052, 0.086, 0.027, 0.069, 0.172, 0.864, 0.022, 0.056, 0.979, 0.448, 0.042, 0.045, 0.018, 0.036, 0.306, 0.366, 0.034, 0.029, 0.247, 0.295, 0.027, 0.024, 0.014, 1.0, 0.011, 0.209, 0.199, 0.803, 0.009, 0.169, 0.16, 0.386, 0.022, 0.136, 0.129, 0.311, 0.018, 0.11, 0.104, 0.251, 0.014, 0.088, 0.084, 0.202, 0.011, 0.071, 0.068, 0.851, 0.007, 0.057, 0.006, 0.046, 1.0, 0.037, 0.005, 0.03, 0.004, 0.024, 0.003, 0.019, 0.003, 1.0, 0.238, 0.686, 0.002, 0.207, 1.0, 0.192, 0.553, 0.196, 0.167, 0.98, 0.361, 0.009, 0.134, 0.158, 0.108, 0.79, 0.291, 0.007, 0.087, 0.127, 0.07, 0.102, 0.057, 0.637, 0.235, 0.006, 0.046, 0.558]
action_selection_prob
[0.5, 0.5, 0.5, 0.5, 0.782, 0.791, 0.863, 0.869, 0.9, 0.903, 0.775, 0.778, 0.92, 0.922, 0.5, 0.5, 0.921, 0.856, 0.858, 0.934, 0.935, 0.778, 0.781, 0.934, 0.894, 0.862, 0.944, 0.943, 0.952, 0.951, 0.957, 0.956, 0.961, 0.961, 0.896, 0.96, 0.965, 0.917, 0.918, 0.964, 0.968, 0.917, 0.917, 0.964, 0.967, 0.967, 0.97, 0.97, 0.972, 0.931, 0.859, 0.899, 0.974, 0.941, 0.932, 0.976, 0.972, 0.977, 0.949, 0.921, 0.978, 0.974, 0.98, 0.955, 0.943, 0.934, 0.981, 0.959, 0.95, 0.944, 0.981, 0.963, 0.956, 0.951, 0.982, 0.976, 0.983, 0.977, 0.984, 0.978, 0.984, 0.966, 0.957, 0.985, 0.979, 0.986, 0.961, 0.985, 0.969, 0.96, 0.964, 0.986, 0.971, 0.964, 0.967, 0.986, 0.973, 0.967, 0.97, 0.987, 0.975, 0.969, 0.972, 0.987, 0.98, 0.988, 0.976, 0.972, 0.981, 0.988, 0.977, 0.898, 0.974, 0.988, 0.982, 0.989, 0.979, 0.973, 0.976, 0.989, 0.98, 0.975, 0.977, 0.989, 0.983, 0.99, 0.983, 0.99, 0.981, 0.976, 0.984, 0.99, 0.982, 0.978, 0.978, 0.99, 0.982, 0.979, 0.979, 0.99, 0.983, 0.98, 0.98, 0.991, 0.984, 0.981, 0.981, 0.991, 0.984, 0.982, 0.984, 0.991, 0.985, 0.991, 0.985, 0.991, 0.985, 0.992, 0.986, 0.992, 0.986, 0.992, 0.987, 0.992, 0.986, 0.983, 0.987, 0.992, 0.987, 0.986, 0.983, 0.987, 0.992, 0.987, 0.919, 0.982, 0.992, 0.988, 0.993, 0.987, 0.933, 0.983, 0.993, 0.988, 0.993, 0.988, 0.993, 0.987, 0.943, 0.984, 0.993, 0.988]
results_dict
Dict{String,Any}("finalQSA_Hybrid_record" => [0.0 0.0; 12.020597751979123 16.16205268380379; 16.999717973083094 12.020750377497594; 16.144063265761748 12.020750377497594; 12.020777287385608 14.96571281769902; 12.020805942484994 16.495111111688797; 16.416688908663357 12.020945351133706],"final_PolicyParameters_MF" => [0.0 0.0; 0.0 1.3859499794527952; 1.6553589348563176 0.0; 1.3940560691774833 0.0; 0.0 0.9948826637313959; 0.0 1.50021425584385; 1.4962249186201437 0.0],"final_Tsas" => [0.14285714285714285 0.14285714285714285; 0.14285714285714285 0.0008026735244912874; 0.9632286320581009 0.14285714285714285; 0.0006468056612592435 0.14285714285714285; 0.14285714285714285 0.03151708759043375; 0.14285714285714285 3.148198081104292e-5; 9.265901504122893e-5 0.14285714285714285]

[0.14285714285714285 0.14285714285714285; 0.14285714285714285 0.0008026735244912874; 0.00015648031113611098 0.14285714285714285; 0.4381112253471782 0.14285714285714285; 0.14285714285714285 0.8108974744573976; 0.14285714285714285 3.148198081104292e-5; 0.0033557933563294006 0.14285714285714285]

[0.14285714285714285 0.14285714285714285; 0.14285714285714285 0.9951839588530522; 1.7688826746896837e-7 0.14285714285714285; 0.0046319621251122815 0.14285714285714285; 0.14285714285714285 0.03151708759043375; 0.14285714285714285 0.9175643041480626; 0.053257789974437406 0.14285714285714285]

[0.14285714285714285 0.14285714285714285; 0.14285714285714285 0.0008026735244912874; 1.7688826746896837e-7 0.14285714285714285; 0.0006468056612592435 0.14285714285714285; 0.14285714285714285 0.03151708759043375; 0.14285714285714285 0.00040218744902719496; 0.5506522764758678 0.14285714285714285]

[0.14285714285714285 0.14285714285714285; 0.14285714285714285 0.0008026735244912874; 1.974433536719552e-6 0.14285714285714285; 0.0006468056612592435 0.14285714285714285; 0.14285714285714285 0.03151708759043375; 0.14285714285714285 3.148198081104292e-5; 0.39245616314824183 0.14285714285714285]

[0.14285714285714285 0.14285714285714285; 0.14285714285714285 0.0008026735244912874; 0.002085387850895228 0.14285714285714285; 0.5546695898826727 0.14285714285714285; 0.14285714285714285 0.03151708759043375; 0.14285714285714285 3.148198081104292e-5; 9.265901504122893e-5 0.14285714285714285]

[0.14285714285714285 0.14285714285714285; 0.14285714285714285 0.0008026735244912874; 0.034527171569796095 0.14285714285714285; 0.0006468056612592435 0.14285714285714285; 0.14285714285714285 0.03151708759043375; 0.14285714285714285 0.08190758047966608; 9.265901504122893e-5 0.14285714285714285],"finalQSA_MB_record" => [0.0 0.0; 0.993155257809361 0.9964063938305995; 0.9996370474293743 0.9931678712240886; 0.9929331622313905 0.9931678712240886; 0.9931725581519089 0.9931994837738373; 0.9931814300643456 0.9958935089838643; 0.9903453656937716 0.993181930906601])
POPULATION_SIGNALS
subject_id: 3
algorithm_name: hybrid_actorcritic_FWD
param_string: alpha=0.644,
                eta_critic=0.0002,
                gamma=0.972,
                lambda_actor=0.8563,
                lambda_critic=0.4629,
                eta_fwd=0.24,
                w_MB=12.1269,
                w_MF=2.8638
param_vector: [0.644030167544776, 0.00020351207271904898, 0.9720012726758733, 0.856341395594059, 0.4628830908282809, 0.24003847973901876, 12.126880916735841, 2.863789486249355]
LL: -18.463
RPE
[0.0, 0.0, 0.0, 1.0, 0.0, 1.0, 0.0, 1.0, 0.0, 0.999, 0.0, 0.0, 0.0, -0.001, 0.0, 0.001, 0.999, 0.0, 0.0, 0.001, -0.001, 0.0, 0.001, 0.999, 0.0, 0.001, 0.999, 0.001, 0.999, 0.001, 0.998, 0.001, 0.998, -0.001, 0.001, 0.001, 0.998, 0.0, 0.001, 0.001, -0.002, 0.0, 0.001, 0.001, 0.998, 0.002, 0.998, 0.002, 0.997, -0.0, 0.0, 0.002, 0.997, 0.0, 0.003, 0.997, 0.002, 0.997, 0.0, 0.003, 0.997, 0.002, 0.996, 0.0, 0.0, 0.003, 0.996, 0.0, 0.0, 0.003, 0.996, 0.0, 0.0, 0.004, 0.996, 0.003, 0.996, 0.003, 0.995, 0.003, 0.995, 0.0, 0.004, 0.995, 0.004, -0.004, 0.004, 0.995, 0.0, 0.001, 0.004, 0.995, 0.0, 0.001, 0.005, 0.994, 0.0, 0.001, 0.005, 0.994, 0.0, 0.001, 0.005, 0.994, 0.005, 0.994, 0.0, 0.001, 0.005, 0.994, -0.0, 0.001, 0.005, 0.993, 0.005, 0.993, 0.0, 0.001, 0.006, 0.993, 0.0, 0.001, 0.006, 0.993, 0.006, -0.006, 0.006, 0.992, 0.0, 0.001, 0.006, 0.992, 0.0, 0.001, 0.006, 0.992, 0.0, 0.001, 0.006, 0.992, 0.0, 0.001, 0.006, 0.992, 0.0, 0.001, 0.006, 0.991, 0.0, 0.001, 0.007, 0.991, 0.007, 0.991, 0.008, 0.991, 0.007, 0.991, 0.007, 0.99, 0.007, 0.99, 0.007, -0.009, 0.0, 0.001, 0.007, 0.99, -0.002, 0.0, 0.002, 0.007, 0.99, -0.001, 0.002, 0.008, 0.99, 0.008, 0.989, -0.0, 0.002, 0.008, 0.989, 0.008, 0.989, 0.008, 0.989, -0.0, 0.002, 0.009, 0.989, 0.0]
SPE
[0.857, 0.857, 0.857, 0.857, 0.651, 0.651, 0.495, 0.495, 0.376, 0.376, 0.651, 0.651, 0.286, 0.952, 0.857, 0.857, 0.457, 0.495, 0.495, 0.217, 0.79, 0.651, 0.651, 0.504, 0.937, 0.495, 0.383, 0.165, 0.291, 0.125, 0.221, 0.095, 0.168, 0.988, 0.376, 0.295, 0.128, 0.526, 0.286, 0.224, 0.996, 0.4, 0.217, 0.17, 0.314, 0.13, 0.239, 0.098, 0.181, 0.972, 0.495, 0.376, 0.138, 0.471, 0.972, 0.105, 0.075, 0.08, 0.904, 0.286, 0.06, 0.057, 0.046, 0.512, 0.979, 0.217, 0.035, 0.389, 0.744, 0.165, 0.027, 0.296, 0.565, 0.125, 0.02, 0.043, 0.015, 0.033, 0.012, 0.025, 0.009, 0.863, 0.095, 0.007, 0.019, 1.0, 0.072, 0.244, 0.411, 0.43, 0.055, 0.185, 0.312, 0.327, 0.042, 0.141, 0.237, 0.248, 0.032, 0.107, 0.18, 0.189, 0.024, 0.081, 0.014, 0.062, 0.137, 0.907, 0.011, 0.047, 0.987, 0.376, 0.018, 0.036, 0.008, 0.027, 0.319, 0.349, 0.014, 0.021, 0.243, 0.265, 0.011, 0.016, 0.006, 1.0, 0.005, 0.249, 0.184, 0.821, 0.004, 0.189, 0.14, 0.393, 0.008, 0.144, 0.106, 0.299, 0.006, 0.109, 0.081, 0.227, 0.005, 0.083, 0.061, 0.173, 0.004, 0.063, 0.047, 0.874, 0.003, 0.048, 0.002, 0.036, 1.0, 0.028, 0.002, 0.021, 0.001, 0.016, 0.001, 0.012, 0.001, 1.0, 0.267, 0.665, 0.001, 0.247, 1.0, 0.203, 0.505, 0.24, 0.188, 0.988, 0.286, 0.003, 0.143, 0.183, 0.108, 0.751, 0.217, 0.002, 0.082, 0.139, 0.063, 0.105, 0.048, 0.57, 0.165, 0.002, 0.036, 0.629]
action_selection_prob
[0.5, 0.5, 0.5, 0.5, 0.687, 0.784, 0.794, 0.867, 0.851, 0.901, 0.612, 0.649, 0.883, 0.918, 0.5, 0.5, 0.905, 0.653, 0.7, 0.891, 0.925, 0.639, 0.691, 0.915, 0.69, 0.793, 0.933, 0.902, 0.943, 0.919, 0.951, 0.929, 0.955, 0.937, 0.738, 0.928, 0.96, 0.77, 0.8, 0.938, 0.963, 0.765, 0.793, 0.934, 0.958, 0.945, 0.963, 0.951, 0.967, 0.8, 0.739, 0.851, 0.968, 0.83, 0.844, 0.97, 0.954, 0.972, 0.861, 0.882, 0.973, 0.958, 0.974, 0.885, 0.883, 0.901, 0.976, 0.894, 0.895, 0.916, 0.977, 0.902, 0.905, 0.926, 0.978, 0.96, 0.979, 0.963, 0.979, 0.965, 0.98, 0.91, 0.934, 0.981, 0.967, 0.981, 0.937, 0.98, 0.921, 0.913, 0.945, 0.981, 0.926, 0.922, 0.949, 0.982, 0.93, 0.929, 0.953, 0.983, 0.934, 0.934, 0.957, 0.983, 0.968, 0.984, 0.938, 0.94, 0.969, 0.984, 0.941, 0.806, 0.96, 0.985, 0.971, 0.985, 0.944, 0.944, 0.962, 0.986, 0.947, 0.947, 0.964, 0.986, 0.972, 0.986, 0.97, 0.985, 0.949, 0.949, 0.972, 0.986, 0.952, 0.953, 0.965, 0.987, 0.954, 0.956, 0.967, 0.987, 0.956, 0.958, 0.969, 0.988, 0.958, 0.96, 0.971, 0.988, 0.96, 0.962, 0.974, 0.988, 0.975, 0.988, 0.961, 0.989, 0.976, 0.989, 0.977, 0.989, 0.978, 0.989, 0.979, 0.99, 0.968, 0.961, 0.977, 0.989, 0.979, 0.968, 0.963, 0.976, 0.99, 0.968, 0.842, 0.972, 0.99, 0.978, 0.99, 0.969, 0.868, 0.973, 0.99, 0.979, 0.991, 0.98, 0.991, 0.969, 0.886, 0.974, 0.991, 0.97]
results_dict
Dict{String,Any}("finalQSA_Hybrid_record" => [0.0 0.0; 11.42825570199426 15.10757510343842; 16.140377442748193 11.429483232453842; 14.789951837073291 11.429483232453842; 11.42969653468427 13.622499584898522; 11.429921928574695 15.379887652527602; 14.90838144753756 11.431018965101066],"final_PolicyParameters_MF" => [0.0 0.0; 0.0 1.1719578668564394; 1.4111685348136787 0.0; 1.1864344810916416 0.0; 0.0 0.7678893426487441; 0.0 1.2821587938049555; 1.312500067315019 0.0],"final_Tsas" => [0.14285714285714285 0.14285714285714285; 0.14285714285714285 0.00019674351608323058; 0.9725121082551149 0.14285714285714285; 0.00014951750158410273 0.14285714285714285; 0.14285714285714285 0.02091429261435137; 0.14285714285714285 3.2046047452848686e-6; 1.2642019537074753e-5 0.14285714285714285]

[0.14285714285714285 0.14285714285714285; 0.14285714285714285 0.00019674351608323058; 2.7955826049906302e-5 0.14285714285714285; 0.3813441439259354 0.14285714285714285; 0.14285714285714285 0.8745142443138919; 0.14285714285714285 3.2046047452848686e-6; 0.0010807454627414655 0.14285714285714285]

[0.14285714285714285 0.14285714285714285; 0.14285714285714285 0.9988195389035006; 4.413396436710454e-9 0.14285714285714285; 0.001865566637761756 0.14285714285714285; 0.14285714285714285 0.02091429261435137; 0.14285714285714285 0.919831130962816; 0.04625398989158868 0.14285714285714285]

[0.14285714285714285 0.14285714285714285; 0.14285714285714285 0.00019674351608323058; 4.413396436710454e-9 0.14285714285714285; 0.00014951750158410273 0.14285714285714285; 0.14285714285714285 0.02091429261435137; 0.14285714285714285 8.70033180795558e-5; 0.522152475828771 0.14285714285714285]

[0.14285714285714285 0.14285714285714285; 0.14285714285714285 0.00019674351608323058; 8.432161041717075e-8 0.14285714285714285; 0.00014951750158410273 0.14285714285714285; 0.14285714285714285 0.02091429261435137; 0.14285714285714285 3.2046047452848686e-6; 0.4304748627582878 0.14285714285714285]

[0.14285714285714285 0.14285714285714285; 0.14285714285714285 0.00019674351608323058; 0.0007531943825970306 0.14285714285714285; 0.6161922194299666 0.14285714285714285; 0.14285714285714285 0.02091429261435137; 0.14285714285714285 3.2046047452848686e-6; 1.2642019537074753e-5 0.14285714285714285]

[0.14285714285714285 0.14285714285714285; 0.14285714285714285 0.00019674351608323058; 0.026706648387834805 0.14285714285714285; 0.00014951750158410273 0.14285714285714285; 0.14285714285714285 0.02091429261435137; 0.14285714285714285 0.08006904730012332; 1.2642019537074753e-5 0.14285714285714285],"finalQSA_MB_record" => [0.0 0.0; 0.9426506201333068 0.9697362300509967; 0.9977146943998707 0.9427493310030853; 0.9400729017591113 0.9427493310030853; 0.9427851207387861 0.9426197790615031; 0.9428234377510757 0.965487037769953; 0.9188693936886064 0.9428267761599111])