DateTime of fitting: 2020-02-09T16:31:35.688
DATA_STATS
nr_subjects: 1
all_subject_ids: [10]
nr_puzzles: 1
nr_episodes: 59
nr_actions: 188
max_state_id: 7
max_action_id: 2
SUBJECT_SIGNALS
subject_id: 10
algorithm_name: Sarsa-Lambda (ReplTrc)
param_string: alpha=0.2541, gamma=0.9968,
                lambda=0.5655, temp=0.0976,
                reward_magnitude=1.0,
                action_cost=0.0,
                initQSA=nothing, use_replacing_trace=true
param_vector: [0.2540536750057128, 0.9967631258152443, 0.5654628396064896, 0.09762109134039548, 1.0, 0.0, 0.0]
LL: -11.635
RPE
[0.0, 0.0, 1.0, 0.0, 0.08, -0.081, 0.0, 0.0, 1.0, 0.037, 0.11, 0.746, 0.277, 0.164, 0.556, 0.259, 0.184, 0.415, 0.313, 0.183, -0.69, 0.513, 0.412, 0.247, 0.178, 0.307, 0.325, 0.166, 0.229, 0.021, 0.275, 0.149, 0.171, -0.189, 0.746, 0.236, 0.13, 0.127, 0.199, -0.349, 0.556, 0.144, 0.12, 0.095, 0.319, -0.243, 0.415, 0.124, 0.102, 0.071, 0.273, -0.172, 0.31, 0.109, 0.083, -0.295, 0.183, 0.041, 0.098, 0.101, -0.112, 0.231, 0.077, 0.04, 0.073, 0.187, -0.079, 0.172, 0.141, 0.034, 0.055, -0.621, 0.767, 0.041, 0.087, -0.056, 0.129, 0.067, 0.037, 0.03, -0.122, 0.175, 0.031, 0.023, 0.135, -0.053, 0.096, 0.101, 0.025, 0.017, 0.078, -0.038, 0.072, 0.059, 0.02, 0.013, 0.047, -0.027, 0.053, 0.035, 0.016, 0.009, 0.029, -0.02, 0.04, 0.022, 0.012, 0.007, 0.098, -0.015, 0.03, 0.073, 0.009, 0.005, 0.022, -0.011, 0.022, 0.056, 0.007, 0.004, 0.043, -0.008, 0.017, 0.019, 0.005, 0.003, 0.034, -0.006, 0.012, 0.025, 0.004, 0.002, 0.017, -0.004, 0.009, 0.012, 0.003, 0.002, 0.01, -0.003, 0.007, 0.021, 0.002, 0.001, 0.008, -0.002, 0.005, 0.016, 0.002, 0.001, 0.007, -0.002, 0.004, 0.005, 0.001, 0.001, 0.013, -0.001, 0.003, 0.01, 0.001, 0.001, 0.007, -0.011, 0.002, 0.003, 0.0, 0.002, 0.001, 0.002, 0.002, 0.002, 0.0, 0.006, 0.0, 0.002, 0.005, 0.001, 0.0, -0.005, 0.004, 0.001, 0.0, 0.006, 0.001, 0.003, 0.001, 0.0]
SPE
Float64[]
action_selection_prob
[0.5, 0.5, 0.5, 0.5, 0.5, 0.696, 0.187, 0.5, 0.477, 0.747, 0.655, 0.931, 0.45, 0.883, 0.989, 0.773, 0.963, 0.997, 0.876, 0.987, 0.999, 0.187, 0.998, 0.925, 0.988, 0.999, 0.944, 0.995, 1.0, 0.975, 0.984, 0.998, 1.0, 0.987, 0.905, 0.993, 0.999, 1.0, 0.997, 0.999, 0.985, 0.998, 0.999, 1.0, 0.994, 1.0, 0.996, 0.999, 0.999, 1.0, 0.997, 1.0, 0.999, 0.999, 1.0, 1.0, 0.999, 1.0, 1.0, 1.0, 1.0, 0.999, 1.0, 1.0, 1.0, 0.999, 1.0, 1.0, 1.0, 1.0, 1.0, 1.0, 0.616, 1.0, 1.0, 1.0, 1.0, 1.0, 1.0, 1.0, 1.0, 1.0, 1.0, 1.0, 1.0, 1.0, 1.0, 1.0, 1.0, 1.0, 1.0, 1.0, 1.0, 1.0, 1.0, 1.0, 1.0, 1.0, 1.0, 1.0, 1.0, 1.0, 1.0, 1.0, 1.0, 1.0, 1.0, 1.0, 1.0, 1.0, 1.0, 1.0, 1.0, 1.0, 1.0, 1.0, 1.0, 1.0, 1.0, 1.0, 1.0, 1.0, 1.0, 1.0, 1.0, 1.0, 1.0, 1.0, 1.0, 1.0, 1.0, 1.0, 1.0, 1.0, 1.0, 1.0, 1.0, 1.0, 1.0, 1.0, 1.0, 1.0, 1.0, 1.0, 1.0, 1.0, 1.0, 1.0, 1.0, 1.0, 1.0, 1.0, 1.0, 1.0, 1.0, 1.0, 1.0, 1.0, 1.0, 1.0, 1.0, 1.0, 1.0, 1.0, 1.0, 1.0, 1.0, 1.0, 1.0, 1.0, 1.0, 1.0, 1.0, 1.0, 1.0, 1.0, 1.0, 1.0, 1.0, 1.0, 1.0, 1.0, 1.0, 1.0, 1.0, 1.0, 1.0, 1.0]
results_dict
Dict{String,Any}("trialByTrial_Qsa" => [0.0, 0.0, 0.0, 0.0, 0.0, 0.0807081788646447, 0.0, 0.0, 0.0, 0.10569372265341109, 0.14319290989284833, 0.2540536750057128, 0.0, 0.27796280113976174, 0.44356408022751725, 0.13880515923659653, 0.399347332809666, 0.5849286705509005, 0.19106346749918074, 0.5054492150366878, 0.6903790671869512, 0.0, 0.5884893384065046, 0.2644709266623129, 0.5131547525454259, 0.6930351342883644, 0.2748617624610944, 0.6022393065834009, 0.7710206865200405, 0.3774389295503471, 0.39982941952766815, 0.6772730096479016, 0.8291937226099094, 0.442027119949745, 0.2540536750057128, 0.5008770819142746, 0.7396453939876134, 0.8725876850949071, 0.5898439764991169, 0.7909468481676611, 0.44356408022751725, 0.6352450625808472, 0.7820058974708242, 0.9049572519375312, 0.5049131380518184, 0.8261074062298689, 0.5849286705509005, 0.6967441614402647, 0.8237893234587803, 0.9291032113654435, 0.5845278344837853, 0.859932582644802, 0.6903790671869512, 0.7487145328155915, 0.8606246850941116, 0.9471148010641558, 0.6541783575344007, 0.8543125721861414, 0.901629300431614, 0.7753554520148639, 0.8788382599912079, 0.7690394030268031, 0.8034844795678965, 0.8833829651239917, 0.9266207381698454, 0.7144106803190633, 0.9041130731966236, 0.827715791469357, 0.7644433337335405, 0.9086932765377996, 0.9452630093070026, 0.8095594294970593, 0.18933593261335363, 0.9591691429513121, 0.8347407052902244, 0.9250445731407352, 0.8714852277920174, 0.8592209773753859, 0.9291233718482855, 0.9695423722381642, 0.8840123960205188, 0.7649191415175817, 0.9429559905218527, 0.9772802445030147, 0.8156703200824791, 0.9541258448658817, 0.9041348779639774, 0.8502205225407934, 0.9544091557103394, 0.983052281882255, 0.8817323076405139, 0.9633044372519474, 0.9284897645221001, 0.9020197373428374, 0.9639358663353093, 0.987357911953029, 0.9208736275580093, 0.9708846367849722, 0.9466572026457845, 0.9331779412347121, 0.9715894046031155, 0.9905696808811078, 0.9451573564147142, 0.9769471835244172, 0.960209136348708, 0.9527999202750805, 0.9776029725083664, 0.992965488109739, 0.88091884891469, 0.9816966132582772, 0.9703181514909699, 0.906031035041003, 0.9822581722720565, 0.9947526317073312, 0.96060461403168, 0.985365796881435, 0.9778589341856518, 0.9263406276693701, 0.9858249621649641, 0.9960857449061922, 0.9419656589210473, 0.9881731243712664, 0.9834839533243304, 0.9663437785175152, 0.9885380460375344, 0.9970801757976839, 0.9530979029733487, 0.9903063649248115, 0.9876799156788502, 0.9618969367058104, 0.9905910460790184, 0.997821967866653, 0.9721660815921561, 0.9919194183921617, 0.9908098783770185, 0.9764923964820118, 0.9921387135516578, 0.9983753049344103, 0.9802129431566611, 0.9931347835953034, 0.9931446625490864, 0.969120892035841, 0.9933022267322487, 0.998788064686587, 0.9827734663614767, 0.994048121409617, 0.9948862862218953, 0.9748678275326129, 0.9941751732447888, 0.9990959613068288, 0.9848919991396989, 0.9947331731118189, 0.9961854440001502, 0.9866282682586157, 0.9948291423206527, 0.9993256356591763, 0.9792698867342541, 0.9952462719446907, 0.9971545459704271, 0.9825510396583532, 0.9953185249641865, 0.9994969603982554, 0.9851518336647239, 0.9956301774336591, 0.9881287506881097, 0.9931365264675142, 0.9996247594577521, 0.9890234303199031, 0.9940165864811891, 0.9978774440236999, 0.9897361820287112, 0.9944807921752452, 0.9997200906965213, 0.9857472261001322, 0.9950298266450859, 0.9984166871698843, 0.9874372494082931, 0.9952959524185171, 0.9997912026837383, 0.9904332202298609, 0.9888124492929831, 0.9956457174839315, 0.9998442484092659, 0.9898100532790309, 0.9988189336130588, 0.9898800521514681, 0.9959124605171964, 0.9998838176732798],"StateValue_V2_record" => [0.0, 0.0, 0.0, 1.0, 0.0, 0.0, 0.08044693664397908, 0.14272941245937612, 0.0, 0.008852254230981734, 1.0, 0.10535160537106354, 0.14272941245937612, 0.25323133522354446, 1.0, 0.019393899098557356, 0.2770630705244301, 0.4421283191069439, 1.0, 0.13835586439995268, 0.39805469573734337, 0.5830353300372708, 1.0, 0.19044501909358272, 0.5038131395208305, 0.6881443970066781, 0.14272941245937612, 0.5865844724590127, 1.0, 0.2636148675471813, 0.5114937351741269, 0.6907918667530577, 1.0, 0.2739720695178076, 0.6002899337188758, 0.7685249895639312, 1.0, 0.37621720722296376, 0.39853522200129315, 0.6750807621269405, 0.8265097268550319, 1.0, 0.4405963337762177, 0.25323133522354446, 1.0, 0.49925580581809054, 0.7372512549059415, 0.8697632285430877, 1.0, 0.5879347257585532, 0.7883866527333133, 0.4421283191069439, 1.0, 0.6331888542367857, 0.7794746427689742, 0.9020280191704271, 1.0, 0.5032787977497144, 0.8234334004928079, 0.5830353300372708, 1.0, 0.6944888882507195, 0.8211228210639993, 0.9260958211656011, 1.0, 0.5826357914260736, 0.8571490890674087, 0.6881443970066781, 1.0, 0.7462910380725694, 0.857838951268167, 0.9440491096145912, 0.6520608644966717, 0.8515472698755199, 0.8987108398248276, 1.0, 0.7728457239682274, 0.8759935711148668, 0.7665501192360856, 1.0, 0.8008837013981313, 0.880523565608929, 0.923621383423404, 1.0, 0.7120982228306247, 0.9011865729298933, 0.8250365795916352, 1.0, 0.7619689268408698, 0.9057519507291133, 0.9422033118743722, 1.0, 0.8069389874786946, 0.18872307602083083, 0.9560644331136787, 1.0, 0.8320387546503056, 0.9220503202421876, 0.8686643397557815, 1.0, 0.856439787174719, 0.9261159163914966, 0.9664040855624396, 1.0, 0.8811509591168359, 0.7624431944949779, 0.9399037606187718, 0.9741169113083111, 1.0, 0.8130300978801327, 0.951037459549627, 0.9012083071179585, 1.0, 0.8474684656800315, 0.9513198533525261, 0.9798702653287652, 1.0, 0.8788782510960472, 0.9601863419869459, 0.9254843599725086, 1.0, 0.8991000129408921, 0.9608157272138084, 0.984161958616714, 1.0, 0.9178928754855444, 0.967742005367787, 0.9435929923847273, 1.0, 0.930157361646946, 0.9684444919411735, 0.987363331452862, 1.0, 0.9420980009672034, 0.9737849284061972, 0.9571010601832942, 1.0, 0.9497158268099049, 0.9744385946837136, 0.9897513837549232, 1.0, 0.8780674254337733, 0.9785189848335594, 0.9671773537154089, 1.0, 0.9030983265730913, 0.9790787261514637, 0.99153274259354, 1.0, 0.9574952577547636, 0.9821762917709682, 0.9746937278452535, 1.0, 0.9233421796053767, 0.9826339707942445, 0.9928615406727022, 1.0, 0.9389166345967593, 0.9849745322949196, 0.9803005395046933, 1.0, 0.9632158452872326, 0.9853382727556667, 0.9938527527165127, 1.0, 0.9500128449756695, 0.9871008678171871, 0.9844829200569876, 1.0, 0.9587833973429918, 0.987384627494315, 0.9945921436978833, 1.0, 0.9690193022993554, 0.9887087000334102, 0.987602751459699, 1.0, 0.973331613452229, 0.9889272853620658, 0.9951436896831705, 1.0, 0.9770401171853939, 0.9899201312523008, 0.9899299782291533, 1.0, 0.9659839696385027, 0.9900870323968787, 0.9955551133839609, 1.0, 0.9795923522987483, 0.9908305127070213, 0.9916659644852562, 1.0, 0.9717123030281237, 0.9909571532913877, 0.995862013381581, 1.0, 0.9817040276529112, 0.991513346983053, 0.9929609170532367, 1.0, 0.9834346766871391, 0.9916090055516323, 0.9960909443069466, 1.0, 0.9761001133179753, 0.9920247849795586, 0.9939268821623636, 1.0, 0.9793706455628782, 0.9920968041251208, 0.9962617144894005, 1.0, 0.9819630211262699, 0.9924074478147603, 0.9849303022437924, 0.9899218684830535, 0.9963890998794207, 1.0, 0.985822085910182, 0.9907990798531892, 0.9946474402855896, 1.0, 0.9865325305313838, 0.9912617829718178, 0.9964841225429641, 1.0, 0.9825564863512741, 0.9918090402861565, 0.9951849379695548, 1.0, 0.9842410392666172, 0.9920743046439418, 0.9965550043496255, 1.0, 0.9872273125075745, 0.9856117878023015, 0.9924229375638451, 0.9966078783728135, 1.0, 0.9866061626697603, 0.9955858823916015, 1.0, 0.9866759349646544, 0.9926888171834718, 0.9966473195560982, 1.0],"final_QSA" => Dict{Int64,Any}(1 => [0.0 0.0; 0.0807081788646447 0.9961157906420817; 0.019456878566505204 0.9914465442240072; 0.03452050459523074 0.9991189878690869; 0.14319290989284833 0.3899728151313013; 0.9999133342203538 0.0; 0.0 0.9907082326982234]),"trialByTrial_Vs" => [0.0, 0.0, 0.0, 0.0, 0.0, 0.0807081788646447, 0.14319290989284833, 0.0, 0.008881000913573673, 0.10569372265341109, 0.14319290989284833, 0.2540536750057128, 0.019456878566505204, 0.27796280113976174, 0.44356408022751725, 0.13880515923659653, 0.399347332809666, 0.5849286705509005, 0.19106346749918074, 0.5054492150366878, 0.6903790671869512, 0.14319290989284833, 0.5884893384065046, 0.2644709266623129, 0.5131547525454259, 0.6930351342883644, 0.2748617624610944, 0.6022393065834009, 0.7710206865200405, 0.3774389295503471, 0.39982941952766815, 0.6772730096479016, 0.8291937226099094, 0.442027119949745, 0.2540536750057128, 0.5008770819142746, 0.7396453939876134, 0.8725876850949071, 0.5898439764991169, 0.7909468481676611, 0.44356408022751725, 0.6352450625808472, 0.7820058974708242, 0.9049572519375312, 0.5049131380518184, 0.8261074062298689, 0.5849286705509005, 0.6967441614402647, 0.8237893234587803, 0.9291032113654435, 0.5845278344837853, 0.859932582644802, 0.6903790671869512, 0.7487145328155915, 0.8606246850941116, 0.9471148010641558, 0.6541783575344007, 0.8543125721861414, 0.901629300431614, 0.7753554520148639, 0.8788382599912079, 0.7690394030268031, 0.8034844795678965, 0.8833829651239917, 0.9266207381698454, 0.7144106803190633, 0.9041130731966236, 0.827715791469357, 0.7644433337335405, 0.9086932765377996, 0.9452630093070026, 0.8095594294970593, 0.18933593261335363, 0.9591691429513121, 0.8347407052902244, 0.9250445731407352, 0.8714852277920174, 0.8592209773753859, 0.9291233718482855, 0.9695423722381642, 0.8840123960205188, 0.7649191415175817, 0.9429559905218527, 0.9772802445030147, 0.8156703200824791, 0.9541258448658817, 0.9041348779639774, 0.8502205225407934, 0.9544091557103394, 0.983052281882255, 0.8817323076405139, 0.9633044372519474, 0.9284897645221001, 0.9020197373428374, 0.9639358663353093, 0.987357911953029, 0.9208736275580093, 0.9708846367849722, 0.9466572026457845, 0.9331779412347121, 0.9715894046031155, 0.9905696808811078, 0.9451573564147142, 0.9769471835244172, 0.960209136348708, 0.9527999202750805, 0.9776029725083664, 0.992965488109739, 0.88091884891469, 0.9816966132582772, 0.9703181514909699, 0.906031035041003, 0.9822581722720565, 0.9947526317073312, 0.96060461403168, 0.985365796881435, 0.9778589341856518, 0.9263406276693701, 0.9858249621649641, 0.9960857449061922, 0.9419656589210473, 0.9881731243712664, 0.9834839533243304, 0.9663437785175152, 0.9885380460375344, 0.9970801757976839, 0.9530979029733487, 0.9903063649248115, 0.9876799156788502, 0.9618969367058104, 0.9905910460790184, 0.997821967866653, 0.9721660815921561, 0.9919194183921617, 0.9908098783770185, 0.9764923964820118, 0.9921387135516578, 0.9983753049344103, 0.9802129431566611, 0.9931347835953034, 0.9931446625490864, 0.969120892035841, 0.9933022267322487, 0.998788064686587, 0.9827734663614767, 0.994048121409617, 0.9948862862218953, 0.9748678275326129, 0.9941751732447888, 0.9990959613068288, 0.9848919991396989, 0.9947331731118189, 0.9961854440001502, 0.9866282682586157, 0.9948291423206527, 0.9993256356591763, 0.9792698867342541, 0.9952462719446907, 0.9971545459704271, 0.9825510396583532, 0.9953185249641865, 0.9994969603982554, 0.9851518336647239, 0.9956301774336591, 0.9881287506881097, 0.9931365264675142, 0.9996247594577521, 0.9890234303199031, 0.9940165864811891, 0.9978774440236999, 0.9897361820287112, 0.9944807921752452, 0.9997200906965213, 0.9857472261001322, 0.9950298266450859, 0.9984166871698843, 0.9874372494082931, 0.9952959524185171, 0.9997912026837383, 0.9904332202298609, 0.9888124492929831, 0.9956457174839315, 0.9998442484092659, 0.9898100532790309, 0.9988189336130588, 0.9898800521514681, 0.9959124605171964, 0.9998838176732798],"RPE_QV" => [0.0, 0.0, 1.0, 0.0, 0.08044693664397908, 0.062021233594731426, 0.0, 0.008852254230981734, 1.0, 0.03703568980596503, 0.11003842533069613, 0.7459463249942873, 0.2770630705244301, 0.16416551796718215, 0.5564359197724827, 0.25924953650074684, 0.18368799722760482, 0.4150713294490995, 0.31274967202164977, 0.18269518196999024, -0.5476496547275751, 0.5133187840125413, 0.41151066159349536, 0.24702280851181396, 0.17763711420763184, 0.3069648657116356, 0.32542817125778145, 0.16628568298053037, 0.22897931347995948, 0.021096292450946075, 0.2752513425992723, 0.14923671720713028, 0.17080627739009058, -0.1887957847262005, 0.7459463249942873, 0.23637417299166685, 0.13011783455547432, 0.12741231490509286, 0.1985426762341964, -0.34881852906071725, 0.5564359197724827, 0.14422958018812693, 0.12002212169960291, 0.09504274806246882, 0.3185202624409895, -0.24307207619259807, 0.4150713294490995, 0.12437865962373451, 0.10230649770682076, 0.0708967886345565, 0.2726212545836234, -0.17178818563812392, 0.3096209328130488, 0.10912441845257548, 0.0834244245204796, -0.29505393656748413, 0.1826733971352401, 0.04109250175357382, 0.09837069956838596, 0.10063811910000287, -0.11228814075512228, 0.23096059697319693, 0.07703908604103249, 0.040238418299412326, 0.07337926183015464, 0.18677589261083005, -0.07907649360498836, 0.17228420853064297, 0.14130861699557284, 0.0335100353365726, 0.05473699069299742, -0.6208363534762285, 0.766728500500325, 0.04083085704868794, 0.08730961495196321, -0.05638023338495368, 0.12851477220798257, 0.06689493901611065, 0.03728071371415409, 0.030457627761835804, -0.12156920152554096, 0.17498461910119012, 0.03116092078645838, 0.02271975549698535, 0.13536713946714796, -0.05291753774792318, 0.0958651220360226, 0.10109933081173272, 0.025461109618425848, 0.01694771811774498, 0.07845403434643194, -0.03782007727943881, 0.07151023547789992, 0.05879598987097101, 0.020226092281404706, 0.012642088046970978, 0.046868377809777706, -0.027291644400244897, 0.05334279735421554, 0.03526655070646145, 0.015773926849746545, 0.00943031911889225, 0.028627571991483025, -0.019846123341123012, 0.03979086365129203, 0.021638674408633096, 0.012148411246556856, 0.007034511890261053, 0.0976001359188694, -0.014519259542868257, 0.029681848509030107, 0.07304769111046072, 0.009274570321483488, 0.005247368292668808, 0.021571677739288253, -0.010672069036181453, 0.02214106581434816, 0.05629334312487444, 0.007036578507738089, 0.003914255093807828, 0.04300887337387227, -0.007872584866573051, 0.016516046675669638, 0.01899449423815147, 0.005314706678978376, 0.002919824202316068, 0.03400296484383836, -0.005823444867823935, 0.012320084321149838, 0.025487690788504547, 0.004001097618864913, 0.0021780321333469965, 0.016542618441254042, -0.004316666932462687, 0.009190121622981495, 0.012434888880053951, 0.0030049761315126267, 0.0016246950655897097, 0.009707188095639752, -0.0032048053661500875, 0.006855337450913601, 0.02096614036103772, 0.0022528866517121937, 0.001211935313413015, 0.008057046345544605, -0.0023821569243607232, 0.005113713778104656, 0.016089325758774753, 0.0016868401367922115, 0.0009040386931712385, 0.006621347843354108, -0.0017722560585821112, 0.0038145559998498113, 0.004980737293016624, 0.0012618019862938867, 0.0006743643408236855, 0.012754898245304513, -0.0013193897823271517, 0.0028454540295729247, 0.009545764466767581, 0.0009431895252139944, 0.0005030396017445815, 0.0072556141500363935, -0.010699875189866703, 0.0015691534455953837, 0.0032525734119065453, 0.00037524054224791215, 0.0017756495332860167, 0.000630853804400533, 0.0021225559763000668, 0.0015256009431066087, 0.0020033303677189362, 0.0002799093034786537, 0.00606181418602425, 0.00015511132446888176, 0.0015833128301157018, 0.004637055235648613, 0.0012590519311084236, 0.0002087973162616663, -0.004821432427559391, 0.003610488270862078, 0.0009621608888820132, 0.00015575159073411005, 0.005775829112570574, 0.0011810663869411542, 0.0028087650320036683, 0.0007348590389018028, 0.00011618232672017115],"StateValue_V3_record" => [0.0, 0.0, 0.0, 0.2540536750057128, 0.0, 0.0, 0.020437839897354627, 0.06020396942106331, 0.14319290989284833, 0.0, 0.2540536750057128, 0.10569372265341109, 0.11510277575498812, 0.1711485762399534, 0.44356408022751725, 0.019456878566505204, 0.07038889127509844, 0.3196696542885407, 0.5849286705509005, 0.13880515923659653, 0.20466845672813894, 0.4460139435597782, 0.6903790671869512, 0.19106346749918074, 0.2705186710331122, 0.5518635974220013, 0.5149857280210903, 0.14319290989284833, 0.6930351342883644, 0.2644709266623129, 0.32722797897497174, 0.5582841142272843, 0.7710206865200405, 0.2748617624610944, 0.35753798531952224, 0.6444847954454395, 0.8291937226099094, 0.3774389295503471, 0.38279852017650523, 0.4697580346652698, 0.7151871461001613, 0.8725876850949071, 0.442027119949745, 0.3940628570144663, 0.44356408022751725, 0.5008770819142746, 0.5609288092392437, 0.772702308040217, 0.9049572519375312, 0.5898439764991169, 0.6402844730418839, 0.7023282189496989, 0.5849286705509005, 0.6352450625808472, 0.671887117472172, 0.8124979585705912, 0.9291032113654435, 0.5049131380518184, 0.5858343812887359, 0.7643540519818707, 0.6903790671869512, 0.6967441614402647, 0.7283430170099592, 0.8497806651781616, 0.9471148010641558, 0.5845278344837853, 0.6537882660954228, 0.816289162760873, 0.7690394030268031, 0.7487145328155915, 0.7764379923563296, 0.8818189667287761, 0.872155264154284, 0.7005872054023865, 0.8647522732718156, 0.9266207381698454, 0.7753554520148639, 0.8009229360178822, 0.8503110451728103, 0.827715791469357, 0.8034844795678965, 0.8230565424957021, 0.8936056831693745, 0.9452630093070026, 0.7144106803190633, 0.761861782239317, 0.8840233993897105, 0.8714852277920174, 0.7644433337335405, 0.8003433071912405, 0.9172066241646272, 0.9591691429513121, 0.8095594294970593, 0.6518336723192777, 0.38412612589708073, 0.9695423722381642, 0.8347407052902244, 0.8569220338321044, 0.9107209676516079, 0.9041348779639774, 0.8592209773753859, 0.8762158824717119, 0.9385946741742023, 0.9772802445030147, 0.8840123960205188, 0.853127293605445, 0.8093746270697139, 0.9508725369642144, 0.983052281882255, 0.8156703200824791, 0.8500608393391189, 0.9406819499287683, 0.9284897645221001, 0.8502205225407934, 0.8759051790741323, 0.9608776441786238, 0.987357911953029, 0.8817323076405139, 0.9016638433852494, 0.9536961076301059, 0.9466572026457845, 0.9020197373428374, 0.9169570746451562, 0.9690743794104048, 0.9905696808811078, 0.9208736275580093, 0.9327807111821395, 0.9639510942281408, 0.960209136348708, 0.9331779412347121, 0.9421375380464639, 0.9755968286885649, 0.992965488109739, 0.9451573564147142, 0.9524302962856411, 0.9719052029549883, 0.9703181514909699, 0.9527999202750805, 0.9582973050308459, 0.9806893210310349, 0.9947526317073312, 0.88091884891469, 0.9057145221259358, 0.9780079420130497, 0.9778589341856518, 0.906031035041003, 0.9245890694182977, 0.9846144109463283, 0.9960857449061922, 0.96060461403168, 0.966084978037385, 0.9826545185228784, 0.9834839533243304, 0.9263406276693701, 0.940642158368602, 0.9876126307943212, 0.9970801757976839, 0.9419656589210473, 0.952892221259535, 0.9861730652541191, 0.9876799156788502, 0.9663437785175152, 0.9711693995835924, 0.9898882668009062, 0.997821967866653, 0.9530979029733487, 0.9617364811530159, 0.9888268973549477, 0.9908098783770185, 0.9618969367058104, 0.9683721782180392, 0.9916075396331476, 0.9983753049344103, 0.9721660815921561, 0.9763687946013739, 0.9908227532941939, 0.9931446625490864, 0.9764923964820118, 0.9796515257002771, 0.9929021387811731, 0.998788064686587, 0.9802129431566611, 0.98267908996633, 0.9923205910143549, 0.9948862862218953, 0.969120892035841, 0.9744474170452482, 0.9938745808654874, 0.9990959613068288, 0.9827734663614767, 0.9848203885952537, 0.9934429256885429, 0.9961854440001502, 0.9748678275326129, 0.9789553798699937, 0.994603721180688, 0.9993256356591763, 0.9848919991396989, 0.9865741768927943, 0.9942829249470849, 0.9971545459704271, 0.9866282682586157, 0.9878936428721445, 0.9951497077524002, 0.9994969603982554, 0.9792698867342541, 0.9825103155077977, 0.9949110761217256, 0.9978774440236999, 0.9825510396583532, 0.9849761762018745, 0.995558145729294, 0.9996247594577521, 0.9851518336647239, 0.9869951491039641, 0.992911834819571, 0.9885273998876111, 0.9939628546960348, 0.9997200906965213, 0.9890234303199031, 0.9894745406093566, 0.9941768572085884, 0.9984166871698843, 0.9897361820287112, 0.9901237665548995, 0.9949897456174147, 0.9997912026837383, 0.9857472261001322, 0.9872872522712934, 0.9950692332471022, 0.9988189336130588, 0.9874372494082931, 0.9886153103321141, 0.9956158191886382, 0.9998442484092659, 0.9904332202298609, 0.9892083176028478, 0.9897297071067606, 0.9958901579936987, 0.9998838176732798, 0.9898100532790309, 0.9912774238912845, 0.9991189878690869, 0.9898800521514681, 0.9905936292300762, 0.9960991541566405, 0.9999133342203538],"StateValue_V1_record" => [0.0, 0.0, 0.0, 0.0, 0.0, 0.0, 0.0807081788646447, 0.14319290989284833, 0.0, 0.008881000913573673, 0.0, 0.10569372265341109, 0.14319290989284833, 0.2540536750057128, 0.0, 0.019456878566505204, 0.27796280113976174, 0.44356408022751725, 0.0, 0.13880515923659653, 0.399347332809666, 0.5849286705509005, 0.0, 0.19106346749918074, 0.5054492150366878, 0.6903790671869512, 0.14319290989284833, 0.5884893384065046, 0.0, 0.2644709266623129, 0.5131547525454259, 0.6930351342883644, 0.0, 0.2748617624610944, 0.6022393065834009, 0.7710206865200405, 0.0, 0.3774389295503471, 0.39982941952766815, 0.6772730096479016, 0.8291937226099094, 0.0, 0.442027119949745, 0.2540536750057128, 0.0, 0.5008770819142746, 0.7396453939876134, 0.8725876850949071, 0.0, 0.5898439764991169, 0.7909468481676611, 0.44356408022751725, 0.0, 0.6352450625808472, 0.7820058974708242, 0.9049572519375312, 0.0, 0.5049131380518184, 0.8261074062298689, 0.5849286705509005, 0.0, 0.6967441614402647, 0.8237893234587803, 0.9291032113654435, 0.0, 0.5845278344837853, 0.859932582644802, 0.6903790671869512, 0.0, 0.7487145328155915, 0.8606246850941116, 0.9471148010641558, 0.6541783575344007, 0.8543125721861414, 0.901629300431614, 0.0, 0.7753554520148639, 0.8788382599912079, 0.7690394030268031, 0.0, 0.8034844795678965, 0.8833829651239917, 0.9266207381698454, 0.0, 0.7144106803190633, 0.9041130731966236, 0.827715791469357, 0.0, 0.7644433337335405, 0.9086932765377996, 0.9452630093070026, 0.0, 0.8095594294970593, 0.18933593261335363, 0.9591691429513121, 0.0, 0.8347407052902244, 0.9250445731407352, 0.8714852277920174, 0.0, 0.8592209773753859, 0.9291233718482855, 0.9695423722381642, 0.0, 0.8840123960205188, 0.7649191415175817, 0.9429559905218527, 0.9772802445030147, 0.0, 0.8156703200824791, 0.9541258448658817, 0.9041348779639774, 0.0, 0.8502205225407934, 0.9544091557103394, 0.983052281882255, 0.0, 0.8817323076405139, 0.9633044372519474, 0.9284897645221001, 0.0, 0.9020197373428374, 0.9639358663353093, 0.987357911953029, 0.0, 0.9208736275580093, 0.9708846367849722, 0.9466572026457845, 0.0, 0.9331779412347121, 0.9715894046031155, 0.9905696808811078, 0.0, 0.9451573564147142, 0.9769471835244172, 0.960209136348708, 0.0, 0.9527999202750805, 0.9776029725083664, 0.992965488109739, 0.0, 0.88091884891469, 0.9816966132582772, 0.9703181514909699, 0.0, 0.906031035041003, 0.9822581722720565, 0.9947526317073312, 0.0, 0.96060461403168, 0.985365796881435, 0.9778589341856518, 0.0, 0.9263406276693701, 0.9858249621649641, 0.9960857449061922, 0.0, 0.9419656589210473, 0.9881731243712664, 0.9834839533243304, 0.0, 0.9663437785175152, 0.9885380460375344, 0.9970801757976839, 0.0, 0.9530979029733487, 0.9903063649248115, 0.9876799156788502, 0.0, 0.9618969367058104, 0.9905910460790184, 0.997821967866653, 0.0, 0.9721660815921561, 0.9919194183921617, 0.9908098783770185, 0.0, 0.9764923964820118, 0.9921387135516578, 0.9983753049344103, 0.0, 0.9802129431566611, 0.9931347835953034, 0.9931446625490864, 0.0, 0.969120892035841, 0.9933022267322487, 0.998788064686587, 0.0, 0.9827734663614767, 0.994048121409617, 0.9948862862218953, 0.0, 0.9748678275326129, 0.9941751732447888, 0.9990959613068288, 0.0, 0.9848919991396989, 0.9947331731118189, 0.9961854440001502, 0.0, 0.9866282682586157, 0.9948291423206527, 0.9993256356591763, 0.0, 0.9792698867342541, 0.9952462719446907, 0.9971545459704271, 0.0, 0.9825510396583532, 0.9953185249641865, 0.9994969603982554, 0.0, 0.9851518336647239, 0.9956301774336591, 0.9881287506881097, 0.9931365264675142, 0.9996247594577521, 0.0, 0.9890234303199031, 0.9940165864811891, 0.9978774440236999, 0.0, 0.9897361820287112, 0.9944807921752452, 0.9997200906965213, 0.0, 0.9857472261001322, 0.9950298266450859, 0.9984166871698843, 0.0, 0.9874372494082931, 0.9952959524185171, 0.9997912026837383, 0.0, 0.9904332202298609, 0.9888124492929831, 0.9956457174839315, 0.9998442484092659, 0.0, 0.9898100532790309, 0.9988189336130588, 0.0, 0.9898800521514681, 0.9959124605171964, 0.9998838176732798, 0.0])
POPULATION_SIGNALS
subject_id: 10
algorithm_name: Sarsa-Lambda (ReplTrc)
param_string: alpha=0.1974, gamma=0.9961,
                lambda=0.6128, temp=0.2507,
                reward_magnitude=1.0,
                action_cost=0.0,
                initQSA=nothing, use_replacing_trace=true
param_vector: [0.197445163350583, 0.9960525723724495, 0.6127972592361022, 0.2507274927826116, 1.0, 0.0, 0.0]
LL: -21.192
RPE
[0.0, 0.0, 1.0, 0.0, 0.073, -0.074, 0.0, 0.0, 1.0, 0.016, 0.076, 0.803, 0.231, 0.122, 0.644, 0.225, 0.147, 0.517, 0.248, 0.157, -0.585, 0.468, 0.474, 0.232, 0.175, 0.38, 0.286, 0.17, 0.305, 0.029, 0.256, 0.16, 0.245, -0.166, 0.803, 0.225, 0.147, 0.197, 0.201, -0.352, 0.644, 0.164, 0.125, 0.158, 0.333, -0.277, 0.517, 0.156, 0.104, 0.127, 0.306, -0.219, 0.415, 0.146, 0.087, -0.344, 0.224, 0.054, 0.139, 0.137, -0.163, 0.333, 0.113, 0.05, 0.111, 0.238, -0.129, 0.267, 0.193, 0.042, 0.089, -0.57, 0.775, 0.072, 0.126, -0.102, 0.214, 0.103, 0.049, 0.057, -0.112, 0.198, 0.043, 0.046, 0.165, -0.096, 0.172, 0.133, 0.037, 0.037, 0.109, -0.076, 0.138, 0.088, 0.03, 0.03, 0.075, -0.06, 0.111, 0.061, 0.025, 0.024, 0.052, -0.048, 0.089, 0.042, 0.021, 0.019, 0.139, -0.038, 0.071, 0.112, 0.017, 0.015, 0.042, -0.03, 0.057, 0.093, 0.014, 0.012, 0.076, -0.024, 0.046, 0.039, 0.011, 0.01, 0.065, -0.019, 0.037, 0.052, 0.009, 0.008, 0.036, -0.015, 0.03, 0.029, 0.007, 0.006, 0.024, -0.012, 0.024, 0.046, 0.006, 0.005, 0.022, -0.01, 0.019, 0.038, 0.005, 0.004, 0.019, -0.008, 0.015, 0.015, 0.004, 0.003, 0.033, -0.006, 0.012, 0.026, 0.003, 0.003, 0.021, -0.022, 0.01, 0.006, 0.002, 0.009, -0.003, 0.01, 0.008, 0.004, 0.002, 0.019, -0.003, 0.008, 0.015, 0.003, 0.001, -0.009, 0.012, 0.003, 0.001, 0.009, 0.006, 0.01, 0.002, 0.001]
SPE
Float64[]
action_selection_prob
[0.5, 0.5, 0.5, 0.5, 0.5, 0.573, 0.382, 0.5, 0.494, 0.602, 0.547, 0.687, 0.48, 0.653, 0.805, 0.587, 0.739, 0.873, 0.668, 0.803, 0.912, 0.382, 0.891, 0.679, 0.813, 0.922, 0.718, 0.857, 0.941, 0.755, 0.791, 0.888, 0.953, 0.797, 0.658, 0.835, 0.91, 0.961, 0.873, 0.926, 0.784, 0.891, 0.928, 0.966, 0.843, 0.939, 0.858, 0.912, 0.94, 0.97, 0.877, 0.948, 0.9, 0.927, 0.949, 0.973, 0.902, 0.948, 0.969, 0.935, 0.953, 0.926, 0.942, 0.954, 0.972, 0.922, 0.958, 0.942, 0.935, 0.959, 0.974, 0.946, 0.529, 0.976, 0.949, 0.962, 0.953, 0.955, 0.963, 0.977, 0.96, 0.943, 0.965, 0.978, 0.953, 0.967, 0.96, 0.958, 0.967, 0.979, 0.961, 0.969, 0.965, 0.964, 0.969, 0.98, 0.967, 0.97, 0.968, 0.969, 0.97, 0.98, 0.971, 0.971, 0.971, 0.972, 0.971, 0.98, 0.963, 0.972, 0.973, 0.967, 0.972, 0.981, 0.973, 0.973, 0.974, 0.97, 0.973, 0.981, 0.972, 0.973, 0.975, 0.974, 0.973, 0.981, 0.974, 0.974, 0.976, 0.975, 0.974, 0.981, 0.975, 0.974, 0.977, 0.976, 0.974, 0.981, 0.977, 0.974, 0.977, 0.977, 0.974, 0.981, 0.977, 0.974, 0.978, 0.977, 0.975, 0.982, 0.977, 0.975, 0.978, 0.978, 0.975, 0.982, 0.978, 0.975, 0.978, 0.979, 0.975, 0.982, 0.979, 0.975, 0.978, 0.975, 0.982, 0.978, 0.975, 0.978, 0.979, 0.975, 0.982, 0.979, 0.975, 0.979, 0.98, 0.975, 0.982, 0.979, 0.98, 0.975, 0.982, 0.979, 0.979, 0.98, 0.975, 0.982]
results_dict
Dict{String,Any}("trialByTrial_Qsa" => [0.0, 0.0, 0.0, 0.0, 0.0, 0.07356049633890632, 0.0, 0.0, 0.0, 0.10393606182555704, 0.12051624046486566, 0.197445163350583, 0.0, 0.2322724870326988, 0.3559057341706276, 0.10779043915031966, 0.3340297000275636, 0.48307903170048183, 0.17532939376329432, 0.42537962934859613, 0.5851425767257217, 0.0, 0.5259811101747074, 0.20795795737993333, 0.4416404356306174, 0.6195738473075243, 0.234294305355554, 0.5221371606998229, 0.694687151168724, 0.3028866708061144, 0.3336440889111753, 0.5924600389529413, 0.7549696964792472, 0.36234606798757524, 0.197445163350583, 0.42635418475714365, 0.6534884920561193, 0.8033497447837451, 0.5028356541796348, 0.7061512898390437, 0.3559057341706276, 0.54742926995782, 0.7143434252054311, 0.8421773865478523, 0.42153472542568154, 0.7579474171479834, 0.48307903170048183, 0.6064438328709294, 0.7655968435649685, 0.8733386982413276, 0.4920360834939872, 0.801454014949843, 0.5851425767257217, 0.6591575573332659, 0.8082853642644183, 0.8983473596572662, 0.5566742111481945, 0.8004145938277417, 0.861414078787888, 0.6869570363035139, 0.8277127242979527, 0.6670541684313135, 0.7189158047755383, 0.8355969470427447, 0.8887771986397045, 0.6175950747112957, 0.8588085709936922, 0.7327927125322885, 0.6686724894096523, 0.8655590279442184, 0.9107376028225975, 0.7184498408599538, 0.14948298774018987, 0.9283620314143544, 0.7554705385500199, 0.8845270582273352, 0.785551499054817, 0.783735789476571, 0.8902170806606087, 0.942506601823851, 0.8141487713367532, 0.7046892302685107, 0.9067356917980791, 0.9538583952183208, 0.7524950887996683, 0.9208572167064797, 0.8278933183542263, 0.786082400500556, 0.9225983343811858, 0.9629688319116975, 0.8211669372473203, 0.934281612636585, 0.8618749502255029, 0.8437970527110867, 0.9359598333011204, 0.9702804569439553, 0.8671254466096817, 0.9455617249737875, 0.8891470732410358, 0.8828078605386024, 0.9470895011575665, 0.9761484369773606, 0.8995540218048227, 0.9549407376192353, 0.9110344474728497, 0.9105651032229405, 0.9562833862133556, 0.9808578127345324, 0.8194489571302822, 0.9626779512530352, 0.9286002655241478, 0.8476820407374545, 0.9638305530924, 0.9846373450260502, 0.9227497329849053, 0.9690227761136806, 0.9426977977609207, 0.8730330129146707, 0.9699961433187543, 0.9876706269468803, 0.8939890519894136, 0.974201983340194, 0.9540118404423639, 0.9317249869216948, 0.975014300074928, 0.9901050020233638, 0.9095632343135224, 0.9784147058153257, 0.963091980118414, 0.9228052114972943, 0.9790866891723994, 0.9920587215152145, 0.9415878596315715, 0.9818317961884141, 0.9703792901328804, 0.9491056535167646, 0.9823840167557207, 0.9936266885428554, 0.9562616861192614, 0.9845974823287089, 0.9762277560311541, 0.9348301701189283, 0.9850489894291539, 0.9948850680645954, 0.9613646463979, 0.9868320940368809, 0.9809214706247927, 0.9450662537681239, 0.9871998119881352, 0.9958949866361085, 0.9658483803897276, 0.9886351519012425, 0.9846884339737695, 0.969759213299259, 0.9889337172578339, 0.9967055016702984, 0.9534919973500936, 0.990088426294477, 0.9877116286289718, 0.9600937226111464, 0.9903302644801977, 0.9973559844311646, 0.9658586548142171, 0.9912587659739592, 0.9734791602620944, 0.9881482190155599, 0.9978780325170548, 0.9762314328729682, 0.989547308544932, 0.990137908121637, 0.9784149342217068, 0.9900807478376618, 0.9982970047333495, 0.9685207439344085, 0.9911301734322411, 0.9920851304635389, 0.9724377248489857, 0.991499363760063, 0.9986332529119586, 0.9805871698701418, 0.9759137873237298, 0.9922942956403186, 0.9989031105140158, 0.9806512008904882, 0.993647883172064, 0.9787765947437361, 0.9929528215931352, 0.9991196860377535],"StateValue_V2_record" => [0.0, 0.0, 0.0, 1.0, 0.0, 0.0, 0.0732701216033618, 0.12004051132768613, 0.0, 0.005579484765771641, 1.0, 0.10352578174360803, 0.12004051132768613, 0.19666576285784668, 1.0, 0.020067481602079235, 0.23135560820026604, 0.3545008220427588, 1.0, 0.1073649441928319, 0.3327111419612524, 0.481172112184457, 1.0, 0.1746372936704314, 0.42370047404750827, 0.5828327687522985, 0.12004051132768613, 0.523904837808834, 1.0, 0.2071370583936028, 0.43989709197356563, 0.6171281243853548, 1.0, 0.23336944554161573, 0.5200760620463056, 0.6919449239156963, 1.0, 0.3016910475937576, 0.3323270530168384, 0.5901213458269589, 0.7519895082414015, 1.0, 0.3609157331080668, 0.19666576285784668, 1.0, 0.4246711824691115, 0.6509088935282906, 0.8001785798066001, 1.0, 0.5008507468262087, 0.7033638087283026, 0.3545008220427588, 1.0, 0.5452683325334587, 0.7115236062332162, 0.8388529522648951, 1.0, 0.4198707476045643, 0.7549554745733029, 0.481172112184457, 1.0, 0.604049939730497, 0.7625747054331147, 0.8698912569356808, 1.0, 0.4900938066642513, 0.7982903332290188, 0.5828327687522985, 1.0, 0.6565555805805399, 0.8050947162865763, 0.894801198470618, 0.5544767799875632, 0.7972550151465715, 0.8580137090545197, 1.0, 0.6842453231194692, 0.8244453882223839, 0.664421020377775, 1.0, 0.7160779366658846, 0.8322984885684913, 0.8852688149710571, 1.0, 0.6151571628507412, 0.8554184863137746, 0.7299000663335709, 1.0, 0.6660329531511736, 0.8621422963240356, 0.9071425320477665, 1.0, 0.7156138121091339, 0.14889291446453545, 0.9246973894831804, 1.0, 0.752488373274347, 0.8810354516803727, 0.7824505913645843, 1.0, 0.780642049168491, 0.8867030131618916, 0.9387861252246629, 1.0, 0.8109349779838422, 0.7019075205321115, 0.9031564182773892, 0.950093108236265, 1.0, 0.7495246688965445, 0.9172221994882233, 0.8246252693966903, 1.0, 0.7829793971152889, 0.9189564442269174, 0.9591675821401392, 1.0, 0.8179254401923991, 0.930593603586951, 0.858472761235489, 1.0, 0.8404662249131692, 0.93226519959687, 0.9664503450617423, 1.0, 0.8637025316651826, 0.9418291884970716, 0.8856372295191685, 1.0, 0.8793230404000936, 0.9433509338949341, 0.9722951616686459, 1.0, 0.8960030974066762, 0.9511711781688836, 0.9074382049252451, 1.0, 0.9069707133777949, 0.9525085267548494, 0.9769859475058453, 1.0, 0.8162142416775386, 0.9588778497118253, 0.924934683181067, 1.0, 0.844335877230469, 0.9600259017388457, 0.9807505603671763, 1.0, 0.9191072451956058, 0.9651976288355237, 0.9389765664296081, 1.0, 0.8695867782797276, 0.9661671537440004, 0.98377186862715, 1.0, 0.8904600949068628, 0.9703563915163425, 0.9502459477463914, 1.0, 0.928047069967041, 0.9711655016895554, 0.9861966341842009, 1.0, 0.9059727992733889, 0.9745524845743886, 0.9592902442282223, 1.0, 0.9191625047105824, 0.9752218153257933, 0.9881426415097528, 1.0, 0.9378710097006957, 0.9779560862305324, 0.966548788113807, 1.0, 0.9453591276386081, 0.9785061269471151, 0.9897044191010298, 1.0, 0.9524869123203062, 0.9807108550249479, 0.9723741676162151, 1.0, 0.9311399956783332, 0.9811605798337905, 0.9909578312606797, 1.0, 0.9575697290325585, 0.9829366457651262, 0.977049354111191, 1.0, 0.9413356731281339, 0.9833029121763806, 0.9919637632517221, 1.0, 0.9620357638089523, 0.9847325861890599, 0.980801447644972, 1.0, 0.9659311589886098, 0.9850299729805141, 0.9927710788364734, 1.0, 0.9497281566971055, 0.9861801238868042, 0.9838127084580689, 1.0, 0.9563038221254734, 0.9864210074337891, 0.9934189938637181, 1.0, 0.9620459976758946, 0.987345843735102, 0.9696364217300311, 0.9842475754357031, 0.9939389812025712, 1.0, 0.9723778299439623, 0.9856411421604134, 0.9862294103880326, 1.0, 0.974552712079152, 0.9861724757401414, 0.9943562995563642, 1.0, 0.964697578391946, 0.9872177588031357, 0.988168946210665, 1.0, 0.9685990973078444, 0.9875854917788578, 0.9946912204196233, 1.0, 0.9767163729845748, 0.9720614382775407, 0.9883772857230472, 0.9949600127783267, 1.0, 0.9767801512471025, 0.9897255300659735, 1.0, 0.9749129449724449, 0.9890332121923243, 0.9951757333858584, 1.0],"final_QSA" => Dict{Int64,Any}(1 => [0.0 0.0; 0.07356049633890632 0.9934978169043222; 0.020147010467812428 0.9832084165359353; 0.03300741673901472 0.9949020779167778; 0.12051624046486566 0.31117886057254124; 0.999293499771829 0.0; 0.0 0.9811343675554379]),"trialByTrial_Vs" => [0.0, 0.0, 0.0, 0.0, 0.0, 0.07356049633890632, 0.12051624046486566, 0.0, 0.0056015966631983456, 0.10393606182555704, 0.12051624046486566, 0.197445163350583, 0.020147010467812428, 0.2322724870326988, 0.3559057341706276, 0.10779043915031966, 0.3340297000275636, 0.48307903170048183, 0.17532939376329432, 0.42537962934859613, 0.5851425767257217, 0.12051624046486566, 0.5259811101747074, 0.20795795737993333, 0.4416404356306174, 0.6195738473075243, 0.234294305355554, 0.5221371606998229, 0.694687151168724, 0.3028866708061144, 0.3336440889111753, 0.5924600389529413, 0.7549696964792472, 0.36234606798757524, 0.197445163350583, 0.42635418475714365, 0.6534884920561193, 0.8033497447837451, 0.5028356541796348, 0.7061512898390437, 0.3559057341706276, 0.54742926995782, 0.7143434252054311, 0.8421773865478523, 0.42153472542568154, 0.7579474171479834, 0.48307903170048183, 0.6064438328709294, 0.7655968435649685, 0.8733386982413276, 0.4920360834939872, 0.801454014949843, 0.5851425767257217, 0.6591575573332659, 0.8082853642644183, 0.8983473596572662, 0.5566742111481945, 0.8004145938277417, 0.861414078787888, 0.6869570363035139, 0.8277127242979527, 0.6670541684313135, 0.7189158047755383, 0.8355969470427447, 0.8887771986397045, 0.6175950747112957, 0.8588085709936922, 0.7327927125322885, 0.6686724894096523, 0.8655590279442184, 0.9107376028225975, 0.7184498408599538, 0.14948298774018987, 0.9283620314143544, 0.7554705385500199, 0.8845270582273352, 0.785551499054817, 0.783735789476571, 0.8902170806606087, 0.942506601823851, 0.8141487713367532, 0.7046892302685107, 0.9067356917980791, 0.9538583952183208, 0.7524950887996683, 0.9208572167064797, 0.8278933183542263, 0.786082400500556, 0.9225983343811858, 0.9629688319116975, 0.8211669372473203, 0.934281612636585, 0.8618749502255029, 0.8437970527110867, 0.9359598333011204, 0.9702804569439553, 0.8671254466096817, 0.9455617249737875, 0.8891470732410358, 0.8828078605386024, 0.9470895011575665, 0.9761484369773606, 0.8995540218048227, 0.9549407376192353, 0.9110344474728497, 0.9105651032229405, 0.9562833862133556, 0.9808578127345324, 0.8194489571302822, 0.9626779512530352, 0.9286002655241478, 0.8476820407374545, 0.9638305530924, 0.9846373450260502, 0.9227497329849053, 0.9690227761136806, 0.9426977977609207, 0.8730330129146707, 0.9699961433187543, 0.9876706269468803, 0.8939890519894136, 0.974201983340194, 0.9540118404423639, 0.9317249869216948, 0.975014300074928, 0.9901050020233638, 0.9095632343135224, 0.9784147058153257, 0.963091980118414, 0.9228052114972943, 0.9790866891723994, 0.9920587215152145, 0.9415878596315715, 0.9818317961884141, 0.9703792901328804, 0.9491056535167646, 0.9823840167557207, 0.9936266885428554, 0.9562616861192614, 0.9845974823287089, 0.9762277560311541, 0.9348301701189283, 0.9850489894291539, 0.9948850680645954, 0.9613646463979, 0.9868320940368809, 0.9809214706247927, 0.9450662537681239, 0.9871998119881352, 0.9958949866361085, 0.9658483803897276, 0.9886351519012425, 0.9846884339737695, 0.969759213299259, 0.9889337172578339, 0.9967055016702984, 0.9534919973500936, 0.990088426294477, 0.9877116286289718, 0.9600937226111464, 0.9903302644801977, 0.9973559844311646, 0.9658586548142171, 0.9912587659739592, 0.9734791602620944, 0.9881482190155599, 0.9978780325170548, 0.9762314328729682, 0.989547308544932, 0.990137908121637, 0.9784149342217068, 0.9900807478376618, 0.9982970047333495, 0.9685207439344085, 0.9911301734322411, 0.9920851304635389, 0.9724377248489857, 0.991499363760063, 0.9986332529119586, 0.9805871698701418, 0.9759137873237298, 0.9922942956403186, 0.9989031105140158, 0.9806512008904882, 0.993647883172064, 0.9787765947437361, 0.9929528215931352, 0.9991196860377535],"RPE_QV" => [0.0, 0.0, 1.0, 0.0, 0.0732701216033618, 0.04648001498877981, 0.0, 0.005579484765771641, 1.0, 0.016104449502129095, 0.07614952239298102, 0.8025548366494171, 0.23135560820026604, 0.12222833501006, 0.6440942658293725, 0.22492070281093274, 0.1471424121568934, 0.5169209682995182, 0.24837108028421395, 0.15745313940370237, -0.46510206539803556, 0.4677552575199283, 0.4740188898252926, 0.2319391345936323, 0.17548768875473741, 0.3804261526924757, 0.2857817566907516, 0.16980776321587343, 0.30531284883127596, 0.02944038221072398, 0.25647725691578355, 0.15952946928846023, 0.24503030352075283, -0.16568030512972856, 0.8025548366494171, 0.22455470877114697, 0.14669008775048087, 0.1966502552162549, 0.2005281545486678, -0.35165046779628495, 0.6440942658293725, 0.16409433627539616, 0.12450952705946394, 0.15782261345214765, 0.3334207491476214, -0.2767753049635264, 0.5169209682995182, 0.15613087256218527, 0.10429441337071232, 0.1266613017586724, 0.30625424973503157, -0.21862124619754453, 0.4148574232742783, 0.1459371589533104, 0.08651583420619968, -0.343870579669703, 0.22415680745772792, 0.0536669325525716, 0.138585921212112, 0.13748835191887, -0.16329170392017778, 0.3329458315686865, 0.11338268379295302, 0.04967186792831246, 0.1112228013602955, 0.23782341160247888, -0.12890850466012138, 0.2672072874677115, 0.1934698069143833, 0.04158350410354816, 0.08926239717740247, -0.5695569263954183, 0.7752144017429905, 0.07163796858564564, 0.12556491313035278, -0.10207646686275096, 0.21444850094518297, 0.10296722368532063, 0.0485690445640542, 0.05749339817614896, -0.11224125080464176, 0.19846718800887853, 0.043357416438185914, 0.04614160478167917, 0.16472711068855495, -0.09623194730978935, 0.1721066816457737, 0.13287404372636136, 0.03656924775895343, 0.037031168088302535, 0.10942666633963072, -0.07580885140109606, 0.13812504977449713, 0.0884681468857833, 0.030490511760621897, 0.02971954305604474, 0.07470374188738993, -0.05992449545461909, 0.11085292675896419, 0.06054307335633169, 0.02520566051107942, 0.023851563022639355, 0.051617156364060945, -0.047502532693990185, 0.08896555252715033, 0.04194342353190894, 0.020702561292489707, 0.01914218726546757, 0.13942889258154312, -0.03774326807196826, 0.07139973447585224, 0.11234386100139127, 0.016920007274776383, 0.01536265497394984, 0.04244789585061848, -0.030046209684072456, 0.057302202239079336, 0.09313414082932969, 0.01377572530839577, 0.012329373053119652, 0.07636733952692887, -0.02395603559380266, 0.04598815955763613, 0.03944051476786059, 0.01118233410927294, 0.009894997976636177, 0.06498925026086622, -0.01912446158710346, 0.036908019881585985, 0.052416603828499, 0.009055952337353457, 0.007941278484785541, 0.036368226598960884, -0.01528300807460714, 0.02962070986711962, 0.02940047343035057, 0.007320402345309063, 0.006373311457144593, 0.02444916890568649, -0.012223314712493827, 0.02377224396884592, 0.04633040971486213, 0.005908841831525846, 0.005114931935404576, 0.021571999367226202, -0.009782739925689898, 0.019078529375207265, 0.03823665840825663, 0.004763951263586863, 0.004105013363891463, 0.018884205799332254, -0.007833704256270502, 0.015311566026230516, 0.01527075968125513, 0.0038373615786395643, 0.003294498329701634, 0.032688126536710604, -0.006275717836408123, 0.012288371371028228, 0.026327284822642683, 0.00308872938352045, 0.0026440155688354228, 0.02148718892088497, -0.02162234424392817, 0.009614308647500569, 0.005790762187011245, 0.0021219674829452417, 0.009409709287445223, -0.0033178981568994237, 0.009862091878362955, 0.007757541518434663, 0.0042755517187024195, 0.00170299526665052, 0.018697014868727213, -0.0029612272215761015, 0.007914869536461144, 0.015147766929872075, 0.0031918566595603437, 0.001366747088041409, -0.008525731592601171, 0.012463498399317374, 0.002665717138008117, 0.0010968894859841871, 0.00907432917548534, 0.006352116827936016, 0.01025661744858819, 0.002222911792723159, 0.0008803139622465261],"StateValue_V3_record" => [0.0, 0.0, 0.0, 0.197445163350583, 0.0, 0.0, 0.01446683112869285, 0.059036332123121, 0.12051624046486566, 0.0, 0.197445163350583, 0.10393606182555704, 0.10711580748817613, 0.13555159535281666, 0.3559057341706276, 0.020147010467812428, 0.045680045853175005, 0.2564058806048299, 0.48307903170048183, 0.10779043915031966, 0.1521999440577522, 0.3630822576316802, 0.5851425767257217, 0.17532939376329432, 0.22436906228157172, 0.45646799017822226, 0.4696090050807305, 0.12051624046486566, 0.6195738473075243, 0.20795795737993333, 0.2537532176971659, 0.4762896310028128, 0.694687151168724, 0.234294305355554, 0.290720530987976, 0.555664882246178, 0.7549696964792472, 0.3028866708061144, 0.3086995318808144, 0.38428428279862165, 0.6239583610758331, 0.8033497447837451, 0.36234606798757524, 0.3296332930772615, 0.3559057341706276, 0.42635418475714365, 0.47069142591160534, 0.6824517403939243, 0.8421773865478523, 0.5028356541796348, 0.5424289684108875, 0.6367196057826974, 0.48307903170048183, 0.54742926995782, 0.5798289029886211, 0.7389272291143908, 0.8733386982413276, 0.42153472542568154, 0.4873670397056074, 0.7032994718480525, 0.5851425767257217, 0.6064438328709294, 0.6372711185080391, 0.786189271049502, 0.8983473596572662, 0.4920360834939872, 0.5525045038597307, 0.7582883072824609, 0.6670541684313135, 0.6591575573332659, 0.6879721435217222, 0.8253674972816734, 0.830451776882922, 0.6009328886128308, 0.8110108700921089, 0.8887771986397045, 0.6869570363035139, 0.7141034464069376, 0.7954715671436382, 0.7327927125322885, 0.7189158047755383, 0.7413026672981654, 0.8454044171197789, 0.9107376028225975, 0.6175950747112957, 0.66455215706374, 0.8333562102337951, 0.785551499054817, 0.6686724894096523, 0.7068721670392685, 0.8737694897046331, 0.9283620314143544, 0.7184498408599538, 0.6059935804903545, 0.3025453219240591, 0.942506601823851, 0.7554705385500199, 0.7802627233341441, 0.8643725535533691, 0.8278933183542263, 0.783735789476571, 0.8040661697768751, 0.8998068035983401, 0.9538583952183208, 0.8141487713367532, 0.791987279236957, 0.7438756166246546, 0.915296403969176, 0.9629688319116975, 0.7524950887996683, 0.7850196600778396, 0.9018566841503536, 0.8618749502255029, 0.786082400500556, 0.8123177377691599, 0.9298187554785603, 0.9702804569439553, 0.8211669372473203, 0.8427727032576584, 0.9193135215882756, 0.8891470732410358, 0.8437970527110867, 0.8612646604242736, 0.9419800373763393, 0.9761484369773606, 0.8671254466096817, 0.8818753391295372, 0.933729923180049, 0.9110344474728497, 0.8828078605386024, 0.8947617975471897, 0.952066236914536, 0.9808578127345324, 0.8995540218048227, 0.9097455796748173, 0.945561592291904, 0.9286002655241478, 0.9105651032229405, 0.9188466293336809, 0.9603710068095267, 0.9846373450260502, 0.8194489571302822, 0.8469785176018358, 0.9552257255231806, 0.9426977977609207, 0.8476820407374545, 0.8698637927243094, 0.9671713266926613, 0.9876706269468803, 0.9227497329849053, 0.9311308647150192, 0.963090297334543, 0.9540118404423639, 0.8730330129146707, 0.8914218985642339, 0.9727160936525432, 0.9901050020233638, 0.8939890519894136, 0.9090674138169574, 0.9694719799791433, 0.963091980118414, 0.9317249869216948, 0.9395123258026661, 0.9772221978597742, 0.9920587215152145, 0.9095632343135224, 0.922395047447311, 0.9746386733732681, 0.9703792901328804, 0.9228052114972943, 0.9331546164024951, 0.9808747431609433, 0.9936266885428554, 0.9415878596315715, 0.9487685900731744, 0.978814240162635, 0.9762277560311541, 0.9491056535167646, 0.9549106347958046, 0.9838293947925822, 0.9948850680645954, 0.9562616861192614, 0.9610890562676307, 0.982184047958615, 0.9809214706247927, 0.9348301701189283, 0.9439778854331787, 0.9862156616697922, 0.9958949866361085, 0.9613646463979, 0.9656239333367607, 0.9849005393542367, 0.9846884339737695, 0.9450662537681239, 0.9526158970335226, 0.9881404311235683, 0.9967055016702984, 0.9658483803897276, 0.9695769754885228, 0.987088424884723, 0.9877116286289718, 0.969759213299259, 0.9727743509390119, 0.9896913857415636, 0.9973559844311646, 0.9534919973500936, 0.9599461098337589, 0.9888493161611253, 0.990137908121637, 0.9600937226111464, 0.9652919176635305, 0.9909401191578726, 0.9978780325170548, 0.9658586548142171, 0.9701011963406461, 0.9869895386826943, 0.975377459003503, 0.9892915770014987, 0.9982970047333495, 0.9762314328729682, 0.9780893344603093, 0.9888922056013624, 0.9920851304635389, 0.9784149342217068, 0.979946623274013, 0.9909249348451749, 0.9986332529119586, 0.9685207439344085, 0.9722123790893326, 0.9905454934397588, 0.993647883172064, 0.9724377248489857, 0.9754285781648508, 0.9921295804196015, 0.9989031105140158, 0.9805871698701418, 0.9789038054031575, 0.9783746448011027, 0.992820628596079, 0.9991196860377535, 0.9806512008904882, 0.9824428832968388, 0.9949020779167778, 0.9787765947437361, 0.980801714251297, 0.9933917247751635, 0.999293499771829],"StateValue_V1_record" => [0.0, 0.0, 0.0, 0.0, 0.0, 0.0, 0.07356049633890632, 0.12051624046486566, 0.0, 0.0056015966631983456, 0.0, 0.10393606182555704, 0.12051624046486566, 0.197445163350583, 0.0, 0.020147010467812428, 0.2322724870326988, 0.3559057341706276, 0.0, 0.10779043915031966, 0.3340297000275636, 0.48307903170048183, 0.0, 0.17532939376329432, 0.42537962934859613, 0.5851425767257217, 0.12051624046486566, 0.5259811101747074, 0.0, 0.20795795737993333, 0.4416404356306174, 0.6195738473075243, 0.0, 0.234294305355554, 0.5221371606998229, 0.694687151168724, 0.0, 0.3028866708061144, 0.3336440889111753, 0.5924600389529413, 0.7549696964792472, 0.0, 0.36234606798757524, 0.197445163350583, 0.0, 0.42635418475714365, 0.6534884920561193, 0.8033497447837451, 0.0, 0.5028356541796348, 0.7061512898390437, 0.3559057341706276, 0.0, 0.54742926995782, 0.7143434252054311, 0.8421773865478523, 0.0, 0.42153472542568154, 0.7579474171479834, 0.48307903170048183, 0.0, 0.6064438328709294, 0.7655968435649685, 0.8733386982413276, 0.0, 0.4920360834939872, 0.801454014949843, 0.5851425767257217, 0.0, 0.6591575573332659, 0.8082853642644183, 0.8983473596572662, 0.5566742111481945, 0.8004145938277417, 0.861414078787888, 0.0, 0.6869570363035139, 0.8277127242979527, 0.6670541684313135, 0.0, 0.7189158047755383, 0.8355969470427447, 0.8887771986397045, 0.0, 0.6175950747112957, 0.8588085709936922, 0.7327927125322885, 0.0, 0.6686724894096523, 0.8655590279442184, 0.9107376028225975, 0.0, 0.7184498408599538, 0.14948298774018987, 0.9283620314143544, 0.0, 0.7554705385500199, 0.8845270582273352, 0.785551499054817, 0.0, 0.783735789476571, 0.8902170806606087, 0.942506601823851, 0.0, 0.8141487713367532, 0.7046892302685107, 0.9067356917980791, 0.9538583952183208, 0.0, 0.7524950887996683, 0.9208572167064797, 0.8278933183542263, 0.0, 0.786082400500556, 0.9225983343811858, 0.9629688319116975, 0.0, 0.8211669372473203, 0.934281612636585, 0.8618749502255029, 0.0, 0.8437970527110867, 0.9359598333011204, 0.9702804569439553, 0.0, 0.8671254466096817, 0.9455617249737875, 0.8891470732410358, 0.0, 0.8828078605386024, 0.9470895011575665, 0.9761484369773606, 0.0, 0.8995540218048227, 0.9549407376192353, 0.9110344474728497, 0.0, 0.9105651032229405, 0.9562833862133556, 0.9808578127345324, 0.0, 0.8194489571302822, 0.9626779512530352, 0.9286002655241478, 0.0, 0.8476820407374545, 0.9638305530924, 0.9846373450260502, 0.0, 0.9227497329849053, 0.9690227761136806, 0.9426977977609207, 0.0, 0.8730330129146707, 0.9699961433187543, 0.9876706269468803, 0.0, 0.8939890519894136, 0.974201983340194, 0.9540118404423639, 0.0, 0.9317249869216948, 0.975014300074928, 0.9901050020233638, 0.0, 0.9095632343135224, 0.9784147058153257, 0.963091980118414, 0.0, 0.9228052114972943, 0.9790866891723994, 0.9920587215152145, 0.0, 0.9415878596315715, 0.9818317961884141, 0.9703792901328804, 0.0, 0.9491056535167646, 0.9823840167557207, 0.9936266885428554, 0.0, 0.9562616861192614, 0.9845974823287089, 0.9762277560311541, 0.0, 0.9348301701189283, 0.9850489894291539, 0.9948850680645954, 0.0, 0.9613646463979, 0.9868320940368809, 0.9809214706247927, 0.0, 0.9450662537681239, 0.9871998119881352, 0.9958949866361085, 0.0, 0.9658483803897276, 0.9886351519012425, 0.9846884339737695, 0.0, 0.969759213299259, 0.9889337172578339, 0.9967055016702984, 0.0, 0.9534919973500936, 0.990088426294477, 0.9877116286289718, 0.0, 0.9600937226111464, 0.9903302644801977, 0.9973559844311646, 0.0, 0.9658586548142171, 0.9912587659739592, 0.9734791602620944, 0.9881482190155599, 0.9978780325170548, 0.0, 0.9762314328729682, 0.989547308544932, 0.990137908121637, 0.0, 0.9784149342217068, 0.9900807478376618, 0.9982970047333495, 0.0, 0.9685207439344085, 0.9911301734322411, 0.9920851304635389, 0.0, 0.9724377248489857, 0.991499363760063, 0.9986332529119586, 0.0, 0.9805871698701418, 0.9759137873237298, 0.9922942956403186, 0.9989031105140158, 0.0, 0.9806512008904882, 0.993647883172064, 0.0, 0.9787765947437361, 0.9929528215931352, 0.9991196860377535, 0.0])