DateTime of fitting: 2020-02-09T16:18:39.886
DATA_STATS
nr_subjects: 1
all_subject_ids: [15]
nr_puzzles: 1
nr_episodes: 54
nr_actions: 201
max_state_id: 7
max_action_id: 2
SUBJECT_SIGNALS
subject_id: 15
algorithm_name: Forward Learner
param_string: eta=0.2373, gamma=0.9708,
                temp=0.0308,
                initTsas=nothing, initR=nothing
param_vector: [0.2373096473955968, 0.9708320673438467, 0.03080696644512671]
LL: -120.131
RPE
Float64[]
SPE
[0.857, 0.857, 0.857, 0.857, 0.654, 0.654, 0.857, 0.857, 0.857, 0.654, 0.654, 0.499, 0.499, 0.499, 0.499, 0.38, 0.38, 0.38, 0.937, 0.857, 0.29, 0.654, 0.891, 0.654, 0.221, 0.499, 0.857, 0.654, 0.29, 0.527, 0.29, 0.972, 0.654, 0.499, 0.221, 0.402, 0.221, 0.741, 0.736, 0.38, 0.169, 0.307, 0.169, 0.516, 0.129, 0.234, 0.952, 0.561, 0.459, 0.098, 0.178, 0.129, 0.394, 0.988, 0.428, 0.098, 0.3, 0.753, 0.326, 0.075, 0.229, 0.574, 0.249, 0.057, 0.175, 0.59, 0.136, 0.993, 0.499, 0.133, 0.45, 0.104, 0.757, 0.35, 0.343, 0.079, 0.577, 0.267, 0.262, 0.06, 0.576, 0.102, 0.81, 0.19, 0.439, 0.078, 0.618, 0.145, 0.335, 0.059, 0.534, 0.046, 0.38, 0.045, 0.597, 0.11, 0.255, 0.034, 0.999, 0.857, 0.035, 0.29, 0.654, 0.027, 0.221, 0.917, 0.084, 0.195, 0.026, 0.655, 0.02, 0.999, 0.5, 0.016, 0.351, 0.618, 0.012, 0.819, 0.381, 0.009, 0.169, 0.771, 0.064, 0.129, 0.597, 0.007, 0.984, 0.291, 0.005, 0.441, 0.02, 0.859, 0.049, 0.337, 0.015, 0.655, 0.037, 0.257, 0.012, 0.547, 0.004, 0.833, 0.417, 0.003, 0.387, 0.686, 0.029, 0.312, 0.584, 0.002, 0.722, 0.38, 0.022, 0.238, 0.636, 0.017, 0.182, 0.577, 0.002, 0.889, 0.318, 0.001, 0.343, 0.607, 0.013, 0.262, 0.573, 0.001, 0.813, 0.243, 0.001, 0.462, 0.009, 0.831, 0.01, 0.389, 0.437, 0.001, 0.657, 0.379, 0.0, 0.297, 0.688, 0.499, 0.227, 0.492, 0.0, 0.173, 0.998, 0.289, 0.0, 0.506, 0.723, 0.007, 0.386, 0.636, 0.0, 0.871, 0.22, 0.0, 0.0]
action_selection_prob
[0.5, 0.5, 0.5, 0.5, 0.456, 0.45, 0.495, 0.499, 0.497, 0.5, 0.698, 0.413, 0.425, 0.549, 0.783, 0.382, 0.424, 0.6, 0.823, 0.541, 0.39, 0.447, 0.679, 0.489, 0.388, 0.396, 0.405, 0.551, 0.62, 0.771, 0.362, 0.419, 0.363, 0.548, 0.685, 0.822, 0.345, 0.427, 0.668, 0.548, 0.645, 0.831, 0.332, 0.443, 0.68, 0.847, 0.554, 0.758, 0.571, 0.648, 0.842, 0.32, 0.469, 0.668, 0.799, 0.314, 0.467, 0.608, 0.837, 0.309, 0.457, 0.578, 0.857, 0.304, 0.452, 0.566, 0.83, 0.3, 0.431, 0.447, 0.578, 0.836, 0.293, 0.602, 0.59, 0.841, 0.286, 0.596, 0.601, 0.845, 0.28, 0.457, 0.61, 0.858, 0.281, 0.451, 0.59, 0.87, 0.283, 0.446, 0.58, 0.841, 0.411, 0.444, 0.586, 0.874, 0.285, 0.444, 0.579, 0.613, 0.852, 0.464, 0.664, 0.85, 0.474, 0.693, 0.889, 0.344, 0.295, 0.511, 0.843, 0.35, 0.53, 0.84, 0.361, 0.681, 0.838, 0.374, 0.546, 0.837, 0.462, 0.689, 0.878, 0.461, 0.696, 0.832, 0.47, 0.553, 0.832, 0.391, 0.3, 0.56, 0.877, 0.392, 0.3, 0.558, 0.879, 0.393, 0.301, 0.558, 0.828, 0.394, 0.562, 0.828, 0.399, 0.694, 0.878, 0.461, 0.698, 0.826, 0.404, 0.437, 0.878, 0.463, 0.704, 0.879, 0.463, 0.707, 0.824, 0.466, 0.546, 0.824, 0.465, 0.709, 0.879, 0.464, 0.71, 0.824, 0.466, 0.547, 0.823, 0.411, 0.289, 0.548, 0.879, 0.465, 0.711, 0.823, 0.412, 0.548, 0.823, 0.465, 0.712, 0.121, 0.465, 0.712, 0.823, 0.466, 0.713, 0.551, 0.828, 0.397, 0.666, 0.895, 0.396, 0.678, 0.825, 0.441, 0.55, 0.825, 0.0]
results_dict
Dict{String,Any}("QSA_record" => [0.0, 0.0, 0.0, 0.0, 0.8576480196516809, 0.8607009906548833, 0.8714847905494891, 0.8730324224654824, 0.8868597875357737, 0.8883562156228814, 0.916335340170855, 0.8885850150575056, 0.8923587437993005, 0.9090743131147998, 0.9448375081722488, 0.893603564629133, 0.9015414798835606, 0.9244562657641872, 0.9621657601135553, 0.9071917570371805, 0.8930466706451777, 0.9029385519673145, 0.9257743934352093, 0.8914508650457413, 0.8831106419501543, 0.8895165788169774, 0.8951487427671752, 0.8900588974050069, 0.9014338918737507, 0.9308957289118355, 0.884542107736559, 0.8932596890746476, 0.8969683690621193, 0.899926911773244, 0.919756837662512, 0.9524124077242797, 0.8874916700471434, 0.9008558794576748, 0.9208097505809942, 0.912241362421561, 0.9355557983657293, 0.968279504414703, 0.8979121978587231, 0.9136547790944723, 0.9442869339103955, 0.9773700549114049, 0.9210963029982937, 0.9482381350484137, 0.9289279327672916, 0.9528716366610723, 0.984375084841843, 0.9096727099224301, 0.9296335541427354, 0.9572737372452381, 0.9648564710526181, 0.9098758713921792, 0.9313681257842542, 0.9546763651379481, 0.9735537273719836, 0.9109428568905124, 0.9320368987685766, 0.9554179315766904, 0.9803603682769946, 0.9125347273085799, 0.9334021473479076, 0.957515115315022, 0.9892284701390737, 0.9143297342607529, 0.9296136083328648, 0.9346919642787977, 0.9598248705426876, 0.9919550424289073, 0.9146600486602172, 0.9397292303488947, 0.9619437865707134, 0.9939119849504546, 0.914402689336244, 0.9396982572110416, 0.9637367143002769, 0.9953935368030453, 0.9142172668407926, 0.938131402012895, 0.9652530444425865, 0.9862258007385701, 0.9144058933877008, 0.9380810612830848, 0.9646562129226044, 0.9895518757513522, 0.915457697009092, 0.9381771150868252, 0.9650480194009236, 0.9965814273661656, 0.9300024889534382, 0.9385040940737167, 0.9661453608735241, 0.9921944816881645, 0.9171243276711364, 0.9390441565158035, 0.9664777850347267, 0.9438076465617182, 0.9972318231193836, 0.9289656330428364, 0.9495263049047467, 0.9979196037905066, 0.9316146829871393, 0.9551728918651499, 0.9938665917132885, 0.925896202718097, 0.9315109113667231, 0.9588011040354666, 0.9984658402019663, 0.9280169106161501, 0.9616129507125896, 0.998854241289023, 0.9302999603747901, 0.9594273444950328, 0.9991423604623683, 0.9327423868916088, 0.9643100635628175, 0.9993501331580127, 0.9372865161403598, 0.9625403453056582, 0.9956641295860228, 0.9376142534639272, 0.9640118568626036, 0.9995143699438979, 0.9389028945136435, 0.9664533946462667, 0.9996309661042904, 0.9368306874657183, 0.9397102794949156, 0.9674895552871798, 0.996758137498201, 0.9370940903614848, 0.9399600459917744, 0.9678145619396438, 0.9975399278036793, 0.9375301203917437, 0.9403089833993973, 0.9682629310330919, 0.9997235383470369, 0.9379628787202332, 0.9688520352736689, 0.9997901210872107, 0.9387898621005448, 0.9664231351526178, 0.9981511503665821, 0.9405261577961666, 0.9672727682544313, 0.999841223581, 0.9398841541271706, 0.9616703149000803, 0.9985971586741014, 0.9409531492211533, 0.9682485917869084, 0.9989328857204087, 0.941111734172124, 0.9687537953553631, 0.9998795458908049, 0.9414431108545737, 0.9697236256402226, 0.9999081977170942, 0.9415337320716359, 0.9692609834102154, 0.99919051521916, 0.941561829907734, 0.9695503719940269, 0.9999302335214525, 0.9417761012972589, 0.9700482692251292, 0.9999468147188032, 0.9414418398435969, 0.9421472839469995, 0.9702323663645336, 0.9993847005325707, 0.941871821314807, 0.9699191151426036, 0.999959536271026, 0.9416667449598043, 0.9702941429537655, 0.9999691477113798, 0.9420251008942563, 0.9701403694424078, 0.9384679190431755, 0.9420283299171635, 0.9701969866233152, 0.9999764970787015, 0.9421147889282704, 0.9703461396896488, 0.9703641182592366, 0.9999818665948241, 0.938721491021614, 0.9636441965936009, 0.9995270437809778, 0.9389271862538064, 0.9652995859876827, 0.9999862527006063, 0.9389647508650405, 0.9705206486877499, 0.9999895195539514, 0.0],"final_Tsas" => Dict{Int64,Any}(1 => [0.14285714285714285 0.14285714285714285; 0.00021441740273994128 0.0010893577144813827; 0.14285714285714285 2.4549692390130583e-5; 0.06337919501416349 0.9943883404322642; 0.04833870059313559 1.089157819072268e-5; 0.9998811804013671 0.14285714285714285; 0.016356409825229647 0.0004832983051840929]

[0.14285714285714285 0.14285714285714285; 0.00021441740273994128 0.0010893577144813827; 0.14285714285714285 0.7055610187358381; 0.06337919501416349 0.0006336756503261724; 0.04833870059313559 0.005358885875496284; 1.089157819072268e-5 0.14285714285714285; 0.016356409825229647 0.6621830104839412]

[0.14285714285714285 0.14285714285714285; 0.00021441740273994128 0.0010893577144813827; 0.14285714285714285 2.4549692390130583e-5; 0.06337919501416349 0.0006336756503261724; 0.04833870059313559 1.089157819072268e-5; 1.089157819072268e-5 0.14285714285714285; 0.016356409825229647 0.0004832983051840929]

[0.14285714285714285 0.14285714285714285; 0.005697988377542841 0.34187482734152164; 0.14285714285714285 2.4549692390130583e-5; 0.06337919501416349 0.0006336756503261724; 0.7099677964411865 0.1625439284340382; 1.089157819072268e-5 0.14285714285714285; 0.121639870772425 0.0004832983051840929]

[0.14285714285714285 0.14285714285714285; 0.9932299246087575 0.13913156657116585; 0.14285714285714285 0.29007381693713025; 0.06337919501416349 0.0006336756503261724; 0.04833870059313559 1.089157819072268e-5; 1.089157819072268e-5 0.14285714285714285; 0.7965780801014268 0.33540049799013827]

[0.14285714285714285 0.14285714285714285; 0.00021441740273994128 0.514636175229387; 0.14285714285714285 2.4549692390130583e-5; 0.06337919501416349 0.0006336756503261724; 0.04833870059313559 0.8320536193777026; 1.089157819072268e-5 0.14285714285714285; 0.016356409825229647 0.0004832983051840929]

[0.14285714285714285 0.14285714285714285; 0.00021441740273994128 0.0010893577144813827; 0.14285714285714285 0.0042669655574711605; 0.6197248299150191 0.0024432813161049238; 0.04833870059313559 1.089157819072268e-5; 6.436170767924713e-5 0.14285714285714285; 0.016356409825229647 0.0004832983051840929]),"final_Reward" => Dict{Int64,Any}(1 => [1.0, 0.0, 0.0, 0.0, 0.0, 0.0, 0.0]),"final_Qsa" => [0.0 0.0; 0.9424514521038762 0.9666245013342617; 0.9521672819236955 0.9394662952434342; 0.933592410667069 0.99964085876095; 0.9642866667164176 0.9705922232450911; 0.999992010431409 0.9521703199024159; 0.9463833456764298 0.939766646424468])
POPULATION_SIGNALS
subject_id: 15
algorithm_name: Forward Learner
param_string: eta=0.1692, gamma=0.9856,
                temp=0.0118,
                initTsas=nothing, initR=nothing
param_vector: [0.16921432907904174, 0.9855564353951695, 0.011831814925089175]
LL: -121.389
RPE
Float64[]
SPE
[0.857, 0.857, 0.857, 0.857, 0.712, 0.712, 0.857, 0.857, 0.857, 0.712, 0.712, 0.592, 0.592, 0.592, 0.592, 0.491, 0.491, 0.491, 0.918, 0.857, 0.408, 0.712, 0.881, 0.712, 0.339, 0.592, 0.857, 0.712, 0.408, 0.578, 0.408, 0.953, 0.712, 0.592, 0.339, 0.48, 0.339, 0.792, 0.761, 0.491, 0.282, 0.399, 0.282, 0.504, 0.234, 0.331, 0.932, 0.632, 0.508, 0.195, 0.275, 0.234, 0.419, 0.973, 0.525, 0.195, 0.348, 0.808, 0.436, 0.162, 0.289, 0.672, 0.362, 0.134, 0.24, 0.519, 0.229, 0.981, 0.592, 0.2, 0.431, 0.19, 0.815, 0.422, 0.358, 0.158, 0.677, 0.351, 0.298, 0.131, 0.491, 0.166, 0.789, 0.301, 0.408, 0.138, 0.656, 0.25, 0.339, 0.114, 0.481, 0.109, 0.491, 0.095, 0.622, 0.208, 0.281, 0.079, 0.996, 0.857, 0.09, 0.408, 0.712, 0.075, 0.339, 0.901, 0.173, 0.234, 0.066, 0.585, 0.062, 0.996, 0.486, 0.052, 0.331, 0.661, 0.043, 0.857, 0.404, 0.036, 0.282, 0.791, 0.143, 0.234, 0.625, 0.03, 0.968, 0.336, 0.025, 0.397, 0.055, 0.809, 0.119, 0.33, 0.045, 0.672, 0.099, 0.274, 0.038, 0.502, 0.021, 0.835, 0.417, 0.017, 0.358, 0.715, 0.082, 0.331, 0.601, 0.014, 0.745, 0.491, 0.068, 0.275, 0.663, 0.057, 0.228, 0.584, 0.012, 0.888, 0.347, 0.01, 0.327, 0.627, 0.047, 0.272, 0.572, 0.008, 0.819, 0.288, 0.007, 0.417, 0.031, 0.79, 0.039, 0.357, 0.475, 0.006, 0.684, 0.368, 0.005, 0.296, 0.669, 0.592, 0.246, 0.497, 0.004, 0.204, 0.991, 0.306, 0.003, 0.457, 0.694, 0.033, 0.379, 0.595, 0.003, 0.848, 0.254, 0.002, 0.0]
action_selection_prob
[0.5, 0.5, 0.5, 0.5, 0.467, 0.443, 0.51, 0.496, 0.493, 0.501, 0.712, 0.414, 0.398, 0.536, 0.815, 0.38, 0.379, 0.587, 0.863, 0.533, 0.4, 0.446, 0.684, 0.495, 0.36, 0.402, 0.387, 0.547, 0.617, 0.819, 0.354, 0.336, 0.34, 0.534, 0.681, 0.87, 0.332, 0.362, 0.692, 0.533, 0.659, 0.883, 0.314, 0.401, 0.7, 0.898, 0.53, 0.781, 0.55, 0.679, 0.898, 0.298, 0.434, 0.706, 0.825, 0.288, 0.437, 0.647, 0.865, 0.278, 0.428, 0.613, 0.889, 0.27, 0.423, 0.596, 0.885, 0.264, 0.453, 0.421, 0.614, 0.892, 0.253, 0.586, 0.632, 0.898, 0.243, 0.582, 0.649, 0.902, 0.235, 0.436, 0.663, 0.887, 0.234, 0.433, 0.639, 0.9, 0.234, 0.427, 0.625, 0.898, 0.423, 0.422, 0.636, 0.906, 0.235, 0.424, 0.625, 0.581, 0.904, 0.456, 0.678, 0.905, 0.457, 0.709, 0.916, 0.283, 0.283, 0.562, 0.9, 0.287, 0.58, 0.9, 0.301, 0.7, 0.899, 0.315, 0.597, 0.898, 0.443, 0.712, 0.909, 0.435, 0.718, 0.894, 0.445, 0.603, 0.894, 0.34, 0.273, 0.611, 0.909, 0.34, 0.271, 0.605, 0.913, 0.341, 0.269, 0.602, 0.891, 0.342, 0.608, 0.89, 0.35, 0.724, 0.913, 0.436, 0.729, 0.888, 0.359, 0.39, 0.914, 0.439, 0.739, 0.915, 0.438, 0.743, 0.885, 0.442, 0.589, 0.885, 0.441, 0.747, 0.915, 0.439, 0.75, 0.884, 0.443, 0.59, 0.884, 0.374, 0.248, 0.593, 0.915, 0.441, 0.754, 0.883, 0.376, 0.59, 0.883, 0.443, 0.756, 0.084, 0.442, 0.756, 0.883, 0.444, 0.759, 0.595, 0.886, 0.364, 0.72, 0.929, 0.364, 0.727, 0.884, 0.418, 0.595, 0.884, 0.0]
results_dict
Dict{String,Any}("QSA_record" => [0.0, 0.0, 0.0, 0.0, 0.9157650058564255, 0.9185485595611295, 0.9255691737632634, 0.9272072636159484, 0.9326850670897614, 0.9336282983657037, 0.9465889928570699, 0.9320825046715902, 0.9333865586731702, 0.942418940627335, 0.960564783647187, 0.9375037225496677, 0.9390870867316259, 0.9507452612518097, 0.9705654364965463, 0.948523652306363, 0.9436769192405732, 0.9459650360494956, 0.9551394560974776, 0.9423318966210067, 0.9375151719452218, 0.9406336389153794, 0.9427953067114581, 0.9404351820881444, 0.9443928879235959, 0.9595719078883396, 0.934461407283705, 0.9343651106423214, 0.9414039773342933, 0.9428133816893971, 0.951013741687396, 0.9686555619184335, 0.9379645832167807, 0.9404534105793995, 0.9532522778642831, 0.9481900791302192, 0.9588004384392704, 0.9769288798615012, 0.9439555528220748, 0.9493252563720372, 0.9641662015395035, 0.9822036553197829, 0.954275459339444, 0.9673172587617103, 0.9574049227017243, 0.9692537850771606, 0.9866003929093045, 0.9509405775847013, 0.9584353764970659, 0.9725304532533553, 0.9759901208408365, 0.9516530761847308, 0.9601440411920753, 0.9719031367226056, 0.9805070911651117, 0.9522403227968506, 0.9608419881370243, 0.9724092547039582, 0.9842665306543041, 0.95302882338502, 0.9618262089895298, 0.9735789628650897, 0.9902331057566395, 0.954001705714729, 0.9623659628164681, 0.9630056483448588, 0.9752526193629848, 0.9921173896820854, 0.9543605643167754, 0.9657610647388193, 0.9767246164078307, 0.9935703729750223, 0.9544710963327183, 0.9662155049842425, 0.9780357158676286, 0.9947487324355831, 0.954604509776456, 0.965636296857021, 0.9792032432972015, 0.9883935893934912, 0.9548300669133953, 0.9660644182892452, 0.9790986720654326, 0.9904723499851463, 0.9553454311423385, 0.966284703846438, 0.9794197243604796, 0.9958318881001982, 0.9642193705379444, 0.9665526128793103, 0.980259930483553, 0.9923229565907379, 0.9564081343965216, 0.9671117129463863, 0.9805675354009182, 0.9709121081548363, 0.9964860453140911, 0.9636983967730316, 0.9721414735938178, 0.9971123863011806, 0.9643582680145344, 0.9745607664339367, 0.9936345221562614, 0.9600551974427559, 0.9649061588155042, 0.9782902614493809, 0.9976886008027512, 0.9610112751677488, 0.9794213332547447, 0.9981120285070587, 0.9622237818732111, 0.9767195362327273, 0.9984599376216096, 0.9635053267081861, 0.9807836174997082, 0.9987327866951683, 0.9671717043800604, 0.9785363373845631, 0.9951111624215289, 0.9671857043922947, 0.9792895737793318, 0.9989742326776251, 0.9678629102970164, 0.9820889038418891, 0.9991533323304994, 0.9660912311958824, 0.9689407921369575, 0.9826647340236562, 0.9960549749027255, 0.9661783043080712, 0.9690148025588529, 0.9827367548497177, 0.9967427798960542, 0.9664292536526786, 0.9691366875011822, 0.9829330113992562, 0.9993115186942828, 0.966761325946983, 0.9833410088289378, 0.9994316300172429, 0.9673375762869966, 0.9811607890315956, 0.9973484200213741, 0.9691345779078625, 0.981681726092794, 0.9995345974133464, 0.9681760789290915, 0.9786360990717767, 0.9978216946620352, 0.9694991014858101, 0.9824826252633537, 0.9982005632234277, 0.969579952946431, 0.9828622580174216, 0.9996185238108736, 0.969852057070046, 0.9842292669878167, 0.9996837702590993, 0.9699616431155664, 0.9833499379324236, 0.9985225800774339, 0.9699633887666321, 0.9836042987106819, 0.9997393146772207, 0.9701723096528847, 0.9845573447066295, 0.9997837686528974, 0.969695781350614, 0.9708105772204575, 0.9847198448347176, 0.9987828441084758, 0.9702937882433169, 0.9840348212059161, 0.9998212331033093, 0.9699344674205767, 0.9847561160785941, 0.9998516523826289, 0.9704739013195175, 0.9843073827589863, 0.970765051549495, 0.9704560982651769, 0.9843526517372032, 0.9998770809288288, 0.9705482066646803, 0.9845503308844942, 0.9848583014939676, 0.9998967534426424, 0.9690137243403706, 0.9821968094861718, 0.9989866066028092, 0.9691041306291848, 0.9826808925985033, 0.9999148469280155, 0.9694022679648705, 0.985038740235906, 0.9999293225463929, 0.0],"final_Tsas" => Dict{Int64,Any}(1 => [0.14285714285714285 0.14285714285714285; 0.0016696978851905241 0.005078131148370164; 0.14285714285714285 0.0003789220481898244; 0.0819160405145035 0.972955248206701; 0.06805467267803018 0.00021727855695949415; 0.9981560770665102 0.14285714285714285; 0.0324200693131968 0.002911862778214968]

[0.14285714285714285 0.14285714285714285; 0.0016696978851905241 0.005078131148370164; 0.14285714285714285 0.6847225041725069; 0.0819160405145035 0.0035049506510951914; 0.06805467267803018 0.012843781946553239; 0.00021727855695949415 0.14285714285714285; 0.0324200693131968 0.6896487813672154]

[0.14285714285714285 0.14285714285714285; 0.0016696978851905241 0.005078131148370164; 0.14285714285714285 0.0003789220481898244; 0.0819160405145035 0.0035049506510951914; 0.06805467267803018 0.00021727855695949415; 0.00021727855695949415 0.14285714285714285; 0.0324200693131968 0.002911862778214968]

[0.14285714285714285 0.14285714285714285; 0.017624763665951136 0.3521045722446987; 0.14285714285714285 0.0003789220481898244; 0.0819160405145035 0.0035049506510951914; 0.5916719639318189 0.19729851496334663; 0.00021727855695949415 0.14285714285714285; 0.12944964416850996 0.002911862778214968]

[0.14285714285714285 0.14285714285714285; 0.9740267469080963 0.12187067855443233; 0.14285714285714285 0.2982190069954576; 0.0819160405145035 0.0035049506510951914; 0.06805467267803018 0.00021727855695949415; 0.00021727855695949415 0.14285714285714285; 0.708450009265506 0.2957919047417097]

[0.14285714285714285 0.14285714285714285; 0.0016696978851905241 0.5057122246073882; 0.14285714285714285 0.0003789220481898244; 0.0819160405145035 0.0035049506510951914; 0.06805467267803018 0.7889885888622621; 0.00021727855695949415 0.14285714285714285; 0.0324200693131968 0.002911862778214968]

[0.14285714285714285 0.14285714285714285; 0.0016696978851905241 0.005078131148370164; 0.14285714285714285 0.015542800639276193; 0.508503756912979 0.009519998537823081; 0.06805467267803018 0.00021727855695949415; 0.000757530148692333 0.14285714285714285; 0.0324200693131968 0.002911862778214968]),"final_Reward" => Dict{Int64,Any}(1 => [1.0, 0.0, 0.0, 0.0, 0.0, 0.0, 0.0]),"final_Qsa" => [0.0 0.0; 0.9711652672303379 0.9831776695714296; 0.9758779238918653 0.9694172362257403; 0.9688082369982343 0.9991634389841707; 0.9805154532254619 0.9851149477481072; 0.9999413286474188 0.9758826103546664; 0.9733636549574071 0.9696770397798024])