DateTime of fitting: 2021-01-04T20:25:02.825
DATA_STATS
nr_subjects: 1
all_subject_ids: [11]
nr_puzzles: 1
nr_episodes: 53
nr_actions: 194
max_state_id: 7
max_action_id: 2
SUBJECT_SIGNALS
subject_id: 11
algorithm_name: Actor-Critic (TD-Lambda, ReplTrc) modulated Actor
param_string: alpha(actor)=0.8874,
                surpriseprobability=0.0435,
                stochasticity=2.7735,
                eta(critic)=0.0446,
                gamma=0.9998,
                lambda_actor=0.841,
                lambda_critic=0.3068,
                temp=0.0488,
                nparticles=15,
                init_policy=nothing,
                init_Vs=nothing,
                use_replacing_trace=true
param_vector: [0.8873517022614976, 0.043513696345808414, 2.773472196145695, 0.04456137074217176, 0.9998107909308974, 0.8409545802252539, 0.30677467943031234, 0.0488293659228768, 15.0]
LL: -4.371
RPE
[0.0, 1.0, 0.031, 0.955, 0.0, 0.028, 0.059, 0.913, 0.085, 0.872, 0.108, 0.833, 0.004, 0.069, 0.129, -0.204, 0.195, 0.803, 0.007, 0.069, 0.153, -0.233, 0.005, 0.01, 0.069, 0.139, 0.777, 0.015, 0.078, 0.157, -0.15, 0.146, 0.747, 0.164, 0.714, 0.018, 0.111, 0.179, 0.682, -0.142, 0.024, 0.112, 0.197, 0.652, 0.209, 0.623, 0.001, 0.385, 0.595, 0.245, 0.568, 0.023, 0.156, 0.252, 0.543, -0.223, 0.03, 0.03, 0.153, 0.267, 0.519, 0.271, 0.496, 0.038, -0.07, 0.033, 0.034, 0.181, 0.274, 0.474, 0.276, 0.452, 0.278, -0.482, 0.21, 0.253, 0.45, 0.256, 0.43, 0.258, 0.411, 0.057, -0.055, 0.053, 0.249, 0.259, 0.392, 0.063, 0.25, 0.26, 0.375, -0.053, 0.05, 0.073, 0.251, 0.26, 0.358, 0.259, 0.342, 0.258, -0.247, 0.239, 0.335, 0.242, 0.32, 0.081, -0.102, 0.649, 0.306, 0.081, -0.075, 0.63, 0.292, 0.082, -0.049, 0.611, 0.279, 0.083, -0.026, 0.592, 0.266, 0.085, -0.004, 0.574, 0.255, 0.304, 0.243, 0.298, 0.232, 0.087, 0.017, 0.578, 0.222, 0.301, -0.685, 0.09, 0.298, 0.269, -0.648, 0.096, 0.287, 0.239, 0.266, -0.28, 0.517, 0.254, 0.252, 0.243, 0.248, 0.232, 0.104, 0.031, 0.523, 0.222, 0.254, 0.212, -0.536, 0.116, 0.106, 0.292, 0.271, 0.202, 0.113, 0.03, 0.525, 0.193, 0.274, 0.185, 0.267, 0.176, 0.115, 0.047, 0.523, 0.169, 0.116, 0.063, 0.505, 0.161, 0.118, 0.077, 0.488, 0.154, 0.282, 0.147, 0.274, 0.14, -0.307, 0.293, 0.276, 0.134, 0.138, 0.073, 0.49, 0.128]
SPE
[0.857, 0.857, 0.821, 0.815, 0.857, 0.857, 0.784, 0.777, 0.748, 0.742, 0.715, 0.715, 0.818, 0.818, 0.685, 0.886, 0.857, 0.698, 0.779, 0.779, 0.66, 0.894, 0.857, 0.744, 0.746, 0.638, 0.682, 0.712, 0.714, 0.614, 0.901, 0.595, 0.668, 0.574, 0.645, 0.683, 0.684, 0.555, 0.624, 0.911, 0.656, 0.657, 0.551, 0.604, 0.535, 0.585, 0.895, 0.815, 0.568, 0.519, 0.552, 0.644, 0.632, 0.504, 0.537, 0.923, 0.821, 0.621, 0.61, 0.505, 0.522, 0.492, 0.508, 0.6, 0.902, 0.781, 0.583, 0.602, 0.48, 0.495, 0.468, 0.482, 0.456, 0.932, 0.582, 0.446, 0.483, 0.436, 0.471, 0.426, 0.46, 0.564, 0.911, 0.548, 0.577, 0.416, 0.45, 0.533, 0.561, 0.407, 0.44, 0.919, 0.746, 0.529, 0.544, 0.398, 0.43, 0.39, 0.421, 0.382, 0.927, 0.374, 0.423, 0.367, 0.415, 0.515, 0.921, 0.78, 0.407, 0.501, 0.899, 0.744, 0.399, 0.487, 0.877, 0.712, 0.391, 0.475, 0.854, 0.683, 0.384, 0.463, 0.832, 0.656, 0.377, 0.36, 0.37, 0.353, 0.364, 0.451, 0.812, 0.631, 0.357, 0.346, 0.953, 0.441, 0.595, 0.34, 0.941, 0.43, 0.58, 0.334, 0.371, 0.951, 0.608, 0.364, 0.339, 0.359, 0.334, 0.353, 0.421, 0.802, 0.586, 0.347, 0.328, 0.342, 0.938, 0.713, 0.412, 0.577, 0.332, 0.337, 0.403, 0.787, 0.566, 0.332, 0.326, 0.327, 0.321, 0.323, 0.394, 0.77, 0.548, 0.318, 0.386, 0.754, 0.53, 0.314, 0.378, 0.738, 0.514, 0.309, 0.316, 0.305, 0.312, 0.301, 0.958, 0.6, 0.317, 0.297, 0.371, 0.729, 0.498, 0.293]
action_selection_prob
[0.5, 0.5, 0.999, 1.0, 0.5, 0.5, 0.999, 1.0, 0.999, 1.0, 0.999, 1.0, 0.995, 0.998, 0.999, 1.0, 0.5, 1.0, 0.996, 0.998, 0.999, 1.0, 0.5, 0.996, 0.998, 0.999, 1.0, 0.996, 0.998, 0.999, 1.0, 0.999, 1.0, 0.999, 1.0, 0.996, 0.998, 0.999, 1.0, 0.999, 0.996, 0.998, 0.999, 1.0, 0.999, 1.0, 0.996, 1.0, 1.0, 0.999, 1.0, 0.996, 0.998, 0.999, 1.0, 0.999, 0.991, 0.997, 0.998, 0.999, 1.0, 0.999, 1.0, 0.997, 0.999, 0.992, 0.997, 0.999, 0.999, 1.0, 0.999, 1.0, 0.999, 1.0, 0.999, 0.999, 1.0, 0.999, 1.0, 0.999, 1.0, 0.997, 0.999, 0.997, 0.999, 0.999, 1.0, 0.997, 0.999, 0.999, 1.0, 0.997, 0.993, 0.997, 0.999, 0.999, 1.0, 0.999, 1.0, 0.999, 1.0, 0.999, 1.0, 0.999, 1.0, 0.997, 0.999, 1.0, 1.0, 0.997, 0.999, 1.0, 1.0, 0.997, 0.999, 1.0, 1.0, 0.997, 0.999, 1.0, 1.0, 0.997, 0.999, 1.0, 1.0, 0.999, 1.0, 0.999, 1.0, 0.998, 0.999, 1.0, 1.0, 0.999, 1.0, 0.998, 0.999, 0.999, 1.0, 0.998, 0.999, 0.999, 1.0, 0.999, 1.0, 1.0, 0.999, 1.0, 0.999, 1.0, 0.998, 0.999, 1.0, 1.0, 0.999, 1.0, 0.999, 0.993, 0.998, 0.999, 0.999, 1.0, 0.998, 0.999, 1.0, 1.0, 0.999, 1.0, 0.999, 1.0, 0.998, 0.999, 1.0, 1.0, 0.998, 0.999, 1.0, 1.0, 0.998, 0.999, 1.0, 1.0, 0.999, 1.0, 0.999, 1.0, 0.999, 0.999, 0.999, 1.0, 0.998, 0.999, 1.0, 1.0]
results_dict
Dict{String,Any}("Surprise" => [1.0000000000000002, 1.0000000000000002, 0.7969884435953797, 0.7728503583467874, 1.0000000000000002, 1.0000000000000002, 0.6607177270637561, 0.6408723788796965, 0.5661278172868219, 0.5546131540833908, 0.5011809079080217, 0.5011475570444196, 0.7847338254971089, 0.7847338254971089, 0.4537067583722953, 1.2510891821747279, 1.0000000000000002, 0.4725439487342922, 0.6467045507549793, 0.6467045507549795, 0.4198744326537251, 1.3508297261413003, 1.0000000000000002, 0.5579502808589978, 0.5631550161754988, 0.39466362808329936, 0.4497498845062606, 0.4959343414319129, 0.49926125833595175, 0.3699780360687085, 1.4432070020834527, 0.35267217889031915, 0.43006629938302315, 0.33534928730924274, 0.40247623808038957, 0.4501069847847421, 0.45238318388707077, 0.32070637833876403, 0.3797465285168308, 1.597899505668263, 0.4148419668514669, 0.41648014402479894, 0.3182123870340874, 0.36069003332806776, 0.3073832779897673, 0.3444787948067726, 1.3589846655781281, 0.7728503583467874, 0.33051728146099174, 0.29713950142964324, 0.3191188793007304, 0.4015469294702184, 0.38808233955509835, 0.28811324594300824, 0.30832495580879093, 1.850029150754518, 0.7969884435953795, 0.3774187290780178, 0.36658623181053096, 0.2886531246952998, 0.29877798962350877, 0.2809942533167616, 0.29027305698258227, 0.3574143661746928, 1.4548163139272392, 0.6528245502246847, 0.3428017048100671, 0.35925563102139846, 0.2746757627715479, 0.2826479329800248, 0.2683972114207381, 0.27577249434910106, 0.2626941316628981, 2.100906605617874, 0.3418594638453943, 0.25793824912858015, 0.276132159285786, 0.2531354958540359, 0.2701652097421842, 0.24871982583686966, 0.2647091120387674, 0.3280130762893964, 1.6060342392145615, 0.316103152265495, 0.33761774904781755, 0.2446460443287779, 0.25970086047604635, 0.30558645796158984, 0.32507175092922985, 0.2408757543009657, 0.25508742031826, 1.7584619899805107, 0.561493671891987, 0.3035180403435123, 0.3132218194612652, 0.23737612094923788, 0.25082382701284056, 0.23411889685899023, 0.24687170491652002, 0.23107964572370276, 1.949414821876176, 0.22823711889356751, 0.2474290074702602, 0.2255727507005002, 0.24401180619771526, 0.294251456650477, 1.808847446163147, 0.6482524228976779, 0.24083939142071573, 0.286004273104814, 1.416808584570768, 0.5588424249864901, 0.23766960739815152, 0.2786155683396784, 1.1641711979077876, 0.49650156486783087, 0.2346975392090986, 0.27195687423827936, 0.9818343108303503, 0.4504934922138669, 0.23190520365525646, 0.26592432746171224, 0.8479435578783857, 0.41511925009446465, 0.2292767421999667, 0.22307024692379507, 0.22679811503713904, 0.2207152469047178, 0.22445684672278526, 0.26043300830882277, 0.7585514415875323, 0.3870632933060258, 0.22224181347584832, 0.2184950443517972, 3.061746477315046, 0.25541278329299294, 0.3524091702703913, 0.21639835525782378, 2.414420931072424, 0.2508052027273453, 0.3402638637020881, 0.21441512389247816, 0.226945714381776, 2.928690240883314, 0.3642621270818478, 0.22476460321147507, 0.21628514724107212, 0.22269272135131973, 0.21440639682359464, 0.220722076924984, 0.24656115208042878, 0.720126713910074, 0.34536298510537855, 0.21884544053003804, 0.21262165265159094, 0.2170562561773585, 2.3041510686146602, 0.49819463877603, 0.24292046832964534, 0.33742220906607084, 0.21376639097442418, 0.21534856446304596, 0.23926159826457064, 0.6717368017582841, 0.32944153803538045, 0.2137169360516544, 0.21207255436982755, 0.2121564138875738, 0.21045763314999288, 0.2109242958157832, 0.23586145525567204, 0.6202723938262772, 0.31584446360353563, 0.20948795320422609, 0.232693433048711, 0.5808287034778411, 0.30409677725567796, 0.20811036568851973, 0.2297344653687606, 0.5448860569865581, 0.293844799165632, 0.2068500619923692, 0.20891622830747575, 0.20563445487556542, 0.20759606788270507, 0.20440521846025653, 3.4287251909932066, 0.35669729764152625, 0.20928051275977047, 0.2032227506934466, 0.2269644542005881, 0.527968542300107, 0.28481971531685524, 0.20208444203441445],"trialByTrial_Vs" => [0.0, 0.0, 0.013667713679625227, 0.04456137074217176, 0.0, 0.0, 0.028102663293289563, 0.08713702572192224, 0.04320933047669624, 0.12781545115552925, 0.05889918621154902, 0.16668119019218153, 0.0018051876174720765, 0.005885522375352881, 0.075090257588197, 0.20381501862245305, 0.0, 0.19739378978704628, 0.003383910309415682, 0.010440042236598713, 0.07988717744242597, 0.23315902268031513, 0.0, 0.004991752037586329, 0.014661096823157064, 0.08358896881267922, 0.22302135223280692, 0.007946978820977823, 0.02289228037126577, 0.1004174600603766, 0.2576445858147121, 0.10536806067153394, 0.2529386523831973, 0.12206387548235802, 0.2862287300614961, 0.010285589442333492, 0.028346241200967084, 0.13913249446701131, 0.3180353562463365, 0.15642286721982343, 0.014230586271142551, 0.038585100368566855, 0.1508879372894184, 0.3484246355696966, 0.16859305114553666, 0.37745972695054103, 0.018509269668027857, 0.01964570791858601, 0.4052009748598308, 0.18640595620806077, 0.43170603473618424, 0.026321822399468793, 0.048997767399877414, 0.20510050326057866, 0.457029992812844, 0.2237441318305069, 0.001128726783527433, 0.0312188186804101, 0.06167050101577461, 0.21455914317112465, 0.48122548060499054, 0.23352856488138377, 0.5043427842953435, 0.03644621870453153, 0.07429111185743568, 0.004072649849943322, 0.03731100423467787, 0.07175809344602825, 0.2523666662988758, 0.5264299492453913, 0.27104748316841065, 0.5475328798494565, 0.2895476260051766, 0.5676954349391277, 0.08553384849893336, 0.296226547003036, 0.5501353756754022, 0.31363784938783507, 0.5701819599837183, 0.33093962907609764, 0.5893352410165575, 0.04306425761786988, 0.10022126579011449, 0.04486388371294761, 0.09851043636855489, 0.3480619711517531, 0.6076350255923634, 0.05222347778731948, 0.11481889813552097, 0.36498651117011754, 0.6251193466831848, 0.060002152168753264, 0.007311919676842901, 0.058342055511898964, 0.1310889799207565, 0.3816968776882588, 0.641824542459703, 0.3981785511097838, 0.6577853318139032, 0.41441873115223066, 0.6730348865163531, 0.42255898697450955, 0.6652914666976016, 0.43779882951664056, 0.6802065377406583, 0.06655741779669776, 0.14730839652815014, 0.04495270546511751, 0.6944569727733195, 0.07187057600544167, 0.15290322162353762, 0.07806572527693342, 0.7080723888872531, 0.07747301009373771, 0.15940041573909539, 0.11012369873547974, 0.7210810833959248, 0.08336794208727115, 0.16672143524834332, 0.1411549014187712, 0.7335100926457239, 0.08955637100605184, 0.1747923659497142, 0.1711871839299666, 0.7453852482063847, 0.4529659596484187, 0.756731230557486, 0.4698207040765204, 0.7675716203826058, 0.09603730737911986, 0.18354369223472541, 0.20024795362503206, 0.7779289475777388, 0.4862591858752479, 0.7878247380758314, 0.102869580776087, 0.1931108827243974, 0.49108935647161484, 0.7601266872469117, 0.11124792257137073, 0.20744517984008373, 0.4949703361262365, 0.734070778976546, 0.5092397632755684, 0.22901885508613753, 0.7459209495857491, 0.5048788740136445, 0.7572430603490774, 0.519436115797017, 0.7680606423370971, 0.12079323910622579, 0.22461374770340659, 0.2555191115001546, 0.7783961780436149, 0.5336787703929529, 0.7882711481116956, 0.5479109588083764, 0.01207454025730271, 0.12831575410251622, 0.23406228848771846, 0.5264401138231143, 0.7977060759775048, 0.1384122904841702, 0.25162344664513375, 0.2818414849222054, 0.8067205705247599, 0.541286266573721, 0.8153333668384415, 0.5560152772632996, 0.8235623651424623, 0.14631552660474767, 0.2609496879873794, 0.30786570255647866, 0.8314246680022209, 0.15447293300609355, 0.27089812528912544, 0.3334932370054747, 0.8389366158693586, 0.16283869007472185, 0.28126591954807756, 0.3582107815956068, 0.8461138210425929, 0.5703420975163435, 0.8529712001152101, 0.5849387935246858, 0.8595230049766528, 0.5990873947221309, 0.2920031073795485, 0.5894093982145497, 0.8657828524326344, 0.1714068724031556, 0.3094101845951147, 0.3820485481187126, 0.8717637525053406, 0.0, 0.0, 0.0, 0.0, 0.0, 0.0, 0.0, 0.0, 0.0, 0.0, 0.0, 0.0, 0.0, 0.0, 0.0, 0.0, 0.0, 0.0, 0.0, 0.0, 0.0, 0.0, 0.0, 0.0, 0.0, 0.0, 0.0, 0.0, 0.0, 0.0, 0.0, 0.0, 0.0, 0.0, 0.0, 0.0, 0.0, 0.0, 0.0, 0.0, 0.0, 0.0, 0.0, 0.0, 0.0, 0.0, 0.0, 0.0, 0.0, 0.0, 0.0, 0.0, 0.0],"final_V" => Dict{Int64,Any}(1 => [0.0, 0.40561627501117575, 0.877478135472535, 0.3198724423163519, 0.020350101862456588, 0.6035521199401622, 0.18076282887706288]),"nparticles" => 15,"trial_by_trial_p_sa_max" => [0.5, 0.5, 0.9993198024332043, 0.9998219186157222, 0.5, 0.5, 0.9993264407219309, 0.9998224198342687, 0.9993329272518455, 0.9998228987536565, 0.9993392467353904, 0.9998233555638818, 0.9953290454436571, 0.9982969112685796, 0.9993453895543881, 0.999823790761438, 0.5, 0.9998237714632596, 0.9955059125195033, 0.9983249176883042, 0.9993496866536978, 0.9998241891429831, 0.5, 0.9955210804189858, 0.9983272500980511, 0.9993497487145873, 0.9998241358191093, 0.9957384241191868, 0.9983632133962679, 0.9993555970537493, 0.9998245388676877, 0.9993558645405792, 0.9998245280248329, 0.9993614723125959, 0.9998249141332295, 0.9958939659488348, 0.9983899200788616, 0.999366922244403, 0.9998252818377936, 0.9993722004553084, 0.9960819116796122, 0.9984237110091708, 0.9993719545938214, 0.9998256320117402, 0.9993771048861627, 0.999825965501573, 0.9962539739644863, 0.999534977766429, 0.999826283121296, 0.9993820854320734, 0.9998265856497517, 0.9964340720213005, 0.9984559235747033, 0.9993869297525125, 0.9998268738200355, 0.9993916038109307, 0.9913571720298647, 0.996579185477913, 0.9984874395855563, 0.99939113733994, 0.9998271483508292, 0.9993957119674046, 0.9998274099136469, 0.9967130854303319, 0.9985173741764904, 0.99209370403534, 0.9967139769113397, 0.9985167809581211, 0.9994001216428694, 0.9998276591462626, 0.9994043716495943, 0.9998278966540431, 0.9994084673097166, 0.9998281230113883, 0.9985456650676561, 0.9994087841420564, 0.9998280775841272, 0.9994126615069643, 0.9998283021494655, 0.999416409240804, 0.9998285161946245, 0.9968387438333137, 0.9985732495565854, 0.996841179326512, 0.9985729909740365, 0.9994200247250483, 0.9998287202325373, 0.9969597367961699, 0.9985997281746267, 0.9994235121760433, 0.9998289147496835, 0.9970697002103309, 0.9927211025244473, 0.9970685332964685, 0.9986250959116043, 0.9994268757463617, 0.999829100207509, 0.9994301195137131, 0.9998292770437803, 0.9994332474722376, 0.9998294456738733, 0.9994336193064497, 0.99982943180275, 0.9994365600053646, 0.9998295964238065, 0.9971709429093536, 0.9986491850610215, 0.9995382905682451, 0.9998297534240324, 0.9972599382273016, 0.9986703627688734, 0.9995416303937992, 0.9998299031679394, 0.9973435998332758, 0.9986909099017854, 0.9995448185993722, 0.9998300460030515, 0.9974223979056094, 0.9987108333475919, 0.999547860892423, 0.9998301822579784, 0.9974967237403933, 0.9987301361612413, 0.9995507637428959, 0.9998303122448815, 0.9994394169571147, 0.9998304362603591, 0.9994422295991578, 0.9998305545862809, 0.9975669191369557, 0.9987488224758513, 0.9995535337844748, 0.9998306674905743, 0.9994449314647623, 0.9998307752279646, 0.9976335229186575, 0.9987669730628571, 0.9994450963889072, 0.9998306962917456, 0.9976512775584186, 0.9987713456839564, 0.999445151944464, 0.9998306160172642, 0.9994476590149527, 0.9995561888925484, 0.9998307450773058, 0.9994496027375558, 0.9998308682068907, 0.9994520380791819, 0.999830985686206, 0.9977157216760103, 0.998789351407589, 0.9995586989288279, 0.9998310977815396, 0.9994543842049916, 0.9998312047460244, 0.9994566526850708, 0.993284226000096, 0.9977735622000773, 0.9988055384229186, 0.9994558907236647, 0.9998313068203397, 0.9978314176767016, 0.998822236686676, 0.9995611093076885, 0.9998314042333704, 0.9994581920880463, 0.9998314972028268, 0.9994604119435587, 0.9998315859358311, 0.9978830624382671, 0.9988371016057076, 0.9995634210452139, 0.9998316706284672, 0.9979322802267484, 0.9988515500810393, 0.9995656357820839, 0.9998317514693623, 0.9979790826150896, 0.9988655313715177, 0.9995677484391711, 0.9998318286370464, 0.9994625449342593, 0.9998319023012773, 0.999464612187359, 0.9998319726239292, 0.9994665952125275, 0.9988790531153979, 0.9994664783736408, 0.9998320397593204, 0.9980236222753712, 0.9988928166762784, 0.9995697643297536, 0.9998321038542302],"final_Tsas" => Dict{Tuple{Int64,Int64},Float64}[Dict((1, 6) => 0.14285714285714285,(2, 3) => 0.14285714285714285,(2, 6) => 0.040454529939755186,(2, 2) => 0.08065380868774225,(2, 1) => 1.0,(2, 5) => 0.14285714285714285,(1, 7) => 0.05436823612431721,(1, 4) => 0.05484777888430567,(1, 3) => 0.710774935938468,(2, 4) => 0.14285714285714285,(1, 1) => 1.0,(1, 2) => 0.14285714285714285,(2, 7) => 0.14285714285714285,(1, 5) => 0.1146426424400083), Dict((1, 6) => 0.14285714285714285,(2, 3) => 0.14285714285714285,(2, 6) => 0.05504076952635532,(2, 2) => 0.08065380868774225,(2, 1) => 0.0,(2, 5) => 0.14285714285714285,(1, 7) => 0.07397118588522449,(1, 4) => 0.2841069453457635,(1, 3) => 0.04847705705071154,(2, 4) => 0.14285714285714285,(1, 1) => 0.0,(1, 2) => 0.14285714285714285,(2, 7) => 0.14285714285714285,(1, 5) => 0.1146426424400083), Dict((1, 6) => 0.14285714285714285,(2, 3) => 0.14285714285714285,(2, 6) => 0.6872652487982919,(2, 2) => 0.5160771478735465,(2, 1) => 0.0,(2, 5) => 0.14285714285714285,(1, 7) => 0.05436823612431721,(1, 4) => 0.05484777888430567,(1, 3) => 0.035630253223661465,(2, 4) => 0.14285714285714285,(1, 1) => 0.0,(1, 2) => 0.14285714285714285,(2, 7) => 0.14285714285714285,(1, 5) => 0.1146426424400083), Dict((1, 6) => 0.14285714285714285,(2, 3) => 0.14285714285714285,(2, 6) => 0.05504076952635532,(2, 2) => 0.08065380868774225,(2, 1) => 0.0,(2, 5) => 0.14285714285714285,(1, 7) => 0.6367153068918511,(1, 4) => 0.05484777888430567,(1, 3) => 0.04847705705071154,(2, 4) => 0.14285714285714285,(1, 1) => 0.0,(1, 2) => 0.14285714285714285,(2, 7) => 0.14285714285714285,(1, 5) => 0.1146426424400083), Dict((1, 6) => 0.14285714285714285,(2, 3) => 0.14285714285714285,(2, 6) => 0.06670338274313203,(2, 2) => 0.08065380868774225,(2, 1) => 0.0,(2, 5) => 0.14285714285714285,(1, 7) => 0.07184056272565582,(1, 4) => 0.07159414292490807,(1, 3) => 0.04253804571083739,(2, 4) => 0.14285714285714285,(1, 1) => 0.0,(1, 2) => 0.14285714285714285,(2, 7) => 0.14285714285714285,(1, 5) => 0.1146426424400083), Dict((1, 6) => 0.14285714285714285,(2, 3) => 0.14285714285714285,(2, 6) => 0.040454529939755186,(2, 2) => 0.08065380868774225,(2, 1) => 0.0,(2, 5) => 0.14285714285714285,(1, 7) => 0.05436823612431721,(1, 4) => 0.4051319430357163,(1, 3) => 0.05562436907344778,(2, 4) => 0.14285714285714285,(1, 1) => 0.0,(1, 2) => 0.14285714285714285,(2, 7) => 0.14285714285714285,(1, 5) => 0.1146426424400083), Dict((1, 6) => 0.14285714285714285,(2, 3) => 0.14285714285714285,(2, 6) => 0.05504076952635532,(2, 2) => 0.08065380868774225,(2, 1) => 0.0,(2, 5) => 0.14285714285714285,(1, 7) => 0.05436823612431721,(1, 4) => 0.07462363204069491,(1, 3) => 0.05847828195216242,(2, 4) => 0.14285714285714285,(1, 1) => 0.0,(1, 2) => 0.14285714285714285,(2, 7) => 0.14285714285714285,(1, 5) => 0.3121441453599498)],"gamma_surprise" => [0.04351369634580842, 0.04351369634580842, 0.03498899835225942, 0.03396529286240657, 0.04351369634580842, 0.04351369634580842, 0.02918108330386712, 0.028329429239041564, 0.025108343961705953, 0.02461022507047042, 0.022292094052638857, 0.0222906437013553, 0.03446954656663884, 0.03446954656663884, 0.02022318834173419, 0.053851146921229213, 0.04351369634580842, 0.021045153039541346, 0.028579869232579914, 0.02857986923257992, 0.018743436783793716, 0.05789576368517314, 0.04351369634580842, 0.024754639975186867, 0.024979790715860387, 0.017637862018860966, 0.020050353878650527, 0.022063880193475712, 0.022208605964649488, 0.016552902869381554, 0.0616110664163318, 0.01579086117756797, 0.019189676848700616, 0.015026885771479391, 0.017980736362286732, 0.020065954360660627, 0.02016538199230154, 0.014380177539390516, 0.01698252535871905, 0.067767421247359, 0.018522945828607477, 0.01859473131166927, 0.014269945057960242, 0.01614406410316153, 0.01379102072956973, 0.015429663727765858, 0.05822492903207487, 0.03396529286240657, 0.01481357270023343, 0.0133375545846612, 0.014310014165306754, 0.017939964060745304, 0.017348841192488324, 0.012937639272518857, 0.013832685512028781, 0.07763022682644037, 0.034988998352259416, 0.016880181810582633, 0.016403642017141194, 0.012961568138154848, 0.01341011433750682, 0.012621997987347826, 0.013033360893051309, 0.015999794882347075, 0.062075907246069054, 0.02884253009134112, 0.015355698140691779, 0.016080894361607236, 0.012341680149353032, 0.012695336693241738, 0.012062976497400414, 0.012390347714795882, 0.011809681552617017, 0.08723906683714606, 0.015314137113033501, 0.011598355814537244, 0.012406306835367904, 0.011384855648960353, 0.012141473501784999, 0.011188481367839205, 0.011899189148500355, 0.0147029860467301, 0.0680889274096185, 0.014176699270682701, 0.015126997114770637, 0.01100724239933182, 0.011676687285442142, 0.013711510186782218, 0.014573064289949136, 0.010839446292248556, 0.011471637042976582, 0.07407252947289066, 0.024907934208739952, 0.013619965385259112, 0.014049291790327814, 0.010683644752363781, 0.011282060525237126, 0.010538591019796362, 0.011106268320681262, 0.010403205895201925, 0.08146088775406184, 0.010276550430221612, 0.011131061179875421, 0.010157803802408067, 0.010979019723617188, 0.013209632760571759, 0.07603356553332045, 0.028646314919674974, 0.010837827691318585, 0.012844152854183822, 0.060552347732399925, 0.024793240466982447, 0.010696712475234986, 0.012516487057222001, 0.05029807784019941, 0.022088558275415084, 0.010564362766025364, 0.012221008531341613, 0.042757037632383, 0.020082838980121726, 0.01043998449522916, 0.011953162487006804, 0.037142916005510763, 0.018535097213310793, 0.010322877050710173, 0.010046245259433378, 0.010212419869208067, 0.009941239283794631, 0.010108061280727724, 0.011709220710356658, 0.033357845263879395, 0.017304074022357785, 0.010009309174142467, 0.00984222332602426, 0.12225949268172978, 0.011486101004772665, 0.015779270812786326, 0.009748697601252547, 0.09896915598535398, 0.011281232255042135, 0.015243749257042995, 0.00966021655457527, 0.010218998155401985, 0.11757105288437836, 0.016301340539418632, 0.010121780329359325, 0.00974364729792861, 0.010029413450427805, 0.00965982716506565, 0.009941543856528819, 0.01109245213896437, 0.0317216921147314, 0.015468655166563166, 0.009857851510630743, 0.009580187961291826, 0.009778046086263625, 0.09487795462736016, 0.022162211112820317, 0.010930453002837693, 0.015118368381147732, 0.009631270171735287, 0.009701863588967557, 0.010767591148775908, 0.029653317577203606, 0.014766070502681876, 0.009629063429761858, 0.009555683413670293, 0.00955942588144317, 0.00948360747719144, 0.009504436288267916, 0.010616197541491946, 0.027443808294429807, 0.014165261857461706, 0.009440324418171749, 0.010475097558088318, 0.025743558421889235, 0.01364558105242596, 0.009378827313412488, 0.010343272262983335, 0.02418903864759435, 0.013191617783129031, 0.009322559205630007, 0.009414802882434584, 0.009268280585759868, 0.009355866505217945, 0.009213387349430982, 0.13493608239320695, 0.015968207604170555, 0.009431064524408178, 0.009160576890712016, 0.01021983335537078, 0.023455637723641693, 0.012791636082404311, 0.009109733313238257],"final_PolicyParameters" => Dict{Int64,Any}(1 => [0.0 0.0; 0.0 0.3798372130339839; 0.42744166505262643 0.0; 0.33327508052914295 0.0; 0.24801090958236466 0.0; 0.0 0.36905846882623544; 0.30526170712030487 0.0]),"particlefilterseeds" => [1, 2, 3])
POPULATION_SIGNALS
subject_id: 11
algorithm_name: Actor-Critic (TD-Lambda, ReplTrc) modulated Actor
param_string: alpha(actor)=0.7972,
                surpriseprobability=0.0043,
                stochasticity=2.7816,
                eta(critic)=0.0,
                gamma=0.9966,
                lambda_actor=0.7939,
                lambda_critic=0.305,
                temp=0.392,
                nparticles=15,
                init_policy=nothing,
                init_Vs=nothing,
                use_replacing_trace=true
param_vector: [0.7972414808175023, 0.004336552046615557, 2.7816353998652787, 3.24411867293681e-5, 0.9966448663088217, 0.7939275473003868, 0.3049775441960644, 0.39196929107560724, 15.0]
LL: -19.484
RPE
[0.0, 1.0, 0.0, 1.0, 0.0, 0.0, 0.0, 1.0, 0.0, 1.0, 0.0, 1.0, 0.0, 0.0, 0.0, -0.0, 0.0, 1.0, 0.0, 0.0, 0.0, -0.0, 0.0, 0.0, 0.0, 0.0, 1.0, 0.0, 0.0, 0.0, -0.0, 0.0, 1.0, 0.0, 1.0, 0.0, 0.0, 0.0, 1.0, -0.0, 0.0, 0.0, 0.0, 1.0, 0.0, 1.0, 0.0, 0.0, 1.0, 0.0, 1.0, 0.0, 0.0, 0.0, 1.0, -0.0, 0.0, 0.0, 0.0, 0.0, 1.0, 0.0, 0.999, 0.0, -0.0, 0.0, 0.0, 0.0, 0.0, 0.999, 0.0, 0.999, 0.0, -0.001, 0.0, 0.0, 0.999, 0.0, 0.999, 0.0, 0.999, 0.0, -0.0, 0.0, 0.0, 0.001, 0.999, 0.0, 0.0, 0.001, 0.999, -0.0, 0.0, 0.0, 0.0, 0.001, 0.999, 0.001, 0.999, 0.001, -0.001, 0.001, 0.999, 0.001, 0.999, 0.0, -0.0, 0.001, 0.999, 0.0, -0.0, 0.001, 0.999, 0.0, -0.0, 0.001, 0.999, 0.0, 0.0, 0.001, 0.999, 0.0, 0.0, 0.001, 0.999, 0.001, 0.999, 0.001, 0.999, 0.0, 0.0, 0.001, 0.999, 0.001, -0.001, 0.0, 0.0, 0.001, -0.001, 0.0, 0.0, 0.001, 0.999, -0.0, 0.001, 0.999, 0.001, 0.999, 0.001, 0.999, 0.0, 0.0, 0.001, 0.999, 0.001, 0.999, -0.0, 0.0, 0.0, 0.0, 0.001, 0.999, 0.0, 0.0, 0.001, 0.999, 0.001, 0.999, 0.001, 0.999, 0.0, 0.0, 0.001, 0.999, 0.0, 0.0, 0.001, 0.998, 0.0, 0.0, 0.001, 0.998, 0.001, 0.998, 0.001, 0.998, -0.0, 0.0, 0.001, 0.998, 0.0, 0.0, 0.002, 0.998]
SPE
[0.857, 0.857, 0.815, 0.815, 0.857, 0.857, 0.777, 0.777, 0.743, 0.743, 0.711, 0.711, 0.815, 0.815, 0.682, 0.886, 0.857, 0.694, 0.777, 0.777, 0.655, 0.895, 0.857, 0.743, 0.743, 0.63, 0.68, 0.711, 0.711, 0.608, 0.902, 0.586, 0.668, 0.566, 0.646, 0.682, 0.682, 0.548, 0.626, 0.912, 0.655, 0.655, 0.545, 0.606, 0.529, 0.588, 0.895, 0.815, 0.571, 0.513, 0.555, 0.644, 0.63, 0.499, 0.54, 0.924, 0.815, 0.621, 0.608, 0.499, 0.525, 0.486, 0.512, 0.6, 0.902, 0.777, 0.581, 0.599, 0.474, 0.499, 0.462, 0.487, 0.451, 0.933, 0.58, 0.44, 0.487, 0.43, 0.476, 0.42, 0.465, 0.562, 0.911, 0.545, 0.575, 0.411, 0.455, 0.529, 0.557, 0.402, 0.445, 0.919, 0.743, 0.526, 0.541, 0.394, 0.436, 0.386, 0.427, 0.378, 0.924, 0.37, 0.43, 0.363, 0.421, 0.512, 0.921, 0.777, 0.413, 0.498, 0.896, 0.743, 0.406, 0.485, 0.872, 0.711, 0.398, 0.472, 0.851, 0.682, 0.391, 0.461, 0.829, 0.655, 0.384, 0.357, 0.378, 0.35, 0.371, 0.45, 0.808, 0.63, 0.365, 0.344, 0.954, 0.439, 0.594, 0.337, 0.939, 0.429, 0.58, 0.331, 0.379, 0.952, 0.608, 0.373, 0.337, 0.367, 0.331, 0.362, 0.419, 0.798, 0.586, 0.356, 0.326, 0.351, 0.938, 0.711, 0.41, 0.576, 0.332, 0.346, 0.401, 0.785, 0.566, 0.341, 0.326, 0.336, 0.321, 0.331, 0.393, 0.768, 0.548, 0.327, 0.384, 0.752, 0.53, 0.322, 0.377, 0.736, 0.514, 0.318, 0.316, 0.314, 0.312, 0.309, 0.959, 0.599, 0.317, 0.305, 0.369, 0.727, 0.499, 0.302]
action_selection_prob
[0.5, 0.5, 0.69, 0.734, 0.5, 0.5, 0.786, 0.825, 0.838, 0.871, 0.87, 0.897, 0.623, 0.654, 0.892, 0.915, 0.5, 0.915, 0.677, 0.713, 0.902, 0.928, 0.5, 0.677, 0.713, 0.902, 0.928, 0.744, 0.782, 0.915, 0.937, 0.915, 0.937, 0.925, 0.944, 0.773, 0.81, 0.933, 0.95, 0.939, 0.811, 0.844, 0.939, 0.954, 0.945, 0.958, 0.838, 0.691, 0.962, 0.949, 0.964, 0.864, 0.869, 0.953, 0.967, 0.956, 0.598, 0.879, 0.887, 0.956, 0.969, 0.959, 0.971, 0.892, 0.9, 0.672, 0.892, 0.9, 0.962, 0.972, 0.964, 0.974, 0.966, 0.975, 0.911, 0.966, 0.975, 0.968, 0.976, 0.969, 0.977, 0.902, 0.92, 0.902, 0.92, 0.971, 0.978, 0.91, 0.927, 0.972, 0.979, 0.917, 0.727, 0.917, 0.933, 0.973, 0.98, 0.974, 0.981, 0.975, 0.982, 0.975, 0.982, 0.976, 0.982, 0.923, 0.938, 0.786, 0.983, 0.929, 0.943, 0.838, 0.983, 0.933, 0.946, 0.87, 0.984, 0.937, 0.95, 0.892, 0.985, 0.941, 0.953, 0.908, 0.985, 0.977, 0.985, 0.978, 0.986, 0.944, 0.955, 0.919, 0.986, 0.979, 0.987, 0.947, 0.958, 0.979, 0.987, 0.947, 0.958, 0.979, 0.987, 0.979, 0.929, 0.987, 0.98, 0.987, 0.98, 0.988, 0.95, 0.96, 0.936, 0.988, 0.981, 0.988, 0.982, 0.768, 0.952, 0.962, 0.982, 0.988, 0.954, 0.964, 0.942, 0.989, 0.982, 0.989, 0.983, 0.989, 0.956, 0.965, 0.947, 0.989, 0.958, 0.967, 0.951, 0.99, 0.96, 0.968, 0.954, 0.99, 0.983, 0.99, 0.984, 0.99, 0.984, 0.969, 0.984, 0.99, 0.961, 0.97, 0.957, 0.991]
results_dict
Dict{String,Any}("Surprise" => [1.0000000000000002, 1.0000000000000002, 0.773340693506996, 0.773340693506996, 1.0000000000000002, 1.0000000000000002, 0.6414854812363958, 0.6414854812363958, 0.5552420044528426, 0.5552420044528426, 0.4944329462714055, 0.4944329462714055, 0.773340693506996, 0.773340693506996, 0.44925275144753235, 1.2567862467957907, 1.0000000000000002, 0.46761099306594767, 0.6414854812363958, 0.6414854812363958, 0.4143622561537865, 1.3595007455141077, 1.0000000000000002, 0.5552420044528426, 0.5552420044528426, 0.3866056385537907, 0.4468976863674651, 0.4944329462714055, 0.4944329462714055, 0.36399789059565696, 1.4622152442324239, 0.34522793716957806, 0.4304195215142343, 0.3293950028085676, 0.40374802243342806, 0.44925275144753235, 0.44925275144753235, 0.31585975430291857, 0.3816041628823791, 1.6162869923098981, 0.4143622561537865, 0.4143622561537865, 0.3138203677416111, 0.362925252668139, 0.3029873190395778, 0.34695703819824025, 1.3595007455141077, 0.773340693506996, 0.3331493714671996, 0.2934453302901547, 0.32109154451906946, 0.40121026620727196, 0.38660563855379065, 0.28497658239117624, 0.31047074401810304, 1.8730732391056886, 0.773340693506996, 0.3772479345415808, 0.3639978905956569, 0.28501586029788684, 0.30104452435991375, 0.2778294616727404, 0.2926220745500371, 0.35735334574051164, 1.462215244232424, 0.6414854812363958, 0.34057175276175783, 0.35651854789809234, 0.27133467354762125, 0.28505116705601286, 0.26543623992076554, 0.27820887474056827, 0.26005562984110686, 2.1298594859014806, 0.339778050785131, 0.2551275210288496, 0.27855344992218034, 0.2505971348634427, 0.2725970598438001, 0.24641819158326336, 0.2671415932703198, 0.326225515601359, 1.6125291651214797, 0.3138203677416111, 0.3358106861132555, 0.24255132359033119, 0.2621264097116977, 0.3029873190395778, 0.3227364408494664, 0.23896283143361408, 0.25750027700115674, 1.7703587403873722, 0.5552420044528426, 0.3013751872759094, 0.31131917803269826, 0.23562369912784817, 0.25321961480736865, 0.23250880785256492, 0.24924711749532213, 0.22959630291802174, 1.8688606748898486, 0.2268670802405364, 0.2505141465474354, 0.22430436680788868, 0.24689926770532936, 0.2924460832714698, 1.817520914783229, 0.6414854812363958, 0.24351926129902132, 0.28446786505929555, 1.3746007047720465, 0.5552420044528426, 0.24035195674796891, 0.27729632502552254, 1.116939550135152, 0.4944329462714055, 0.2373778887156209, 0.2708150122928185, 0.9578249197794572, 0.44925275144753235, 0.23457989670784335, 0.26492886113006436, 0.8354010423998968, 0.4143622561537865, 0.23194279374255106, 0.22205249474836458, 0.22961740672255476, 0.21976955591058148, 0.22725265785124038, 0.25955949744769446, 0.7451549746768759, 0.3866056385537907, 0.2250134768981299, 0.21761463083254812, 3.102268716304046, 0.2546417294430303, 0.3518329749958028, 0.21557723939446227, 2.3593308262129784, 0.2501208879120817, 0.3400572708304282, 0.2136480156998963, 0.2300865157285359, 2.9482514119266665, 0.36399789059565696, 0.22788554461174304, 0.21551029930165308, 0.22579284298111701, 0.21367997705793834, 0.2238006094173921, 0.2459507855339785, 0.7085716056752206, 0.34522793716957806, 0.22190177484171, 0.21193965651233365, 0.2200899185083996, 2.319755455332336, 0.4944329462714055, 0.24209213334523844, 0.33715536394549617, 0.21370889161607126, 0.21835919530786463, 0.23851129920804762, 0.6648824744929487, 0.3293950028085676, 0.21670427264125502, 0.21204942203712346, 0.21512027542751103, 0.2104659444516603, 0.2136027380456526, 0.23517932509597925, 0.6160814870794039, 0.31585975430291857, 0.2121475622125182, 0.2320711423636304, 0.5756435929505537, 0.30415586587881666, 0.21075097995762246, 0.22916493997698953, 0.5415838380270657, 0.29393520629983216, 0.20940952098949264, 0.2089533535639962, 0.20811998385737027, 0.20750699156532412, 0.2068794104029089, 3.46192192257315, 0.3562108322507964, 0.20918162619847555, 0.2056850630719967, 0.22644165201448502, 0.5228860255229583, 0.2849326234261808, 0.2045344047198719],"trialByTrial_Vs" => [0.0, 0.0, 9.860638325553667e-6, 3.24411867293681e-5, 0.0, 0.0, 1.972168576904001e-5, 6.488132102813979e-5, 2.9583142293536855e-5, 9.732040293045717e-5, 3.944500786212398e-5, 0.00012975843247046124, 9.112762187756218e-7, 2.998069800280655e-6, 4.930728243788314e-5, 0.00016219540968229185, 0.0, 0.00016219174180324793, 9.961849578761366e-7, 3.277195202729419e-6, 5.022067119410442e-5, 0.00019462766684003423, 0.0, 9.969736561026863e-7, 3.279548344082713e-6, 5.022343359103924e-5, 0.00019462145190998135, 1.9087689230702693e-6, 6.279083350599863e-6, 6.008681608315568e-5, 0.0002270563248884865, 6.009055969748698e-5, 0.00022705254065753886, 6.995435081844586e-5, 0.0002594863615330381, 1.9939776818639454e-6, 6.558953261958467e-6, 7.981855084252071e-5, 0.000291919130216898, 8.96831596798147e-5, 2.906218446277844e-6, 9.55971151346045e-6, 8.96806487425607e-5, 0.0003243508467432529, 9.954566643762543e-5, 0.00035678151114623593, 3.818631740264947e-6, 9.864282998812527e-6, 0.00038921112345997937, 0.0001094110928720963, 0.00042163968371861413, 6.8185714398763865e-6, 1.256081554787192e-5, 0.00011927765673407464, 0.0004540671919562702, 0.0001291446292143752, 2.7717633002958403e-7, 7.731396720098798e-6, 1.5563373336618185e-5, 0.00012914064821091013, 0.0004864936482070764, 0.0001390080294017854, 0.0005189190525051603, 8.644394547891309e-6, 1.8566276838447736e-5, 5.549269313483545e-7, 8.64456094203946e-6, 1.856580150019757e-5, 0.00014887581913718866, 0.0005513434048846487, 0.00015874401738022784, 0.000583766705379667, 0.00016861262409401286, 0.0006161889540243395, 2.1569494033848678e-5, 0.00016862165193681384, 0.0006161724411525081, 0.00017849066637734036, 0.0006485936385166553, 0.00018836008925804322, 0.0006810137840986848, 9.55786604989836e-6, 2.4573975625716368e-5, 9.558202135695893e-6, 2.4573634707958836e-5, 0.00019822992049886692, 0.0007134328779327177, 1.0472286230531045e-5, 2.7579348542376077e-5, 0.00020810016006292924, 0.0007458509200528739, 1.138654294083278e-5, 8.327914451636407e-7, 1.1386304160616241e-5, 3.058540809622863e-5, 0.00021797080791334986, 0.0007782679104932723, 0.00022784186401325043, 0.0008106838492880306, 0.00023771332832575462, 0.0008430987364712655, 0.00023772689882124511, 0.0008430850130750371, 0.0002475987703687524, 0.0008754988491260673, 1.2300733492144407e-5, 3.359181336029246e-5, 1.973334755243471e-5, 0.0009079116336337895, 1.3214115838143366e-5, 3.659455187423452e-5, 2.9613748026160615e-5, 0.0009403233666323171, 1.4127670807057385e-5, 3.959763638937412e-5, 3.949455631483614e-5, 0.0009727340481557623, 1.5041398401664148e-5, 4.26010668964689e-5, 4.937577238160284e-5, 0.0010051436782382362, 1.5955298624740857e-5, 4.5604843386276215e-5, 5.9257396189604255e-5, 0.0010375522569138487, 0.00025747105024725194, 0.0010699597842167088, 0.00026734737972582714, 0.0011023662601809241, 1.686937147906424e-5, 4.8608965849553113e-5, 6.913942770198586e-5, 0.0011347716848406015, 0.00027722411703328537, 0.0011671760582298465, 1.7783751524738693e-5, 5.1613876966389876e-5, 0.0002772418323365703, 0.0011671405811182845, 1.7788667387563453e-5, 5.162648844488899e-5, 0.00027725954632786454, 0.0011671051053923718, 0.0002871374168389396, 7.902332331573418e-5, 0.001199508429847083, 0.00029013525409372573, 0.001231910703099495, 0.00030001416321985764, 0.00126431192518371, 1.8704574079376653e-5, 5.463619931810138e-5, 8.890835302914355e-5, 0.001296712096133829, 0.00030989347997312217, 0.001329111215983952, 0.0003197739323801019, 1.1110773017556997e-6, 1.9619501268042235e-5, 5.764246525887446e-5, 0.0003197641275129474, 0.0013615092847681783, 2.053617768636153e-5, 6.0654263976573184e-5, 9.879524639246353e-5, 0.0013939063025206054, 0.00032964498774421533, 0.0014263022692753303, 0.0003395269834374132, 0.0014586971850664484, 2.1451450009853534e-5, 6.366122073202618e-5, 0.00010868400313265502, 0.0014910910499280543, 2.2367029523410637e-5, 6.666896596333774e-5, 0.00011857462297670848, 0.0015234838638942413, 2.328278173163745e-5, 6.967705713384566e-5, 0.00012846564987904015, 0.0015558756269991015, 0.00034940938651589857, 0.0015882663392767264, 0.0003592943806371664, 0.001620656000761206, 0.00036917978192837597, 7.268549423429674e-5, 0.00036917306670488303, 0.0016530446114866293, 2.4198706637304028e-5, 7.569990644936668e-5, 0.00013835708380282994, 0.0016854321714870842, 0.0, 0.0, 0.0, 0.0, 0.0, 0.0, 0.0, 0.0, 0.0, 0.0, 0.0, 0.0, 0.0, 0.0, 0.0, 0.0, 0.0, 0.0, 0.0, 0.0, 0.0, 0.0, 0.0, 0.0, 0.0, 0.0, 0.0, 0.0, 0.0, 0.0, 0.0, 0.0, 0.0, 0.0, 0.0, 0.0, 0.0, 0.0, 0.0, 0.0, 0.0, 0.0, 0.0, 0.0, 0.0, 0.0, 0.0, 0.0, 0.0, 0.0, 0.0, 0.0, 0.0],"final_V" => Dict{Int64,Any}(1 => [0.0, 0.00014825110819306894, 0.0017178186807966574, 7.870925535809104e-5, 1.3903033440242102e-6, 0.00037905887534706267, 2.5115073710153733e-5]),"nparticles" => 15,"trial_by_trial_p_sa_max" => [0.5, 0.5, 0.6902276159023754, 0.7335160141443056, 0.5, 0.5, 0.7855039345052653, 0.825301781459475, 0.8378421884693286, 0.8706795814363371, 0.8701838241661722, 0.897461327054606, 0.6230262914070176, 0.6536110259607031, 0.8919716590141656, 0.9150869853389549, 0.5, 0.9150865296151279, 0.676947739819593, 0.7131215852317178, 0.9020014799663957, 0.9275530400149827, 0.5, 0.6769525604661546, 0.7131264108269091, 0.9020016637769641, 0.9275519320307384, 0.7435866735009785, 0.7816376892311555, 0.9150610759318466, 0.9368315449687702, 0.9150615392630977, 0.9368312804263973, 0.9250820406448803, 0.9440058621028742, 0.7731500522377397, 0.8098500882641999, 0.9330073609269668, 0.9497183005361234, 0.9394286349225088, 0.8106746583836858, 0.8443280459954313, 0.9394284171802458, 0.9543738421101369, 0.9447345472024411, 0.95824075626251, 0.8381979884623435, 0.6906310260851825, 0.9615036604001168, 0.949191463562312, 0.9642937487988441, 0.8642017885519997, 0.8686100144637809, 0.9529873096090705, 0.9667068035262428, 0.9562582417811865, 0.5981820435670391, 0.8794568572069728, 0.8865350871092239, 0.9562580143011996, 0.9688143823150818, 0.9591055270465143, 0.9706710186107367, 0.8917372696731379, 0.900261875836418, 0.6721436450698209, 0.8917372848490717, 0.9002617779322224, 0.9616065532998108, 0.972318998540617, 0.9638205188005032, 0.9737916153441244, 0.9657940254753725, 0.9751154386996238, 0.9110885025075216, 0.9657941871240106, 0.9751151994466156, 0.9675642233954864, 0.9763116799409811, 0.9691606962326147, 0.9773983570006927, 0.9018166554586668, 0.919833976581298, 0.9018167100700774, 0.9198339387953153, 0.9706078810492381, 0.9783896797185085, 0.910226954110724, 0.9270391445411049, 0.9719257359293684, 0.9792976690183768, 0.9173427864317502, 0.726913462421644, 0.9173427587017674, 0.9330734460612855, 0.9731308191752064, 0.9801324070739285, 0.9742369826762337, 0.9809024129560384, 0.9752559024316148, 0.9816149342094806, 0.9752560556317554, 0.9816148499078816, 0.9761976109593322, 0.9822760831576671, 0.923436899932032, 0.9381981704897862, 0.7858804136906232, 0.9828913810721209, 0.9287113495012463, 0.9426027387095899, 0.8381546068811045, 0.9834653689615218, 0.9333189348417775, 0.9464278735865962, 0.8704335189236425, 0.9840020713996191, 0.9373770423741316, 0.9497800364672275, 0.8921728059204153, 0.9845050066759992, 0.9409773012144095, 0.9527412568378982, 0.9077533170085618, 0.984977263972839, 0.9770703044006828, 0.9854215668430507, 0.9778814925973642, 0.9858403254496579, 0.944192223116209, 0.9553757289579454, 0.9194449582006515, 0.986235681231757, 0.9786373666451847, 0.9866095425108647, 0.9470800052233592, 0.9577344717927285, 0.9786374755997198, 0.9866093524730011, 0.9470810931086333, 0.9577352687487617, 0.9786375819432953, 0.9866091611363663, 0.9793435807383074, 0.9285321431393784, 0.986963243256701, 0.9798682393012418, 0.987299067493792, 0.9804965879487335, 0.9876180103930271, 0.949688664267349, 0.9598590945410082, 0.9357923077146989, 0.9879213135245184, 0.9810869697915104, 0.9882100996296227, 0.9816427292123728, 0.7679135527019373, 0.9520545309740196, 0.9617812252276666, 0.9816426296045007, 0.9884853865039217, 0.9542107398631016, 0.9635291228077875, 0.9417234905712937, 0.9887480989783936, 0.9821667183684055, 0.9889990792959217, 0.9826617675004493, 0.9892390961283873, 0.9561834294328344, 0.9651250789450804, 0.9466582857674931, 0.9894688524376734, 0.9579950801426813, 0.9665881438435463, 0.9508272545277163, 0.9896889923498793, 0.959664442146848, 0.9679341410212429, 0.95439505124487, 0.9899001071842961, 0.9831301153165886, 0.9901027407559507, 0.9835738814428457, 0.9902973940518196, 0.9839949313290954, 0.9691765229998774, 0.9839949010613074, 0.990484529365354, 0.9612075262266583, 0.9703268804817496, 0.957482514850907, 0.9906645739611347],"final_Tsas" => Dict{Tuple{Int64,Int64},Float64}[Dict((1, 6) => 0.14285714285714285,(2, 3) => 0.14285714285714285,(2, 6) => 0.04007646902621294,(2, 2) => 0.08069389530953722,(2, 1) => 1.0,(2, 5) => 0.14285714285714285,(1, 7) => 0.054143639554432396,(1, 4) => 0.05419957620122072,(1, 3) => 0.7022592417755964,(2, 4) => 0.14285714285714285,(1, 1) => 1.0,(1, 2) => 0.14285714285714285,(2, 7) => 0.14285714285714285,(1, 5) => 0.11366860770585357), Dict((1, 6) => 0.14285714285714285,(2, 3) => 0.14285714285714285,(2, 6) => 0.054483989518709516,(2, 2) => 0.08069389530953722,(2, 1) => 0.0,(2, 5) => 0.14285714285714285,(1, 7) => 0.07360831833909798,(1, 4) => 0.28740774097442395,(1, 3) => 0.047660002338086,(2, 4) => 0.14285714285714285,(1, 1) => 0.0,(1, 2) => 0.14285714285714285,(2, 7) => 0.14285714285714285,(1, 5) => 0.11366860770585357), Dict((1, 6) => 0.14285714285714285,(2, 3) => 0.14285714285714285,(2, 6) => 0.6875035833802395,(2, 2) => 0.5158366281427766,(2, 1) => 0.0,(2, 5) => 0.14285714285714285,(1, 7) => 0.054143639554432396,(1, 4) => 0.05419957620122072,(1, 3) => 0.035056988747779565,(2, 4) => 0.14285714285714285,(1, 1) => 0.0,(1, 2) => 0.14285714285714285,(2, 7) => 0.14285714285714285,(1, 5) => 0.11366860770585357), Dict((1, 6) => 0.14285714285714285,(2, 3) => 0.14285714285714285,(2, 6) => 0.054483989518709516,(2, 2) => 0.08069389530953722,(2, 1) => 0.0,(2, 5) => 0.14285714285714285,(1, 7) => 0.6380840030943994,(1, 4) => 0.05419957620122072,(1, 3) => 0.047660002338086,(2, 4) => 0.14285714285714285,(1, 1) => 0.0,(1, 2) => 0.14285714285714285,(2, 7) => 0.14285714285714285,(1, 5) => 0.11366860770585357), Dict((1, 6) => 0.14285714285714285,(2, 3) => 0.14285714285714285,(2, 6) => 0.06889151001120608,(2, 2) => 0.08069389530953722,(2, 1) => 0.0,(2, 5) => 0.14285714285714285,(1, 7) => 0.07173312034877283,(1, 4) => 0.07138340505260925,(1, 3) => 0.047660002338086,(2, 4) => 0.14285714285714285,(1, 1) => 0.0,(1, 2) => 0.14285714285714285,(2, 7) => 0.14285714285714285,(1, 5) => 0.11366860770585357), Dict((1, 6) => 0.14285714285714285,(2, 3) => 0.14285714285714285,(2, 6) => 0.04007646902621294,(2, 2) => 0.08069389530953722,(2, 1) => 0.0,(2, 5) => 0.14285714285714285,(1, 7) => 0.054143639554432396,(1, 4) => 0.4049257611171961,(1, 3) => 0.06026301592839243,(2, 4) => 0.14285714285714285,(1, 1) => 0.0,(1, 2) => 0.14285714285714285,(2, 7) => 0.14285714285714285,(1, 5) => 0.11366860770585357), Dict((1, 6) => 0.14285714285714285,(2, 3) => 0.14285714285714285,(2, 6) => 0.054483989518709516,(2, 2) => 0.08069389530953722,(2, 1) => 0.0,(2, 5) => 0.14285714285714285,(1, 7) => 0.054143639554432396,(1, 4) => 0.07368436425210823,(1, 3) => 0.05944074653397386,(2, 4) => 0.14285714285714285,(1, 1) => 0.0,(1, 2) => 0.14285714285714285,(2, 7) => 0.14285714285714285,(1, 5) => 0.31798835376487855)],"gamma_surprise" => [0.004336552046615559, 0.004336552046615559, 0.0033569317621218275, 0.0033569317621218275, 0.004336552046615559, 0.004336552046615559, 0.0027861668771766786, 0.0027861668771766786, 0.0024124888571078833, 0.0024124888571078833, 0.002148845371999724, 0.002148845371999724, 0.0033569317621218275, 0.0033569317621218275, 0.0019528720692374697, 0.005444056649283085, 0.004336552046615559, 0.0020325119356422285, 0.0027861668771766786, 0.0027861668771766786, 0.0018014786125220737, 0.005886368928296463, 0.004336552046615559, 0.0024124888571078833, 0.0024124888571078833, 0.001681006979529293, 0.0019426546442822665, 0.002148845371999724, 0.002148845371999724, 0.001582861418252554, 0.0063282879600834036, 0.0015013619644094057, 0.0018711584470866938, 0.0014326047507516348, 0.0017554132459439964, 0.0019528720692374697, 0.0019528720692374697, 0.0013738181210067933, 0.0016592960572943058, 0.006990430315656466, 0.0018014786125220737, 0.0018014786125220737, 0.001364960006277022, 0.0015782043647339671, 0.0013179038164225082, 0.001508870306582282, 0.005886368928296463, 0.0033569317621218275, 0.0014489095924528621, 0.0012764520107678516, 0.0013965417837179083, 0.0017443988516181487, 0.0016810069795292926, 0.0012396596392055157, 0.0013504105102186124, 0.0080920420850961, 0.0033569317621218275, 0.0016403853218769466, 0.0015828614182525538, 0.0012398302878475367, 0.001309464308931213, 0.001208606951427285, 0.0012728755052323498, 0.0015540122138859667, 0.006328287960083404, 0.0027861668771766786, 0.0014811426735735554, 0.0015503875808371538, 0.0011803868324737597, 0.0012399836832007556, 0.001154756516306964, 0.0012102554673629094, 0.0011313751385943298, 0.009191212380154986, 0.0014776959734298717, 0.001109959139361662, 0.001211752611075288, 0.00109027070655297, 0.0011858720772053972, 0.0010721089078371156, 0.0011621668807533043, 0.0014188395752722485, 0.006974291088673674, 0.001364960006277022, 0.0014604670891242347, 0.0010553028083305372, 0.0011403738176993471, 0.0013179038164225082, 0.0014036859829161955, 0.0010397060740639284, 0.0011202704995484651, 0.007651690809474331, 0.0024124888571078833, 0.001310900719970787, 0.0013540958261418327, 0.0010251926999899868, 0.0011016677369306666, 0.0010116535983184854, 0.0010844035673539614, 0.0009989938516069444, 0.008073989924586503, 0.000987130484245987, 0.0010899100435501317, 0.0009759906416836495, 0.0010741997111046045, 0.0012721109353821382, 0.007853930116962877, 0.0027861668771766786, 0.0010595096916926824, 0.0012374494366751076, 0.005951359661876055, 0.0024124888571078833, 0.0010457437146018447, 0.0012062905110558559, 0.004841211443827719, 0.002148845371999724, 0.0010328172511964546, 0.001178128814253102, 0.004154417435979779, 0.0019528720692374697, 0.0010206557776734403, 0.0011525517544926278, 0.00362534784425836, 0.0018014786125220737, 0.0010091933373848549, 0.0009662017884238166, 0.0009990855843892827, 0.0009562776925355408, 0.000988806527584492, 0.0011292191460030266, 0.0032349784627756298, 0.001681006979529293, 0.000979073092641788, 0.0009469099005817133, 0.013331610818260365, 0.001107847993347565, 0.0015300426670733377, 0.0009380528839345304, 0.010171402449611238, 0.0010882009579700955, 0.0014789085065366428, 0.0009296659529850034, 0.0010011246756102296, 0.012678132040690753, 0.001582861418252554, 0.0009915575714959319, 0.0009377618770449364, 0.0009824609194449853, 0.0009298049000219478, 0.0009738008327002445, 0.0010700775076427677, 0.0030766458946164905, 0.0015013619644094057, 0.0009655466044548772, 0.0009222390706723072, 0.0009576703432003243, 0.01000249411099385, 0.002148845371999724, 0.0010533070478807446, 0.0014663066236684664, 0.0009299306015364957, 0.0009501466571522883, 0.0010377435361460631, 0.0028874937190251425, 0.0014326047507516348, 0.0009429523802140298, 0.0009227162661656822, 0.0009360663332325084, 0.0009158321992897411, 0.000929469115353663, 0.001023261218355848, 0.0026761248674379975, 0.0013738181210067933, 0.0009231429211389886, 0.0010097512240065194, 0.00250091068612893, 0.0013229799196472782, 0.0009170713798059166, 0.0009971188247311334, 0.002353284703052685, 0.0012785801881583614, 0.0009112394135300818, 0.0009092562191760202, 0.0009056331122226813, 0.0009029680878088487, 0.0009002396225898055, 0.014854217224012886, 0.0015490514946738564, 0.0009102486386771174, 0.0008950470496081621, 0.0009852812102200646, 0.0022722237623105106, 0.0012394686529482138, 0.0008900443688251259],"final_PolicyParameters" => Dict{Int64,Any}(1 => [0.0 0.0; 0.0 1.2476385338165448; 1.836203688819472 0.0; 1.3818819745844877 0.0; 0.5415271500897296 0.0; 0.0 1.6247372063296657; 1.2736192973588547 0.0]),"particlefilterseeds" => [1, 2, 3])