DateTime of fitting: 2021-01-04T19:13:17.668
DATA_STATS
nr_subjects: 1
all_subject_ids: [4]
nr_puzzles: 1
nr_episodes: 60
nr_actions: 189
max_state_id: 7
max_action_id: 2
SUBJECT_SIGNALS
subject_id: 4
algorithm_name: Actor-Critic (TD-Lambda, ReplTrc) modulated Actor
param_string: alpha(actor)=0.7834,
                surpriseprobability=0.0638,
                stochasticity=2.744,
                eta(critic)=0.0014,
                gamma=0.9599,
                lambda_actor=0.8433,
                lambda_critic=0.3365,
                temp=0.4079,
                nparticles=15,
                init_policy=nothing,
                init_Vs=nothing,
                use_replacing_trace=true
param_vector: [0.783414430664112, 0.06377045873090062, 2.7439937157182355, 0.0013520965772327049, 0.9599178167976266, 0.8433152230222021, 0.33650301686955825, 0.40787120986292724, 15.0]
LL: -76.064
RPE
[0.0, 0.0, 0.0, 1.0, 0.0, 0.0, -0.0, 1.0, 0.0, 0.001, 0.0, 0.999, 0.0, 0.002, 0.997, 0.001, 0.999, 0.001, 0.002, 0.997, 0.001, -0.0, 0.003, 0.996, 0.001, 0.003, 0.995, 0.001, 0.004, 0.993, 0.001, 0.002, 0.996, 0.002, 0.003, 0.995, 0.002, 0.003, -0.006, 0.001, 0.001, 0.005, 0.992, 0.003, 0.006, 0.991, 0.003, 0.003, -0.006, 0.001, 0.004, -0.006, 0.0, 0.003, 0.006, 0.989, 0.011, -0.011, 0.003, 0.007, 0.988, 0.001, 0.011, 0.987, 0.001, 0.004, -0.002, 0.002, 0.993, 0.001, -0.002, 0.013, 0.985, 0.014, 0.984, 0.001, -0.001, 0.015, 0.983, 0.004, 0.003, 0.992, 0.004, 0.012, 0.981, 0.007, 0.991, 0.004, 0.013, 0.98, 0.019, 0.979, 0.019, 0.977, 0.001, 0.02, 0.976, 0.021, 0.975, 0.001, 0.022, 0.973, 0.004, 0.004, 0.989, 0.004, 0.02, 0.972, -0.0, 0.004, 0.004, 0.988, 0.005, 0.02, 0.971, 0.001, 0.025, 0.969, 0.005, 0.005, 0.987, 0.026, 0.968, 0.002, 0.027, 0.967, 0.027, 0.965, 0.008, 0.985, 0.005, 0.026, 0.964, 0.003, 0.029, 0.963, 0.03, 0.962, 0.005, 0.006, 0.984, 0.03, 0.96, 0.009, 0.983, 0.031, 0.959, 0.005, 0.032, 0.958, 0.032, 0.956, 0.008, 0.981, 0.005, 0.033, 0.955, -0.006, 0.005, 0.034, 0.954, 0.009, 0.98, 0.006, 0.035, 0.952, 0.006, 0.036, 0.951, 0.037, -0.039, 0.037, 0.95, 0.006, 0.009, 0.979, 0.007, 0.037, 0.949, 0.006, -0.009, 0.019, 0.977, -0.002, 0.047, 0.947, 0.007, 0.039, 0.946]
SPE
[0.857, 0.857, 0.857, 0.857, 0.823, 0.815, 0.857, 0.857, 0.788, 0.781, 0.818, 0.818, 0.857, 0.857, 0.778, 0.857, 0.815, 0.815, 0.864, 0.779, 0.753, 0.75, 0.87, 0.746, 0.857, 0.815, 0.713, 0.879, 0.779, 0.683, 0.779, 0.823, 0.745, 0.875, 0.787, 0.715, 0.815, 0.876, 0.857, 0.734, 0.723, 0.846, 0.659, 0.776, 0.754, 0.635, 0.84, 0.762, 0.818, 0.703, 0.789, 0.781, 0.893, 0.744, 0.725, 0.611, 0.815, 0.902, 0.713, 0.7, 0.604, 0.769, 0.838, 0.583, 0.74, 0.765, 0.876, 0.734, 0.685, 0.71, 0.884, 0.776, 0.567, 0.741, 0.55, 0.685, 0.851, 0.709, 0.533, 0.685, 0.856, 0.657, 0.659, 0.684, 0.517, 0.887, 0.633, 0.633, 0.66, 0.503, 0.898, 0.489, 0.692, 0.476, 0.901, 0.665, 0.463, 0.643, 0.451, 0.874, 0.619, 0.44, 0.647, 0.839, 0.611, 0.627, 0.649, 0.429, 0.66, 0.717, 0.816, 0.591, 0.606, 0.64, 0.419, 0.86, 0.601, 0.409, 0.6, 0.798, 0.57, 0.581, 0.4, 0.838, 0.562, 0.392, 0.546, 0.383, 0.889, 0.551, 0.594, 0.632, 0.375, 0.82, 0.542, 0.367, 0.526, 0.359, 0.59, 0.781, 0.533, 0.511, 0.352, 0.875, 0.516, 0.511, 0.345, 0.803, 0.499, 0.338, 0.486, 0.332, 0.862, 0.5, 0.585, 0.624, 0.326, 0.934, 0.572, 0.607, 0.32, 0.845, 0.485, 0.558, 0.591, 0.314, 0.797, 0.506, 0.309, 0.495, 0.952, 0.577, 0.311, 0.556, 0.783, 0.471, 0.543, 0.574, 0.305, 0.788, 0.687, 0.734, 0.458, 0.637, 0.818, 0.3, 0.54, 0.561, 0.296]
action_selection_prob
[0.5, 0.5, 0.5, 0.5, 0.617, 0.643, 0.326, 0.5, 0.699, 0.733, 0.437, 0.711, 0.5, 0.209, 0.806, 0.243, 0.711, 0.646, 0.462, 0.806, 0.504, 0.343, 0.64, 0.856, 0.263, 0.247, 0.886, 0.623, 0.504, 0.905, 0.533, 0.464, 0.856, 0.668, 0.318, 0.886, 0.249, 0.435, 0.095, 0.724, 0.342, 0.565, 0.919, 0.33, 0.366, 0.93, 0.471, 0.4, 0.176, 0.775, 0.463, 0.176, 0.775, 0.528, 0.601, 0.938, 0.188, 0.944, 0.633, 0.691, 0.944, 0.27, 0.55, 0.949, 0.476, 0.708, 0.291, 0.219, 0.709, 0.58, 0.236, 0.309, 0.954, 0.562, 0.957, 0.677, 0.442, 0.714, 0.96, 0.257, 0.525, 0.639, 0.462, 0.693, 0.963, 0.794, 0.775, 0.625, 0.783, 0.965, 0.726, 0.968, 0.841, 0.969, 0.801, 0.871, 0.971, 0.891, 0.972, 0.837, 0.906, 0.974, 0.863, 0.834, 0.84, 0.882, 0.866, 0.975, 0.104, 0.612, 0.888, 0.876, 0.78, 0.903, 0.976, 0.823, 0.918, 0.977, 0.853, 0.916, 0.899, 0.927, 0.978, 0.874, 0.934, 0.979, 0.94, 0.98, 0.945, 0.915, 0.89, 0.925, 0.98, 0.903, 0.949, 0.981, 0.953, 0.982, 0.913, 0.932, 0.926, 0.956, 0.982, 0.959, 0.935, 0.961, 0.983, 0.921, 0.963, 0.983, 0.965, 0.984, 0.967, 0.942, 0.928, 0.939, 0.984, 0.968, 0.934, 0.944, 0.985, 0.969, 0.948, 0.939, 0.948, 0.985, 0.943, 0.971, 0.986, 0.972, 0.986, 0.952, 0.986, 0.947, 0.955, 0.952, 0.95, 0.958, 0.986, 0.953, 0.027, 0.283, 0.956, 0.045, 0.541, 0.987, 0.866, 0.96, 0.987]
results_dict
Dict{String,Any}("Surprise" => [1.0000000000000002, 1.0000000000000002, 1.0000000000000002, 1.0000000000000002, 0.8080610827180238, 0.7710618867910078, 1.0000000000000002, 1.0000000000000002, 0.6736994003097828, 0.6536074275117816, 0.7830126493619206, 0.7830126493619206, 1.0000000000000002, 1.0000000000000002, 0.6444997601642624, 1.0000000000000002, 0.7710618867910078, 0.7710618867910078, 1.0520617602142535, 0.646037449556043, 0.5789126632930711, 0.5716590714911769, 1.10123890354569, 0.5617198163245675, 1.0000000000000002, 0.7710618867910078, 0.49759341712416005, 1.1851019399205773, 0.646037449556043, 0.45065800980788334, 0.646037449556043, 0.8092182389925062, 0.5608820840522227, 1.1458588567042363, 0.6693999537515919, 0.5009102119864957, 0.7710618867910078, 1.1531234416463656, 1.0000000000000002, 0.5369088173163346, 0.5155199720493263, 0.9249392710900002, 0.4193679996085031, 0.638640812569843, 0.5818685969705644, 0.3918064098327454, 0.8915405150249116, 0.600509523638055, 0.7830126493619206, 0.48081540968286574, 0.6765835058000469, 0.6521457044541292, 1.3351526130210303, 0.5573491854172119, 0.5196984713765855, 0.3676730319417863, 0.7710618867910078, 1.4544933987629411, 0.4985016822560023, 0.47578386168694464, 0.3604135971552343, 0.6184503488545626, 0.8832948179134797, 0.3427927238485329, 0.5484416430950547, 0.6069844153289692, 1.150609339133815, 0.5362837567238807, 0.45295229544490084, 0.493116714126391, 1.2361613280456583, 0.638640812569843, 0.3297381006940235, 0.5523274051655125, 0.3174563283135558, 0.4539142102844892, 0.9595967608403638, 0.4916111175221807, 0.30588547232181407, 0.45370961948959915, 0.9916283638253084, 0.41643907571639716, 0.41891015564730777, 0.45142939061200216, 0.29576818631958657, 1.26030880107127, 0.38958715550827755, 0.3893543511193088, 0.4201821267763611, 0.2873480809698935, 1.403042243505691, 0.27933435573469323, 0.46374606112304767, 0.2727225825815515, 1.4471980645855447, 0.42700752841835005, 0.2662283797002327, 0.3996171768346811, 0.26035828022751034, 1.136081834238389, 0.37543000636565116, 0.2550258111503704, 0.4043481359714044, 0.8846745467282614, 0.36751556297808813, 0.38255188938478024, 0.4070783918277946, 0.2501598610917203, 0.4204265013542683, 0.5047156922116554, 0.7761766677248436, 0.34964629639391676, 0.36274272431816024, 0.3970507805455722, 0.2457013982485733, 1.023452971806968, 0.3581471892412972, 0.2418704170596687, 0.3574544780463856, 0.7089214336719476, 0.332568452962006, 0.3408761742305937, 0.23805778542359088, 0.8829393933214935, 0.326183436971627, 0.2347970718028865, 0.3143421126691012, 0.23149761740718777, 1.2815714468522599, 0.31814743278149343, 0.35217343352778124, 0.38802032959824195, 0.22852727682128404, 0.7944120555490528, 0.31182867264385616, 0.22565420339773373, 0.30151135614564384, 0.22296937527178926, 0.3480870851925222, 0.6526978251097899, 0.30579840219109067, 0.29238455479687514, 0.22045472145179723, 1.1432491411993695, 0.29509860991994746, 0.2921231050411288, 0.21809442958912215, 0.7242531278754023, 0.28491234578607816, 0.21587460151534996, 0.27794133595488785, 0.21378297029634527, 1.0333404263438466, 0.28573431454009957, 0.3444005961356961, 0.3803417179023105, 0.21180866629898318, 2.165408739524729, 0.33386542152301146, 0.36355241496941615, 0.21011197076836424, 0.9224337576420844, 0.2774674450938773, 0.3232969018038394, 0.3496582281988329, 0.20833581571440318, 0.7039567533756922, 0.2889589882283417, 0.20665158137021172, 0.2826898269501937, 2.9975734056610044, 0.3376891805171739, 0.20727079648294272, 0.321481390509962, 0.6584765683260845, 0.27011388414222104, 0.3125883601790001, 0.3352288921266461, 0.20566883823767776, 0.67441372747198, 0.4567263662006726, 0.5370799850298287, 0.26352887794158164, 0.39350931245269183, 0.7856563870224376, 0.2041445782047443, 0.3103747468019541, 0.3255778174883749, 0.20282778949382502],"trialByTrial_Vs" => [0.0, 0.0, 0.0, 0.0, 4.556976171860188e-5, 0.00014107619669991383, 0.0004367478021547004, 0.0, 9.132088532195901e-5, 0.00028233775178327205, 0.0008729050791009935, 0.0013520965772327049, 0.0, 0.00042416001312074736, 0.0027023649893112454, 0.00013737460925124576, 0.0013520965772327049, 0.00014219316922302102, 0.0008626614618324, 0.0027023649893112454, 0.0005751010307621026, 0.0013005700142361381, 0.0013096369923811162, 0.004050807708091469, 0.0002845716967341441, 0.001748102407260953, 0.005397427202087036, 0.0006217414597029316, 0.002187134621038219, 0.006742225936473937, 0.0004282698896901788, 0.00144214230970087, 0.004050807708091469, 0.000571135726624147, 0.0026267312993920227, 0.005397427202087036, 0.000715203091938747, 0.0030645755220515803, 0.006742225936473937, 0.0007657359178482109, 0.0018804285645946939, 0.003066754122433635, 0.008085206373095006, 0.000720463049032116, 0.0035063179829663994, 0.00942637097046443, 0.0008662066831601011, 0.0039464424596870685, 0.006749522218515884, 0.0008134691849312536, 0.002023852152218378, 0.006742572705856373, 0.0008160980651508494, 0.0008705102606973291, 0.003947538775392242, 0.010765722183772244, 0.0008633794144858651, 0.012103262464888832, 0.001016803531346203, 0.004388220066366313, 0.012090631156292758, 0.0011636466170730662, 0.0020321970627129337, 0.013426380032522455, 0.0013086342451156378, 0.0024777593162575782, 0.0067497889988206335, 0.004829445142640823, 0.006747650123948564, 0.0013262256083508733, 0.002527741091998464, 0.0008883825373732559, 0.01476032284726856, 0.0013366400685363143, 0.016092462042500623, 0.0013737523179038922, 0.002670270389624477, 0.0017854386889456966, 0.017422800056886414, 0.001421826265094008, 0.005265472899400145, 0.008090623226544314, 0.001567764932005965, 0.005702068544544166, 0.018751339325796392, 0.0022347761159027682, 0.00943178049980473, 0.0017168476983641496, 0.006147254386308919, 0.020078082281308158, 0.00186648131841582, 0.02140303135221091, 0.002676624498466408, 0.022726188964009887, 0.0023191367591854223, 0.003129323989610489, 0.02404755753893081, 0.00358254928888148, 0.02536713949592432, 0.002466461296314008, 0.004036298146783209, 0.0266849372506704, 0.0026151013095127374, 0.006592980823548419, 0.010771124398906439, 0.002761315365557816, 0.00703008987352196, 0.028000953215582804, 0.0029125008933115, 0.0028141200872849933, 0.007481445442272385, 0.012108657375706435, 0.0029597251295595366, 0.007918505023871338, 0.029315189799813467, 0.003111773025897228, 0.004490568318941311, 0.030627649409256916, 0.003261028439478554, 0.008369791129356385, 0.013444381878746563, 0.004947619555482058, 0.03193833444655468, 0.003408642855400799, 0.00540518151600072, 0.03324724731109969, 0.005863251983835867, 0.034554390399040645, 0.006321828747386663, 0.014778300353258006, 0.003559013177471099, 0.008806799846013775, 0.03585976610328644, 0.0037128362142486064, 0.006762755215924044, 0.03716337681351053, 0.007222362502778566, 0.038465224916155276, 0.0038650536505557727, 0.009262520777813369, 0.016110415241165753, 0.0076824694476243325, 0.03976531279443636, 0.008143073859051598, 0.01744072898109308, 0.008583830588816949, 0.04106364282834712, 0.00401336174288306, 0.009044334334762797, 0.042360217394662905, 0.009505331985274812, 0.04365503886694545, 0.009966821362862746, 0.018769244008366007, 0.004168583213480264, 0.009700618302509298, 0.0449481096155472, 0.010406256265624404, 0.00432487983419608, 0.01016295716691507, 0.04623943200761565, 0.010448461833520335, 0.020095962755017755, 0.004481722473378726, 0.010625782931699848, 0.04752900840709767, 0.004639110326379186, 0.010888388020730236, 0.04881684117474388, 0.011352452478619292, 0.0501029326681129, 0.011089093434959158, 0.05006572096557333, 0.0047968697502027416, 0.011553941049506486, 0.021420887649793205, 0.004947368394234062, 0.01199351348614998, 0.051350123852851794, 0.005106367378967621, 0.011433399874348622, 0.0029612022113282, 0.022744021118153337, 0.00515774605075254, 0.0034135322821479304, 0.05263279010338258, 0.00530942869510833, 0.012458265253665208, 0.05391372206526629, 0.0, 0.0, 0.0, 0.0, 0.0, 0.0, 0.0, 0.0, 0.0, 0.0, 0.0, 0.0, 0.0, 0.0, 0.0, 0.0, 0.0, 0.0, 0.0, 0.0, 0.0, 0.0, 0.0, 0.0, 0.0, 0.0, 0.0, 0.0, 0.0, 0.0, 0.0, 0.0, 0.0, 0.0, 0.0, 0.0, 0.0, 0.0, 0.0, 0.0, 0.0, 0.0, 0.0, 0.0, 0.0, 0.0, 0.0, 0.0, 0.0, 0.0, 0.0, 0.0, 0.0, 0.0, 0.0, 0.0, 0.0, 0.0, 0.0, 0.0],"final_V" => Dict{Int64,Any}(1 => [0.0, 0.0038909895857877894, 0.01156789366955689, 0.05519292208342867, 0.01292459628422903, 0.024065365582279678, 0.0054690514674431544]),"nparticles" => 15,"trial_by_trial_p_sa_max" => [0.5, 0.5, 0.5, 0.5, 0.617030249459496, 0.643180605556545, 0.32566910199042914, 0.5, 0.6989510026979283, 0.732945902038628, 0.43702606430779917, 0.7107657764231414, 0.5, 0.20936869805317104, 0.8062443024004987, 0.24349373114577405, 0.7107657764231414, 0.6463833153794173, 0.46226260138303493, 0.8063079254695387, 0.5040023649489757, 0.3431884484009556, 0.6403954309583308, 0.8558900870182596, 0.26314664519013453, 0.24692637567580944, 0.8856506788014346, 0.6231332937594324, 0.504011585214562, 0.9053670516001359, 0.5329264882213733, 0.4634926582934054, 0.8558586407514613, 0.6678240601727935, 0.31796872828575834, 0.8856322057836622, 0.2491984565092728, 0.43536404883054797, 0.09464960743171016, 0.7237975056028253, 0.3415652014246992, 0.5646870061041691, 0.91934489020436, 0.33037294487264796, 0.36563455991224614, 0.9297501750341561, 0.4711581387151394, 0.39959766207190134, 0.176366273936457, 0.7750897115982978, 0.46289168939408815, 0.17590832223331304, 0.775149716499453, 0.5284776912152853, 0.6006331302967777, 0.9377908581471227, 0.1882456877708729, 0.9441871263765913, 0.6331397850809682, 0.6910931583868796, 0.9441699443546742, 0.26950982981717103, 0.5501548848433953, 0.9493758200463768, 0.47551260358107306, 0.7077415945696319, 0.29126153982826447, 0.21882978142254061, 0.7089278091182468, 0.5799394069704148, 0.23627546860419602, 0.3092206723789341, 0.953695200394137, 0.5617006876815842, 0.9573353026207087, 0.6773285054508129, 0.4417426325882045, 0.7141930232639877, 0.9604442889886994, 0.2565261572458769, 0.52493794772012, 0.6386093542461359, 0.46163513722571103, 0.6930521517377642, 0.963130217206789, 0.7943736657867712, 0.7753626819404607, 0.625259217845573, 0.7825367478629762, 0.9654736135179517, 0.7262393559117343, 0.9675357752413829, 0.8405702816843631, 0.9693643646179003, 0.8011262019905944, 0.8705672368048146, 0.9709967526511635, 0.8912624352618457, 0.9724628709099796, 0.8374694314492473, 0.9063466029620787, 0.973786817598248, 0.8630607698173746, 0.8335227825231756, 0.8395894718975284, 0.8817368637483919, 0.8654979608312873, 0.97498825851214, 0.10380282704404538, 0.6115454373948622, 0.8876113443266589, 0.8757192995502566, 0.7798237367496861, 0.9034380494455944, 0.9760833996093631, 0.8231539651767497, 0.9178059851564396, 0.9770857146137479, 0.8528582936265074, 0.9155217475857956, 0.898696018576236, 0.9268042998182725, 0.9780064803612258, 0.8741498554867765, 0.9340442537174173, 0.9788552531051472, 0.9399919205645946, 0.9796401252236453, 0.9449630096052694, 0.9145508086872057, 0.8903534781446621, 0.9248679017753506, 0.9803680489377042, 0.902966388071968, 0.9491367398781014, 0.9810449872404652, 0.9527615429858206, 0.9816761086838782, 0.9130290807773993, 0.9324466416597772, 0.9261337730378459, 0.95590657136462, 0.9822659027654396, 0.9586607606302774, 0.9349592118635671, 0.9610689855089602, 0.9828182918469922, 0.9211672260247806, 0.963233104141128, 0.9833367178615403, 0.9651700060637003, 0.9838242136002961, 0.9669135687614557, 0.9419035773667891, 0.9280037261688695, 0.9385945626972919, 0.9842834616843903, 0.9684756911263106, 0.9337683603268796, 0.943779125205399, 0.9847168436318913, 0.9694218223815613, 0.9475084531740398, 0.938691055989022, 0.9481615451169959, 0.9851264762938661, 0.9429421013150732, 0.9707620003812498, 0.9855142609107832, 0.9720018620161236, 0.9858818969352094, 0.9519137359798616, 0.9858805671767555, 0.9466485863713675, 0.9551624174129412, 0.9521261992552161, 0.9498787164747601, 0.9579748269938003, 0.9862296095030214, 0.9527705977408278, 0.027232947145724475, 0.2826991034264472, 0.9559958032312763, 0.04515161989843343, 0.5410734145300664, 0.9865614091954462, 0.8659559277380783, 0.9604794859996181, 0.9868772108966707],"final_Tsas" => Dict{Tuple{Int64,Int64},Float64}[Dict((1, 6) => 0.5543598036470341,(2, 3) => 0.0995114643920873,(2, 6) => 0.11916938758083175,(2, 2) => 0.1013055933087558,(2, 1) => 1.0,(2, 5) => 0.1059852028817506,(1, 7) => 0.05802963983152828,(1, 4) => 0.14285714285714285,(1, 3) => 0.060891164909207,(2, 4) => 0.7091813119601749,(1, 1) => 1.0,(1, 2) => 0.1031028414788241,(2, 7) => 0.0919799298609642,(1, 5) => 0.06439462993562306), Dict((1, 6) => 0.07427336605882762,(2, 3) => 0.33871067080482925,(2, 6) => 0.11916938758083175,(2, 2) => 0.1013055933087558,(2, 1) => 0.0,(2, 5) => 0.1059852028817506,(1, 7) => 0.05802963983152828,(1, 4) => 0.14285714285714285,(1, 3) => 0.060891164909207,(2, 4) => 0.04418373155865892,(1, 1) => 0.0,(1, 2) => 0.1031028414788241,(2, 7) => 0.38360763568848305,(1, 5) => 0.06439462993562306), Dict((1, 6) => 0.07427336605882762,(2, 3) => 0.0995114643920873,(2, 6) => 0.24464837197228903,(2, 2) => 0.1013055933087558,(2, 1) => 0.0,(2, 5) => 0.1059852028817506,(1, 7) => 0.22168354109244798,(1, 4) => 0.14285714285714285,(1, 3) => 0.060891164909207,(2, 4) => 0.04418373155865892,(1, 1) => 0.0,(1, 2) => 0.17294141240943567,(2, 7) => 0.0919799298609642,(1, 5) => 0.06439462993562306), Dict((1, 6) => 0.07427336605882762,(2, 3) => 0.0995114643920873,(2, 6) => 0.11916938758083175,(2, 2) => 0.21206269096002267,(2, 1) => 0.0,(2, 5) => 0.1750725378092498,(1, 7) => 0.07436193263511895,(1, 4) => 0.14285714285714285,(1, 3) => 0.5165236994942809,(2, 4) => 0.04418373155865892,(1, 1) => 0.0,(1, 2) => 0.1031028414788241,(2, 7) => 0.0919799298609642,(1, 5) => 0.4524279670054846), Dict((1, 6) => 0.07427336605882762,(2, 3) => 0.13058959319788901,(2, 6) => 0.15950469012355228,(2, 2) => 0.1013055933087558,(2, 1) => 0.0,(2, 5) => 0.1059852028817506,(1, 7) => 0.47183596694632024,(1, 4) => 0.14285714285714285,(1, 3) => 0.060891164909207,(2, 4) => 0.053798050382085905,(1, 1) => 0.0,(1, 2) => 0.31154438019644354,(2, 7) => 0.1564927150066957,(1, 5) => 0.06439462993562306), Dict((1, 6) => 0.07427336605882762,(2, 3) => 0.0995114643920873,(2, 6) => 0.11916938758083175,(2, 2) => 0.2814093424961986,(2, 1) => 0.0,(2, 5) => 0.29500144778199716,(1, 7) => 0.05802963983152828,(1, 4) => 0.14285714285714285,(1, 3) => 0.16315852530579683,(2, 4) => 0.04418373155865892,(1, 1) => 0.0,(1, 2) => 0.1031028414788241,(2, 7) => 0.0919799298609642,(1, 5) => 0.2255988833164002), Dict((1, 6) => 0.07427336605882762,(2, 3) => 0.13265387842893223,(2, 6) => 0.11916938758083175,(2, 2) => 0.1013055933087558,(2, 1) => 0.0,(2, 5) => 0.1059852028817506,(1, 7) => 0.05802963983152828,(1, 4) => 0.14285714285714285,(1, 3) => 0.07675311556309432,(2, 4) => 0.060285711423104016,(1, 1) => 0.0,(1, 2) => 0.1031028414788241,(2, 7) => 0.0919799298609642,(1, 5) => 0.06439462993562306)],"gamma_surprise" => [0.06377045873090062, 0.06377045873090062, 0.06377045873090062, 0.06377045873090062, 0.052168975903899274, 0.04989947707226505, 0.06377045873090062, 0.06377045873090062, 0.04387508749552032, 0.042622356861154787, 0.050633713928629705, 0.050633713928629705, 0.06377045873090062, 0.06377045873090062, 0.042053413628342064, 0.06377045873090062, 0.04989947707226505, 0.04989947707226505, 0.0668684576268966, 0.042149518374281485, 0.03793622499732419, 0.0374787108596207, 0.06977603240527183, 0.03685109368324097, 0.06377045873090062, 0.04989947707226505, 0.03278205483465523, 0.07469281767121289, 0.042149518374281485, 0.029781984255718152, 0.042149518374281485, 0.052239780037224466, 0.036798157431445114, 0.07239853099579246, 0.04360729361699335, 0.032993359757212105, 0.04989947707226505, 0.07282410154744473, 0.06377045873090062, 0.035280818375609854, 0.03392301404527801, 0.05926749479128085, 0.027771593186949082, 0.041687055811353436, 0.03812254328953063, 0.025993839963344974, 0.057249917309472674, 0.039295856900135435, 0.050633713928629705, 0.03171175221196137, 0.04405464189250798, 0.0425310905997888, 0.0833616203773287, 0.03657484975038892, 0.03418857340497989, 0.02443186299850917, 0.04989947707226505, 0.09014112817889647, 0.03283992737513234, 0.03139031786092363, 0.023961032298143576, 0.040422404065209985, 0.056750472212469656, 0.022816289275833613, 0.036011361337617544, 0.03970273570202282, 0.07267686575067847, 0.035241192489624554, 0.02992906557403481, 0.03249670851212237, 0.07766099139834313, 0.041687055811353436, 0.021966460353616515, 0.03625725449454511, 0.02116559183830627, 0.029990718431148564, 0.06135200109677266, 0.03240070351868862, 0.020409879848275695, 0.029977606068843435, 0.06327037336805999, 0.027582982566375886, 0.02774211474868986, 0.02983144066236228, 0.019748146081404908, 0.07905810492367159, 0.02585041272712642, 0.025835364464061258, 0.0278240066248647, 0.01919673650987204, 0.08723062938539651, 0.018671363179193667, 0.030620430814449238, 0.018237476749210266, 0.08972957414945626, 0.02826320320949539, 0.01781093200168558, 0.026498302942021885, 0.01742505984631489, 0.07182516090745267, 0.024934461252043405, 0.017074266025024175, 0.026803600692175654, 0.056834079788266295, 0.024421654733658267, 0.025395454194701315, 0.0269797021460192, 0.01675394328799423, 0.02783973833669361, 0.03323568392969472, 0.05021386048412087, 0.0232618517263209, 0.024112143782466327, 0.026332608379099738, 0.0164602618641911, 0.06516859890387401, 0.023813945045914654, 0.016207772831511664, 0.023768980044684914, 0.04606328150450556, 0.0221508358952993, 0.022691618371402402, 0.015956364427226026, 0.05672893210903167, 0.021734803008920778, 0.015741248037660378, 0.02096231189996118, 0.015523480079882253, 0.08028480980777508, 0.021210692129416123, 0.023426042707717722, 0.025749125565648248, 0.015327351588836568, 0.05133301954960742, 0.02079818591440168, 0.015137571183447173, 0.020123894964861364, 0.014960159157353414, 0.02316052045289362, 0.04256556565093659, 0.020404188728671408, 0.01952663587835397, 0.014793934180828932, 0.0722455544542818, 0.019704320054653605, 0.019509515844304024, 0.0146378618711025, 0.04701264832937199, 0.019037111201218915, 0.014491032482173536, 0.018579980503757677, 0.01435264256217758, 0.0657567852577058, 0.019090984530270985, 0.022920856291255287, 0.02525243847970265, 0.014221979775029628, 0.12853645300543237, 0.022235300134022102, 0.02416466475740346, 0.014109661905411994, 0.05911643949063393, 0.018548889186841843, 0.021546606830374203, 0.023262627079015115, 0.013992056549464072, 0.04575545377436814, 0.01930227838540025, 0.013880511660618646, 0.018891413632337987, 0.16955736715035663, 0.022484235061813896, 0.013921524493518115, 0.021428202115989045, 0.042926248129836087, 0.018066179753085682, 0.020847798814602764, 0.022324079543597292, 0.01381541406170932, 0.04391956530907999, 0.030170915486796287, 0.03529166903154499, 0.017633517364392837, 0.026103867492168708, 0.05079598792375445, 0.013714428995926278, 0.02070322038535019, 0.02169532386092694, 0.013627172639413848],"final_PolicyParameters" => Dict{Int64,Any}(1 => [0.0 0.0; 2.053067247626776 2.4082517586702066; 2.510529694482417 1.5362692410711276; 0.0 1.7719838483857755; 3.4283536312626297 2.102316469291517; 2.197364706511106 0.9085622039000681; 3.394119347483236 2.5649723858739693]),"particlefilterseeds" => [1, 2, 3])
POPULATION_SIGNALS
subject_id: 4
algorithm_name: Actor-Critic (TD-Lambda, ReplTrc) modulated Actor
param_string: alpha(actor)=0.7972,
                surpriseprobability=0.0043,
                stochasticity=2.7816,
                eta(critic)=0.0,
                gamma=0.9966,
                lambda_actor=0.7939,
                lambda_critic=0.305,
                temp=0.392,
                nparticles=15,
                init_policy=nothing,
                init_Vs=nothing,
                use_replacing_trace=true
param_vector: [0.7972414808175023, 0.004336552046615557, 2.7816353998652787, 3.24411867293681e-5, 0.9966448663088217, 0.7939275473003868, 0.3049775441960644, 0.39196929107560724, 15.0]
LL: -76.283
RPE
[0.0, 0.0, 0.0, 1.0, 0.0, 0.0, -0.0, 1.0, 0.0, 0.0, 0.0, 1.0, 0.0, 0.0, 1.0, 0.0, 1.0, 0.0, 0.0, 1.0, 0.0, 0.0, 0.0, 1.0, 0.0, 0.0, 1.0, 0.0, 0.0, 1.0, 0.0, 0.0, 1.0, 0.0, 0.0, 1.0, 0.0, 0.0, -0.0, 0.0, 0.0, 0.0, 1.0, 0.0, 0.0, 1.0, 0.0, 0.0, -0.0, 0.0, 0.0, -0.0, 0.0, 0.0, 0.0, 1.0, 0.0, -0.0, 0.0, 0.0, 1.0, 0.0, 0.0, 1.0, 0.0, 0.0, -0.0, 0.0, 1.0, 0.0, -0.0, 0.0, 1.0, 0.0, 1.0, 0.0, -0.0, 0.0, 1.0, 0.0, 0.0, 1.0, 0.0, 0.0, 1.0, 0.0, 1.0, 0.0, 0.0, 1.0, 0.0, 0.999, 0.0, 0.999, 0.0, 0.001, 0.999, 0.001, 0.999, 0.0, 0.001, 0.999, 0.0, 0.0, 1.0, 0.0, 0.001, 0.999, 0.0, 0.0, 0.0, 1.0, 0.0, 0.001, 0.999, 0.0, 0.001, 0.999, 0.0, 0.0, 1.0, 0.001, 0.999, 0.0, 0.001, 0.999, 0.001, 0.999, 0.0, 1.0, 0.0, 0.001, 0.999, 0.0, 0.001, 0.999, 0.001, 0.999, 0.0, 0.0, 1.0, 0.001, 0.999, 0.0, 1.0, 0.001, 0.999, 0.0, 0.001, 0.999, 0.001, 0.999, 0.0, 1.0, 0.0, 0.001, 0.999, -0.0, 0.0, 0.001, 0.999, 0.0, 1.0, 0.0, 0.001, 0.999, 0.0, 0.001, 0.999, 0.001, -0.001, 0.001, 0.999, 0.0, 0.0, 0.999, 0.0, 0.001, 0.999, 0.0, -0.0, 0.0, 0.999, -0.0, 0.001, 0.999, 0.0, 0.001, 0.999]
SPE
[0.857, 0.857, 0.857, 0.857, 0.815, 0.821, 0.857, 0.857, 0.777, 0.781, 0.815, 0.815, 0.857, 0.857, 0.777, 0.857, 0.815, 0.818, 0.864, 0.777, 0.743, 0.748, 0.87, 0.743, 0.857, 0.815, 0.711, 0.881, 0.78, 0.684, 0.779, 0.824, 0.743, 0.876, 0.787, 0.711, 0.815, 0.876, 0.857, 0.723, 0.716, 0.839, 0.657, 0.777, 0.756, 0.632, 0.839, 0.764, 0.815, 0.694, 0.787, 0.777, 0.895, 0.743, 0.724, 0.609, 0.815, 0.902, 0.711, 0.696, 0.6, 0.765, 0.839, 0.581, 0.735, 0.764, 0.876, 0.734, 0.682, 0.707, 0.886, 0.777, 0.562, 0.743, 0.544, 0.681, 0.851, 0.711, 0.528, 0.682, 0.857, 0.655, 0.655, 0.681, 0.513, 0.886, 0.63, 0.63, 0.656, 0.498, 0.899, 0.484, 0.694, 0.471, 0.902, 0.668, 0.459, 0.644, 0.447, 0.872, 0.621, 0.436, 0.646, 0.84, 0.608, 0.626, 0.646, 0.426, 0.657, 0.71, 0.818, 0.586, 0.606, 0.637, 0.415, 0.857, 0.6, 0.406, 0.6, 0.799, 0.566, 0.581, 0.397, 0.837, 0.562, 0.388, 0.545, 0.379, 0.887, 0.548, 0.595, 0.629, 0.371, 0.819, 0.542, 0.364, 0.527, 0.356, 0.59, 0.782, 0.53, 0.512, 0.349, 0.872, 0.514, 0.512, 0.342, 0.803, 0.499, 0.336, 0.487, 0.329, 0.861, 0.499, 0.585, 0.622, 0.323, 0.935, 0.571, 0.606, 0.318, 0.844, 0.484, 0.558, 0.59, 0.312, 0.798, 0.51, 0.306, 0.499, 0.952, 0.575, 0.312, 0.555, 0.784, 0.471, 0.543, 0.571, 0.307, 0.79, 0.68, 0.734, 0.458, 0.635, 0.819, 0.302, 0.541, 0.558, 0.297]
action_selection_prob
[0.5, 0.5, 0.5, 0.5, 0.623, 0.653, 0.31, 0.5, 0.707, 0.745, 0.424, 0.734, 0.5, 0.198, 0.825, 0.236, 0.734, 0.654, 0.472, 0.825, 0.487, 0.324, 0.65, 0.871, 0.254, 0.235, 0.897, 0.614, 0.512, 0.915, 0.532, 0.469, 0.871, 0.673, 0.303, 0.897, 0.243, 0.429, 0.085, 0.722, 0.325, 0.571, 0.928, 0.319, 0.351, 0.937, 0.474, 0.395, 0.161, 0.775, 0.468, 0.161, 0.775, 0.526, 0.605, 0.944, 0.188, 0.95, 0.641, 0.705, 0.95, 0.262, 0.552, 0.954, 0.476, 0.717, 0.273, 0.206, 0.728, 0.579, 0.229, 0.307, 0.958, 0.574, 0.962, 0.678, 0.442, 0.728, 0.964, 0.256, 0.518, 0.648, 0.47, 0.7, 0.967, 0.805, 0.79, 0.635, 0.791, 0.969, 0.734, 0.971, 0.85, 0.972, 0.809, 0.878, 0.974, 0.898, 0.975, 0.844, 0.912, 0.976, 0.868, 0.841, 0.852, 0.886, 0.872, 0.977, 0.1, 0.617, 0.893, 0.886, 0.785, 0.909, 0.978, 0.827, 0.923, 0.979, 0.856, 0.92, 0.907, 0.931, 0.98, 0.877, 0.938, 0.981, 0.943, 0.982, 0.948, 0.922, 0.893, 0.929, 0.982, 0.906, 0.952, 0.983, 0.955, 0.983, 0.915, 0.936, 0.933, 0.958, 0.984, 0.961, 0.941, 0.963, 0.985, 0.923, 0.965, 0.985, 0.967, 0.985, 0.969, 0.947, 0.93, 0.942, 0.986, 0.97, 0.936, 0.947, 0.986, 0.971, 0.952, 0.94, 0.951, 0.987, 0.944, 0.972, 0.987, 0.974, 0.987, 0.955, 0.987, 0.948, 0.958, 0.956, 0.951, 0.96, 0.988, 0.954, 0.026, 0.276, 0.96, 0.044, 0.55, 0.988, 0.866, 0.963, 0.988]
results_dict
Dict{String,Any}("Surprise" => [1.0000000000000002, 1.0000000000000002, 1.0000000000000002, 1.0000000000000002, 0.773340693506996, 0.7974403297896184, 1.0000000000000002, 1.0000000000000002, 0.6414854812363958, 0.6533400096612024, 0.773340693506996, 0.773340693506996, 1.0000000000000002, 1.0000000000000002, 0.6414854812363958, 1.0000000000000002, 0.773340693506996, 0.785205637862483, 1.0513572493591576, 0.6414854812363958, 0.5552420044528426, 0.5674449342924549, 1.1027144987183164, 0.5552420044528426, 1.0000000000000002, 0.773340693506996, 0.4944329462714055, 1.2054289974366323, 0.6488609017247907, 0.4520063075757386, 0.647267870951337, 0.8111172445891635, 0.5552420044528426, 1.1517181479786165, 0.6713616911333633, 0.4944329462714055, 0.773340693506996, 1.1510714447345602, 1.0000000000000002, 0.5154982401767637, 0.5022178937571491, 0.8866703467534981, 0.4163332415107529, 0.6414854812363958, 0.5845999218643112, 0.3880743609550025, 0.884866144572386, 0.6046595595136378, 0.773340693506996, 0.46761099306594756, 0.6713616911333633, 0.6414854812363958, 1.3595007455141077, 0.5552420044528426, 0.5184296530861466, 0.3651278344775388, 0.773340693506996, 1.4595595357639923, 0.4944329462714055, 0.46959557814736846, 0.35747751880083906, 0.6086625638827305, 0.8866703467534981, 0.34054486283281593, 0.5390808963341159, 0.6046595595136378, 1.154071748077475, 0.5365635340821214, 0.44925275144753235, 0.48766964544622876, 1.249966847934997, 0.6414854812363958, 0.3260909817245669, 0.5552420044528426, 0.3136076786444309, 0.44810878591576003, 0.9570315392668821, 0.4944329462714055, 0.3027170290489588, 0.44925275144753235, 0.998375286896661, 0.4143622561537865, 0.4143622561537865, 0.44728907152591246, 0.2931320870921224, 1.2567862467957907, 0.38660563855379065, 0.38660563855379065, 0.4158851433344783, 0.28463102522694606, 1.4108579948732656, 0.27703963123515685, 0.46761099306594767, 0.2702191690745666, 1.4622152442324239, 0.43062997126062574, 0.2640577770470932, 0.4012102662072718, 0.25846425530315725, 1.1133296532465025, 0.37724793454158057, 0.2533635019836442, 0.4037480224334283, 0.8912360130479553, 0.36399789059565696, 0.381604162882379, 0.4038776530888215, 0.2486931087991949, 0.41671343945676104, 0.49234888431552365, 0.7839036508009006, 0.34522793716957806, 0.36292525266813896, 0.39387775589169643, 0.24440078611756172, 1.0000000000000002, 0.35735334574051164, 0.24044239080636193, 0.357322799496681, 0.7091315660922428, 0.3293950028085676, 0.3405717527617578, 0.23678039829920366, 0.8764561123480118, 0.326225515601359, 0.2333827063069899, 0.3138203677416111, 0.23022168908027468, 1.2644358575751713, 0.31585975430291857, 0.35247837519278785, 0.3854288326343778, 0.2272734430366899, 0.7893470609464192, 0.3120394317793237, 0.22451718003156237, 0.3019580371541288, 0.22193473561021723, 0.3482478827383067, 0.6539792948523466, 0.30415586587881666, 0.29301055337554527, 0.2195101675883485, 1.119504839587868, 0.29393520629983216, 0.29262207455003697, 0.2172294261707777, 0.7246263757237664, 0.2850511670560128, 0.21508008115851066, 0.27820887474056827, 0.21305109503730787, 1.0247087775303974, 0.2849326234261808, 0.34452157147399903, 0.37819934755993495, 0.21113263318743136, 2.181216735260638, 0.3331804082973893, 0.36219942979652164, 0.2093159043156338, 0.9157388243785679, 0.2769426114068074, 0.32304693155863773, 0.3482380927702875, 0.20759302563829904, 0.7071811280768937, 0.2916706599235952, 0.2059569084483217, 0.285138489846493, 2.9947127506801086, 0.3359485790845558, 0.20767153179620595, 0.32115969397237576, 0.6609608327076092, 0.26980343179358673, 0.3125798807053033, 0.33314229920343047, 0.20610944667033976, 0.678698191623414, 0.4468976863674651, 0.5365635340821214, 0.2633860509061952, 0.3911865860395419, 0.7908665307212308, 0.20462053867382474, 0.3113464749257177, 0.3229742130464674, 0.2031997857559272],"trialByTrial_Vs" => [0.0, 0.0, 0.0, 0.0, 9.110068108896351e-7, 2.9971834568972844e-6, 9.860638325553667e-6, 0.0, 1.8221187712754726e-6, 5.994491266950953e-6, 1.9720956760298145e-5, 3.24411867293681e-5, 0.0, 8.99214500428292e-6, 6.488132102813979e-5, 2.7334032301749255e-6, 3.24411867293681e-5, 2.9978286892177647e-6, 1.885394960781523e-5, 6.488132102813979e-5, 1.2594681889625861e-5, 2.871543428270291e-5, 2.9581684323352935e-5, 9.732040293045717e-5, 5.995781736868065e-6, 3.944354993923834e-5, 0.00012975843247046124, 1.3506329501609158e-5, 4.930582456229425e-5, 0.00016219540968229185, 8.99454334551312e-6, 3.171301566215363e-5, 9.732040293045717e-5, 1.199281238871593e-5, 5.9168508155604374e-5, 0.00012975843247046124, 1.4991822699989974e-5, 6.903014287760755e-5, 0.00016219540968229185, 1.6505290637878705e-5, 4.157481213512109e-5, 6.9031809994086e-5, 0.0001946313346000878, 1.5019663226057984e-5, 7.88945825435193e-5, 0.00022706620725798676, 1.8019683269414848e-5, 8.875776399976058e-5, 0.0001624679733246314, 1.7417571845198563e-5, 4.457352752161031e-5, 0.00016246388382630823, 1.7419170161352877e-5, 1.8022299870226365e-5, 8.875885621016065e-5, 0.0002595000276901253, 1.833116187476339e-5, 0.0002919327959306388, 2.1022665706495818e-5, 9.862244650086659e-5, 0.0002919253433438223, 2.4023377330349807e-5, 4.466016081445824e-5, 0.00032435705966861597, 2.7023000509375828e-5, 5.4526639167193523e-5, 0.0001627363803280351, 0.0001084864454384526, 0.0001627351381252563, 2.730169307225934e-5, 5.544061289183915e-5, 1.8614564420844445e-5, 0.0003567877238700444, 2.848261649591854e-5, 0.00038921733598223967, 2.8213927907622317e-5, 5.8438853083001936e-5, 3.8351077188313113e-5, 0.00042164589603933285, 2.9126469985670474e-5, 0.00011834722125368666, 0.00019517104553362104, 3.2126701099698524e-5, 0.00012820840608087893, 0.00045407340407545386, 4.821994646113066e-5, 0.00022760590068265682, 3.512882487948395e-5, 0.0001380750889766692, 0.0004864998601247315, 3.8131294472716175e-5, 0.0005189252642212935, 5.808413516679978e-5, 0.0005513496163992665, 4.800235690870177e-5, 6.795527893939545e-5, 0.0005837729166927758, 7.782683108717594e-5, 0.000616195165135946, 5.100349756874517e-5, 8.76987915732562e-5, 0.0006486163617629002, 5.4005427443387375e-5, 0.00014794218046327564, 0.00026003970360650015, 5.700595958067873e-5, 0.0001578038629041456, 0.0006810365066077606, 6.000949155035447e-5, 6.14378825261508e-5, 0.00016767468593582773, 0.0002924724543392865, 6.092168468447226e-5, 0.00017753645704997366, 0.0007134555997046483, 6.392575448282812e-5, 9.757116036075316e-5, 0.0007458736410876834, 6.692815129637969e-5, 0.00018740736844514473, 0.0003249041529151502, 0.0001074453944136725, 0.0007782906307909844, 6.992959410345213e-5, 0.00011732003659971457, 0.0008107065688486692, 0.0001271950868820068, 0.0008431214552948546, 0.00013707054522367856, 0.00035733479936822445, 7.293268276917704e-5, 0.00019726922820317958, 0.000875535290163656, 7.593791340992646e-5, 0.00014693476673987882, 0.0009079480734891877, 0.00015681104146747824, 0.0009403598053055632, 7.894213684765305e-5, 0.00020714314165064677, 0.00038976439373264134, 0.00016668772414384482, 0.0009727704856468946, 0.0001765648147321158, 0.0004221929360425319, 0.0001864292124801861, 0.0010051801145472931, 8.194407642274326e-5, 0.00019630639093073132, 0.0010375886920408685, 0.00020618397722984284, 0.00106999621816173, 0.00021606197134066342, 0.00045462042633202603, 8.495009997146864e-5, 0.0002170058186769034, 0.001102402692943985, 0.00022592581645506044, 8.795693385631289e-5, 0.00022688418994305014, 0.0011348081164217403, 0.0002268353762083549, 0.0004870468646352525, 9.096411352079986e-5, 0.00023676296894819073, 0.0011672124886291015, 9.39716389556941e-5, 0.00023669960049803248, 0.0011996158096001732, 0.000246579517418897, 0.0012320180793690585, 0.0002466421556554738, 0.0012319957611204612, 9.697928672560445e-5, 0.0002565224773479052, 0.000519472250986339, 9.998263674475801e-5, 0.0002663864672064717, 0.001264396980445293, 0.00010299119910468234, 0.0002475144528435275, 6.443883849652243e-5, 0.0005518965854194121, 0.0001039060127754451, 7.430978840632663e-5, 0.0012967971486361183, 0.00010691035287131847, 0.0002762668767934385, 0.0013291962657270373, 0.0, 0.0, 0.0, 0.0, 0.0, 0.0, 0.0, 0.0, 0.0, 0.0, 0.0, 0.0, 0.0, 0.0, 0.0, 0.0, 0.0, 0.0, 0.0, 0.0, 0.0, 0.0, 0.0, 0.0, 0.0, 0.0, 0.0, 0.0, 0.0, 0.0, 0.0, 0.0, 0.0, 0.0, 0.0, 0.0, 0.0, 0.0, 0.0, 0.0, 0.0, 0.0, 0.0, 0.0, 0.0, 0.0, 0.0, 0.0, 0.0, 0.0, 0.0, 0.0, 0.0, 0.0, 0.0, 0.0, 0.0, 0.0, 0.0, 0.0],"final_V" => Dict{Int64,Any}(1 => [0.0, 8.419715727568216e-5, 0.0002505088243468314, 0.001361594331752149, 0.00028614842199854376, 0.0005843198679685973, 0.00010991935512071489]),"nparticles" => 15,"trial_by_trial_p_sa_max" => [0.5, 0.5, 0.5, 0.5, 0.6228400779802354, 0.6533841547117566, 0.3097723840976247, 0.5, 0.7068226725929543, 0.7452462920122378, 0.4243841864650187, 0.7335160141443056, 0.5, 0.19833502573615622, 0.825301781459475, 0.23605698813557832, 0.7335160141443056, 0.6536105080998031, 0.4724849674934249, 0.825301781459475, 0.4872765735801681, 0.3237892169981261, 0.6498636751184181, 0.8706795814363371, 0.2544870283018555, 0.2349514409330106, 0.897461327054606, 0.6140777279576957, 0.5119973700921577, 0.9150869853389549, 0.5318271226364004, 0.4693883002869949, 0.8706795814363371, 0.6730989325390478, 0.30326362729197404, 0.897461327054606, 0.24275526475598191, 0.42873104333316675, 0.084913014661045, 0.7221148587647555, 0.32535591402366754, 0.5712671445126994, 0.9275541573345776, 0.318593513570631, 0.3506913561173613, 0.9368343933206722, 0.4735096672974904, 0.3948056338030942, 0.1611904874371846, 0.7746020480272299, 0.467971648004403, 0.16117894516537346, 0.7746043640295621, 0.5264764961473829, 0.6051961104486667, 0.9440095559941706, 0.18827522004964597, 0.9497221907717746, 0.6406254914610799, 0.7053000428160456, 0.9497217606932515, 0.2621093051016315, 0.5515267116871526, 0.9543771575810824, 0.4758366572528811, 0.7165757934860972, 0.2724994169005529, 0.2064966112140738, 0.7275040875810934, 0.5794234774012722, 0.22924672454723366, 0.3068366293136429, 0.958243894318178, 0.5742186583910553, 0.961506611964569, 0.677784879604554, 0.44214396969519393, 0.727786632867448, 0.9642965166926384, 0.255807099060057, 0.5179355414731539, 0.6480778153539364, 0.4695683099588112, 0.6997498263545148, 0.9667093963498821, 0.8054874085202379, 0.7900020730525518, 0.6347840987107873, 0.7906206155216339, 0.968816811207732, 0.7344549425114114, 0.9706732955232735, 0.8498535415217514, 0.9723211353260175, 0.8091060847938164, 0.8781270992162572, 0.9737936232964403, 0.8975895654443197, 0.9751173283412088, 0.8438341320049481, 0.9117627573063728, 0.9763137110458044, 0.8682641778025969, 0.8409337902918769, 0.8521072229572186, 0.8862688495777203, 0.8722208248579628, 0.9774002948240598, 0.09994244264873801, 0.6170402023609948, 0.893418147941307, 0.8860945366813511, 0.7845401591114264, 0.9086594595901896, 0.978391529052654, 0.8272748881492372, 0.9225274765383439, 0.9792994347151918, 0.8564578559195761, 0.9201362345539341, 0.9074337148370428, 0.9309734202906508, 0.9801340939051387, 0.8774716823172122, 0.9377722557190116, 0.9809040255285422, 0.9433605573681878, 0.9816164769168121, 0.9480337419871859, 0.9220562221768919, 0.8932699668143529, 0.9290713549918272, 0.9822776525150502, 0.9055419828223489, 0.951996680608726, 0.982892894935045, 0.955402694164083, 0.983466829559361, 0.915332449737882, 0.9362271805481581, 0.9326958034601579, 0.9583595739629669, 0.9840034809784659, 0.9609503837287094, 0.9407824707428225, 0.9632378634128796, 0.9845063674600008, 0.923312145242838, 0.9652740854392561, 0.9849785781377376, 0.967097351426552, 0.9854228364985502, 0.9687393282568065, 0.9471356942789428, 0.9299419344001406, 0.9420783781934692, 0.9858415529232877, 0.9702250013299224, 0.9355315042266854, 0.9469552129644601, 0.9862368684216978, 0.9710785110466489, 0.9522584464376764, 0.9403056002033386, 0.951079049201798, 0.9866106912363674, 0.9444291013817631, 0.9723553366146404, 0.9869647276361947, 0.9735250378232498, 0.9873005079476623, 0.9546111281594089, 0.987300443793816, 0.9480255102893934, 0.9576698584121287, 0.9564764139160888, 0.9511877006627482, 0.960342893273457, 0.9876193432160263, 0.9539918460677717, 0.025796571884438207, 0.2760872805997133, 0.9600097302998748, 0.0440182092263859, 0.549786479997928, 0.9879226048599113, 0.8655007895888068, 0.9627007670162553, 0.9882113513597657],"final_Tsas" => Dict{Tuple{Int64,Int64},Float64}[Dict((1, 6) => 0.5545992114131305,(2, 3) => 0.09769912016758821,(2, 6) => 0.1185114537321826,(2, 2) => 0.1012555079081332,(2, 1) => 1.0,(2, 5) => 0.10508059177497553,(1, 7) => 0.05738709129128587,(1, 4) => 0.14285714285714285,(1, 3) => 0.059856869790093484,(2, 4) => 0.7077650214023598,(1, 1) => 1.0,(1, 2) => 0.10173792162757392,(2, 7) => 0.09137087588538417,(1, 5) => 0.06410622413465844), Dict((1, 6) => 0.07423346476447817,(2, 3) => 0.34355946592183045,(2, 6) => 0.1185114537321826,(2, 2) => 0.1012555079081332,(2, 1) => 0.0,(2, 5) => 0.10508059177497553,(1, 7) => 0.05738709129128587,(1, 4) => 0.14285714285714285,(1, 3) => 0.059856869790093484,(2, 4) => 0.0439893839183733,(1, 1) => 0.0,(1, 2) => 0.10173792162757392,(2, 7) => 0.38607894868954945,(1, 5) => 0.06410622413465844), Dict((1, 6) => 0.07423346476447817,(2, 3) => 0.09769912016758821,(2, 6) => 0.2463263216382235,(2, 2) => 0.1012555079081332,(2, 1) => 0.0,(2, 5) => 0.10508059177497553,(1, 7) => 0.22243270810811314,(1, 4) => 0.14285714285714285,(1, 3) => 0.059856869790093484,(2, 4) => 0.0439893839183733,(1, 1) => 0.0,(1, 2) => 0.17488763897191129,(2, 7) => 0.09137087588538417,(1, 5) => 0.06410622413465844), Dict((1, 6) => 0.07423346476447817,(2, 3) => 0.09769912016758821,(2, 6) => 0.1185114537321826,(2, 2) => 0.21045979964928355,(2, 1) => 0.0,(2, 5) => 0.18063369393931017,(1, 7) => 0.07801779339338928,(1, 4) => 0.14285714285714285,(1, 3) => 0.5117472453773622,(2, 4) => 0.0439893839183733,(1, 1) => 0.0,(1, 2) => 0.10173792162757392,(2, 7) => 0.09137087588538417,(1, 5) => 0.4551941072996261), Dict((1, 6) => 0.07423346476447817,(2, 3) => 0.13282202670390844,(2, 6) => 0.16111640970086288,(2, 2) => 0.1012555079081332,(2, 1) => 0.0,(2, 5) => 0.10508059177497553,(1, 7) => 0.47000113333335436,(1, 4) => 0.14285714285714285,(1, 3) => 0.059856869790093484,(2, 4) => 0.05871245268734694,(1, 1) => 0.0,(1, 2) => 0.31642275289021904,(2, 7) => 0.15706667188352932,(1, 5) => 0.06410622413465844), Dict((1, 6) => 0.07423346476447817,(2, 3) => 0.09769912016758821,(2, 6) => 0.1185114537321826,(2, 2) => 0.2832626608100507,(2, 1) => 0.0,(2, 5) => 0.2939633471858121,(1, 7) => 0.05738709129128587,(1, 4) => 0.14285714285714285,(1, 3) => 0.16744981635849085,(2, 4) => 0.0439893839183733,(1, 1) => 0.0,(1, 2) => 0.10173792162757392,(2, 7) => 0.09137087588538417,(1, 5) => 0.22427477202708174), Dict((1, 6) => 0.07423346476447817,(2, 3) => 0.13282202670390844,(2, 6) => 0.1185114537321826,(2, 2) => 0.1012555079081332,(2, 1) => 0.0,(2, 5) => 0.10508059177497553,(1, 7) => 0.05738709129128587,(1, 4) => 0.14285714285714285,(1, 3) => 0.08137545910377297,(2, 4) => 0.05756499023680002,(1, 1) => 0.0,(1, 2) => 0.10173792162757392,(2, 7) => 0.09137087588538417,(1, 5) => 0.06410622413465844)],"gamma_surprise" => [0.004336552046615559, 0.004336552046615559, 0.004336552046615559, 0.004336552046615559, 0.0033569317621218275, 0.0034611818328487485, 0.004336552046615559, 0.004336552046615559, 0.0027861668771766786, 0.002837508608517909, 0.0033569317621218275, 0.0033569317621218275, 0.004336552046615559, 0.004336552046615559, 0.0027861668771766786, 0.004336552046615559, 0.0033569317621218275, 0.00340825979717903, 0.004558250248090963, 0.0027861668771766786, 0.0024124888571078833, 0.002465379043129981, 0.004779849743219105, 0.0024124888571078833, 0.004336552046615559, 0.0033569317621218275, 0.002148845371999724, 0.005222752877997482, 0.00281811030082648, 0.0019648180781068826, 0.002811210954682266, 0.0035203356536485843, 0.0024124888571078833, 0.004991201812139132, 0.0029155500326231917, 0.002148845371999724, 0.0033569317621218275, 0.004988413174417715, 0.004336552046615559, 0.002240191741627144, 0.0021826055339415162, 0.003846982744795101, 0.0018100321452200353, 0.0027861668771766786, 0.0025397230550320534, 0.0016873823820797156, 0.003839184933669191, 0.0026266408011178756, 0.0033569317621218275, 0.002032511935642228, 0.0029155500326231917, 0.0027861668771766786, 0.005886368928296463, 0.0024124888571078833, 0.0022529020320550797, 0.0015877672290528161, 0.0033569317621218275, 0.00631686698347261, 0.002148845371999724, 0.0020411205006070758, 0.0015545513622622713, 0.0026439838735782496, 0.003846982744795101, 0.0014810259027759546, 0.002342434421466558, 0.0026266408011178756, 0.00500135059790562, 0.002331521388529082, 0.0019528720692374697, 0.0021195138230346686, 0.005414676814103678, 0.0027861668771766786, 0.0014182552823211979, 0.0024124888571078833, 0.001364036178045969, 0.001947909012999007, 0.00415099055496874, 0.002148845371999724, 0.0013167296842151034, 0.0019528720692374697, 0.004329536898096457, 0.0018014786125220737, 0.0018014786125220737, 0.0019443526791493822, 0.0012750911778070713, 0.005444056649283085, 0.0016810069795292926, 0.0016810069795292926, 0.001808087535630435, 0.0012381583127736386, 0.006107377567308616, 0.001205175191174453, 0.0020325119356422285, 0.001175539759633169, 0.0063282879600834036, 0.001872071620415537, 0.0011487665264230248, 0.001744398851618148, 0.0011244596295332666, 0.0048256403774148745, 0.0016403853218769457, 0.0011022930483981488, 0.0017554132459439973, 0.0038667151339295343, 0.001582861418252554, 0.0016592960572943056, 0.0017559758636540533, 0.0010819958405048405, 0.001811682082551864, 0.002139807252339208, 0.003402627628036928, 0.0015013619644094057, 0.0015782043647339667, 0.0017125728530484534, 0.001063340973621611, 0.004336552046615559, 0.0015540122138859667, 0.0010461367711651738, 0.0015538795847246918, 0.0030790697785024104, 0.0014326047507516348, 0.0014811426735735552, 0.0010302202836965021, 0.0038028349336955746, 0.0014188395752722485, 0.0010154520986019578, 0.001364960006277022, 0.0010017122364257586, 0.0054770111989296995, 0.0013738181210067933, 0.0015328450654835779, 0.001675898663786787, 0.0009888968772548273, 0.00342617444846595, 0.0013572243481537781, 0.0009769157275776933, 0.0013134326297565748, 0.0009656898859806863, 0.0015144755170639985, 0.0028402771899736032, 0.0013229799196472782, 0.0012745631937959628, 0.0009551501007594302, 0.004852276364669966, 0.0012785801881583614, 0.0012728755052323494, 0.0009452353379472343, 0.003146137021585554, 0.0012399836832007554, 0.0009358915970786514, 0.0012102554673629094, 0.0009270709260710535, 0.004443226850629449, 0.0012394686529482138, 0.0014982946528828709, 0.0016445155429826769, 0.0009187305972170998, 0.00941075417633192, 0.0014490443800344623, 0.0015750530474934648, 0.0009108324143544217, 0.0039726006731230536, 0.0012047536449041028, 0.0014050345108261733, 0.0015144330065029353, 0.0009033421274723721, 0.0030706269249086825, 0.0012687422015938666, 0.0008962289358034502, 0.0012403630695804544, 0.012875353637322407, 0.0014610659202912107, 0.0009036834387092786, 0.0013968377759938791, 0.0028705114528351497, 0.0011737332923750026, 0.0013595718501247577, 0.0014488788788303037, 0.0008968921160582051, 0.002947316652040698, 0.0019426546442822665, 0.002331521388529082, 0.001145847573179261, 0.0017008916010555362, 0.0034327470931251438, 0.0008904188524166203, 0.0013542143943387568, 0.0014047186790188903, 0.0008842418255777355],"final_PolicyParameters" => Dict{Int64,Any}(1 => [0.0 0.0; 2.07349846784021 2.435640965812452; 2.476621993866259 1.5386907978935562; 0.0 1.7456440031138216; 3.4761598652740275 2.1783483795903544; 2.187070720010074 0.9093501390735237; 3.321221177877945 2.5243539026727233]),"particlefilterseeds" => [1, 2, 3])