DateTime of fitting: 2021-01-04T18:58:11.442
DATA_STATS
nr_subjects: 1
all_subject_ids: [2]
nr_puzzles: 1
nr_episodes: 57
nr_actions: 174
max_state_id: 7
max_action_id: 2
SUBJECT_SIGNALS
subject_id: 2
algorithm_name: Actor-Critic (TD-Lambda, ReplTrc) modulated Actor
param_string: alpha(actor)=0.7414,
                surpriseprobability=0.0386,
                stochasticity=2.8252,
                eta(critic)=0.0038,
                gamma=0.891,
                lambda_actor=0.5999,
                lambda_critic=0.3476,
                temp=0.4347,
                nparticles=15,
                init_policy=nothing,
                init_Vs=nothing,
                use_replacing_trace=true
param_vector: [0.7413879111684814, 0.03862118718021721, 2.8252462587073053, 0.0038026001753965204, 0.8909846207816167, 0.5999194076920331, 0.3476301466036727, 0.4346753774601783, 15.0]
LL: -83.991
RPE
[0.0, 0.0, 0.0, 0.0, 1.0, 0.001, 0.002, 0.996, 0.002, 0.004, 0.992, 0.003, 0.007, 0.989, -0.001, 0.001, -0.001, 1.0, -0.0, 0.001, 0.001, 0.996, 0.006, 0.992, 0.007, 0.989, -0.0, 0.009, 0.985, 0.003, 0.008, -0.014, 0.013, 0.985, 0.003, 0.011, 0.981, 0.015, 0.977, 0.004, 0.016, 0.974, -0.001, 0.025, 0.97, 0.002, 0.008, -0.016, 0.002, 0.002, 0.008, -0.016, 0.027, 0.966, 0.011, -0.014, 0.011, 0.981, 0.013, 0.977, -0.001, 0.025, 0.963, 0.028, 0.959, -0.001, -0.007, 0.005, 0.014, 0.973, 0.005, 0.017, 0.97, 0.019, 0.966, 0.027, 0.955, 0.006, -0.007, -0.0, 0.038, 0.952, 0.001, 0.028, 0.962, 0.023, 0.959, 0.008, -0.005, 0.035, 0.948, 0.034, 0.944, 0.024, 0.955, 0.035, 0.941, 0.024, 0.951, 0.036, 0.937, 0.025, 0.948, 0.001, 0.013, 0.027, 0.944, 0.035, 0.934, 0.001, 0.015, 0.037, 0.93, 0.006, 0.053, 0.927, 0.018, 0.027, 0.941, 0.006, -0.008, 0.006, 0.055, 0.923, 0.044, 0.92, 0.0, 0.067, 0.916, -0.02, 0.069, 0.913, 0.006, -0.009, 0.002, 0.07, 0.909, 0.027, 0.937, 0.054, 0.906, 0.003, 0.016, 0.056, 0.902, 0.006, 0.075, 0.899, -0.018, 0.043, 0.934, 0.008, 0.075, 0.895, 0.021, 0.029, 0.93, 0.031, 0.926, 0.023, 0.033, 0.923, 0.035, 0.919, 0.058, 0.892, -0.022, 0.08, 0.889, 0.002, 0.09, 0.885, 0.035, 0.916]
SPE
[0.857, 0.857, 0.857, 0.857, 0.857, 0.857, 0.816, 0.819, 0.819, 0.778, 0.78, 0.819, 0.749, 0.746, 0.821, 0.816, 0.857, 0.857, 0.785, 0.778, 0.816, 0.819, 0.875, 0.785, 0.783, 0.75, 0.78, 0.881, 0.717, 0.783, 0.727, 0.881, 0.857, 0.725, 0.752, 0.699, 0.697, 0.875, 0.67, 0.719, 0.672, 0.646, 0.759, 0.819, 0.623, 0.746, 0.864, 0.857, 0.747, 0.714, 0.834, 0.819, 0.78, 0.602, 0.759, 0.87, 0.728, 0.688, 0.699, 0.661, 0.687, 0.672, 0.584, 0.856, 0.565, 0.66, 0.857, 0.884, 0.683, 0.636, 0.689, 0.811, 0.613, 0.659, 0.593, 0.846, 0.548, 0.661, 0.819, 0.894, 0.748, 0.531, 0.74, 0.881, 0.573, 0.648, 0.555, 0.897, 0.635, 0.663, 0.518, 0.823, 0.503, 0.638, 0.537, 0.805, 0.489, 0.63, 0.521, 0.789, 0.476, 0.623, 0.505, 0.869, 0.717, 0.606, 0.492, 0.779, 0.464, 0.711, 0.689, 0.758, 0.452, 0.672, 0.642, 0.441, 0.876, 0.611, 0.479, 0.661, 0.916, 0.641, 0.634, 0.43, 0.898, 0.42, 0.685, 0.727, 0.41, 0.901, 0.702, 0.401, 0.621, 0.78, 0.862, 0.674, 0.392, 0.596, 0.466, 0.752, 0.384, 0.66, 0.664, 0.873, 0.376, 0.615, 0.617, 0.368, 0.649, 0.814, 0.453, 0.599, 0.611, 0.36, 0.872, 0.592, 0.442, 0.578, 0.432, 0.87, 0.568, 0.421, 0.555, 0.411, 0.756, 0.353, 0.628, 0.595, 0.346, 0.85, 0.649, 0.34, 0.552, 0.401]
action_selection_prob
[0.5, 0.5, 0.5, 0.5, 0.5, 0.483, 0.608, 0.694, 0.544, 0.687, 0.79, 0.558, 0.743, 0.842, 0.402, 0.531, 0.39, 0.5, 0.439, 0.585, 0.522, 0.694, 0.474, 0.79, 0.625, 0.842, 0.301, 0.785, 0.873, 0.41, 0.815, 0.873, 0.368, 0.873, 0.431, 0.822, 0.895, 0.625, 0.91, 0.499, 0.844, 0.921, 0.44, 0.507, 0.93, 0.3, 0.862, 0.105, 0.383, 0.3, 0.862, 0.103, 0.616, 0.937, 0.678, 0.149, 0.679, 0.853, 0.738, 0.832, 0.219, 0.866, 0.943, 0.71, 0.948, 0.239, 0.12, 0.508, 0.762, 0.867, 0.433, 0.854, 0.89, 0.781, 0.906, 0.813, 0.952, 0.502, 0.13, 0.502, 0.685, 0.955, 0.437, 0.744, 0.919, 0.837, 0.928, 0.495, 0.144, 0.843, 0.958, 0.798, 0.961, 0.826, 0.935, 0.847, 0.963, 0.864, 0.941, 0.878, 0.965, 0.889, 0.946, 0.529, 0.214, 0.899, 0.951, 0.907, 0.967, 0.44, 0.288, 0.914, 0.969, 0.522, 0.861, 0.97, 0.582, 0.92, 0.954, 0.632, 0.876, 0.632, 0.876, 0.971, 0.075, 0.973, 0.326, 0.633, 0.974, 0.158, 0.709, 0.975, 0.596, 0.112, 0.596, 0.762, 0.976, 0.782, 0.957, 0.814, 0.976, 0.356, 0.2, 0.162, 0.977, 0.602, 0.863, 0.978, 0.292, 0.878, 0.96, 0.65, 0.889, 0.979, 0.69, 0.636, 0.962, 0.707, 0.964, 0.278, 0.758, 0.966, 0.795, 0.968, 0.823, 0.979, 0.155, 0.899, 0.98, 0.642, 0.727, 0.981, 0.787, 0.969]
results_dict
Dict{String,Any}("Surprise" => [1.0000000000000002, 1.0000000000000002, 1.0000000000000002, 1.0000000000000002, 1.0000000000000002, 1.0000000000000002, 0.7759247904127047, 0.7876916011201142, 0.7876916011201139, 0.6447257564953845, 0.6505499031713612, 0.7876916011201142, 0.568704417372735, 0.5619213853098066, 0.7998207919580756, 0.7759247904127047, 1.0000000000000002, 1.0000000000000002, 0.6645158832613522, 0.6447257564953845, 0.7759247904127047, 0.7876916011201142, 1.1437366393114994, 0.6659213891164781, 0.6595963390620819, 0.5709505426279856, 0.6505499031713612, 1.1960634438599984, 0.5056079500119964, 0.6581459052655788, 0.5241971982675075, 1.2002025406087797, 1.0000000000000002, 0.5194282419220506, 0.5755883224723579, 0.47405575964521424, 0.47079955414537, 1.1457031629829226, 0.43332096301716383, 0.5078498475360882, 0.435655540901175, 0.40354233016492597, 0.5920280162362648, 0.7876916011201142, 0.37930698519813805, 0.5619213853098066, 1.0527747224548034, 1.0000000000000002, 0.5635925172355771, 0.499789144760538, 0.8582958179518275, 0.7876916011201139, 0.6505499031713612, 0.35919634506031295, 0.5925774848859398, 1.0983300261622684, 0.5246448974345275, 0.4577735282456798, 0.4747107397789549, 0.42118822675217643, 0.456645303329721, 0.4353251117674528, 0.34334090052289346, 0.9939649294630303, 0.3286476322182183, 0.42036853285627884, 1.0000000000000002, 1.2342200457869366, 0.45077041703774445, 0.3922760206647989, 0.4589737554381953, 0.7562792354967296, 0.36883901684057957, 0.41852036558347716, 0.35081391024590797, 0.9259966650313154, 0.3159644254445781, 0.42187878156766, 0.7876916011201142, 1.3472570766281968, 0.5671240794464391, 0.30490410196351464, 0.5493796359515715, 1.1970250375525824, 0.33425049764076886, 0.40628398975484764, 0.32116000690302476, 1.3937079164621453, 0.3916579095517562, 0.4233133827173802, 0.29608125228672577, 0.8063008822349649, 0.28737652490728555, 0.3951496007390811, 0.3088437694071279, 0.731950121436109, 0.27960944880721333, 0.3859875302778008, 0.29812813938014854, 0.6756391640691157, 0.2726358821402837, 0.3789024394002184, 0.28871881624280776, 1.0868607722137387, 0.5045803333861274, 0.3626749396540003, 0.2810164917769804, 0.6453234099103993, 0.2663398531490731, 0.4947939359196835, 0.4599477527214504, 0.5908164824726362, 0.26062698568509346, 0.4359322353843934, 0.39900429588097003, 0.25541968699608686, 1.1543795585307175, 0.36730654776530564, 0.2740846708961728, 0.4215048114921762, 1.6945975916620934, 0.39743425706234903, 0.39043550522030834, 0.2506535694333786, 1.4001497398548568, 0.2462747515655661, 0.45326830463844137, 0.5230541700854789, 0.24223779614367044, 1.4469286520906786, 0.47908481263040376, 0.23850411601161026, 0.3772229173868273, 0.6505499031713612, 1.0387284325674435, 0.4388839727450031, 0.23504072844060991, 0.3537520482446197, 0.2672992715684765, 0.5749990160422426, 0.2318192720635435, 0.42058039832387994, 0.42509060549817623, 1.1250136690326566, 0.22881522394831627, 0.3706284373534302, 0.37338881659681633, 0.22600727078656313, 0.40671092120085084, 0.767845482700833, 0.26118407616863387, 0.3561789483946787, 0.3673034043652527, 0.2233767998956275, 1.118577844213832, 0.35000632626601347, 0.2560760737884215, 0.33884679809894624, 0.25139287356249174, 1.0990554716353194, 0.3304612220392413, 0.2467150511597096, 0.32121321898475746, 0.24242511788357962, 0.5853866173146639, 0.22090748419579623, 0.38404496849139846, 0.35278180276897647, 0.21858494150768984, 0.9529258958283296, 0.40746817682528713, 0.2163964530802302, 0.3190822841909385, 0.23847663221093282],"trialByTrial_Vs" => [0.0, 0.0, 0.0, 0.0, 0.0, 3.4997032538525975e-5, 0.001177791194930343, 0.0038026001753965204, 0.0004048713538804046, 0.0023595084828435973, 0.007590740582699115, 0.0003648009348526352, 0.0035451049744284905, 0.011364476206624475, 0.000778544435933797, 0.00011299092966748424, 0.0007438303462228301, 0.0, 0.0008893338335033967, 0.00047900626891875405, 0.0019187930517481611, 0.0038026001753965204, 0.0010021216135761828, 0.007590740582699115, 0.003097692605870711, 0.011364476206624475, 0.004288823041999334, 0.004734534080205962, 0.015123861822804395, 0.0021928797047082327, 0.005927749508926889, 0.015123861822804395, 0.000848830012671083, 0.015084041518966937, 0.0022441628478518205, 0.00605540207587859, 0.018829283115437745, 0.004658133570938486, 0.02256028305555691, 0.002626704578184032, 0.0072517847424293565, 0.026277095494649374, 0.0030155347000111674, 0.002056683016801705, 0.02997977438210903, 0.005868075997295569, 0.008460079698564696, 0.018868951998580845, 0.003292916776924102, 0.005878668672645929, 0.00847396865920437, 0.018812193965572713, 0.0033035102442607886, 0.033668373462181794, 0.005925830556528281, 0.01913581649222106, 0.005951855176594132, 0.01909628683060789, 0.007149177641752533, 0.022826271462352915, 0.008350235528908309, 0.008605715794721547, 0.03734294627474571, 0.008727869503118725, 0.041003546156088054, 0.009963100888191242, 0.00983332077809505, 0.00339393852172647, 0.009952507165178941, 0.026542072453883042, 0.0037859951158557437, 0.009928860362172528, 0.03024374373991104, 0.011151118023605876, 0.033931339050057525, 0.012361503296877626, 0.044650226239679555, 0.004179049510645446, 0.01113574282212243, 0.004192179606755375, 0.004543155608068579, 0.04828303945694558, 0.004584135172289302, 0.005810389411336761, 0.03760491190963086, 0.013590977562389923, 0.04126451564040405, 0.00497009104230773, 0.014808293304163438, 0.011229032511803598, 0.05190203853803444, 0.015177135148611931, 0.0555072760125828, 0.016419899671653516, 0.04491020336138872, 0.017634516097273012, 0.059098804210478084, 0.018875874419632087, 0.04854202798960613, 0.02008917905766143, 0.06267667526261811, 0.021329111328821003, 0.05216004224085527, 0.005115605667091549, 0.007049202917324977, 0.022541084065544875, 0.05576429863047802, 0.023756414523774555, 0.06624094110166773, 0.0052519804039831515, 0.007475196211261263, 0.024990279744157056, 0.06979165346281262, 0.005393429198867738, 0.01247884155291763, 0.07332886388451024, 0.005815503071631841, 0.026227301091079673, 0.059354849474121424, 0.006256793222597583, 0.013771257076651992, 0.00627002913120164, 0.013747200403419762, 0.07685262370923789, 0.02743655041613146, 0.08036298408423798, 0.0066939615658941805, 0.007914586027217712, 0.08385999596226039, 0.028687635037835578, 0.00924763420436471, 0.08734371010230206, 0.007108211348632624, 0.015042581315906325, 0.007121914216128828, 0.010583313270960489, 0.09081417707034378, 0.029023582992462372, 0.06293174688849702, 0.030230105074070212, 0.09427144724008413, 0.007545196049073526, 0.01192158394299619, 0.03150130834259341, 0.09771557079367062, 0.007698130788114861, 0.015140648922922327, 0.10114659772242815, 0.032775290166255834, 0.016484427278835957, 0.06649504279213733, 0.008136367930670955, 0.017746506591793044, 0.1045645778275846, 0.008581038198947372, 0.033097416798527186, 0.07004478890614947, 0.03430416944160217, 0.07358103675496586, 0.009034315172843326, 0.03551414933907305, 0.07710383766709208, 0.036727314497660216, 0.08061324277585198, 0.037943623196785986, 0.10796956072099369, 0.03921577152923229, 0.019087930561785614, 0.11136159582585507, 0.009496042714722295, 0.012377573552075706, 0.11474073237743176, 0.039549877347481, 0.08410930302012977, 0.0, 0.0, 0.0, 0.0, 0.0, 0.0, 0.0, 0.0, 0.0, 0.0, 0.0, 0.0, 0.0, 0.0, 0.0, 0.0, 0.0, 0.0, 0.0, 0.0, 0.0, 0.0, 0.0, 0.0, 0.0, 0.0, 0.0, 0.0, 0.0, 0.0, 0.0, 0.0, 0.0, 0.0, 0.0, 0.0, 0.0, 0.0, 0.0, 0.0, 0.0, 0.0, 0.0, 0.0, 0.0, 0.0, 0.0, 0.0, 0.0, 0.0, 0.0, 0.0, 0.0, 0.0, 0.0, 0.0, 0.0],"final_V" => Dict{Int64,Any}(1 => [0.0, 0.11810701942376474, 0.08759206914510946, 0.01376190544719267, 0.020439276857880592, 0.04076318019548775, 0.00993064243069068]),"nparticles" => 15,"trial_by_trial_p_sa_max" => [0.5, 0.5, 0.5, 0.5, 0.5, 0.48327497601547664, 0.6078364871890717, 0.6942048663011392, 0.5444060711321617, 0.6867344971708568, 0.7897605452140207, 0.5582938929677753, 0.743338644846619, 0.841611553929692, 0.4023050632476543, 0.5312607097503739, 0.390080984646975, 0.5, 0.43861445968214213, 0.5853857350274642, 0.5216989449291124, 0.6942048663011392, 0.47377066830144593, 0.7897605452140207, 0.6245907640708407, 0.8415837500803847, 0.3006440260268362, 0.7845582033531443, 0.8733799419092795, 0.4100816764276448, 0.8153385585602356, 0.8734081764376089, 0.36785984187657766, 0.8732351659144519, 0.4305844972301019, 0.8223852318339325, 0.8945847740298913, 0.624815294210542, 0.9098310559382902, 0.49904616855012834, 0.8444477234912399, 0.9212395647696734, 0.4401488133726466, 0.5069075355604002, 0.930086013495474, 0.29983395227005943, 0.8619749920414593, 0.10530445081702938, 0.382903265577348, 0.3002927798837558, 0.8619922965937928, 0.10350511030244607, 0.6164207594037605, 0.9371404512631106, 0.6784250320399012, 0.14867909886111957, 0.678878506556509, 0.852684715834045, 0.7381792765048284, 0.8317736152075746, 0.2189722466134728, 0.8662125363555073, 0.9428940073439023, 0.7096950362481598, 0.9476739696615142, 0.23909625376369534, 0.12033934614016101, 0.5077997917861684, 0.7616564408418336, 0.8669144244672218, 0.432544739838507, 0.8543979901563921, 0.8900714618192926, 0.7809646238247533, 0.906414844534328, 0.8128342945385288, 0.9517071455185172, 0.5015301489252127, 0.13005619721931996, 0.5019162591340678, 0.6853642715186168, 0.9551550457843333, 0.4371261220544476, 0.7442942742292914, 0.9185397616655172, 0.8372541389001976, 0.9278817568968836, 0.49456024941773985, 0.14372409692864602, 0.8431981225233827, 0.9581358961928717, 0.7979904736721318, 0.9607380974239326, 0.8259475093209688, 0.9352941333389896, 0.8473230521103662, 0.9630292973109483, 0.8643759061290607, 0.9413158035151414, 0.8780311372368262, 0.9650618999829103, 0.8893626679710912, 0.9463026648284736, 0.5286205253760956, 0.21394485988641698, 0.8987508516190917, 0.9504991585701781, 0.9067193190309291, 0.9668771922795566, 0.43984754707873835, 0.28753929169937864, 0.9135876228758907, 0.9685081373816987, 0.5221888123414895, 0.8612079286588672, 0.9699813677677803, 0.5816700324193886, 0.919540302642523, 0.9540785208227008, 0.6321111745388195, 0.8758527997848118, 0.6323768863322877, 0.8757488629982447, 0.9713186326306225, 0.07530187854333135, 0.9725378661384524, 0.3256561677729576, 0.6333268944366143, 0.9736539874194403, 0.1578387255122879, 0.709040946136771, 0.974679507618989, 0.596071001715571, 0.11227466353334302, 0.5963487995125677, 0.7620417487386582, 0.9756249961513902, 0.7823686371034474, 0.9571670484577036, 0.8135680932015231, 0.9764994427887311, 0.3556268334268003, 0.19983217570396175, 0.16211315970905513, 0.9773105417328698, 0.6022843581964773, 0.863018802496333, 0.9780649165823925, 0.29241524985079237, 0.8775127851668116, 0.9598589209916807, 0.6498283385026616, 0.8890332528073919, 0.9787683000470921, 0.6895395092926501, 0.6364216077945345, 0.9622256746697704, 0.7074216516400021, 0.9643226254378218, 0.27767962577048294, 0.7582144380854814, 0.9661932790425386, 0.7954102908385088, 0.9678723075957043, 0.8234306414042055, 0.9794256786753778, 0.154565869021913, 0.8988711451566084, 0.9800414102843511, 0.642470220597247, 0.7267686731803644, 0.9806193199110296, 0.7870043896752774, 0.9693876328385174],"final_Tsas" => Dict{Tuple{Int64,Int64},Float64}[Dict((1, 6) => 0.08679596808639471,(2, 3) => 0.12435566126860617,(2, 6) => 0.05751366938475389,(2, 2) => 0.14285714285714285,(2, 1) => 1.0,(2, 5) => 0.0718156280788354,(1, 7) => 0.09297437927608357,(1, 4) => 0.10642677153862083,(1, 3) => 0.6083420489907917,(2, 4) => 0.09903171460859325,(1, 1) => 1.0,(1, 2) => 0.6660877591795185,(2, 7) => 0.07167452701251067,(1, 5) => 0.12429503883407078), Dict((1, 6) => 0.14633655154338052,(2, 3) => 0.12435566126860617,(2, 6) => 0.2533277208122634,(2, 2) => 0.14285714285714285,(2, 1) => 0.0,(2, 5) => 0.41902382548890776,(1, 7) => 0.09297437927608357,(1, 4) => 0.10642677153862083,(1, 3) => 0.06527632516820137,(2, 4) => 0.37378939058519894,(1, 1) => 0.0,(1, 2) => 0.05288582278328553,(2, 7) => 0.07167452701251067,(1, 5) => 0.12429503883407078), Dict((1, 6) => 0.08679596808639471,(2, 3) => 0.12435566126860617,(2, 6) => 0.45910393226396723,(2, 2) => 0.14285714285714285,(2, 1) => 0.0,(2, 5) => 0.19771126291487612,(1, 7) => 0.11955963561746766,(1, 4) => 0.10642677153862083,(1, 3) => 0.06527632516820137,(2, 4) => 0.13105203637183457,(1, 1) => 0.0,(1, 2) => 0.05288582278328553,(2, 7) => 0.07167452701251067,(1, 5) => 0.12429503883407078), Dict((1, 6) => 0.11506228861296752,(2, 3) => 0.20985016620135444,(2, 6) => 0.05751366938475389,(2, 2) => 0.14285714285714285,(2, 1) => 0.0,(2, 5) => 0.0718156280788354,(1, 7) => 0.35086425933269993,(1, 4) => 0.10642677153862083,(1, 3) => 0.06527632516820137,(2, 4) => 0.09903171460859325,(1, 1) => 0.0,(1, 2) => 0.06948312690405409,(2, 7) => 0.1717222066134329,(1, 5) => 0.12429503883407078), Dict((1, 6) => 0.3914172874980728,(2, 3) => 0.12435566126860617,(2, 6) => 0.05751366938475389,(2, 2) => 0.14285714285714285,(2, 1) => 0.0,(2, 5) => 0.0718156280788354,(1, 7) => 0.09297437927608357,(1, 4) => 0.10642677153862083,(1, 3) => 0.06527632516820137,(2, 4) => 0.09903171460859325,(1, 1) => 0.0,(1, 2) => 0.05288582278328553,(2, 7) => 0.39667687004652136,(1, 5) => 0.12429503883407078), Dict((1, 6) => 0.08679596808639471,(2, 3) => 0.16837152745561437,(2, 6) => 0.05751366938475389,(2, 2) => 0.14285714285714285,(2, 1) => 0.0,(2, 5) => 0.0718156280788354,(1, 7) => 0.15767858794549822,(1, 4) => 0.3614393707682751,(1, 3) => 0.06527632516820137,(2, 4) => 0.09903171460859325,(1, 1) => 0.0,(1, 2) => 0.05288582278328553,(2, 7) => 0.14490281529000296,(1, 5) => 0.12429503883407078), Dict((1, 6) => 0.08679596808639471,(2, 3) => 0.12435566126860617,(2, 6) => 0.05751366938475389,(2, 2) => 0.14285714285714285,(2, 1) => 0.0,(2, 5) => 0.0960023992808748,(1, 7) => 0.09297437927608357,(1, 4) => 0.10642677153862083,(1, 3) => 0.06527632516820137,(2, 4) => 0.09903171460859325,(1, 1) => 0.0,(1, 2) => 0.05288582278328553,(2, 7) => 0.07167452701251067,(1, 5) => 0.25422976699557503)],"gamma_surprise" => [0.03862118718021722, 0.03862118718021722, 0.03862118718021722, 0.03862118718021722, 0.03862118718021722, 0.03862118718021722, 0.03022873759336724, 0.030673091925715407, 0.0306730919257154, 0.025246483982575004, 0.02546874022172801, 0.030673091925715407, 0.022336095387371906, 0.022075570138476646, 0.031130704936005366, 0.03022873759336724, 0.03862118718021722, 0.03862118718021722, 0.026001285635967947, 0.025246483982575004, 0.03022873759336724, 0.030673091925715407, 0.043928606850394444, 0.026054847615080257, 0.025813761871234655, 0.022422334821007976, 0.02546874022172801, 0.04584623316207054, 0.019907289214814147, 0.02575846028141412, 0.020624108149425342, 0.04599759085213814, 0.03862118718021722, 0.020440312709170502, 0.0226003531212295, 0.018688202030614633, 0.01856221882029559, 0.04400081365020047, 0.017109832691699547, 0.019993794534407236, 0.01720042876793043, 0.01595277034363149, 0.023230858657687578, 0.030673091925715407, 0.015009082310952885, 0.022075570138476646, 0.04057670526354959, 0.03862118718021722, 0.022139768491794838, 0.019682694918390486, 0.033330815787769474, 0.0306730919257154, 0.02546874022172801, 0.01422462889794153, 0.02325191817868518, 0.04225832835401043, 0.020641358921133418, 0.018057915699162683, 0.018713539429418533, 0.01663873831939231, 0.018014212036515823, 0.017187607086357148, 0.013605275963512086, 0.03839705523800528, 0.013030625317476128, 0.016606894655702555, 0.03862118718021722, 0.04723971969720149, 0.01778657569043424, 0.015514302140429398, 0.01810440421915659, 0.02948594680021368, 0.014600915343842674, 0.016535089045588598, 0.013897287167039486, 0.03586559787362824, 0.012534049059017139, 0.016665563556849696, 0.030673091925715407, 0.05134406776976391, 0.02227540957710831, 0.012100604305092095, 0.021593496019122832, 0.045881400817025776, 0.013249831172497251, 0.016059412623746785, 0.012737528243903532, 0.053020453552210155, 0.015490234857469294, 0.01672128728088851, 0.011754571330268223, 0.03137501029348093, 0.011412933476166006, 0.01562617476958927, 0.012255040174853809, 0.028564493842119273, 0.011107896514598755, 0.015269393379049331, 0.011834872024156383, 0.026425018123592894, 0.010833862685460244, 0.014993314544767761, 0.011465630314256214, 0.041835509156390026, 0.019867632741868434, 0.014360407394117794, 0.011163169379588904, 0.02526929580252712, 0.010586322938976432, 0.01948980767597609, 0.018142126918057878, 0.023184420914801183, 0.010361604004149916, 0.01721116512001531, 0.01577620370495347, 0.01015668296285332, 0.0443192632961325, 0.014541132929787797, 0.010890806901494196, 0.016651036526712817, 0.06373753594119688, 0.01571510160363894, 0.015442634851595768, 0.009969049173041734, 0.05325246780648631, 0.009796599990750677, 0.017883375141181906, 0.020580062160941083, 0.009637561003922775, 0.054933893043309534, 0.018882713507749085, 0.009490424300808244, 0.014927847310606583, 0.02546874022172801, 0.0400570104291977, 0.017325684398690522, 0.009353900182893553, 0.014012048880534646, 0.010624052207244307, 0.022577736555586713, 0.00922687902203593, 0.01661512545348322, 0.016790310582802667, 0.04324059029822718, 0.009108400856952583, 0.014670712387923612, 0.014778362666688059, 0.008997630955058893, 0.016076016888102014, 0.029923399801147537, 0.010383521971073539, 0.01410682184176808, 0.014541010296665406, 0.008893840016071117, 0.04300386306962369, 0.013865738793870533, 0.010182518201735885, 0.013429583607024865, 0.00999815895675664, 0.04228505967950995, 0.01310159065425832, 0.009813942845139733, 0.01273961180223303, 0.00964494181927258, 0.022976241482649085, 0.008796388019401908, 0.015193714592106172, 0.013974154692531616, 0.008704710955489406, 0.036870161475898625, 0.016105466777936013, 0.008618309857200242, 0.012656166601535967, 0.009489341058298564],"final_PolicyParameters" => Dict{Int64,Any}(1 => [0.0 0.0; 1.7184562531728003 0.0; 1.8631807314698652 0.3405370720564478; 0.7624845568640644 1.3006693213131535; 0.2891067173153253 1.2800265041044245; 1.9452032244990771 2.5954143813624024; 1.1536959685430754 1.4878478307559704]),"particlefilterseeds" => [1, 2, 3])
POPULATION_SIGNALS
subject_id: 2
algorithm_name: Actor-Critic (TD-Lambda, ReplTrc) modulated Actor
param_string: alpha(actor)=0.7972,
                surpriseprobability=0.0043,
                stochasticity=2.7816,
                eta(critic)=0.0,
                gamma=0.9966,
                lambda_actor=0.7939,
                lambda_critic=0.305,
                temp=0.392,
                nparticles=15,
                init_policy=nothing,
                init_Vs=nothing,
                use_replacing_trace=true
param_vector: [0.7972414808175023, 0.004336552046615557, 2.7816353998652787, 3.24411867293681e-5, 0.9966448663088217, 0.7939275473003868, 0.3049775441960644, 0.39196929107560724, 15.0]
LL: -89.713
RPE
[0.0, 0.0, 0.0, 0.0, 1.0, 0.0, 0.0, 1.0, 0.0, 0.0, 1.0, 0.0, 0.0, 1.0, -0.0, 0.0, -0.0, 1.0, -0.0, 0.0, 0.0, 1.0, 0.0, 1.0, 0.0, 1.0, 0.0, 0.0, 1.0, 0.0, 0.0, -0.0, 0.0, 1.0, 0.0, 0.0, 1.0, 0.0, 1.0, 0.0, 0.0, 1.0, -0.0, 0.0, 1.0, 0.0, 0.0, -0.0, 0.0, 0.0, 0.0, -0.0, 0.0, 1.0, 0.0, -0.0, 0.0, 1.0, 0.0, 1.0, 0.0, 0.0, 1.0, 0.0, 1.0, -0.0, -0.0, 0.0, 0.0, 1.0, 0.0, 0.0, 1.0, 0.0, 1.0, 0.0, 1.0, 0.0, -0.0, 0.0, 0.0, 1.0, 0.0, 0.0, 1.0, 0.0, 1.0, 0.0, -0.0, 0.0, 1.0, 0.0, 1.0, 0.0, 1.0, 0.0, 0.999, 0.0, 1.0, 0.0, 0.999, 0.0, 1.0, 0.0, 0.0, 0.0, 1.0, 0.0, 0.999, 0.0, 0.0, 0.0, 0.999, 0.0, 0.001, 0.999, 0.0, 0.0, 0.999, 0.0, -0.0, 0.0, 0.001, 0.999, 0.0, 0.999, 0.0, 0.001, 0.999, -0.0, 0.001, 0.999, 0.0, -0.0, 0.0, 0.001, 0.999, 0.0, 0.999, 0.001, 0.999, 0.0, 0.0, 0.001, 0.999, 0.0, 0.001, 0.999, -0.0, 0.0, 0.999, 0.0, 0.001, 0.999, 0.0, 0.0, 0.999, 0.0, 0.999, 0.0, 0.0, 0.999, 0.0, 0.999, 0.001, 0.999, -0.0, 0.001, 0.999, 0.0, 0.001, 0.999, 0.0, 0.999]
SPE
[0.857, 0.857, 0.857, 0.857, 0.857, 0.857, 0.815, 0.815, 0.815, 0.777, 0.777, 0.815, 0.743, 0.743, 0.815, 0.815, 0.857, 0.857, 0.777, 0.777, 0.815, 0.815, 0.876, 0.777, 0.777, 0.743, 0.777, 0.881, 0.711, 0.777, 0.723, 0.881, 0.857, 0.723, 0.745, 0.694, 0.694, 0.876, 0.668, 0.713, 0.668, 0.644, 0.754, 0.815, 0.621, 0.743, 0.862, 0.857, 0.743, 0.711, 0.832, 0.815, 0.777, 0.6, 0.754, 0.87, 0.723, 0.682, 0.694, 0.655, 0.682, 0.668, 0.581, 0.857, 0.562, 0.655, 0.857, 0.886, 0.68, 0.63, 0.684, 0.81, 0.608, 0.656, 0.586, 0.84, 0.545, 0.657, 0.815, 0.895, 0.743, 0.529, 0.734, 0.881, 0.566, 0.645, 0.548, 0.899, 0.63, 0.657, 0.513, 0.818, 0.499, 0.637, 0.53, 0.799, 0.485, 0.629, 0.514, 0.782, 0.472, 0.622, 0.499, 0.867, 0.711, 0.605, 0.484, 0.773, 0.46, 0.706, 0.682, 0.753, 0.448, 0.668, 0.637, 0.437, 0.875, 0.61, 0.471, 0.658, 0.917, 0.637, 0.628, 0.427, 0.899, 0.417, 0.68, 0.723, 0.407, 0.902, 0.694, 0.398, 0.618, 0.777, 0.863, 0.668, 0.389, 0.595, 0.458, 0.747, 0.381, 0.656, 0.655, 0.876, 0.373, 0.611, 0.611, 0.365, 0.645, 0.814, 0.445, 0.594, 0.605, 0.358, 0.872, 0.591, 0.434, 0.577, 0.423, 0.872, 0.565, 0.412, 0.552, 0.402, 0.752, 0.35, 0.624, 0.589, 0.344, 0.852, 0.644, 0.337, 0.55, 0.393]
action_selection_prob
[0.5, 0.5, 0.5, 0.5, 0.5, 0.402, 0.69, 0.734, 0.59, 0.786, 0.825, 0.653, 0.838, 0.871, 0.293, 0.623, 0.255, 0.5, 0.457, 0.727, 0.53, 0.734, 0.592, 0.825, 0.706, 0.871, 0.206, 0.87, 0.897, 0.264, 0.892, 0.897, 0.21, 0.897, 0.391, 0.902, 0.915, 0.584, 0.928, 0.582, 0.915, 0.937, 0.297, 0.486, 0.944, 0.268, 0.925, 0.085, 0.317, 0.268, 0.925, 0.085, 0.683, 0.95, 0.604, 0.229, 0.604, 0.771, 0.743, 0.668, 0.187, 0.93, 0.954, 0.608, 0.958, 0.256, 0.063, 0.508, 0.744, 0.798, 0.341, 0.853, 0.856, 0.708, 0.888, 0.795, 0.962, 0.545, 0.12, 0.545, 0.7, 0.964, 0.319, 0.791, 0.909, 0.844, 0.923, 0.473, 0.126, 0.752, 0.967, 0.695, 0.969, 0.788, 0.934, 0.84, 0.971, 0.871, 0.941, 0.893, 0.972, 0.908, 0.948, 0.604, 0.159, 0.92, 0.953, 0.929, 0.974, 0.305, 0.355, 0.936, 0.975, 0.531, 0.819, 0.976, 0.673, 0.942, 0.957, 0.757, 0.858, 0.757, 0.858, 0.977, 0.053, 0.978, 0.191, 0.444, 0.979, 0.205, 0.661, 0.98, 0.602, 0.116, 0.602, 0.771, 0.981, 0.586, 0.96, 0.733, 0.982, 0.285, 0.17, 0.191, 0.982, 0.55, 0.757, 0.983, 0.465, 0.822, 0.963, 0.684, 0.86, 0.983, 0.764, 0.368, 0.966, 0.617, 0.968, 0.186, 0.749, 0.97, 0.817, 0.972, 0.857, 0.984, 0.117, 0.885, 0.985, 0.608, 0.629, 0.985, 0.71, 0.973]
results_dict
Dict{String,Any}("Surprise" => [1.0000000000000002, 1.0000000000000002, 1.0000000000000002, 1.0000000000000002, 1.0000000000000002, 1.0000000000000002, 0.773340693506996, 0.773340693506996, 0.773340693506996, 0.6414854812363958, 0.6414854812363958, 0.773340693506996, 0.5552420044528426, 0.5552420044528426, 0.773340693506996, 0.773340693506996, 1.0000000000000002, 1.0000000000000002, 0.6414854812363958, 0.6414854812363958, 0.773340693506996, 0.773340693506996, 1.154071748077475, 0.6414854812363958, 0.6414854812363958, 0.5552420044528426, 0.6414854812363958, 1.2054289974366323, 0.4944329462714055, 0.6414854812363958, 0.5154982401767637, 1.2054289974366323, 1.0000000000000002, 0.5154982401767637, 0.5602635864972367, 0.46761099306594756, 0.46761099306594756, 1.154071748077475, 0.43062997126062574, 0.49760718912223634, 0.43062997126062574, 0.4012102662072718, 0.5799507819832401, 0.773340693506996, 0.3772479345415808, 0.5552420044528426, 1.0377765510821673, 1.0000000000000002, 0.5552420044528426, 0.4944329462714055, 0.850618950515165, 0.773340693506996, 0.6414854812363958, 0.35735334574051164, 0.5799507819832401, 1.1027144987183164, 0.5154982401767638, 0.44925275144753235, 0.46761099306594767, 0.4143622561537865, 0.44925275144753235, 0.4304195215142343, 0.34057175276175783, 1.0000000000000004, 0.3262255156013591, 0.4143622561537865, 1.0000000000000002, 1.256786246795791, 0.4457750301542798, 0.38660563855379065, 0.45140647084768337, 0.7529122246960235, 0.36399789059565696, 0.4147730069784023, 0.34522793716957806, 0.8920354946605972, 0.31382036774161076, 0.41590228884263736, 0.773340693506996, 1.357148625106463, 0.5552420044528426, 0.3029873190395781, 0.5365635340821221, 1.2054289974366323, 0.3293950028085676, 0.4029384836172779, 0.31585975430291857, 1.4084217515429698, 0.38660563855379065, 0.4169980663793521, 0.29344533029015496, 0.7846108597731466, 0.2849765823911762, 0.3930715735459188, 0.30415586587881666, 0.7097538078462178, 0.27740964604573676, 0.38472678475629885, 0.29393520629983216, 0.6545299566375616, 0.27060775628946765, 0.3775803571875518, 0.2849326234261808, 1.0736994505712798, 0.4944329462714055, 0.3616894482180318, 0.2769426114068074, 0.6285029785544728, 0.2644604723546743, 0.4859692346843635, 0.44925275144753235, 0.5784224007906816, 0.25887763492005783, 0.4308861456219176, 0.3937295714533129, 0.2537849148397604, 1.1465920398010365, 0.36598461497963586, 0.26980343179358673, 0.4172408265458727, 1.7190014910282145, 0.39376098879154164, 0.3845129000338865, 0.24912048490811461, 1.4108579948732656, 0.24483249743931543, 0.44689768636746485, 0.5154982401767637, 0.24087714887431702, 1.4551526259262217, 0.46761099306594756, 0.23721717798181235, 0.37398803265463687, 0.6414854812363958, 1.0440645271452027, 0.43062997126062574, 0.23382068840276027, 0.3526805126408002, 0.2633860509061952, 0.5644108667126547, 0.23066021665465233, 0.415814893860753, 0.4143622561537865, 1.1510923147247178, 0.2277119879016435, 0.36724730502652614, 0.36695915675038665, 0.22495531679102176, 0.40226864345229063, 0.7667607652276952, 0.25758627116172733, 0.35200057019032477, 0.36142740374815363, 0.22237212140472556, 1.1148728052973944, 0.3489301448326829, 0.2523190299193507, 0.33795145773034724, 0.24751419983841388, 1.1133296532465011, 0.3280827697959933, 0.24311344878737948, 0.31916384350961463, 0.23906786001518812, 0.577199240962559, 0.2199465261719779, 0.380211097186428, 0.3475612445859199, 0.21766453530912167, 0.9661152766833087, 0.4012102662072718, 0.2155137625926592, 0.3176402188456929, 0.23533610616537037],"trialByTrial_Vs" => [0.0, 0.0, 0.0, 0.0, 0.0, 2.7690444092683574e-7, 9.860638325553667e-6, 3.24411867293681e-5, 3.274522085404588e-6, 1.972168576904001e-5, 6.488132102813979e-5, 2.9971834568972844e-6, 2.9583142293536855e-5, 9.732040293045717e-5, 6.27248565630282e-6, 9.110068108896351e-7, 5.995599199688469e-6, 0.0, 7.1833504043568675e-6, 3.908295444974685e-6, 1.5856043020888943e-5, 3.24411867293681e-5, 8.09438765936991e-6, 6.488132102813979e-5, 2.5716895966332046e-5, 9.732040293045717e-5, 3.5578886960538216e-5, 3.944500786212398e-5, 0.00012975843247046124, 1.7956221387215887e-5, 4.930728243788314e-5, 0.00012975843247046124, 6.905930009777774e-6, 0.00012975565330983853, 1.8234633842121278e-5, 5.021992210994342e-5, 0.0001621926306118284, 3.857668889090469e-5, 0.0001946285556197807, 2.123346210893413e-5, 6.0082575986393867e-5, 0.00022706342836783307, 2.4232857812459443e-5, 1.6769260090357598e-5, 0.0002594972488901221, 4.844044937816014e-5, 6.994636766400623e-5, 0.00016219540968229185, 2.6635185746549453e-5, 4.8441656861856316e-5, 6.994808933628872e-5, 0.00016219136976526507, 2.6636248919775455e-5, 0.0002919300172207832, 4.871990899815085e-5, 0.00016518588409789907, 4.872251930927789e-5, 0.0001651832435231039, 5.858528893046731e-5, 0.0001976190715120243, 6.844846751698028e-5, 7.086125968051364e-5, 0.0003243617333939507, 7.144723830861855e-5, 0.0003567923974437579, 8.131357653407681e-5, 8.072688814353465e-5, 2.72314044230502e-5, 8.131318158884034e-5, 0.0002300538472441922, 3.0231103054547615e-5, 8.163692103160305e-5, 0.00026248757075374407, 9.117635172021946e-5, 0.0002949202420748152, 0.00010104065953707134, 0.0003892220094043369, 3.3230933186820886e-5, 9.150080950152106e-5, 3.323223791229731e-5, 3.6502583298706344e-5, 0.0004216505693098187, 3.6232043581068606e-5, 4.637151264387568e-5, 0.0003273518612415399, 0.00011090676646546266, 0.0003597824282880513, 3.923132960907077e-5, 0.00012077189176808747, 9.241071944484928e-5, 0.0004540780771943333, 0.00012377033538959505, 0.0004865045330920094, 0.00013363789104439325, 0.00039221194324848133, 0.00014350300766881836, 0.0005189299370369748, 0.0001533706518263863, 0.00042464040615696104, 0.0001632358570194501, 0.000551354289063356, 0.00017310358965040495, 0.0004570678170476202, 4.0145351579661756e-5, 5.6238002776620845e-5, 0.00018296888338272343, 0.0004894941759545874, 0.0001928345857487412, 0.0005837775892052786, 4.105858578581353e-5, 5.924081685541372e-5, 0.00020270208676861014, 0.0006161998374968669, 4.197225568526107e-5, 0.00010227856376508914, 0.0006486210339722441, 4.497480620834395e-5, 0.0002125699962581989, 0.0005219194829119905, 4.7978872342922914e-5, 0.00011215045967246645, 4.798030759861154e-5, 0.0001121490017424891, 0.0006810411786655325, 0.0002224354669808828, 0.0007134602716108531, 5.098310644020158e-5, 6.224484240474748e-5, 0.0007458783128423259, 0.0002323049219038744, 7.212022259032636e-5, 0.0007782953023940697, 5.398512931796841e-5, 0.00012202130597703635, 5.3986650566327915e-5, 8.199601087184268e-5, 0.0008107112403002022, 0.0002353015058234558, 0.0005543437379539558, 0.0002451669677372513, 0.0008431261265948402, 5.698946268092269e-5, 9.187220721242505e-5, 0.00025503859903607944, 0.0008755399613120991, 5.7904244945958936e-5, 0.00012293181066329447, 0.0009079527444860933, 0.00026491063848156887, 0.00013280886418023932, 0.0005867669411146086, 6.0908514061874896e-5, 0.00014267837968158116, 0.000940364476150936, 6.391335083894276e-5, 0.000267906220200408, 0.0006191890924280734, 0.0002777720815641802, 0.0006516101919284732, 6.691871047142813e-5, 0.0002876383514250492, 0.0006840302396499302, 0.00029750502974612775, 0.0007164492356265652, 0.0003073721164905303, 0.0009727751563407397, 0.0003172446432151177, 0.0001525555209432296, 0.0010051847850896152, 6.992485891018903e-5, 9.48781216406261e-5, 0.0010375933624316726, 0.00032024182884691333, 0.0007488671798924982, 0.0, 0.0, 0.0, 0.0, 0.0, 0.0, 0.0, 0.0, 0.0, 0.0, 0.0, 0.0, 0.0, 0.0, 0.0, 0.0, 0.0, 0.0, 0.0, 0.0, 0.0, 0.0, 0.0, 0.0, 0.0, 0.0, 0.0, 0.0, 0.0, 0.0, 0.0, 0.0, 0.0, 0.0, 0.0, 0.0, 0.0, 0.0, 0.0, 0.0, 0.0, 0.0, 0.0, 0.0, 0.0, 0.0, 0.0, 0.0, 0.0, 0.0, 0.0, 0.0, 0.0, 0.0, 0.0, 0.0, 0.0],"final_V" => Dict{Int64,Any}(1 => [0.0, 0.001070000888401021, 0.0007812840724818479, 0.00010475899849811294, 0.0001624337984014822, 0.0003301089064690147, 7.29289931424615e-5]),"nparticles" => 15,"trial_by_trial_p_sa_max" => [0.5, 0.5, 0.5, 0.5, 0.5, 0.4020539440890753, 0.6902276159023754, 0.7335160141443056, 0.589518298617294, 0.7855039345052653, 0.825301781459475, 0.6533841547117566, 0.8378421884693286, 0.8706795814363371, 0.2925066241331335, 0.6228400779802354, 0.25458986141090845, 0.5, 0.4567424898779975, 0.727072143313783, 0.5299962590150793, 0.7335160141443056, 0.5919642447943052, 0.825301781459475, 0.7055730724399619, 0.8706795814363371, 0.2064165869806868, 0.8701838241661722, 0.897461327054606, 0.26367880714478625, 0.8919716519856509, 0.897461327054606, 0.2097885028618557, 0.8974608320710505, 0.3914661595972132, 0.9019992861943702, 0.9150851655007497, 0.5837746013522117, 0.9275520463429806, 0.5822977867437427, 0.9150580772609701, 0.9368322471267653, 0.2966675684394144, 0.4856788843502933, 0.944007482283364, 0.26759017738571095, 0.9250805390320974, 0.084913014661045, 0.31667364488773847, 0.26759589699726233, 0.9250806283373797, 0.08490442160690549, 0.6833177496280745, 0.9497202323999121, 0.6043902358191908, 0.22894676028532662, 0.6043948106448913, 0.7710600393191065, 0.7425412485917339, 0.6680038637876664, 0.18651791985089175, 0.9301394400841413, 0.9543759014775504, 0.6078872453566696, 0.958242841609796, 0.2556717007386938, 0.06290950784810267, 0.5077441338830276, 0.7443310555280779, 0.7978739203200003, 0.34145891839038267, 0.8530319091349453, 0.8561118278591262, 0.7082574716810328, 0.888495412815274, 0.7950635394559978, 0.961505715465961, 0.5450054536322096, 0.11975938548523918, 0.5450081659668964, 0.7000441908298496, 0.9642957429254083, 0.3188218702698421, 0.7907793847685542, 0.9090284405882385, 0.8435744492740636, 0.923190978810876, 0.47326899889712365, 0.12603915341201996, 0.7519446195352525, 0.966708720877668, 0.695301176978834, 0.9688162157594513, 0.7883083896143341, 0.9335439802039669, 0.8395605561857864, 0.9706727661520994, 0.871336828159534, 0.9414402353258102, 0.8927937450346431, 0.9723206611930538, 0.9082045432782352, 0.9476605914309212, 0.6042245647782202, 0.15897748791310715, 0.9197848216545236, 0.9526869884354916, 0.9287959255210387, 0.9737931958445927, 0.30545466904401175, 0.3552400658942743, 0.9360025628262622, 0.9751169407203218, 0.5305363213743146, 0.8187202949553414, 0.976313357703997, 0.6725059275440196, 0.9418943174509699, 0.9568328731114786, 0.7569702709248515, 0.8580421376539608, 0.7569714671858317, 0.8580416642065465, 0.977399971211631, 0.05320119704902117, 0.9783912314038722, 0.19072210095725822, 0.4441964396080544, 0.9792991598849968, 0.20470230150586874, 0.6613906605928528, 0.9801338392452348, 0.6024609337651441, 0.11636331227191808, 0.6024635850273762, 0.7709936751648796, 0.9809037887921876, 0.5855531972752581, 0.9603108661121216, 0.7333590036693657, 0.9816162561848149, 0.28464623575521175, 0.17049298861778386, 0.1914875526188122, 0.9822774461376363, 0.5501513632770477, 0.7572919637257663, 0.9828927014857511, 0.4649023760606064, 0.8217329015551111, 0.9632702634775412, 0.6843144747567615, 0.8599277635440068, 0.9834666477981353, 0.7641117154406428, 0.36821949540062615, 0.96581896739709, 0.6167071994730049, 0.9680368970256579, 0.18611591595821406, 0.7486954340635428, 0.9699845045967909, 0.8169162313585494, 0.9717083608453034, 0.8569108682431227, 0.984003309821893, 0.1171310432787342, 0.8849230981659577, 0.9845062059570904, 0.6082519734325939, 0.6287172303825245, 0.9849784254500951, 0.7103195465780822, 0.9732449222197187],"final_Tsas" => Dict{Tuple{Int64,Int64},Float64}[Dict((1, 6) => 0.08597674630603765,(2, 3) => 0.1237853219222489,(2, 6) => 0.0562739310525459,(2, 2) => 0.14285714285714285,(2, 1) => 1.0,(2, 5) => 0.07061103376513306,(1, 7) => 0.09128661749873818,(1, 4) => 0.10508059177497553,(1, 3) => 0.6160741533997461,(2, 4) => 0.09769912016758817,(1, 1) => 1.0,(1, 2) => 0.669172743074601,(2, 7) => 0.07072456536718823,(1, 5) => 0.12378532192224903), Dict((1, 6) => 0.14414377383089796,(2, 3) => 0.1237853219222489,(2, 6) => 0.2577460103567298,(2, 2) => 0.14285714285714285,(2, 1) => 0.0,(2, 5) => 0.4259971036863532,(1, 7) => 0.09128661749873818,(1, 4) => 0.10508059177497553,(1, 3) => 0.06398764110004225,(2, 4) => 0.3786823724581507,(1, 1) => 0.0,(1, 2) => 0.052020947895754156,(2, 7) => 0.07072456536718823,(1, 5) => 0.12378532192224903), Dict((1, 6) => 0.08597674630603765,(2, 3) => 0.1237853219222489,(2, 6) => 0.46088433438054033,(2, 2) => 0.14285714285714285,(2, 1) => 0.0,(2, 5) => 0.19753463016556877,(1, 7) => 0.12410422454499576,(1, 4) => 0.10508059177497553,(1, 3) => 0.06398764110004225,(2, 4) => 0.1328220267039084,(1, 1) => 0.0,(1, 2) => 0.052020947895754156,(2, 7) => 0.07072456536718823,(1, 5) => 0.12378532192224903), Dict((1, 6) => 0.11688545069993549,(2, 3) => 0.21278715295175343,(2, 6) => 0.0562739310525459,(2, 2) => 0.14285714285714285,(2, 1) => 0.0,(2, 5) => 0.07061103376513306,(1, 7) => 0.35382747386879854,(1, 4) => 0.10508059177497553,(1, 3) => 0.06398764110004225,(2, 4) => 0.09769912016758817,(1, 1) => 0.0,(1, 2) => 0.0707225174466283,(2, 7) => 0.16983800719050643,(1, 5) => 0.12378532192224903), Dict((1, 6) => 0.395063790245016,(2, 3) => 0.1237853219222489,(2, 6) => 0.0562739310525459,(2, 2) => 0.14285714285714285,(2, 1) => 0.0,(2, 5) => 0.07061103376513306,(1, 7) => 0.09128661749873818,(1, 4) => 0.10508059177497553,(1, 3) => 0.06398764110004225,(2, 4) => 0.09769912016758817,(1, 1) => 0.0,(1, 2) => 0.052020947895754156,(2, 7) => 0.4002625640465562,(1, 5) => 0.12378532192224903), Dict((1, 6) => 0.08597674630603765,(2, 3) => 0.16828623743700127,(2, 6) => 0.0562739310525459,(2, 2) => 0.14285714285714285,(2, 1) => 0.0,(2, 5) => 0.07061103376513306,(1, 7) => 0.15692183159125322,(1, 4) => 0.3695164493501465,(1, 3) => 0.06398764110004225,(2, 4) => 0.09769912016758817,(1, 1) => 0.0,(1, 2) => 0.052020947895754156,(2, 7) => 0.14700116729418441,(1, 5) => 0.12378532192224903), Dict((1, 6) => 0.08597674630603765,(2, 3) => 0.1237853219222489,(2, 6) => 0.0562739310525459,(2, 2) => 0.14285714285714285,(2, 1) => 0.0,(2, 5) => 0.09402413108754565,(1, 7) => 0.09128661749873818,(1, 4) => 0.10508059177497553,(1, 3) => 0.06398764110004225,(2, 4) => 0.09769912016758817,(1, 1) => 0.0,(1, 2) => 0.052020947895754156,(2, 7) => 0.07072456536718823,(1, 5) => 0.2572880684665058)],"gamma_surprise" => [0.004336552046615559, 0.004336552046615559, 0.004336552046615559, 0.004336552046615559, 0.004336552046615559, 0.004336552046615559, 0.0033569317621218275, 0.0033569317621218275, 0.0033569317621218275, 0.0027861668771766786, 0.0027861668771766786, 0.0033569317621218275, 0.0024124888571078833, 0.0024124888571078833, 0.0033569317621218275, 0.0033569317621218275, 0.004336552046615559, 0.004336552046615559, 0.0027861668771766786, 0.0027861668771766786, 0.0033569317621218275, 0.0033569317621218275, 0.00500135059790562, 0.0027861668771766786, 0.0027861668771766786, 0.0024124888571078833, 0.0027861668771766786, 0.005222752877997482, 0.002148845371999724, 0.0027861668771766786, 0.002240191741627144, 0.005222752877997482, 0.004336552046615559, 0.002240191741627144, 0.002434254178952904, 0.002032511935642228, 0.002032511935642228, 0.00500135059790562, 0.001872071620415537, 0.00216261105253095, 0.001872071620415537, 0.001744398851618148, 0.002519576323337103, 0.0033569317621218275, 0.0016403853218769466, 0.0024124888571078833, 0.004499634896426675, 0.004336552046615559, 0.0024124888571078833, 0.002148845371999724, 0.0036911444693200064, 0.0033569317621218275, 0.0027861668771766786, 0.0015540122138859667, 0.002519576323337103, 0.004779849743219105, 0.0022401917416271446, 0.0019528720692374697, 0.0020325119356422285, 0.0018014786125220737, 0.0019528720692374697, 0.0018711584470866938, 0.0014811426735735554, 0.00433655204661556, 0.001418839575272249, 0.0018014786125220737, 0.004336552046615559, 0.0054440566492830866, 0.0019377839385360872, 0.0016810069795292926, 0.001962215774955925, 0.0032685453246521293, 0.001582861418252554, 0.0018032611698752929, 0.0015013619644094057, 0.0038701703393817675, 0.0013649600062770205, 0.00180816194205255, 0.0033569317621218275, 0.005876244557797007, 0.0024124888571078833, 0.0013179038164225093, 0.0023315213885290852, 0.005222752877997482, 0.0014326047507516348, 0.0017518997040787709, 0.0013738181210067933, 0.006096895759888671, 0.0016810069795292926, 0.0018129172686774033, 0.0012764520107678527, 0.0034056868987096126, 0.0012396596392055155, 0.001709073578581264, 0.0013229799196472782, 0.0030817632439202125, 0.0012067828836341157, 0.0016728511676221969, 0.0012785801881583614, 0.002842661953689587, 0.001177228248148726, 0.0016418284204023667, 0.0012394686529482138, 0.004654665911602598, 0.002148845371999724, 0.0015728388400881631, 0.0012047536449041028, 0.0027299338455188792, 0.0011505164110984453, 0.002112139093223771, 0.0019528720692374697, 0.002512953009562771, 0.0011262560294811672, 0.0018731831975199783, 0.00171192965298228, 0.0011041244391461267, 0.004969097181826648, 0.0015914870303592001, 0.0011737332923750026, 0.0018139707645985698, 0.007431368520734545, 0.0017120660211765897, 0.0016719227188831704, 0.0010838532219976489, 0.006107377567308616, 0.0010652172660417178, 0.0019426546442822656, 0.002240191741627144, 0.001048026370334199, 0.006297914318577518, 0.002032511935642228, 0.0010321187299349034, 0.0016262333585600358, 0.0027861668771766786, 0.004526775149058275, 0.001872071620415537, 0.0010173558273592889, 0.0015337227652081013, 0.001145847573179261, 0.0024522292497483945, 0.0010036183885832723, 0.0018077826736261778, 0.0018014786125220737, 0.004988503167780482, 0.000990803153476549, 0.001596969079478039, 0.0015957180707185982, 0.0009788202755227427, 0.0017489924604065649, 0.003328464554769735, 0.0011206442030766831, 0.0015307703852934346, 0.0015717011073187286, 0.0009675912122720513, 0.004832296727737412, 0.0015174380657748967, 0.0010977539161753308, 0.0014697637892167885, 0.0010768722527738938, 0.004825640377414868, 0.0014269057305000567, 0.0010577459400455318, 0.0013881691624481327, 0.0010401625687790177, 0.0025076523239602445, 0.0009570470017733663, 0.0016532487256796073, 0.0015114939486903958, 0.0009471268450318657, 0.00419022490402518, 0.001744398851618148, 0.000937776932922207, 0.0013815514744869143, 0.0010239426716211475],"final_PolicyParameters" => Dict{Int64,Any}(1 => [0.0 0.0; 1.6518686113456373 0.0; 2.2701188913353096 0.8399809899391075; 1.8431308537894686 2.2836231059751007; 1.0653035105436648 1.9374412622626238; 4.327711472053752 4.8618041407729065; 3.2055270832326044 3.5733804801597597]),"particlefilterseeds" => [1, 2, 3])