DateTime of fitting: 2020-02-09T16:30:43.45
DATA_STATS
nr_subjects: 1
all_subject_ids: [6]
nr_puzzles: 1
nr_episodes: 59
nr_actions: 178
max_state_id: 7
max_action_id: 2
SUBJECT_SIGNALS
subject_id: 6
algorithm_name: Sarsa-Lambda (ReplTrc)
param_string: alpha=0.0526, gamma=0.9232,
                lambda=0.5033, temp=0.1542,
                reward_magnitude=1.0,
                action_cost=0.0,
                initQSA=nothing, use_replacing_trace=true
param_vector: [0.0525994570435355, 0.9231984581382293, 0.5033282157559882, 0.154159753067699, 1.0, 0.0, 0.0]
LL: -79.05
RPE
[0.0, 0.0, 1.0, 0.049, 0.947, 0.011, 0.07, 0.898, 0.112, 0.85, 0.022, 0.129, 0.806, 0.0, 0.071, -0.077, 0.034, 0.03, -0.025, 0.166, 0.763, 0.034, -0.085, 1.0, 0.176, 0.723, 0.0, 0.0, 0.099, 0.184, 0.685, -0.053, 0.094, 0.219, 0.649, 0.004, 0.008, 0.105, 0.222, 0.615, -0.104, -0.061, 0.049, 0.947, -0.007, 0.014, 0.016, 0.111, -0.064, 0.898, 0.208, 0.583, -0.156, 0.129, 0.216, 0.552, 0.013, -0.02, 0.004, 0.009, 0.102, 0.006, 0.85, 0.018, 0.154, 0.806, -0.004, 0.763, 0.031, 0.203, 0.723, 0.122, 0.287, 0.523, 0.225, 0.495, -0.037, 0.132, 0.309, 0.469, -0.041, 0.036, 0.209, 0.685, 0.139, 0.304, 0.445, 0.136, 0.088, 0.649, 0.027, 0.247, 0.615, -0.064, 0.36, 0.583, 0.27, 0.421, 0.235, 0.266, 0.399, 0.261, 0.378, 0.078, 0.552, 0.239, 0.358, 0.248, 0.235, 0.339, 0.231, 0.322, 0.025, 0.523, -0.004, 0.181, 0.209, 0.495, 0.137, 0.362, 0.305, 0.06, 0.469, 0.062, 0.376, 0.445, 0.213, 0.289, 0.345, 0.208, 0.273, 0.204, 0.259, 0.037, 0.421, 0.187, 0.245, -0.07, 0.207, 0.402, 0.232, 0.376, 0.195, 0.22, -0.044, 0.4, 0.19, 0.209, -0.029, 0.386, 0.185, 0.198, 0.16, 0.222, 0.399, 0.18, 0.187, 0.374, 0.175, 0.177, 0.135, 0.22, 0.378, 0.17, 0.168, -0.019, 0.358, 0.157, 0.159, -0.021, 0.339, 0.146, 0.151, -0.054, 0.459, 0.322, 0.142, 0.143]
SPE
Float64[]
action_selection_prob
[0.5, 0.5, 0.5, 0.5, 0.584, 0.518, 0.54, 0.66, 0.542, 0.725, 0.539, 0.58, 0.779, 0.416, 0.5, 0.622, 0.177, 0.56, 0.617, 0.582, 0.82, 0.571, 0.635, 0.5, 0.625, 0.854, 0.411, 0.495, 0.416, 0.665, 0.882, 0.583, 0.492, 0.664, 0.904, 0.409, 0.48, 0.443, 0.702, 0.922, 0.737, 0.585, 0.297, 0.528, 0.402, 0.265, 0.494, 0.393, 0.732, 0.6, 0.753, 0.936, 0.782, 0.344, 0.776, 0.947, 0.404, 0.506, 0.045, 0.405, 0.495, 0.667, 0.629, 0.197, 0.483, 0.694, 0.788, 0.749, 0.416, 0.528, 0.795, 0.192, 0.696, 0.954, 0.787, 0.961, 0.56, 0.427, 0.733, 0.967, 0.572, 0.188, 0.542, 0.832, 0.203, 0.767, 0.972, 0.579, 0.796, 0.862, 0.225, 0.586, 0.886, 0.241, 0.183, 0.906, 0.744, 0.976, 0.395, 0.773, 0.979, 0.799, 0.982, 0.822, 0.922, 0.838, 0.984, 0.569, 0.856, 0.986, 0.872, 0.987, 0.886, 0.934, 0.396, 0.371, 0.783, 0.944, 0.59, 0.807, 0.988, 0.894, 0.953, 0.38, 0.598, 0.959, 0.903, 0.99, 0.407, 0.913, 0.991, 0.922, 0.991, 0.929, 0.965, 0.934, 0.992, 0.551, 0.355, 0.833, 0.993, 0.437, 0.94, 0.993, 0.481, 0.391, 0.946, 0.994, 0.498, 0.435, 0.951, 0.994, 0.484, 0.855, 0.969, 0.955, 0.995, 0.514, 0.959, 0.995, 0.556, 0.872, 0.973, 0.962, 0.995, 0.965, 0.976, 0.967, 0.995, 0.969, 0.979, 0.97, 0.996, 0.582, 0.522, 0.981, 0.972, 0.996]
results_dict
Dict{String,Any}("trialByTrial_Qsa" => [0.0, 0.0, 0.0, 0.0, 0.0525994570435355, 0.011357270142742749, 0.02444148610467509, 0.10243221120579626, 0.025710093040351493, 0.14964378955613813, 0.023854605133108938, 0.050067849146241725, 0.19437206451908368, 0.0, 0.0, 0.07656370791429008, 0.0, 0.03734302672726442, 0.07372438555724682, 0.05240838876800394, 0.23674765650448432, 0.04423777880021729, 0.08512103981805426, 0.0, 0.07980316160928447, 0.2768943153595545, 0.0, 0.0, 0.0, 0.10672525148991234, 0.31492928175673596, 0.055321136446664504, 0.002929888519126139, 0.10508520544531852, 0.3509636295727565, 0.0037701196725348166, 0.008113510238911038, 0.017460731784318798, 0.13314859094710382, 0.3851025902587365, 0.15987453460119247, 0.060764721476533216, 0.0, 0.0525994570435355, 0.008040710404946532, 0.0013614366678575745, 0.016882940113195518, 0.03542676063561513, 0.15848208075325523, 0.10243221120579626, 0.17705798129451392, 0.41744586014860335, 0.20225437797594334, 0.049890878272621744, 0.19719754154625405, 0.4480878916032507, 0.0096624797175641, 0.024436288883011227, 0.005017164662527914, 0.009903175592830639, 0.020600794250730654, 0.13246389589857427, 0.14964378955613813, 0.005619485396912299, 0.02511747898044163, 0.19437206451908368, 0.22207364051556885, 0.23674765650448432, 0.017420351648506208, 0.0529257136722463, 0.2768943153595545, 0.01946530508471992, 0.15354699955855158, 0.4771181688406726, 0.2405441132357727, 0.5046214692575828, 0.06951528617201502, 0.035746340107461326, 0.18141925286467153, 0.5306781110056583, 0.0767951063094242, 0.038849093646165095, 0.08126154272107827, 0.31492928175673596, 0.05365224406491495, 0.20911721293774257, 0.5553641875454072, 0.08152083424417632, 0.23595366035319953, 0.3509636295727565, 0.07345498335883703, 0.10902425943382514, 0.3851025902587365, 0.08789390828415956, 0.025710093040351493, 0.41744586014860335, 0.26450369711566396, 0.57875178986263, 0.032240970996558295, 0.2889909136113419, 0.6009092169964168, 0.3127245142158612, 0.6219011754934847, 0.33571602965017755, 0.4480878916032507, 0.3533061313547346, 0.6417889683713264, 0.09821421721580913, 0.3746427345527376, 0.6606306741419993, 0.39531147300653224, 0.6784813164193608, 0.41532357332042175, 0.4771181688406726, 0.055606772063354154, 0.055546235218594024, 0.2564487411341743, 0.5046214692575828, 0.12084493619288203, 0.27957175022213016, 0.6953930246050547, 0.4294265209799503, 0.5306781110056583, 0.06480087938205481, 0.1370191298270505, 0.5553641875454072, 0.4440794334073072, 0.7114151861225024, 0.08227832680773237, 0.4623206728365767, 0.7265945906434685, 0.4799685336724813, 0.7409755667283876, 0.49703497060899865, 0.57875178986263, 0.5092911683732854, 0.7546001112794839, 0.14038192989484097, 0.07582222800423206, 0.30607957794478846, 0.7675080121847271, 0.10860116590864821, 0.5251438508380124, 0.7797369645107827, 0.13565019359221137, 0.09917491203670087, 0.540768947761488, 0.7913226805842765, 0.14636573317874224, 0.1272264475296427, 0.5558516002850309, 0.8022989942828439, 0.1475311585913058, 0.3329323957318529, 0.6009092169964168, 0.5704056429697882, 0.8126979598405272, 0.16589255010685397, 0.5844449557785819, 0.822549945456062, 0.19183812921982785, 0.35435469823514515, 0.6219011754934847, 0.5979834210235814, 0.8318837219774189, 0.6110348847174217, 0.6417889683713264, 0.6188150954240401, 0.8407265469215868, 0.6309840978314082, 0.6606306741419993, 0.638169419758945, 0.8491042440749603, 0.20862092501065846, 0.16764789726800958, 0.6784813164193608, 0.649522450622097, 0.8570412789067913],"StateValue_V2_record" => [0.0, 0.0, 0.0, 1.0, 0.0, 0.0485597376415, 1.0, 0.010485014284439454, 0.022564342286443, 0.09456525944888057, 1.0, 0.02373551825344292, 0.1381509157881884, 1.0, 0.02202253467838246, 0.046222561134107824, 0.17944399026916247, 1.0, 0.04838334370413013, 0.0, 0.07068349709581835, 0.21856507145277906, 0.034475024696825195, 0.0680622390736386, 0.04838334370413013, 0.21856507145277906, 1.0, 0.04084024917982065, 0.07858361271515052, 0.0, 1.0, 0.07367415575224735, 0.2556284050071813, 1.0, 0.05107238787001527, 0.0027048685633741516, 0.0485597376415, 0.09852858761990184, 0.2907422273403986, 1.0, 0.05107238787001527, 0.007490380142651407, 0.09701449964025712, 0.3240090816841655, 1.0, 0.05609789717633441, 0.01901862148869744, 0.0485597376415, 0.12292257386564405, 0.35552611755190383, 1.0, 0.14759592383938788, 0.05609789717633441, 0.12229046445254668, 0.0485597376415, 1.0, 0.06417640501104205, 0.1463104125939436, 0.01901862148869744, 0.09456525944888057, 0.1463104125939436, 0.09456525944888057, 1.0, 0.1634596553321627, 0.3853853744453775, 1.0, 0.18672092989909753, 0.1381509157881884, 0.18205246630415114, 0.4136740506385311, 1.0, 0.06417640501104205, 0.02255954421941632, 0.4404747578234443, 0.06417640501104205, 0.021785542650609092, 0.12229046445254668, 0.1381509157881884, 1.0, 0.20501804251711658, 0.03300096607129304, 0.17944399026916247, 1.0, 0.20501804251711658, 0.21856507145277906, 1.0, 0.06417640501104205, 0.04886093725808319, 0.2556284050071813, 1.0, 0.222069954453493, 0.1417543532442062, 0.4404747578234443, 1.0, 0.222069954453493, 0.4658657623620483, 1.0, 0.06417640501104205, 0.07502053094603331, 0.1674859745212543, 0.48992121384813186, 1.0, 0.07089712373742182, 0.24418940534904218, 0.07502053094603331, 0.2907422273403986, 1.0, 0.24418940534904218, 0.19305668855428773, 0.5127113616471103, 1.0, 0.07525990848036575, 0.21783205543014525, 0.3240090816841655, 1.0, 0.24418940534904218, 0.10065102820896968, 0.35552611755190383, 1.0, 0.24418940534904218, 0.23675308240655962, 0.3853853744453775, 1.0, 0.24418940534904218, 0.5343027600459205, 1.0, 0.09067121390088813, 0.26679596586194904, 0.5547584626121426, 1.0, 0.2887067893461099, 0.5741382063299374, 1.0, 0.30993252094533197, 0.4136740506385311, 1.0, 0.3261716757174737, 0.5924985860505333, 1.0, 0.09067121390088813, 0.34586959489177727, 0.6098932197667127, 1.0, 0.36495094236398284, 0.6263729051939501, 1.0, 0.3834260825178732, 0.4404747578234443, 1.0, 0.1115638587670814, 0.12649584939177488, 0.23675308240655962, 0.4658657623620483, 1.0, 0.1115638587670814, 0.25810020874407674, 0.6419857681154663, 1.0, 0.39644590205235414, 0.48992121384813186, 1.0, 0.1296003812293862, 0.12649584939177488, 0.5127113616471103, 1.0, 0.4099734482125245, 0.6567774029244157, 1.0, 0.1296003812293862, 0.42681373232815634, 0.670791005773628, 1.0, 0.44310621024130153, 0.684067500721748, 1.0, 0.4588619185070077, 0.5343027600459205, 1.0, 0.4701768213856344, 0.6966456592441558, 1.0, 0.1296003812293862, 0.1547722802679427, 0.28257219442622866, 0.7085622134576773, 1.0, 0.13620053813884012, 0.4848119933944253, 0.7198519633897378, 1.0, 0.13620053813884012, 0.1547722802679427, 0.4992370587824384, 0.7305478786052145, 1.0, 0.13620053813884012, 0.1547722802679427, 0.5131613403368078, 0.7406811944877736, 1.0, 0.14533025942046301, 0.3073626744039134, 0.5547584626121426, 1.0, 0.5265976101030538, 0.7502815034568593, 1.0, 0.15315174647526653, 0.5395586820414524, 0.759376841386721, 1.0, 0.17710466510786746, 0.32713971104472356, 0.5741382063299374, 1.0, 0.5520573722811939, 0.7679937694798445, 1.0, 0.5641064634397944, 0.5924985860505333, 1.0, 0.5712891419681351, 0.7761574518338866, 1.0, 0.5825235462276976, 0.6098932197667127, 1.0, 0.5891570243524266, 0.7838917289286301, 1.0, 0.19259851630521105, 0.1547722802679427, 0.6263729051939501, 1.0, 0.5996381249404842, 0.7912191872475659, 1.0],"final_QSA" => Dict{Int64,Any}(1 => [0.0 0.0; 0.1542892670333154 0.1996349780543352; 0.6604697456285793 0.09992643493547798; 0.008724928516044738 0.8645608300159323; 0.3751564885934247 0.05886730646863556; 0.6953930246050547 0.06824833095145372; 0.22065201098711457 0.15742038793429494]),"trialByTrial_Vs" => [0.0, 0.0, 0.0, 0.0, 0.0525994570435355, 0.011357270142742749, 0.02444148610467509, 0.10243221120579626, 0.025710093040351493, 0.14964378955613813, 0.023854605133108938, 0.050067849146241725, 0.19437206451908368, 0.05240838876800394, 0.0, 0.07656370791429008, 0.23674765650448432, 0.03734302672726442, 0.07372438555724682, 0.05240838876800394, 0.23674765650448432, 0.04423777880021729, 0.08512103981805426, 0.0, 0.07980316160928447, 0.2768943153595545, 0.055321136446664504, 0.002929888519126139, 0.0525994570435355, 0.10672525148991234, 0.31492928175673596, 0.055321136446664504, 0.008113510238911038, 0.10508520544531852, 0.3509636295727565, 0.060764721476533216, 0.020600794250730654, 0.0525994570435355, 0.13314859094710382, 0.3851025902587365, 0.15987453460119247, 0.060764721476533216, 0.13246389589857427, 0.0525994570435355, 0.06951528617201502, 0.15848208075325523, 0.020600794250730654, 0.10243221120579626, 0.15848208075325523, 0.10243221120579626, 0.17705798129451392, 0.41744586014860335, 0.20225437797594334, 0.14964378955613813, 0.19719754154625405, 0.4480878916032507, 0.06951528617201502, 0.024436288883011227, 0.4771181688406726, 0.06951528617201502, 0.023597897568571512, 0.13246389589857427, 0.14964378955613813, 0.22207364051556885, 0.035746340107461326, 0.19437206451908368, 0.22207364051556885, 0.23674765650448432, 0.06951528617201502, 0.0529257136722463, 0.2768943153595545, 0.2405441132357727, 0.15354699955855158, 0.4771181688406726, 0.2405441132357727, 0.5046214692575828, 0.06951528617201502, 0.08126154272107827, 0.18141925286467153, 0.5306781110056583, 0.0767951063094242, 0.26450369711566396, 0.08126154272107827, 0.31492928175673596, 0.26450369711566396, 0.20911721293774257, 0.5553641875454072, 0.08152083424417632, 0.23595366035319953, 0.3509636295727565, 0.26450369711566396, 0.10902425943382514, 0.3851025902587365, 0.26450369711566396, 0.2564487411341743, 0.41744586014860335, 0.26450369711566396, 0.57875178986263, 0.09821421721580913, 0.2889909136113419, 0.6009092169964168, 0.3127245142158612, 0.6219011754934847, 0.33571602965017755, 0.4480878916032507, 0.3533061313547346, 0.6417889683713264, 0.09821421721580913, 0.3746427345527376, 0.6606306741419993, 0.39531147300653224, 0.6784813164193608, 0.41532357332042175, 0.4771181688406726, 0.12084493619288203, 0.1370191298270505, 0.2564487411341743, 0.5046214692575828, 0.12084493619288203, 0.27957175022213016, 0.6953930246050547, 0.4294265209799503, 0.5306781110056583, 0.14038192989484097, 0.1370191298270505, 0.5553641875454072, 0.4440794334073072, 0.7114151861225024, 0.14038192989484097, 0.4623206728365767, 0.7265945906434685, 0.4799685336724813, 0.7409755667283876, 0.49703497060899865, 0.57875178986263, 0.5092911683732854, 0.7546001112794839, 0.14038192989484097, 0.16764789726800958, 0.30607957794478846, 0.7675080121847271, 0.1475311585913058, 0.5251438508380124, 0.7797369645107827, 0.1475311585913058, 0.16764789726800958, 0.540768947761488, 0.7913226805842765, 0.1475311585913058, 0.16764789726800958, 0.5558516002850309, 0.8022989942828439, 0.15742038793429494, 0.3329323957318529, 0.6009092169964168, 0.5704056429697882, 0.8126979598405272, 0.16589255010685397, 0.5844449557785819, 0.822549945456062, 0.19183812921982785, 0.35435469823514515, 0.6219011754934847, 0.5979834210235814, 0.8318837219774189, 0.6110348847174217, 0.6417889683713264, 0.6188150954240401, 0.8407265469215868, 0.6309840978314082, 0.6606306741419993, 0.638169419758945, 0.8491042440749603, 0.20862092501065846, 0.16764789726800958, 0.6784813164193608, 0.649522450622097, 0.8570412789067913],"RPE_QV" => [0.0, 0.0, 1.0, 0.0485597376415, 0.9474005429564645, 0.01120707214370025, 0.07012377334420548, 0.8975677887942037, 0.1124408227478369, 0.8503562104438619, 0.022367956000998886, 0.12937614112292073, 0.8056279354809164, 0.0, 0.07068349709581835, 0.14200136353848897, 0.034475024696825195, 0.030400463056968294, -0.02534104185311669, 0.16615668268477513, 0.7632523434955156, 0.03434583391493323, -0.08512103981805426, 1.0, 0.17582524339789685, 0.7231056846404456, 0.0027048685633741516, 0.0485597376415, 0.09852858761990184, 0.18401697585048626, 0.685070718243264, -0.047830756304013095, 0.09408461112113098, 0.21892387623884696, 0.6490363704272435, 0.015248501816162623, 0.04044622740258896, 0.10546184208132525, 0.2223775266048, 0.6148974097412635, -0.10377663742485806, 0.061525742976013466, 0.0485597376415, 0.9474005429564645, 0.13826970218899706, 0.017657184820839864, 0.07768231933568505, 0.11088365195832846, -0.06391682130437466, 0.8975677887942037, 0.2083273931508636, 0.5825541398513967, -0.06410346218775495, 0.12924525388399277, 0.21647650909227703, 0.5519121083967493, 0.01289706450185222, 0.41603846894043306, 0.059159240348514136, 0.011786791477351254, 0.10168967020181603, 0.00568701988961412, 0.8503562104438619, 0.027381480674380742, 0.15432651128872082, 0.8056279354809164, -0.0035085690627897903, 0.7632523434955156, 0.03144058560957698, 0.20270269133493501, 0.7231056846404456, 0.1222890481594863, 0.2869277582648927, 0.5228818311593274, 0.22532164912627559, 0.4953785307424172, 0.005505244774018286, 0.13173963441379297, 0.30850196098346033, 0.4693218889943417, 0.167394299039618, 0.036171437299868214, 0.20948068461932035, 0.685070718243264, 0.13940444448937278, 0.30359414870936774, 0.4446358124545928, 0.13631122118596894, 0.08805542133096594, 0.6490363704272435, 0.027196044850132647, 0.24650185811807868, 0.6148974097412635, 0.14885917412240007, 0.359675281405026, 0.5825541398513967, 0.2697990629302565, 0.42124821013737, 0.23455499486539075, 0.2657675490008007, 0.39909078300358325, 0.26141369211407617, 0.37809882450651533, 0.07795802098835353, 0.5519121083967493, 0.2391924546957987, 0.3582110316286736, 0.24765537767596812, 0.23525048521397512, 0.3393693258580007, 0.23106143218741781, 0.3215186835806392, 0.02515118450302256, 0.5228818311593274, 0.07088907732842073, 0.1812068471879656, 0.20941702122787398, 0.4953785307424172, 0.1372552725511947, 0.3624140178933361, 0.3046069753949453, 0.06049469286818154, 0.4693218889943417, 0.061694970009720074, 0.3756922318200598, 0.4446358124545928, 0.21269796951710845, 0.28858481387749757, 0.34453540552042394, 0.20847033293705136, 0.27340540935653146, 0.20409896704926672, 0.2590244332716124, 0.03726778943692183, 0.42124821013737, 0.18735449087087042, 0.2453998887205161, 0.01439035037310174, 0.2067499664219966, 0.4024826355128889, 0.23249198781527292, 0.3762108274857771, 0.19470811255172538, 0.22026303548921733, 0.019122086675731342, 0.40006214674573753, 0.18977893084372655, 0.20867731941572354, 0.008406547089200467, 0.3859348928071651, 0.1848295942027427, 0.1977010057171561, 0.1598315158126076, 0.22182606688028966, 0.39909078300358325, 0.17987586048707105, 0.18730204015947283, 0.3736661319345984, 0.1749318856081391, 0.17745005454393803, 0.1353015818248957, 0.21978350809479225, 0.37809882450651533, 0.17001034845626317, 0.1681162780225811, -0.01853629866688844, 0.3582110316286736, 0.1573423564098465, 0.15927345307841323, -0.02109087806469545, 0.3393693258580007, 0.1457223091696851, 0.15089575592503968, -0.05384864474271575, 0.4587250079259405, 0.3215186835806392, 0.1416967366254689, 0.14295872109320873],"StateValue_V3_record" => [0.0, 0.0, 0.0, 0.0525994570435355, 0.0, 0.0025542158341194327, 0.10243221120579626, 0.011357270142742749, 0.011946756052549114, 0.028129958508424247, 0.14964378955613813, 0.025710093040351493, 0.031624419266416126, 0.19437206451908368, 0.023854605133108938, 0.025031147473935172, 0.05687296392369518, 0.23674765650448432, 0.05240838876800394, 0.05240838876800394, 0.0037179135691783635, 0.07253649844875858, 0.23674765650448432, 0.03894207457793301, 0.07239146051485537, 0.06114814006137813, 0.2768943153595545, 0.04423777880021729, 0.04604435101585022, 0.08064371934064343, 0.0525994570435355, 0.07980316160928447, 0.08905147394656132, 0.31492928175673596, 0.055321136446664504, 0.055321136446664504, 0.002929888519126139, 0.0525994570435355, 0.1164044445064413, 0.3509636295727565, 0.055321136446664504, 0.052553549324346215, 0.008113510238911038, 0.11660048246934804, 0.3851025902587365, 0.060764721476533216, 0.060764721476533216, 0.020600794250730654, 0.0525994570435355, 0.14484552810520068, 0.41744586014860335, 0.15987453460119247, 0.15441593981884108, 0.05756853011946591, 0.13246389589857427, 0.10243221120579626, 0.06951528617201502, 0.06951528617201502, 0.15848208075325523, 0.020600794250730654, 0.10243221120579626, 0.15512009065669644, 0.14964378955613813, 0.17705798129451392, 0.18801588906154448, 0.4480878916032507, 0.20225437797594334, 0.19403859546935323, 0.14964378955613813, 0.20858408838718778, 0.4771181688406726, 0.06951528617201502, 0.06951528617201502, 0.023394585555322416, 0.4771181688406726, 0.06951528617201502, 0.025949615690282368, 0.13276303005696377, 0.19437206451908368, 0.22207364051556885, 0.22207364051556885, 0.035746340107461326, 0.23674765650448432, 0.22207364051556885, 0.22188909168786636, 0.2768943153595545, 0.06951528617201502, 0.06951528617201502, 0.06358776517772725, 0.31492928175673596, 0.2405441132357727, 0.2405441132357727, 0.16863924385400375, 0.5046214692575828, 0.2405441132357727, 0.25239590963996883, 0.5306781110056583, 0.06951528617201502, 0.06759465276040319, 0.08126154272107827, 0.19764628850926752, 0.5553641875454072, 0.0767951063094242, 0.07464222720901574, 0.26450369711566396, 0.09228011299316262, 0.3509636295727565, 0.26450369711566396, 0.26450369711566396, 0.22508610032144968, 0.57875178986263, 0.08152083424417632, 0.08869073046749956, 0.2405853277049481, 0.3851025902587365, 0.26450369711566396, 0.26450369711566396, 0.1219901233310587, 0.41744586014860335, 0.26450369711566396, 0.26450369711566396, 0.2564487411341743, 0.4480878916032507, 0.26450369711566396, 0.2786949813366501, 0.6009092169964168, 0.09821421721580913, 0.09821421721580913, 0.3029701423885752, 0.6219011754934847, 0.3127245142158612, 0.3264747324848076, 0.6417889683713264, 0.33571602965017755, 0.3398165792263535, 0.4771181688406726, 0.3533061313547346, 0.36588752460064405, 0.6606306741419993, 0.09821421721580913, 0.11124075561547678, 0.387016782344221, 0.6784813164193608, 0.39531147300653224, 0.40746517888329215, 0.6953930246050547, 0.41532357332042175, 0.41664651196928254, 0.5046214692575828, 0.12084493619288203, 0.12084493619288203, 0.1370191298270505, 0.267463962746435, 0.5306781110056583, 0.12084493619288203, 0.12806448900543735, 0.2986345307882858, 0.7114151861225024, 0.4294265209799503, 0.43260850897883213, 0.5553641875454072, 0.14038192989484097, 0.14038192989484097, 0.15678033723625973, 0.57875178986263, 0.4440794334073072, 0.4552672311181696, 0.7265945906434685, 0.14038192989484097, 0.14038192989484097, 0.47328609915875064, 0.7409755667283876, 0.4799685336724813, 0.4907040285224192, 0.7546001112794839, 0.49703497060899865, 0.49899523609859353, 0.6009092169964168, 0.5092911683732854, 0.5191459128677611, 0.7675080121847271, 0.14038192989484097, 0.13667982410292817, 0.16764789726800958, 0.32724994604221763, 0.7797369645107827, 0.1475311585913058, 0.1475311585913058, 0.5353853918402047, 0.7913226805842765, 0.1475311585913058, 0.1475311585913058, 0.16764789726800958, 0.5507512164821706, 0.8022989942828439, 0.1475311585913058, 0.1475311585913058, 0.16764789726800958, 0.5655735365856721, 0.8126979598405272, 0.15742038793429494, 0.15742038793429494, 0.34460032640785915, 0.6219011754934847, 0.5704056429697882, 0.5798670155666469, 0.822549945456062, 0.16589255010685397, 0.18554718576217194, 0.5936462779811719, 0.8318837219774189, 0.19183812921982785, 0.19895491896094886, 0.36591519142805473, 0.6417889683713264, 0.5979834210235814, 0.6069258730441631, 0.8407265469215868, 0.6110348847174217, 0.6100598854719466, 0.6606306741419993, 0.6188150954240401, 0.6270912179411485, 0.8491042440749603, 0.6309840978314082, 0.6298747290966338, 0.6784813164193608, 0.638169419758945, 0.6458343341004007, 0.8570412789067913, 0.20862092501065846, 0.20578851553466138, 0.19177658361720556, 0.6953930246050547, 0.649522450622097, 0.6569756220334375, 0.8645608300159323],"StateValue_V1_record" => [0.0, 0.0, 0.0, 0.0, 0.0, 0.0525994570435355, 0.0, 0.011357270142742749, 0.02444148610467509, 0.10243221120579626, 0.0, 0.025710093040351493, 0.14964378955613813, 0.0, 0.023854605133108938, 0.050067849146241725, 0.19437206451908368, 0.0, 0.05240838876800394, 0.0, 0.07656370791429008, 0.23674765650448432, 0.03734302672726442, 0.07372438555724682, 0.05240838876800394, 0.23674765650448432, 0.0, 0.04423777880021729, 0.08512103981805426, 0.0, 0.0, 0.07980316160928447, 0.2768943153595545, 0.0, 0.055321136446664504, 0.002929888519126139, 0.0525994570435355, 0.10672525148991234, 0.31492928175673596, 0.0, 0.055321136446664504, 0.008113510238911038, 0.10508520544531852, 0.3509636295727565, 0.0, 0.060764721476533216, 0.020600794250730654, 0.0525994570435355, 0.13314859094710382, 0.3851025902587365, 0.0, 0.15987453460119247, 0.060764721476533216, 0.13246389589857427, 0.0525994570435355, 0.0, 0.06951528617201502, 0.15848208075325523, 0.020600794250730654, 0.10243221120579626, 0.15848208075325523, 0.10243221120579626, 0.0, 0.17705798129451392, 0.41744586014860335, 0.0, 0.20225437797594334, 0.14964378955613813, 0.19719754154625405, 0.4480878916032507, 0.0, 0.06951528617201502, 0.024436288883011227, 0.4771181688406726, 0.06951528617201502, 0.023597897568571512, 0.13246389589857427, 0.14964378955613813, 0.0, 0.22207364051556885, 0.035746340107461326, 0.19437206451908368, 0.0, 0.22207364051556885, 0.23674765650448432, 0.0, 0.06951528617201502, 0.0529257136722463, 0.2768943153595545, 0.0, 0.2405441132357727, 0.15354699955855158, 0.4771181688406726, 0.0, 0.2405441132357727, 0.5046214692575828, 0.0, 0.06951528617201502, 0.08126154272107827, 0.18141925286467153, 0.5306781110056583, 0.0, 0.0767951063094242, 0.26450369711566396, 0.08126154272107827, 0.31492928175673596, 0.0, 0.26450369711566396, 0.20911721293774257, 0.5553641875454072, 0.0, 0.08152083424417632, 0.23595366035319953, 0.3509636295727565, 0.0, 0.26450369711566396, 0.10902425943382514, 0.3851025902587365, 0.0, 0.26450369711566396, 0.2564487411341743, 0.41744586014860335, 0.0, 0.26450369711566396, 0.57875178986263, 0.0, 0.09821421721580913, 0.2889909136113419, 0.6009092169964168, 0.0, 0.3127245142158612, 0.6219011754934847, 0.0, 0.33571602965017755, 0.4480878916032507, 0.0, 0.3533061313547346, 0.6417889683713264, 0.0, 0.09821421721580913, 0.3746427345527376, 0.6606306741419993, 0.0, 0.39531147300653224, 0.6784813164193608, 0.0, 0.41532357332042175, 0.4771181688406726, 0.0, 0.12084493619288203, 0.1370191298270505, 0.2564487411341743, 0.5046214692575828, 0.0, 0.12084493619288203, 0.27957175022213016, 0.6953930246050547, 0.0, 0.4294265209799503, 0.5306781110056583, 0.0, 0.14038192989484097, 0.1370191298270505, 0.5553641875454072, 0.0, 0.4440794334073072, 0.7114151861225024, 0.0, 0.14038192989484097, 0.4623206728365767, 0.7265945906434685, 0.0, 0.4799685336724813, 0.7409755667283876, 0.0, 0.49703497060899865, 0.57875178986263, 0.0, 0.5092911683732854, 0.7546001112794839, 0.0, 0.14038192989484097, 0.16764789726800958, 0.30607957794478846, 0.7675080121847271, 0.0, 0.1475311585913058, 0.5251438508380124, 0.7797369645107827, 0.0, 0.1475311585913058, 0.16764789726800958, 0.540768947761488, 0.7913226805842765, 0.0, 0.1475311585913058, 0.16764789726800958, 0.5558516002850309, 0.8022989942828439, 0.0, 0.15742038793429494, 0.3329323957318529, 0.6009092169964168, 0.0, 0.5704056429697882, 0.8126979598405272, 0.0, 0.16589255010685397, 0.5844449557785819, 0.822549945456062, 0.0, 0.19183812921982785, 0.35435469823514515, 0.6219011754934847, 0.0, 0.5979834210235814, 0.8318837219774189, 0.0, 0.6110348847174217, 0.6417889683713264, 0.0, 0.6188150954240401, 0.8407265469215868, 0.0, 0.6309840978314082, 0.6606306741419993, 0.0, 0.638169419758945, 0.8491042440749603, 0.0, 0.20862092501065846, 0.16764789726800958, 0.6784813164193608, 0.0, 0.649522450622097, 0.8570412789067913, 0.0])
POPULATION_SIGNALS
subject_id: 6
algorithm_name: Sarsa-Lambda (ReplTrc)
param_string: alpha=0.1974, gamma=0.9961,
                lambda=0.6128, temp=0.2507,
                reward_magnitude=1.0,
                action_cost=0.0,
                initQSA=nothing, use_replacing_trace=true
param_vector: [0.197445163350583, 0.9960525723724495, 0.6127972592361022, 0.2507274927826116, 1.0, 0.0, 0.0]
LL: -87.181
RPE
[0.0, 0.0, 1.0, 0.197, 0.803, 0.046, 0.234, 0.644, 0.346, 0.517, 0.085, 0.338, 0.415, 0.0, 0.36, -0.361, 0.245, 0.072, -0.06, 0.398, 0.333, 0.086, -0.385, 1.0, 0.345, 0.267, 0.0, 0.0, 0.483, 0.297, 0.214, -0.285, 0.371, 0.395, 0.172, 0.035, 0.057, 0.42, 0.289, 0.138, -0.278, -0.367, 0.197, 0.803, -0.081, 0.143, 0.095, 0.317, -0.24, 0.644, 0.261, 0.111, -0.335, 0.265, 0.252, 0.089, 0.104, -0.168, 0.063, 0.042, 0.336, -0.047, 0.517, 0.141, 0.336, 0.415, -0.052, 0.333, 0.146, 0.366, 0.267, 0.375, 0.343, 0.071, 0.193, 0.057, -0.089, 0.366, 0.292, 0.046, -0.104, 0.142, 0.314, 0.214, 0.312, 0.238, 0.037, 0.313, 0.052, 0.172, 0.055, 0.303, 0.138, -0.422, 0.75, 0.111, 0.176, 0.03, 0.517, 0.143, 0.024, 0.117, 0.019, 0.022, 0.089, 0.08, 0.015, 0.377, 0.065, 0.012, 0.053, 0.01, -0.02, 0.071, -0.031, 0.4, 0.135, 0.057, 0.213, 0.151, 0.008, 0.001, 0.046, 0.145, 0.327, 0.037, 0.035, 0.006, 0.404, 0.028, 0.005, 0.023, 0.004, -0.007, 0.03, 0.017, 0.003, -0.184, 0.365, 0.125, 0.003, 0.337, 0.014, 0.002, -0.122, 0.392, 0.012, 0.002, -0.068, 0.315, 0.009, 0.001, 0.191, 0.079, 0.024, 0.008, 0.001, 0.237, 0.006, 0.001, 0.113, 0.065, 0.019, 0.005, 0.001, -0.011, 0.015, 0.004, 0.001, -0.008, 0.012, 0.004, 0.0, -0.128, 0.285, 0.01, 0.003, 0.0]
SPE
Float64[]
action_selection_prob
[0.5, 0.5, 0.5, 0.5, 0.687, 0.573, 0.618, 0.805, 0.632, 0.873, 0.653, 0.726, 0.912, 0.257, 0.5, 0.809, 0.065, 0.728, 0.785, 0.72, 0.915, 0.766, 0.823, 0.5, 0.801, 0.931, 0.204, 0.443, 0.313, 0.858, 0.943, 0.759, 0.468, 0.847, 0.952, 0.224, 0.401, 0.45, 0.894, 0.958, 0.919, 0.731, 0.108, 0.423, 0.261, 0.097, 0.488, 0.42, 0.879, 0.547, 0.888, 0.962, 0.912, 0.376, 0.9, 0.965, 0.282, 0.556, 0.033, 0.286, 0.466, 0.827, 0.538, 0.08, 0.458, 0.636, 0.885, 0.708, 0.345, 0.573, 0.759, 0.103, 0.856, 0.96, 0.843, 0.962, 0.568, 0.329, 0.889, 0.963, 0.616, 0.135, 0.567, 0.795, 0.177, 0.912, 0.965, 0.643, 0.927, 0.821, 0.238, 0.651, 0.84, 0.282, 0.065, 0.854, 0.706, 0.966, 0.287, 0.736, 0.966, 0.76, 0.967, 0.778, 0.865, 0.788, 0.967, 0.606, 0.799, 0.968, 0.808, 0.968, 0.815, 0.873, 0.318, 0.284, 0.883, 0.879, 0.633, 0.896, 0.968, 0.818, 0.884, 0.313, 0.629, 0.887, 0.822, 0.969, 0.377, 0.826, 0.969, 0.83, 0.969, 0.832, 0.89, 0.834, 0.969, 0.543, 0.309, 0.907, 0.969, 0.441, 0.836, 0.969, 0.509, 0.388, 0.837, 0.969, 0.532, 0.465, 0.839, 0.969, 0.442, 0.915, 0.893, 0.84, 0.969, 0.491, 0.841, 0.969, 0.539, 0.921, 0.894, 0.841, 0.969, 0.842, 0.896, 0.842, 0.969, 0.842, 0.897, 0.842, 0.969, 0.57, 0.472, 0.898, 0.843, 0.969]
results_dict
Dict{String,Any}("trialByTrial_Qsa" => [0.0, 0.0, 0.0, 0.0, 0.197445163350583, 0.07356049633890632, 0.12051624046486566, 0.3559057341706276, 0.1355515953528167, 0.48307903170048183, 0.15831658647286795, 0.24433918381876432, 0.5851425767257217, 0.0, 0.0, 0.3611701619710479, 0.0, 0.24642198642100666, 0.3247179276271614, 0.26609006647286876, 0.6670541684313135, 0.29764837070270034, 0.38543175892530107, 0.0, 0.384863966633323, 0.7327927125322885, 0.0, 0.0, 0.0, 0.4851924934109097, 0.785551499054817, 0.3417900802244254, 0.057207365530390006, 0.4298463627886581, 0.8278933183542263, 0.05477405827566813, 0.08973788795516344, 0.147020118431333, 0.5697291942258962, 0.8618749502255029, 0.64338652669338, 0.3670282485469974, 0.0, 0.197445163350583, 0.1161202457247833, 0.03491813374217856, 0.1790475691069149, 0.2749967701093179, 0.5948033210300618, 0.3559057341706276, 0.6249805742866943, 0.8891470732410358, 0.6898055481350043, 0.35609697692614883, 0.6555853216748105, 0.9110344474728497, 0.14276551890048939, 0.24727974741800895, 0.07973024060101262, 0.1475892889949489, 0.19068563331222343, 0.5285351987220778, 0.48307903170048183, 0.10488368396301065, 0.24722964210806117, 0.5851425767257217, 0.7160342492699596, 0.6670541684313135, 0.21614031273407205, 0.3634899132512565, 0.7327927125322885, 0.20375925909373066, 0.5814809580807854, 0.9286002655241478, 0.7459688467593977, 0.9426977977609207, 0.3772980465492606, 0.28929739721795766, 0.657899062505796, 0.9540118404423639, 0.42737680852444887, 0.3245293267352937, 0.4680386434903294, 0.785551499054817, 0.40616644175866895, 0.7211638611129442, 0.963091980118414, 0.45664665474023614, 0.772628779524355, 0.8278933183542263, 0.4992121519193161, 0.5559622890049762, 0.8618749502255029, 0.5566018467570897, 0.1355515953528167, 0.8891470732410358, 0.7909831334818171, 0.9703792901328804, 0.30876474926947206, 0.8292174994324681, 0.9762277560311541, 0.8603480326372721, 0.9809214706247927, 0.8856894167528174, 0.9110344474728497, 0.9007054037076513, 0.9846884339737695, 0.5373602841345259, 0.9183652725597019, 0.9877116286289718, 0.9327685005506042, 0.990137908121637, 0.9445126408626254, 0.9286002655241478, 0.42988073652644104, 0.4001787057421066, 0.8036368851916874, 0.9426977977609207, 0.6206635195853629, 0.8372648966457358, 0.9920851304635389, 0.9492518953793386, 0.9540118404423639, 0.4844737717341106, 0.6323378303226367, 0.963091980118414, 0.9549904863071151, 0.993647883172064, 0.5552940185154626, 0.9626142859351691, 0.9949020779167778, 0.9688283095311074, 0.9959086379752481, 0.9738920532907939, 0.9703792901328804, 0.9760119376914829, 0.9967164576185517, 0.6815464596440617, 0.49973902491088507, 0.8680140416826518, 0.9973647771804253, 0.6387600782775454, 0.9797188238956113, 0.9978850891805013, 0.7071873210403642, 0.5870848523407628, 0.9827827940829393, 0.9983026680927292, 0.7311645626596478, 0.6659678474703385, 0.9852735966108567, 0.9986377980684205, 0.6985739606238315, 0.8930939593307579, 0.9762277560311541, 0.9872981222143637, 0.9989067582513177, 0.7475881663827862, 0.9889433962188493, 0.999122613546968, 0.7952877964403304, 0.9116123944766871, 0.9809214706247927, 0.9902802561064324, 0.9992958492585085, 0.9913663512918302, 0.9846884339737695, 0.9911256545386039, 0.9994348804166857, 0.9920554170487581, 0.9877116286289718, 0.9919088824236907, 0.9995464605451259, 0.8268346570047284, 0.7013410188932236, 0.990137908121637, 0.9926924971496225, 0.9996360097168794],"StateValue_V2_record" => [0.0, 0.0, 0.0, 1.0, 0.0, 0.19666576285784668, 1.0, 0.0732701216033618, 0.12004051132768613, 0.3545008220427588, 1.0, 0.13501651524036243, 0.481172112184457, 1.0, 0.15769164320552545, 0.24337467257406498, 0.5828327687522985, 1.0, 0.265039695193057, 0.0, 0.3597444688954365, 0.664421020377775, 0.2454492534637725, 0.323436127108485, 0.265039695193057, 0.664421020377775, 1.0, 0.2964734253008931, 0.38391029495158396, 0.0, 1.0, 0.3833447439785859, 0.7299000663335709, 1.0, 0.3404408886189248, 0.056981543595195965, 0.19666576285784668, 0.48327723115773935, 0.7824505913645843, 1.0, 0.3404408886189248, 0.08938365413701119, 0.42814957538058407, 0.8246252693966903, 1.0, 0.3655794310985915, 0.1899329155751098, 0.19666576285784668, 0.5674802294643868, 0.858472761235489, 1.0, 0.6408468049427168, 0.3655794310985915, 0.5264488442765093, 0.2739112402615012, 1.0, 0.3758086898164912, 0.592455377967669, 0.1899329155751098, 0.3545008220427588, 0.592455377967669, 0.3545008220427588, 1.0, 0.6225135087010726, 0.8856372295191685, 1.0, 0.6870825906566586, 0.481172112184457, 0.6529974460638148, 0.9074382049252451, 1.0, 0.3758086898164912, 0.2463036285113174, 0.924934683181067, 0.3758086898164912, 0.22391757623084285, 0.5264488442765093, 0.481172112184457, 1.0, 0.713207755892119, 0.28815541667960104, 0.5828327687522985, 1.0, 0.713207755892119, 0.664421020377775, 1.0, 0.3758086898164912, 0.36205506312535257, 0.7299000663335709, 1.0, 0.7430241887244077, 0.5791856040819627, 0.924934683181067, 1.0, 0.7430241887244077, 0.9389765664296081, 1.0, 0.3758086898164912, 0.46619109481825444, 0.655302053570321, 0.9502459477463914, 1.0, 0.4256897695031051, 0.7878607848077845, 0.46619109481825444, 0.7824505913645843, 1.0, 0.7878607848077845, 0.718317118963596, 0.9592902442282223, 1.0, 0.454844075119286, 0.76957888333422, 0.8246252693966903, 1.0, 0.7878607848077845, 0.5537676681054817, 0.858472761235489, 1.0, 0.7878607848077845, 0.8004645867485631, 0.8856372295191685, 1.0, 0.7878607848077845, 0.966548788113807, 1.0, 0.5352390933029848, 0.8259442233659601, 0.9723741676162151, 1.0, 0.856951871043931, 0.977049354111191, 1.0, 0.8821932218796983, 0.9074382049252451, 1.0, 0.8971499343127717, 0.980801447644972, 1.0, 0.5352390933029848, 0.9147400921106168, 0.9838127084580689, 1.0, 0.929086464401422, 0.9862294103880326, 1.0, 0.9407842455695136, 0.924934683181067, 1.0, 0.6182134952607389, 0.6298417225012758, 0.8004645867485631, 0.9389765664296081, 1.0, 0.6182134952607389, 0.8339598540611382, 0.988168946210665, 1.0, 0.9455047922220136, 0.9502459477463914, 1.0, 0.6788561043198035, 0.6298417225012758, 0.9592902442282223, 1.0, 0.9512207304774185, 0.9897255300659735, 1.0, 0.6788561043198035, 0.9588144357081938, 0.9909747739677016, 1.0, 0.9650039298957113, 0.9919773607031884, 1.0, 0.9700476848933819, 0.966548788113807, 1.0, 0.9721592012038204, 0.9927819915369139, 1.0, 0.6788561043198035, 0.6985725259789101, 0.864587619073412, 0.9934277519042375, 1.0, 0.6958163904717776, 0.9758514547429344, 0.9939460100103495, 1.0, 0.704395750271436, 0.6985725259789101, 0.9789033301296951, 0.9943619405600426, 1.0, 0.7282783434647192, 0.6985725259789101, 0.9813843003948989, 0.9946957476344089, 1.0, 0.7535534105078906, 0.8895685355616971, 0.9723741676162151, 1.0, 0.983400834330106, 0.9949636461164495, 1.0, 0.7535534105078906, 0.9850396137345314, 0.9951786493389422, 1.0, 0.7921484554208081, 0.9080138705251123, 0.977049354111191, 1.0, 0.9863711964644601, 0.9953512012150488, 1.0, 0.9874530043677169, 0.980801447644972, 1.0, 0.9872132577475041, 0.9954896835577912, 1.0, 0.9881393500874387, 0.9838127084580689, 1.0, 0.9879933938971986, 0.9956008232317497, 1.0, 0.8235707870362516, 0.7266014534503477, 0.9862294103880326, 1.0, 0.9887739153607119, 0.9956900189146286, 1.0],"final_QSA" => Dict{Int64,Any}(1 => [0.0 0.0; 0.7294810270101414 0.7587793961249004; 0.9933282100646484 0.5719137590790029; 0.13394887346977855 0.9997078778377881; 0.9268318782947857 0.2970119538952351; 0.9920851304635389 0.4453324766541945; 0.8365690578611913 0.7565397966023402]),"trialByTrial_Vs" => [0.0, 0.0, 0.0, 0.0, 0.197445163350583, 0.07356049633890632, 0.12051624046486566, 0.3559057341706276, 0.1355515953528167, 0.48307903170048183, 0.15831658647286795, 0.24433918381876432, 0.5851425767257217, 0.26609006647286876, 0.0, 0.3611701619710479, 0.6670541684313135, 0.24642198642100666, 0.3247179276271614, 0.26609006647286876, 0.6670541684313135, 0.29764837070270034, 0.38543175892530107, 0.0, 0.384863966633323, 0.7327927125322885, 0.3417900802244254, 0.057207365530390006, 0.197445163350583, 0.4851924934109097, 0.785551499054817, 0.3417900802244254, 0.08973788795516344, 0.4298463627886581, 0.8278933183542263, 0.3670282485469974, 0.19068563331222343, 0.197445163350583, 0.5697291942258962, 0.8618749502255029, 0.64338652669338, 0.3670282485469974, 0.5285351987220778, 0.2749967701093179, 0.3772980465492606, 0.5948033210300618, 0.19068563331222343, 0.3559057341706276, 0.5948033210300618, 0.3559057341706276, 0.6249805742866943, 0.8891470732410358, 0.6898055481350043, 0.48307903170048183, 0.6555853216748105, 0.9110344474728497, 0.3772980465492606, 0.24727974741800895, 0.9286002655241478, 0.3772980465492606, 0.22480497761027252, 0.5285351987220778, 0.48307903170048183, 0.7160342492699596, 0.28929739721795766, 0.5851425767257217, 0.7160342492699596, 0.6670541684313135, 0.3772980465492606, 0.3634899132512565, 0.7327927125322885, 0.7459688467593977, 0.5814809580807854, 0.9286002655241478, 0.7459688467593977, 0.9426977977609207, 0.3772980465492606, 0.4680386434903294, 0.657899062505796, 0.9540118404423639, 0.42737680852444887, 0.7909831334818171, 0.4680386434903294, 0.785551499054817, 0.7909831334818171, 0.7211638611129442, 0.963091980118414, 0.45664665474023614, 0.772628779524355, 0.8278933183542263, 0.7909831334818171, 0.5559622890049762, 0.8618749502255029, 0.7909831334818171, 0.8036368851916874, 0.8891470732410358, 0.7909831334818171, 0.9703792901328804, 0.5373602841345259, 0.8292174994324681, 0.9762277560311541, 0.8603480326372721, 0.9809214706247927, 0.8856894167528174, 0.9110344474728497, 0.9007054037076513, 0.9846884339737695, 0.5373602841345259, 0.9183652725597019, 0.9877116286289718, 0.9327685005506042, 0.990137908121637, 0.9445126408626254, 0.9286002655241478, 0.6206635195853629, 0.6323378303226367, 0.8036368851916874, 0.9426977977609207, 0.6206635195853629, 0.8372648966457358, 0.9920851304635389, 0.9492518953793386, 0.9540118404423639, 0.6815464596440617, 0.6323378303226367, 0.963091980118414, 0.9549904863071151, 0.993647883172064, 0.6815464596440617, 0.9626142859351691, 0.9949020779167778, 0.9688283095311074, 0.9959086379752481, 0.9738920532907939, 0.9703792901328804, 0.9760119376914829, 0.9967164576185517, 0.6815464596440617, 0.7013410188932236, 0.8680140416826518, 0.9973647771804253, 0.6985739606238315, 0.9797188238956113, 0.9978850891805013, 0.7071873210403642, 0.7013410188932236, 0.9827827940829393, 0.9983026680927292, 0.7311645626596478, 0.7013410188932236, 0.9852735966108567, 0.9986377980684205, 0.7565397966023402, 0.8930939593307579, 0.9762277560311541, 0.9872981222143637, 0.9989067582513177, 0.7565397966023402, 0.9889433962188493, 0.999122613546968, 0.7952877964403304, 0.9116123944766871, 0.9809214706247927, 0.9902802561064324, 0.9992958492585085, 0.9913663512918302, 0.9846884339737695, 0.9911256545386039, 0.9994348804166857, 0.9920554170487581, 0.9877116286289718, 0.9919088824236907, 0.9995464605451259, 0.8268346570047284, 0.7294810270101414, 0.990137908121637, 0.9926924971496225, 0.9996360097168794],"RPE_QV" => [0.0, 0.0, 1.0, 0.19666576285784668, 0.8025548366494171, 0.04648001498877981, 0.23398458157789315, 0.6440942658293725, 0.3456205168316403, 0.5169209682995182, 0.08505808610119703, 0.3384935849335342, 0.4148574232742783, 0.0, 0.3597444688954365, 0.30325085840672705, 0.2454492534637725, 0.07175653093969175, -0.05967823243410442, 0.3983309539049062, 0.3329458315686865, 0.08626192424888363, -0.38543175892530107, 1.0, 0.34503609970024784, 0.2672072874677115, 0.056981543595195965, 0.19666576285784668, 0.48327723115773935, 0.2972580979536746, 0.21444850094518297, -0.25240642608741426, 0.37094220985019405, 0.3947789066080322, 0.1721066816457737, 0.13515885729944166, 0.10692787490268324, 0.4204601110330538, 0.2887435670095928, 0.13812504977449713, -0.27780709559478856, 0.1594205957295119, 0.2739112402615012, 0.8025548366494171, 0.4763351322428857, 0.15501478183293124, 0.17545325293584388, 0.3174586078583511, -0.24030249898730305, 0.6440942658293725, 0.26065665523247417, 0.11085292675896419, -0.20863343595054729, 0.2650801164198273, 0.25185288325043453, 0.08896555252715033, 0.10353810961082802, 0.677654935763058, 0.29607844921547855, 0.07322576456723823, 0.33576321096428585, -0.04736308653762078, 0.5169209682995182, 0.1832717327165904, 0.3356031266442373, 0.4148574232742783, -0.05161322889218467, 0.3329458315686865, 0.14591475039128052, 0.36641015308231434, 0.2672072874677115, 0.3754263449882321, 0.3434537251002816, 0.07139973447585224, 0.19300771967021046, 0.057302202239079336, 0.08889304826899386, 0.36600465635236334, 0.2923468852405954, 0.04598815955763613, 0.36048397628333567, 0.14166176808296072, 0.31441194787425486, 0.21444850094518297, 0.312150677204927, 0.23812638311527812, 0.036908019881585985, 0.31293222859398384, 0.051996489872335294, 0.1721066816457737, 0.05455551618616561, 0.30251047223051275, 0.13812504977449713, 0.24386273999147345, 0.7500856341663518, 0.11085292675896419, 0.1755656546319898, 0.02962070986711962, 0.517179474096488, 0.14315666818374695, 0.02377224396884592, 0.11670132147391887, 0.019078529375207265, 0.021748788172427647, 0.08896555252715033, 0.08009604393732073, 0.015311566026230516, 0.37737980797609094, 0.06544743589836699, 0.012288371371028228, 0.05346090983742835, 0.009862091878362955, -0.019577957681558456, 0.07139973447585224, 0.19996098597483475, 0.4002858810064565, 0.13533968123792073, 0.057302202239079336, 0.21329633447577523, 0.1509040495649292, 0.007914869536461144, 0.0009940523670527446, 0.04598815955763613, 0.1453679507671652, 0.3269524139055856, 0.036908019881585985, 0.034735043758858386, 0.006352116827936016, 0.40352041719273124, 0.02836048803253255, 0.005097922083222239, 0.023149051172080992, 0.00409136202475191, -0.007343265176986913, 0.02962070986711962, 0.016770053845431065, 0.0032835423814483455, 0.017026066334848378, 0.3648485941625269, 0.12541371022158565, 0.002635222819574734, 0.337091376465389, 0.014227186114738277, 0.002114910819498661, -0.008614795061454128, 0.3918184777889323, 0.01157914647710323, 0.0016973319072708382, -0.032592036680737735, 0.31541645292456033, 0.009422151023552261, 0.001362201931579543, 0.19099457493786565, 0.07928020828545723, 0.02377224396884592, 0.007665523902085747, 0.0010932417486823054, 0.23745144735174517, 0.006235253120092876, 0.0008773864530320363, 0.11272607408478186, 0.06543695963450391, 0.019078529375207265, 0.005070945108616387, 0.0007041507414915493, -0.010564903646858137, 0.015311566026230516, 0.00436402901918731, 0.0005651195833142886, -0.008242708590689207, 0.012288371371028228, 0.0036919408080590133, 0.00045353945487414116, -0.1002332035543807, 0.28488839149480893, 0.009862091878362955, 0.002997521765006117, 0.00036399028312061876],"StateValue_V3_record" => [0.0, 0.0, 0.0, 0.197445163350583, 0.0, 0.038830703672934556, 0.3559057341706276, 0.07356049633890632, 0.0827377504909035, 0.16671536439603057, 0.48307903170048183, 0.1355515953528167, 0.20379269475595282, 0.5851425767257217, 0.15831658647286795, 0.17511089417740675, 0.3111731049890904, 0.6670541684313135, 0.26609006647286876, 0.26609006647286876, 0.07102980542552818, 0.2898588603433178, 0.6670541684313135, 0.2605899663938653, 0.3129347492757356, 0.34473858673421653, 0.7327927125322885, 0.29764837070270034, 0.3146803704269568, 0.3093301223237925, 0.197445163350583, 0.384863966633323, 0.4529896757004865, 0.785551499054817, 0.3417900802244254, 0.3417900802244254, 0.057207365530390006, 0.197445163350583, 0.5438846671186566, 0.8278933183542263, 0.3417900802244254, 0.2855560121860267, 0.1304481107478878, 0.5077935484912456, 0.8618749502255029, 0.3670282485469974, 0.3670282485469974, 0.19068563331222343, 0.23003793373665857, 0.6267402149805352, 0.8891470732410358, 0.64338652669338, 0.588534859323716, 0.2945602960583571, 0.5285351987220778, 0.3559057341706276, 0.3772980465492606, 0.3772980465492606, 0.5948033210300618, 0.1977779421540682, 0.3559057341706276, 0.5473567548639605, 0.48307903170048183, 0.6249805742866943, 0.6764459701574868, 0.9110344474728497, 0.6898055481350043, 0.623638862621904, 0.48307903170048183, 0.705312455348508, 0.9286002655241478, 0.3772980465492606, 0.3772980465492606, 0.2141357658864071, 0.9286002655241478, 0.3772980465492606, 0.25698045534818315, 0.5191835863638694, 0.5851425767257217, 0.7160342492699596, 0.7160342492699596, 0.313492856269299, 0.6670541684313135, 0.7160342492699596, 0.7058434668602912, 0.7327927125322885, 0.3772980465492606, 0.3772980465492606, 0.4358358257799062, 0.785551499054817, 0.7459688467593977, 0.7459688467593977, 0.6492942349365767, 0.9426977977609207, 0.7459688467593977, 0.7840772874976059, 0.9540118404423639, 0.3772980465492606, 0.3596972654331451, 0.4680386434903294, 0.7156215410171595, 0.963091980118414, 0.42737680852444887, 0.40681713236522815, 0.7909831334818171, 0.5301177618977366, 0.8278933183542263, 0.7909831334818171, 0.7909831334818171, 0.7681807637252238, 0.9703792901328804, 0.45664665474023614, 0.5184336097326373, 0.7828952349608552, 0.8618749502255029, 0.7909831334818171, 0.7909831334818171, 0.6156915186097919, 0.8891470732410358, 0.7909831334818171, 0.7909831334818171, 0.8036368851916874, 0.9110344474728497, 0.7909831334818171, 0.8256477228393824, 0.9762277560311541, 0.5373602841345259, 0.5373602841345259, 0.8574830911667333, 0.9809214706247927, 0.8603480326372721, 0.8833901441189189, 0.9846884339737695, 0.8856894167528174, 0.8899836097861996, 0.9286002655241478, 0.9007054037076513, 0.9165199801865911, 0.9877116286289718, 0.5373602841345259, 0.6118721019655767, 0.9312875522315318, 0.990137908121637, 0.9327685005506042, 0.943324098626326, 0.9920851304635389, 0.9445126408626254, 0.9406470678101193, 0.9426977977609207, 0.6206635195853629, 0.6206635195853629, 0.6323378303226367, 0.8303590506615245, 0.9540118404423639, 0.6206635195853629, 0.662777849188013, 0.8670601713623477, 0.993647883172064, 0.9492518953793386, 0.9494481662113304, 0.963091980118414, 0.6815464596440617, 0.6815464596440617, 0.6968930030940924, 0.9703792901328804, 0.9549904863071151, 0.9618487526960726, 0.9949020779167778, 0.6815464596440617, 0.6815464596440617, 0.9682139271274547, 0.9959086379752481, 0.9688283095311074, 0.97339897772119, 0.9967164576185517, 0.9738920532907939, 0.9724421610983971, 0.9762277560311541, 0.9760119376914829, 0.9793231037123921, 0.9973647771804253, 0.6815464596440617, 0.645259964152564, 0.7013410188932236, 0.8927763721837555, 0.9978850891805013, 0.6985739606238315, 0.7053171401678271, 0.9825279129820549, 0.9983026680927292, 0.7071873210403642, 0.6985739606238315, 0.7013410188932236, 0.9850690405505713, 0.9986377980684205, 0.7311645626596478, 0.7177727309107083, 0.7282453005414898, 0.9871339547588158, 0.9989067582513177, 0.7565397966023402, 0.7565397966023402, 0.9087474530061482, 0.9809214706247927, 0.9872981222143637, 0.9888116428333789, 0.999122613546968, 0.7565397966023402, 0.794471806192984, 0.9901745167896783, 0.9992958492585085, 0.7952877964403304, 0.8175450145518701, 0.9245326056608872, 0.9846884339737695, 0.9902802561064324, 0.991281489691745, 0.9994348804166857, 0.9913663512918302, 0.9892803621654931, 0.9877116286289718, 0.9911256545386039, 0.991987310961164, 0.9995464605451259, 0.9920554170487581, 0.9904279341046183, 0.990137908121637, 0.9919088824236907, 0.9926378382796186, 0.9996360097168794, 0.8268346570047284, 0.8015099195926418, 0.757590853888601, 0.9920851304635389, 0.9926924971496225, 0.993284343324161, 0.9997078778377881],"StateValue_V1_record" => [0.0, 0.0, 0.0, 0.0, 0.0, 0.197445163350583, 0.0, 0.07356049633890632, 0.12051624046486566, 0.3559057341706276, 0.0, 0.1355515953528167, 0.48307903170048183, 0.0, 0.15831658647286795, 0.24433918381876432, 0.5851425767257217, 0.0, 0.26609006647286876, 0.0, 0.3611701619710479, 0.6670541684313135, 0.24642198642100666, 0.3247179276271614, 0.26609006647286876, 0.6670541684313135, 0.0, 0.29764837070270034, 0.38543175892530107, 0.0, 0.0, 0.384863966633323, 0.7327927125322885, 0.0, 0.3417900802244254, 0.057207365530390006, 0.197445163350583, 0.4851924934109097, 0.785551499054817, 0.0, 0.3417900802244254, 0.08973788795516344, 0.4298463627886581, 0.8278933183542263, 0.0, 0.3670282485469974, 0.19068563331222343, 0.197445163350583, 0.5697291942258962, 0.8618749502255029, 0.0, 0.64338652669338, 0.3670282485469974, 0.5285351987220778, 0.2749967701093179, 0.0, 0.3772980465492606, 0.5948033210300618, 0.19068563331222343, 0.3559057341706276, 0.5948033210300618, 0.3559057341706276, 0.0, 0.6249805742866943, 0.8891470732410358, 0.0, 0.6898055481350043, 0.48307903170048183, 0.6555853216748105, 0.9110344474728497, 0.0, 0.3772980465492606, 0.24727974741800895, 0.9286002655241478, 0.3772980465492606, 0.22480497761027252, 0.5285351987220778, 0.48307903170048183, 0.0, 0.7160342492699596, 0.28929739721795766, 0.5851425767257217, 0.0, 0.7160342492699596, 0.6670541684313135, 0.0, 0.3772980465492606, 0.3634899132512565, 0.7327927125322885, 0.0, 0.7459688467593977, 0.5814809580807854, 0.9286002655241478, 0.0, 0.7459688467593977, 0.9426977977609207, 0.0, 0.3772980465492606, 0.4680386434903294, 0.657899062505796, 0.9540118404423639, 0.0, 0.42737680852444887, 0.7909831334818171, 0.4680386434903294, 0.785551499054817, 0.0, 0.7909831334818171, 0.7211638611129442, 0.963091980118414, 0.0, 0.45664665474023614, 0.772628779524355, 0.8278933183542263, 0.0, 0.7909831334818171, 0.5559622890049762, 0.8618749502255029, 0.0, 0.7909831334818171, 0.8036368851916874, 0.8891470732410358, 0.0, 0.7909831334818171, 0.9703792901328804, 0.0, 0.5373602841345259, 0.8292174994324681, 0.9762277560311541, 0.0, 0.8603480326372721, 0.9809214706247927, 0.0, 0.8856894167528174, 0.9110344474728497, 0.0, 0.9007054037076513, 0.9846884339737695, 0.0, 0.5373602841345259, 0.9183652725597019, 0.9877116286289718, 0.0, 0.9327685005506042, 0.990137908121637, 0.0, 0.9445126408626254, 0.9286002655241478, 0.0, 0.6206635195853629, 0.6323378303226367, 0.8036368851916874, 0.9426977977609207, 0.0, 0.6206635195853629, 0.8372648966457358, 0.9920851304635389, 0.0, 0.9492518953793386, 0.9540118404423639, 0.0, 0.6815464596440617, 0.6323378303226367, 0.963091980118414, 0.0, 0.9549904863071151, 0.993647883172064, 0.0, 0.6815464596440617, 0.9626142859351691, 0.9949020779167778, 0.0, 0.9688283095311074, 0.9959086379752481, 0.0, 0.9738920532907939, 0.9703792901328804, 0.0, 0.9760119376914829, 0.9967164576185517, 0.0, 0.6815464596440617, 0.7013410188932236, 0.8680140416826518, 0.9973647771804253, 0.0, 0.6985739606238315, 0.9797188238956113, 0.9978850891805013, 0.0, 0.7071873210403642, 0.7013410188932236, 0.9827827940829393, 0.9983026680927292, 0.0, 0.7311645626596478, 0.7013410188932236, 0.9852735966108567, 0.9986377980684205, 0.0, 0.7565397966023402, 0.8930939593307579, 0.9762277560311541, 0.0, 0.9872981222143637, 0.9989067582513177, 0.0, 0.7565397966023402, 0.9889433962188493, 0.999122613546968, 0.0, 0.7952877964403304, 0.9116123944766871, 0.9809214706247927, 0.0, 0.9902802561064324, 0.9992958492585085, 0.0, 0.9913663512918302, 0.9846884339737695, 0.0, 0.9911256545386039, 0.9994348804166857, 0.0, 0.9920554170487581, 0.9877116286289718, 0.0, 0.9919088824236907, 0.9995464605451259, 0.0, 0.8268346570047284, 0.7294810270101414, 0.990137908121637, 0.0, 0.9926924971496225, 0.9996360097168794, 0.0])