DateTime of fitting: 2020-12-27T20:01:27.739
DATA_STATS
nr_subjects: 1
all_subject_ids: [15]
nr_puzzles: 1
nr_episodes: 54
nr_actions: 201
max_state_id: 7
max_action_id: 2
SUBJECT_SIGNALS
subject_id: 15
algorithm_name: hybrid_actorcritic_FWD
param_string: alpha=0.7185,
                eta_critic=0.042,
                gamma=0.9241,
                lambda_actor=0.9682,
                lambda_critic=0.4502,
                eta_fwd=0.3306,
                w_MB=12.1425,
                w_MF=2.8619
param_vector: [0.7185223924646211, 0.04197853397959794, 0.9240836931775872, 0.9681657832054226, 0.45022240039576844, 0.3305541301811642, 12.14249667280442, 2.8619259663636143]
LL: -59.135
RPE
[0.0, 0.0, 0.0, 1.0, 0.004, 0.009, -0.017, 1.0, 0.032, 0.005, 0.958, 0.007, 0.033, 0.025, 0.918, 0.011, 0.04, 0.043, -0.113, 0.014, 0.038, -0.029, -0.033, 0.014, 0.036, -0.029, -0.031, 0.05, 0.042, 0.884, 0.014, 0.013, -0.026, 0.057, 0.059, 0.847, 0.014, 0.014, 0.954, 0.063, 0.075, 0.811, 0.022, 0.062, 0.089, 0.777, 0.041, 0.914, 0.068, 0.102, 0.744, 0.026, 0.084, -0.036, 0.875, 0.03, 0.088, -0.016, 0.838, 0.033, 0.091, 0.002, 0.803, 0.037, 0.094, 0.072, 0.713, 0.015, 0.021, 0.098, 0.084, 0.683, 0.017, 0.135, 0.095, 0.654, 0.022, 0.138, 0.105, 0.627, 0.036, 0.131, -0.042, 0.77, 0.04, 0.131, -0.024, 0.737, 0.043, 0.131, 0.09, 0.601, 0.031, 0.133, -0.022, 0.706, 0.057, 0.133, -0.163, 0.242, 0.575, 0.056, 0.244, 0.551, 0.064, 0.108, 0.677, 0.107, 0.076, 0.13, 0.528, 0.203, 0.136, 0.506, 0.092, 0.26, 0.485, 0.19, 0.16, 0.464, 0.096, 0.089, 0.648, 0.1, 0.262, 0.445, 0.179, 0.18, 0.426, 0.115, 0.068, -0.015, 0.621, 0.114, 0.07, -0.001, 0.595, 0.113, 0.072, 0.161, 0.408, 0.211, 0.163, 0.391, 0.098, 0.105, 0.57, 0.126, 0.271, 0.375, 0.199, 0.006, 0.546, 0.13, 0.116, 0.523, 0.131, 0.253, 0.359, 0.196, 0.183, 0.344, 0.12, 0.105, 0.501, 0.122, 0.251, 0.33, 0.173, 0.196, 0.316, 0.161, 0.031, 0.03, 0.48, 0.117, 0.254, 0.302, 0.221, 0.196, 0.29, 0.12, 0.092, -0.298, 0.115, 0.261, 0.278, 0.119, 0.016, 0.205, 0.266, 0.177, 0.064, 0.468, 0.175, 0.25, 0.255, 0.171, 0.212, 0.244, 0.128]
SPE
[0.857, 0.857, 0.857, 0.857, 0.574, 0.574, 0.857, 0.857, 0.857, 0.574, 0.574, 0.384, 0.384, 0.384, 0.384, 0.257, 0.257, 0.257, 0.957, 0.857, 0.172, 0.574, 0.904, 0.574, 0.115, 0.384, 0.857, 0.574, 0.172, 0.503, 0.172, 0.987, 0.574, 0.384, 0.115, 0.337, 0.115, 0.661, 0.715, 0.257, 0.077, 0.225, 0.077, 0.586, 0.052, 0.151, 0.971, 0.478, 0.446, 0.035, 0.101, 0.052, 0.393, 0.996, 0.32, 0.035, 0.263, 0.667, 0.214, 0.023, 0.176, 0.446, 0.144, 0.015, 0.118, 0.707, 0.068, 0.998, 0.384, 0.079, 0.473, 0.045, 0.668, 0.298, 0.317, 0.03, 0.447, 0.2, 0.212, 0.02, 0.703, 0.053, 0.859, 0.096, 0.471, 0.035, 0.575, 0.064, 0.315, 0.024, 0.615, 0.014, 0.257, 0.016, 0.588, 0.043, 0.211, 0.011, 1.0, 0.857, 0.009, 0.172, 0.574, 0.006, 0.115, 0.936, 0.029, 0.141, 0.007, 0.736, 0.004, 1.0, 0.493, 0.003, 0.394, 0.588, 0.002, 0.779, 0.33, 0.001, 0.077, 0.75, 0.019, 0.052, 0.594, 0.001, 0.994, 0.221, 0.001, 0.507, 0.005, 0.919, 0.013, 0.339, 0.003, 0.615, 0.009, 0.227, 0.002, 0.618, 0.0, 0.856, 0.414, 0.0, 0.432, 0.667, 0.006, 0.354, 0.597, 0.0, 0.714, 0.257, 0.004, 0.237, 0.629, 0.003, 0.159, 0.598, 0.0, 0.9, 0.277, 0.0, 0.402, 0.613, 0.002, 0.269, 0.599, 0.0, 0.822, 0.185, 0.0, 0.524, 0.001, 0.882, 0.001, 0.451, 0.401, 0.0, 0.651, 0.414, 0.0, 0.302, 0.736, 0.384, 0.202, 0.51, 0.0, 0.135, 1.0, 0.277, 0.0, 0.566, 0.773, 0.001, 0.379, 0.705, 0.0, 0.91, 0.185, 0.0, 0.391]
action_selection_prob
[0.5, 0.5, 0.5, 0.5, 0.626, 0.65, 0.268, 0.5, 0.499, 0.599, 0.871, 0.706, 0.752, 0.797, 0.929, 0.766, 0.824, 0.874, 0.948, 0.348, 0.792, 0.173, 0.87, 0.291, 0.797, 0.127, 0.202, 0.74, 0.882, 0.921, 0.774, 0.857, 0.358, 0.682, 0.817, 0.951, 0.807, 0.876, 0.455, 0.781, 0.821, 0.957, 0.844, 0.911, 0.877, 0.964, 0.85, 0.803, 0.883, 0.875, 0.965, 0.868, 0.925, 0.902, 0.893, 0.886, 0.929, 0.891, 0.924, 0.9, 0.933, 0.897, 0.94, 0.912, 0.937, 0.908, 0.965, 0.921, 0.101, 0.941, 0.921, 0.967, 0.926, 0.747, 0.931, 0.97, 0.93, 0.806, 0.939, 0.971, 0.934, 0.947, 0.945, 0.948, 0.941, 0.95, 0.945, 0.955, 0.946, 0.953, 0.947, 0.972, 0.157, 0.955, 0.951, 0.959, 0.951, 0.958, 0.953, 0.048, 0.974, 0.412, 0.212, 0.974, 0.644, 0.509, 0.964, 0.966, 0.304, 0.938, 0.974, 0.968, 0.949, 0.975, 0.97, 0.478, 0.975, 0.973, 0.955, 0.975, 0.755, 0.661, 0.964, 0.815, 0.763, 0.975, 0.854, 0.959, 0.976, 0.975, 0.184, 0.962, 0.965, 0.976, 0.365, 0.964, 0.967, 0.976, 0.542, 0.965, 0.976, 0.977, 0.967, 0.976, 0.978, 0.333, 0.968, 0.873, 0.54, 0.977, 0.979, 0.032, 0.969, 0.892, 0.679, 0.97, 0.905, 0.758, 0.977, 0.916, 0.915, 0.977, 0.924, 0.806, 0.971, 0.93, 0.839, 0.978, 0.936, 0.922, 0.978, 0.98, 0.138, 0.927, 0.972, 0.94, 0.74, 0.978, 0.98, 0.932, 0.978, 0.944, 0.79, 0.028, 0.944, 0.785, 0.979, 0.947, 0.82, 0.936, 0.98, 0.979, 0.8, 0.964, 0.98, 0.843, 0.98, 0.945, 0.939, 0.98, 0.95]
results_dict
Dict{String,Any}("finalQSA_Hybrid_record" => [0.0 0.0; 17.58992169703544 19.486965712614055; 10.67690289640911 14.5848920078005; 12.409625575948217 15.73670332855728; 14.017844001108934 16.813342116690578; 14.569683995245725 10.676925027455349; 13.70783438020241 16.643219943148186],"final_PolicyParameters_MF" => [0.0 0.0; 2.523293508796663 2.9327701192681253; 0.0 1.5040131434028976; 0.8516633005030787 1.256245495313005; 1.0158075628773253 1.9546103516136468; 0.8480973119564373 0.0; 1.1332242507097896 2.22211718570458],"final_Tsas" => [0.14285714285714285 0.14285714285714285; 9.377199506688117e-6 0.00010417904141291585; 0.14285714285714285 3.7826563510716307e-7; 0.04285962427228468 0.9994788104301603; 0.028692198451068105 1.13486260970671e-7; 0.9999980116415859 0.14285714285714285; 0.005762695763688324 2.0923880114629968e-5]

[0.14285714285714285 0.14285714285714285; 9.377199506688117e-6 0.00010417904141291585; 0.14285714285714285 0.7465493482031857; 0.04285962427228468 4.668864715303842e-5; 0.028692198451068105 0.001200328676326754; 1.13486260970671e-7 0.14285714285714285; 0.005762695763688324 0.7381136820746012]

[0.14285714285714285 0.14285714285714285; 9.377199506688117e-6 0.00010417904141291585; 0.14285714285714285 3.7826563510716307e-7; 0.04285962427228468 4.668864715303842e-5; 0.028692198451068105 1.13486260970671e-7; 1.13486260970671e-7 0.14285714285714285; 0.005762695763688324 2.0923880114629968e-5]

[0.14285714285714285 0.14285714285714285; 0.0009073483703930141 0.3232241096096229; 0.14285714285714285 3.7826563510716307e-7; 0.04285962427228468 4.668864715303842e-5; 0.8278468092935913 0.12290604307191005; 1.13486260970671e-7 0.14285714285714285; 0.10493467651220437 2.0923880114629968e-5]

[0.14285714285714285 0.14285714285714285; 0.9990457656320735 0.14824458175291783; 0.14285714285714285 0.25293829583277655; 0.04285962427228468 4.668864715303842e-5; 0.028692198451068105 1.13486260970671e-7; 1.13486260970671e-7 0.14285714285714285; 0.866251844669354 0.26178169852482575]

[0.14285714285714285 0.14285714285714285; 9.377199506688117e-6 0.5281145924718076; 0.14285714285714285 3.7826563510716307e-7; 0.04285962427228468 4.668864715303842e-5; 0.028692198451068105 0.8758931743067193; 1.13486260970671e-7 0.14285714285714285; 0.005762695763688324 2.0923880114629968e-5]

[0.14285714285714285 0.14285714285714285; 9.377199506688117e-6 0.00010417904141291585; 0.14285714285714285 0.0005108429014973047; 0.7428422543662919 0.00028774633407451563; 0.028692198451068105 1.13486260970671e-7; 1.42092710927821e-6 0.14285714285714285; 0.005762695763688324 2.0923880114629968e-5],"finalQSA_MB_record" => [0.0 0.0; 0.8538970915695976 0.9136173726227418; 0.8793023393637288 0.8466560741295105; 0.8212670293878571 0.999911472476398; 0.9150242382936007 0.9239775030738457; 0.999999637912884 0.8793026067634199; 0.8618188097565873 0.8467700487759289])
POPULATION_SIGNALS
subject_id: 15
algorithm_name: hybrid_actorcritic_FWD
param_string: alpha=0.644,
                eta_critic=0.0002,
                gamma=0.972,
                lambda_actor=0.8563,
                lambda_critic=0.4629,
                eta_fwd=0.24,
                w_MB=12.1269,
                w_MF=2.8638
param_vector: [0.644030167544776, 0.00020351207271904898, 0.9720012726758733, 0.856341395594059, 0.4628830908282809, 0.24003847973901876, 12.126880916735841, 2.863789486249355]
LL: -61.01
RPE
[0.0, 0.0, 0.0, 1.0, 0.0, 0.0, -0.0, 1.0, 0.0, 0.0, 1.0, 0.0, 0.0, 0.0, 1.0, 0.0, 0.0, 0.0, -0.001, 0.0, 0.0, -0.0, -0.0, 0.0, 0.0, -0.0, -0.0, 0.0, 0.0, 0.999, 0.0, 0.0, -0.0, 0.0, 0.0, 0.999, 0.0, 0.0, 1.0, 0.0, 0.0, 0.999, 0.0, 0.0, 0.001, 0.999, 0.0, 1.0, 0.0, 0.001, 0.999, 0.0, 0.001, -0.0, 0.999, 0.0, 0.001, -0.0, 0.999, 0.0, 0.001, 0.0, 0.999, 0.0, 0.001, 0.0, 0.998, 0.0, 0.0, 0.001, 0.001, 0.998, 0.0, 0.001, 0.001, 0.998, 0.0, 0.001, 0.001, 0.998, 0.0, 0.001, -0.0, 0.999, 0.0, 0.001, -0.0, 0.999, 0.0, 0.001, 0.001, 0.998, 0.0, 0.001, -0.0, 0.998, 0.0, 0.001, -0.001, 0.002, 0.997, 0.0, 0.002, 0.997, 0.0, 0.001, 0.998, 0.001, 0.001, 0.001, 0.997, 0.002, 0.001, 0.997, 0.001, 0.002, 0.997, 0.002, 0.002, 0.996, 0.001, 0.001, 0.998, 0.001, 0.003, 0.996, 0.002, 0.002, 0.996, 0.001, 0.001, -0.0, 0.998, 0.001, 0.001, 0.0, 0.998, 0.001, 0.001, 0.002, 0.996, 0.002, 0.002, 0.996, 0.001, 0.001, 0.997, 0.001, 0.003, 0.995, 0.002, 0.0, 0.997, 0.001, 0.001, 0.997, 0.001, 0.003, 0.995, 0.002, 0.002, 0.995, 0.001, 0.001, 0.997, 0.001, 0.003, 0.995, 0.002, 0.003, 0.995, 0.001, 0.001, 0.001, 0.997, 0.001, 0.004, 0.994, 0.002, 0.003, 0.994, 0.001, 0.002, -0.003, 0.001, 0.004, 0.994, 0.001, 0.001, 0.003, 0.994, 0.001, 0.001, 0.996, 0.001, 0.004, 0.994, 0.002, 0.003, 0.993, 0.001]
SPE
[0.857, 0.857, 0.857, 0.857, 0.651, 0.651, 0.857, 0.857, 0.857, 0.651, 0.651, 0.495, 0.495, 0.495, 0.495, 0.376, 0.376, 0.376, 0.937, 0.857, 0.286, 0.651, 0.891, 0.651, 0.217, 0.495, 0.857, 0.651, 0.286, 0.526, 0.286, 0.972, 0.651, 0.495, 0.217, 0.4, 0.217, 0.739, 0.735, 0.376, 0.165, 0.304, 0.165, 0.518, 0.125, 0.231, 0.952, 0.559, 0.457, 0.095, 0.175, 0.125, 0.394, 0.988, 0.425, 0.095, 0.299, 0.751, 0.323, 0.072, 0.227, 0.571, 0.245, 0.055, 0.173, 0.593, 0.133, 0.993, 0.495, 0.131, 0.451, 0.101, 0.755, 0.348, 0.342, 0.077, 0.574, 0.264, 0.26, 0.059, 0.579, 0.1, 0.811, 0.186, 0.44, 0.076, 0.616, 0.142, 0.335, 0.058, 0.537, 0.044, 0.376, 0.044, 0.596, 0.108, 0.254, 0.033, 0.999, 0.857, 0.034, 0.286, 0.651, 0.026, 0.217, 0.917, 0.082, 0.193, 0.025, 0.658, 0.02, 0.999, 0.5, 0.015, 0.352, 0.616, 0.011, 0.817, 0.38, 0.009, 0.165, 0.77, 0.062, 0.125, 0.596, 0.007, 0.984, 0.289, 0.005, 0.443, 0.019, 0.861, 0.047, 0.337, 0.015, 0.655, 0.036, 0.256, 0.011, 0.549, 0.004, 0.834, 0.417, 0.003, 0.388, 0.685, 0.027, 0.313, 0.584, 0.002, 0.722, 0.376, 0.021, 0.237, 0.635, 0.016, 0.18, 0.577, 0.002, 0.889, 0.317, 0.001, 0.344, 0.607, 0.012, 0.262, 0.574, 0.001, 0.813, 0.241, 0.001, 0.464, 0.008, 0.832, 0.009, 0.391, 0.436, 0.001, 0.657, 0.379, 0.0, 0.297, 0.689, 0.495, 0.226, 0.492, 0.0, 0.172, 0.998, 0.288, 0.0, 0.508, 0.725, 0.007, 0.386, 0.638, 0.0, 0.872, 0.219, 0.0, 0.339]
action_selection_prob
[0.5, 0.5, 0.5, 0.5, 0.615, 0.638, 0.315, 0.499, 0.499, 0.57, 0.773, 0.693, 0.73, 0.734, 0.859, 0.749, 0.792, 0.818, 0.896, 0.359, 0.783, 0.193, 0.768, 0.341, 0.783, 0.182, 0.257, 0.671, 0.822, 0.885, 0.75, 0.816, 0.388, 0.674, 0.766, 0.914, 0.778, 0.841, 0.463, 0.758, 0.814, 0.927, 0.82, 0.874, 0.86, 0.938, 0.812, 0.732, 0.855, 0.879, 0.944, 0.844, 0.894, 0.9, 0.83, 0.864, 0.906, 0.905, 0.88, 0.879, 0.915, 0.914, 0.906, 0.891, 0.922, 0.922, 0.948, 0.901, 0.124, 0.928, 0.931, 0.953, 0.908, 0.745, 0.939, 0.957, 0.915, 0.801, 0.945, 0.961, 0.921, 0.935, 0.95, 0.92, 0.927, 0.94, 0.952, 0.932, 0.932, 0.943, 0.955, 0.963, 0.163, 0.947, 0.958, 0.941, 0.937, 0.95, 0.96, 0.054, 0.966, 0.34, 0.2, 0.968, 0.548, 0.473, 0.949, 0.946, 0.327, 0.958, 0.969, 0.949, 0.962, 0.971, 0.953, 0.455, 0.972, 0.956, 0.965, 0.973, 0.68, 0.661, 0.952, 0.761, 0.769, 0.974, 0.814, 0.967, 0.975, 0.96, 0.173, 0.969, 0.955, 0.961, 0.376, 0.97, 0.959, 0.963, 0.572, 0.971, 0.976, 0.964, 0.973, 0.977, 0.966, 0.3, 0.962, 0.846, 0.558, 0.978, 0.968, 0.026, 0.964, 0.87, 0.715, 0.967, 0.888, 0.796, 0.979, 0.902, 0.891, 0.98, 0.912, 0.843, 0.968, 0.921, 0.872, 0.98, 0.928, 0.906, 0.981, 0.969, 0.107, 0.918, 0.97, 0.934, 0.727, 0.982, 0.97, 0.927, 0.982, 0.939, 0.802, 0.028, 0.939, 0.802, 0.983, 0.943, 0.846, 0.934, 0.983, 0.971, 0.861, 0.929, 0.972, 0.886, 0.984, 0.944, 0.94, 0.984, 0.949]
results_dict
Dict{String,Any}("finalQSA_Hybrid_record" => [0.0 0.0; 18.9367286654615 21.180047234873907; 11.569663886439336 15.144682260039; 13.820027793202579 16.518519624263206; 14.694778409397435 17.54182383099326; 15.737938251707224 11.569698066043305; 14.341690973409548 17.255218233462536],"final_PolicyParameters_MF" => [0.0 0.0; 2.6119678454614634 3.2969341842605213; 0.0 1.2999838099892327; 0.8621209941460106 1.5348767823938823; 1.0414785571817438 2.010323027145473; 1.2609658098192298 0.0; 0.9915297673630482 2.03576622206784],"final_Tsas" => [0.14285714285714285 0.14285714285714285; 0.00019674351608323058 0.0010212940727809404; 0.14285714285714285 2.1889369453676674e-5; 0.0627013322405922 0.9947449125241794; 0.047650599771949326 9.607448386564357e-6; 0.9998939580740547 0.14285714285714285; 0.015894057610385478 0.0003406569257808407]

[0.14285714285714285 0.14285714285714285; 0.00019674351608323058 0.0010212940727809404; 0.14285714285714285 0.7065860230252747; 0.0627013322405922 0.0005898397232738308; 0.047650599771949326 0.005154345977808411; 9.607448386564357e-6 0.14285714285714285; 0.015894057610385478 0.7422292082144691]

[0.14285714285714285 0.14285714285714285; 0.00019674351608323058 0.0010212940727809404; 0.14285714285714285 2.1889369453676674e-5; 0.0627013322405922 0.0005898397232738308; 0.047650599771949326 9.607448386564357e-6; 9.607448386564357e-6 0.14285714285714285; 0.015894057610385478 0.0003406569257808407]

[0.14285714285714285 0.14285714285714285; 0.0054261173054070255 0.3413457307066995; 0.14285714285714285 2.1889369453676674e-5; 0.0627013322405922 0.0005898397232738308; 0.7140964013683042 0.16126752794277663; 9.607448386564357e-6 0.14285714285714285; 0.12124918489088557 0.0003406569257808407]

[0.14285714285714285 0.14285714285714285; 0.9935901651141767 0.13965348066601754; 0.14285714285714285 0.289293260067657; 0.0627013322405922 0.0005898397232738308; 0.047650599771949326 9.607448386564357e-6; 9.607448386564357e-6 0.14285714285714285; 0.7992805270571872 0.25606750715662674]

[0.14285714285714285 0.14285714285714285; 0.00019674351608323058 0.5149156123361593; 0.14285714285714285 2.1889369453676674e-5; 0.0627013322405922 0.0005898397232738308; 0.047650599771949326 0.8335396962858688; 9.607448386564357e-6 0.14285714285714285; 0.015894057610385478 0.0003406569257808407]

[0.14285714285714285 0.14285714285714285; 0.00019674351608323058 0.0010212940727809404; 0.14285714285714285 0.00403315942925378; 0.623792006556447 0.0023058888594514834; 0.047650599771949326 9.607448386564357e-6; 5.8004684012538005e-5 0.14285714285714285; 0.015894057610385478 0.0003406569257808407],"finalQSA_MB_record" => [0.0 0.0; 0.9447279676141346 0.9679600385511116; 0.9540542512586396 0.9418590432691226; 0.9360287775129921 0.9996763222574655; 0.9658054413739903 0.9717835447279305; 0.9999931316336196 0.9540549375200866; 0.948485951251867 0.9418402551103516])