DateTime of fitting: 2020-02-09T16:32:48.487
DATA_STATS
nr_subjects: 1
all_subject_ids: [15]
nr_puzzles: 1
nr_episodes: 54
nr_actions: 201
max_state_id: 7
max_action_id: 2
SUBJECT_SIGNALS
subject_id: 15
algorithm_name: Sarsa-Lambda (ReplTrc)
param_string: alpha=0.4572, gamma=0.9082,
                lambda=0.7054, temp=0.218,
                reward_magnitude=1.0,
                action_cost=0.0,
                initQSA=nothing, use_replacing_trace=true
param_vector: [0.4571702341455327, 0.908165205844721, 0.7054285939415068, 0.218012877627264, 1.0, 0.0, 0.0]
LL: -70.045
RPE
[0.0, 0.0, 0.0, 1.0, 0.05, -0.188, 0.0, 1.0, 0.266, 0.122, 0.543, 0.054, 0.172, 0.133, 0.295, 0.076, 0.133, 0.108, -0.84, 0.36, -0.174, 0.122, -0.333, 0.207, -0.095, -0.279, 0.235, 0.196, -0.026, 0.476, -0.062, -0.125, 0.174, 0.141, 0.044, 0.258, -0.022, -0.049, 0.649, 0.102, 0.056, 0.14, 0.033, 0.184, 0.047, 0.076, -0.058, 0.352, 0.036, 0.035, 0.041, 0.048, 0.137, -0.129, 0.191, 0.042, 0.073, -0.047, 0.104, 0.033, 0.042, -0.013, 0.056, 0.025, 0.026, 0.007, 0.022, -0.548, 0.551, 0.017, 0.007, 0.012, 0.071, 0.057, 0.005, 0.007, 0.046, 0.032, 0.004, 0.004, 0.031, 0.017, -0.024, 0.031, 0.018, 0.009, -0.009, 0.017, 0.011, 0.005, 0.004, 0.002, 0.316, 0.003, -0.005, 0.009, 0.009, 0.002, -0.905, 0.907, 0.001, -0.196, 0.493, 0.001, -0.046, 0.263, 0.005, -0.02, -0.039, 0.151, 0.0, 0.063, 0.082, 0.0, -0.048, 0.146, 0.0, 0.023, 0.044, 0.0, 0.068, 0.077, 0.003, 0.047, 0.043, 0.0, 0.03, 0.024, 0.0, -0.101, 0.06, 0.012, 0.001, -0.046, 0.034, 0.007, 0.001, -0.021, 0.019, 0.004, 0.0, 0.077, 0.002, 0.0, 0.022, 0.023, 0.0, 0.02, 0.013, 0.0, -0.535, 0.618, 0.0, 0.012, 0.007, 0.0, 0.007, 0.004, 0.0, 0.005, 0.001, 0.0, 0.002, 0.002, 0.0, 0.001, 0.001, 0.0, 0.001, 0.001, 0.0, 0.002, 0.013, 0.0, 0.0, 0.0, 0.001, 0.0, 0.085, 0.0, 0.0, 0.0, -0.565, 0.221, -0.052, 0.204, 0.0, -0.012, 0.027, 0.0, 0.0, -0.043, 0.098, 0.0, -0.011, 0.053, 0.0, 0.086, 0.0, 0.0, 0.0]
SPE
Float64[]
action_selection_prob
[0.5, 0.5, 0.5, 0.5, 0.634, 0.703, 0.207, 0.5, 0.5, 0.5, 0.891, 0.722, 0.79, 0.728, 0.962, 0.829, 0.893, 0.84, 0.979, 0.233, 0.883, 0.274, 0.891, 0.322, 0.838, 0.264, 0.191, 0.634, 0.755, 0.917, 0.836, 0.815, 0.352, 0.769, 0.826, 0.968, 0.836, 0.844, 0.469, 0.856, 0.88, 0.981, 0.889, 0.921, 0.909, 0.986, 0.899, 0.775, 0.927, 0.924, 0.988, 0.923, 0.951, 0.933, 0.879, 0.94, 0.963, 0.932, 0.915, 0.951, 0.969, 0.934, 0.931, 0.957, 0.972, 0.937, 0.989, 0.961, 0.063, 0.974, 0.94, 0.989, 0.944, 0.819, 0.942, 0.99, 0.955, 0.838, 0.943, 0.99, 0.961, 0.976, 0.943, 0.938, 0.964, 0.976, 0.943, 0.942, 0.966, 0.977, 0.943, 0.99, 0.152, 0.977, 0.944, 0.943, 0.967, 0.977, 0.944, 0.072, 0.99, 0.259, 0.193, 0.99, 0.31, 0.403, 0.944, 0.958, 0.459, 0.895, 0.99, 0.959, 0.921, 0.99, 0.968, 0.511, 0.99, 0.97, 0.933, 0.99, 0.368, 0.586, 0.945, 0.427, 0.626, 0.99, 0.466, 0.938, 0.99, 0.973, 0.353, 0.941, 0.945, 0.97, 0.387, 0.943, 0.945, 0.969, 0.406, 0.943, 0.99, 0.968, 0.944, 0.99, 0.973, 0.583, 0.946, 0.49, 0.595, 0.99, 0.975, 0.056, 0.946, 0.504, 0.601, 0.946, 0.513, 0.605, 0.99, 0.518, 0.822, 0.99, 0.521, 0.607, 0.946, 0.523, 0.608, 0.99, 0.524, 0.823, 0.99, 0.967, 0.392, 0.823, 0.946, 0.524, 0.602, 0.99, 0.967, 0.823, 0.99, 0.525, 0.602, 0.054, 0.385, 0.373, 0.99, 0.424, 0.477, 0.823, 0.99, 0.973, 0.491, 0.908, 0.974, 0.543, 0.99, 0.427, 0.823, 0.99, 0.472]
results_dict
Dict{String,Any}("trialByTrial_Qsa" => [0.0, 0.0, 0.0, 0.0, 0.12020753772260943, 0.18763497035839227, 0.0, 0.0, 0.0, 0.2928841466051659, 0.4571702341455327, 0.20840789064078727, 0.2894888173841483, 0.5077831919073493, 0.7053358453023842, 0.34393358062684987, 0.46214562346806354, 0.6547879293110712, 0.8400475258997887, 0.0, 0.44008230366830886, 0.2928841466051659, 0.4571702341455327, 0.09665792086026176, 0.35864687695971137, 0.2785526238511548, 0.0, 0.2592755767369506, 0.5018311873806607, 0.5240049341830555, 0.3549970892838436, 0.3226869592809451, 0.21728652507762816, 0.4304137095238344, 0.6294369630715106, 0.7416157098747063, 0.35565453692180754, 0.36791696674982743, 0.3506419291830913, 0.5563649514624222, 0.7252623157262232, 0.8597413162908141, 0.4531653769106948, 0.5354846203305565, 0.7917261618575819, 0.9238634115630868, 0.6457100660398055, 0.6475091104627488, 0.7225864194837298, 0.8356469733855256, 0.9586707935258325, 0.5400977718034966, 0.6475283675545536, 0.8637455080229801, 0.808657452966661, 0.6008504283365377, 0.7081305126087502, 0.8606513044455862, 0.8961335699958952, 0.6453890540167287, 0.7475026817254471, 0.8696701786126386, 0.9436182101207324, 0.6774714274208583, 0.7736986200084199, 0.8803733561989776, 0.9775652765266767, 0.7006331342288536, 0.16802989808415875, 0.7918874026241222, 0.8903351521087118, 0.9878217643099662, 0.6163889944352914, 0.7571916300971473, 0.8969970999386863, 0.9933892911718584, 0.6675537440250037, 0.7861998801758914, 0.9012943229290338, 0.9964115104746878, 0.699363659034985, 0.8037827809264412, 0.9039966068024243, 0.9693942862013815, 0.7176370238380876, 0.8104669351015651, 0.9021592276261918, 0.9833863075448871, 0.7289322162432837, 0.8149668838329631, 0.9028730950576103, 0.9980520610712036, 0.4276129954184499, 0.8186459916907961, 0.9050542538495839, 0.9909815932146129, 0.7364060308754592, 0.820355894068709, 0.9053735197370683, 0.0, 0.9989426007673826, 0.5731069401984488, 0.4150567778074024, 0.9994260122221437, 0.6278039788427724, 0.6404210734860178, 0.995104540356308, 0.6801465670597114, 0.7263930219811107, 0.7573680374417563, 0.999688422348943, 0.6877724664378684, 0.8262699076737272, 0.9998308663766312, 0.7403717297865959, 0.7622269968913342, 0.9999081892348286, 0.7610976609350759, 0.8636893149414899, 0.999950162383839, 0.6847190561462354, 0.828934373413429, 0.9973425987878647, 0.7388451558652616, 0.8648313462689249, 0.9999729466584886, 0.7728227773938111, 0.8840162731617522, 0.9999853146409617, 0.7847606416500591, 0.7528981227953074, 0.895054650322696, 0.9985574835222352, 0.7585330089429156, 0.7840366105793789, 0.9008719834777335, 0.9992169591181337, 0.7485930711157518, 0.801702651197097, 0.9041104602256419, 0.9999920283499918, 0.7456506154966303, 0.9059631942813507, 0.9999956727510926, 0.7815492694422534, 0.884638988321114, 0.999574942101442, 0.7936141648222116, 0.8953424892837261, 0.9999976510404888, 0.7983951701379909, 0.2904103344603693, 0.9997692659204512, 0.8062865337300723, 0.9012043663339618, 0.9998747506736239, 0.8138727622730756, 0.904371336725693, 0.9999987249148585, 0.8183878332585469, 0.9069693591923745, 0.9999993078458312, 0.8211565370804592, 0.9061056248137532, 0.9999320109374898, 0.8225485626640521, 0.9070388887607816, 0.9999996242781146, 0.8234236332446265, 0.9075159800346232, 0.999999796046977, 0.7348795271602382, 0.8117491043165221, 0.9078127618063859, 0.999963093513117, 0.8239570102561001, 0.9075537614542479, 0.9999998892882282, 0.7397238276193399, 0.9079693749944835, 0.9999999399023549, 0.8242511712214242, 0.9078332820891416, 0.3773415049782194, 0.700289665325016, 0.7044890733881837, 0.9999999673772094, 0.7363124180421398, 0.7976037345633644, 0.9080588956800801, 0.9999999822913782, 0.778577726727009, 0.810007614937086, 0.9999799660603668, 0.7876863000939662, 0.8548798935655436, 0.999999990387233, 0.738792773897071, 0.9081074953571421, 0.9999999947819039, 0.7780892197430153],"StateValue_V2_record" => [0.0, 0.0, 0.0, 0.0, 1.0, 0.10916830323994067, 0.17040355147919745, 0.26598719129033593, 0.0, 1.0, 0.0, 0.26598719129033593, 0.415186099798857, 1.0, 0.1892687949034547, 0.2629036714294199, 0.4611510270030274, 0.6405614731387002, 1.0, 0.3123485110468951, 0.41970457526711086, 0.5946556146074277, 0.7629019342781302, 0.2354650575178215, 0.39966743589954873, 0.4584971345440791, 0.415186099798857, 0.2354650575178215, 0.3257106148396826, 0.456304688723195, 0.28520016360951056, 0.2354650575178215, 0.4557456235868585, 0.4758830489160041, 1.0, 0.32239600466373863, 0.2930530687987866, 0.3184407997943522, 0.39088675510810306, 0.5716327491341145, 0.6735095838160415, 1.0, 0.3229930757332023, 0.3341293878421224, 0.34268842554230144, 1.0, 0.5052712906696588, 0.6586580002529246, 0.7807871494824585, 1.0, 0.41154902780380176, 0.48630850044918217, 0.7190181527560419, 0.839020605334597, 1.0, 0.5864114150410484, 0.5880452445897345, 1.0, 0.6562278443910414, 0.758905505598184, 0.8706314585397098, 1.0, 0.49049800410619765, 0.5880627332104773, 0.7844236170911428, 0.7343945622313356, 1.0, 0.5456714529321406, 0.6430994927482534, 0.7816135690623535, 0.8138373280596869, 1.0, 0.5861198830910322, 0.6788559268186717, 0.7898041967767623, 0.8569612260331222, 1.0, 0.6152559783375808, 0.7026461665017233, 0.7995244502526524, 0.887790770583501, 1.0, 0.6362906345685789, 0.6876550926110756, 0.7191645860099773, 0.8085714066855993, 0.8971053559224559, 1.0, 0.559783038011747, 0.6876550926110756, 0.8146215559079348, 0.9021615901010323, 1.0, 0.6062490833548817, 0.7139993760150334, 0.8185241443095245, 0.9049062645162943, 1.0, 0.6351377413678244, 0.7299675546945038, 0.820978264499653, 0.880370161472774, 1.0, 0.6517329754757097, 0.736037870946853, 0.8193096206618551, 0.8930772284163826, 1.0, 0.6619908762114305, 0.7401245678127938, 0.819957930224655, 0.9063961554864777, 1.0, 0.728992182727004, 0.7434658055578276, 0.8219387827479478, 0.8999750025900786, 1.0, 0.6687783346153054, 0.7450186794028393, 0.8222287289183742, 0.504978494816131, 0.907204912652971, 1.0, 0.728992182727004, 0.6596848683316443, 0.9076439301162917, 1.0, 0.728992182727004, 0.6596848683316443, 0.903719319729703, 1.0, 0.6176854470783633, 0.6922280375322221, 0.687815299623505, 0.9078822418631122, 1.0, 0.6246110235568783, 0.7503895807858091, 0.908011604572839, 1.0, 0.672379844383256, 0.6922280375322221, 0.9080818265022704, 1.0, 0.6912024139110389, 0.7843725844897244, 0.9081199450557814, 1.0, 0.728992182727004, 0.7528093558627716, 0.9057518465258901, 1.0, 0.728992182727004, 0.7854097376052854, 0.9081406369412586, 1.0, 0.728992182727004, 0.8028328206860259, 0.9081518691126071, 1.0, 0.7126923096629613, 0.8033983489269103, 0.8128574907525861, 0.9068551625707574, 1.0, 0.6888732862066587, 0.8033983489269103, 0.8181405903147979, 0.907454075361056, 1.0, 0.6798461805237687, 0.8033983489269103, 0.8210816622171856, 0.9081579662695504, 1.0, 0.6771739447107401, 0.8227642508222639, 0.9081612759878263, 1.0, 0.7097758531608155, 0.8033983489269103, 0.9077791830507812, 1.0, 0.728992182727004, 0.81311889608188, 0.908163072601423, 1.0, 0.7250747140337995, 0.8236780147857976, 0.9079556611818722, 1.0, 0.7322413758747978, 0.8184424488598439, 0.9080514587644507, 1.0, 0.7391309246811394, 0.8213185811775545, 0.9081640478567611, 1.0, 0.7432313550520635, 0.8236780147857976, 0.9081645772543879, 1.0, 0.7457457955284136, 0.8228936012760418, 0.9081034605437713, 1.0, 0.7470099847290783, 0.8237411591206023, 0.9081648646271777, 1.0, 0.7478046933830144, 0.8241744368155173, 0.9081650206216819, 1.0, 0.667392017054549, 0.8242087485862479, 0.8244439636943612, 0.9081316886574639, 1.0, 0.7482890878264321, 0.8242087485862479, 0.908165105300142, 1.0, 0.6717914421781628, 0.8245861943425679, 0.9081651512661308, 1.0, 0.7485562345800572, 0.824462599501174, 0.9081470117178102, 0.728992182727004, 0.7425641410222451, 0.9081651762178378, 1.0, 0.728992182727004, 0.7425641410222451, 0.8246674939144301, 0.9081651897623669, 1.0, 0.7070772014591491, 0.7425641410222451, 0.9081470117178102, 1.0, 0.7153492908659036, 0.7763721745124651, 0.9081651971147405, 1.0, 0.728992182727004, 0.824711630450153, 0.9081652011058278, 1.0, 0.728992182727004, 0.0],"final_QSA" => Dict{Int64,Any}(1 => [0.0 0.0; 0.8176531497169133 0.8792403510810729; 0.0 0.7981202411130145; 0.5014453622189242 0.9999891249812397; 0.5728012544270997 0.9081338782360778; 0.9999999971674621 0.0; 0.8027087781335324 0.7780892197430153]),"trialByTrial_Vs" => [0.0, 0.0, 0.0, 0.0, 0.12020753772260943, 0.18763497035839227, 0.2928841466051659, 0.0, 0.0, 0.2928841466051659, 0.4571702341455327, 0.20840789064078727, 0.2894888173841483, 0.5077831919073493, 0.7053358453023842, 0.34393358062684987, 0.46214562346806354, 0.6547879293110712, 0.8400475258997887, 0.2592755767369506, 0.44008230366830886, 0.5048609345450671, 0.4571702341455327, 0.2592755767369506, 0.35864687695971137, 0.5024467858783113, 0.314039958560441, 0.2592755767369506, 0.5018311873806607, 0.5240049341830555, 0.3549970892838436, 0.3226869592809451, 0.3506419291830913, 0.4304137095238344, 0.6294369630715106, 0.7416157098747063, 0.35565453692180754, 0.36791696674982743, 0.3773415049782194, 0.5563649514624222, 0.7252623157262232, 0.8597413162908141, 0.4531653769106948, 0.5354846203305565, 0.7917261618575819, 0.9238634115630868, 0.6457100660398055, 0.6475091104627488, 0.7225864194837298, 0.8356469733855256, 0.9586707935258325, 0.5400977718034966, 0.6475283675545536, 0.8637455080229801, 0.808657452966661, 0.6008504283365377, 0.7081305126087502, 0.8606513044455862, 0.8961335699958952, 0.6453890540167287, 0.7475026817254471, 0.8696701786126386, 0.9436182101207324, 0.6774714274208583, 0.7736986200084199, 0.8803733561989776, 0.9775652765266767, 0.7006331342288536, 0.7571916300971473, 0.7918874026241222, 0.8903351521087118, 0.9878217643099662, 0.6163889944352914, 0.7571916300971473, 0.8969970999386863, 0.9933892911718584, 0.6675537440250037, 0.7861998801758914, 0.9012943229290338, 0.9964115104746878, 0.699363659034985, 0.8037827809264412, 0.9039966068024243, 0.9693942862013815, 0.7176370238380876, 0.8104669351015651, 0.9021592276261918, 0.9833863075448871, 0.7289322162432837, 0.8149668838329631, 0.9028730950576103, 0.9980520610712036, 0.8027087781335324, 0.8186459916907961, 0.9050542538495839, 0.9909815932146129, 0.7364060308754592, 0.820355894068709, 0.9053735197370683, 0.5560425477283399, 0.9989426007673826, 0.8027087781335324, 0.7263930219811107, 0.9994260122221437, 0.8027087781335324, 0.7263930219811107, 0.995104540356308, 0.6801465670597114, 0.7622269968913342, 0.7573680374417563, 0.999688422348943, 0.6877724664378684, 0.8262699076737272, 0.9998308663766312, 0.7403717297865959, 0.7622269968913342, 0.9999081892348286, 0.7610976609350759, 0.8636893149414899, 0.999950162383839, 0.8027087781335324, 0.828934373413429, 0.9973425987878647, 0.8027087781335324, 0.8648313462689249, 0.9999729466584886, 0.8027087781335324, 0.8840162731617522, 0.9999853146409617, 0.7847606416500591, 0.884638988321114, 0.895054650322696, 0.9985574835222352, 0.7585330089429156, 0.884638988321114, 0.9008719834777335, 0.9992169591181337, 0.7485930711157518, 0.884638988321114, 0.9041104602256419, 0.9999920283499918, 0.7456506154966303, 0.9059631942813507, 0.9999956727510926, 0.7815492694422534, 0.884638988321114, 0.999574942101442, 0.8027087781335324, 0.8953424892837261, 0.9999976510404888, 0.7983951701379909, 0.9069693591923745, 0.9997692659204512, 0.8062865337300723, 0.9012043663339618, 0.9998747506736239, 0.8138727622730756, 0.904371336725693, 0.9999987249148585, 0.8183878332585469, 0.9069693591923745, 0.9999993078458312, 0.8211565370804592, 0.9061056248137532, 0.9999320109374898, 0.8225485626640521, 0.9070388887607816, 0.9999996242781146, 0.8234236332446265, 0.9075159800346232, 0.999999796046977, 0.7348795271602382, 0.9075537614542479, 0.9078127618063859, 0.999963093513117, 0.8239570102561001, 0.9075537614542479, 0.9999998892882282, 0.7397238276193399, 0.9079693749944835, 0.9999999399023549, 0.8242511712214242, 0.9078332820891416, 0.9999799660603668, 0.8027087781335324, 0.8176531497169133, 0.9999999673772094, 0.8027087781335324, 0.8176531497169133, 0.9080588956800801, 0.9999999822913782, 0.778577726727009, 0.8176531497169133, 0.9999799660603668, 0.7876863000939662, 0.8548798935655436, 0.999999990387233, 0.8027087781335324, 0.9081074953571421, 0.9999999947819039, 0.8027087781335324],"RPE_QV" => [0.0, 0.0, 0.0, 1.0, 0.05019601375658801, 0.07835222093194366, 0.0, 1.0, 0.26598719129033593, 0.12230195319369114, 0.5428297658544673, 0.054495780788632625, 0.17166220961887912, 0.13277828123135083, 0.29466415469761575, 0.07577099464026099, 0.13250999113936412, 0.10811400496705903, -0.6045824683819672, 0.36033074036834495, 0.037420498896440335, 0.12230195319369114, -0.2217051766277112, 0.2065085103048343, 0.09940984908167405, 0.03705665706721972, 0.2354650575178215, 0.19552462973279416, -0.025823275592910755, 0.4759950658169445, -0.06194402048505698, -0.004246159486592904, 0.1736002300304749, 0.14121903961028015, 0.04407262074453089, 0.25838429012529374, -0.021525149079685113, -0.02522854120752599, 0.6493580708169087, 0.1022930487905025, 0.05552483375623529, 0.14025868370918593, 0.03314312353848736, 0.1835335324254853, 0.04729444347701506, 0.07613658843691318, -0.05766482145007101, 0.35249088953725116, 0.036319086114454224, 0.034984485154184175, 0.04132920647416749, 0.0479649614069807, 0.13689524953658927, -0.12935094579164452, 0.19134254703333897, 0.04224906441171572, 0.07348305645360331, -0.04681397638589935, 0.10386643000410478, 0.03346687280194294, 0.042301515051315186, -0.01270895257951643, 0.05638178987926756, 0.025174739080864983, 0.02582583024423246, 0.007417414384523369, 0.022434723473323315, -0.012978041617778047, 0.5511346879258185, 0.016684004061477187, 0.006770203813744047, 0.012178235690033845, 0.07126609817578422, 0.05742992581078754, 0.0051644901623459916, 0.0066107088281416315, 0.04644563199002971, 0.032324264133633096, 0.0036119415872605254, 0.0035884895253122107, 0.03060389565951882, 0.017195483573211878, -0.023626445329650303, 0.03060571379861854, 0.01840084710876544, 0.008842685560289998, -0.009081999209809233, 0.016613692455112905, 0.01119235156951004, 0.0049910463916919, 0.0035230604288674083, 0.001947938928796411, 0.3158528101393777, 0.003292791057151745, -0.0050792512595053685, 0.009018406785387123, 0.008612648527380085, 0.0018728348496651614, -0.1595772653374291, 0.907204912652971, 0.0010573992326173842, 0.08657792813319554, 0.49258715230888933, 0.0005739877778563329, 0.03188088948887191, 0.26329824624368514, 0.0048954596436919795, 0.012081470472510625, -0.038577722357605704, 0.15051420442135588, 0.00031157765105704893, 0.0626171143479407, 0.08174169689911182, 0.000169133623368789, -0.04814369225437387, 0.1458548296109362, 9.181076517139619e-5, 0.02327492355464844, 0.04443063011429149, 4.9837616160952614e-5, 0.06809029971653624, 0.07681747311246112, 0.002657401212135313, 0.04656458174002387, 0.04330929067233369, 2.7053341511429352e-5, 0.030010043292214794, 0.024135595950854905, 1.468535903825785e-5, 0.018637707276851212, 0.05995936795727863, 0.011800512248061334, 0.0014425164777648325, 0.04486533998399467, 0.03410397973541901, 0.006582091883322594, 0.0007830408818663148, 0.054805277811158515, 0.019379011020088543, 0.0040475060439084665, 7.97165000820943e-6, 0.07711363532563364, 0.0021980817064755076, 4.3272489074208664e-6, 0.021849079484656864, 0.02314019472966722, 0.0004250578985579567, 0.01950473125966845, 0.012820583317696976, 2.348959511233595e-6, 0.025282844647806724, 0.617545326721503, 0.00023073407954876668, 0.012155915129771544, 0.006847092430488866, 0.00012524932637614228, 0.007445818904478929, 0.0037927111310680495, 1.275085141472232e-6, 0.0052901815272506925, 0.0011952180620133923, 6.921541687576749e-7, 0.001737064195582616, 0.001997835730018105, 6.798906251015424e-5, 0.0011925964565502323, 0.0011259758663960673, 3.757218853817079e-7, 0.0007508035708907457, 0.0006490405870587246, 2.0395302302578244e-7, 0.08932922142600974, 0.012694859377839096, 0.0003189268510779275, 3.6906486883037104e-5, 0.00025173833014779934, 0.0006113438458941189, 1.1071177175026037e-7, 0.084862366723228, 0.00019577627164735212, 6.009764508263515e-8, 0.00021142827974973688, 0.000313729628668602, 0.35165067774878456, 0.042274475697229086, 0.2036761028296541, 3.262279058002804e-8, 0.006251722980105345, 0.02706375935106564, 0.00010629408228679527, 1.770862179117927e-8, -0.03601358570476387, 0.09813939678072425, 2.0033939633234965e-5, -0.011314125581501133, 0.053285303549196916, 9.612767026823121e-9, 0.08591885655308207, 5.770574868568801e-5, 5.218096066350597e-9, 0.020406274683512082],"StateValue_V3_record" => [0.0, 0.0, 0.0, 0.0, 0.4571702341455327, 0.12020753772260943, 0.14315566108488115, 0.10185384702575599, 0.2928841466051659, 0.4571702341455327, 0.0, 0.12160142652191548, 0.34879695918318165, 0.7053358453023842, 0.20840789064078727, 0.23332173950387006, 0.36796766994955077, 0.5684854698273274, 0.8400475258997887, 0.34393358062684987, 0.3785738239879779, 0.5227252471438691, 0.7042144342762728, 0.4560028017908069, 0.2592755767369506, 0.36049120037887816, 0.5142794620983939, 0.30491777857251134, 0.2592755767369506, 0.3150903679172011, 0.49883328181883557, 0.3321732268702695, 0.3486636174931107, 0.4900255544314451, 0.7416157098747063, 0.3549970892838436, 0.32667812693477444, 0.26537843143659245, 0.3506419291830913, 0.4949748509282734, 0.649585653416695, 0.8597413162908141, 0.35565453692180754, 0.3458138794770304, 0.3452979359181694, 0.6475091104627488, 0.5563649514624222, 0.6031302885294366, 0.7506466169754531, 0.9238634115630868, 0.4531653769106948, 0.4683174264590994, 0.6193906883230724, 0.8133477736557516, 0.9586707935258325, 0.6457100660398055, 0.6193474261155162, 0.808657452966661, 0.7225864194837298, 0.7391904245866266, 0.8516408386549249, 0.9775652765266767, 0.5400977718034966, 0.5620259244407074, 0.7101128008386072, 0.8046101058484679, 0.8961335699958952, 0.6008504283365377, 0.6201654430060715, 0.7417247787333734, 0.8392493478999612, 0.9436182101207324, 0.6453890540167287, 0.6606891120917118, 0.7668416752661676, 0.8638600237861166, 0.9693942862013815, 0.6774714274208583, 0.68898056878101, 0.7855054208681784, 0.8837643772699046, 0.9878217643099662, 0.7006331342288536, 0.4500881982384915, 0.7571916300971473, 0.7995148326673926, 0.8934302877714542, 0.9933892911718584, 0.6163889944352914, 0.6489697332249532, 0.7834468827270256, 0.8993581511154483, 0.9964115104746878, 0.6675537440250037, 0.6887873044769228, 0.8009775715784465, 0.9029455951102017, 0.9980520610712036, 0.699363659034985, 0.7133548491794126, 0.8116440441778521, 0.8931952992590415, 0.9833863075448871, 0.7176370238380876, 0.7260493434192781, 0.8145095477296382, 0.8980072079209338, 0.9909815932146129, 0.7289322162432837, 0.7340490262309558, 0.8172486416804842, 0.9044837334187844, 0.9989426007673826, 0.8027087781335324, 0.8027087781335324, 0.8201513577493865, 0.9027321713619919, 0.995104540356308, 0.7364060308754592, 0.7403434774193347, 0.8212120984154464, 0.49146369572970766, 0.726265914622968, 0.9994260122221437, 0.8027087781335324, 0.8027087781335324, 0.7263930219811107, 0.999688422348943, 0.8027087781335324, 0.8027087781335324, 0.7607931943713515, 0.9973425987878647, 0.6801465670597114, 0.6707920874611857, 0.7622269968913342, 0.8261786515192961, 0.9998308663766312, 0.6877724664378684, 0.716399147265834, 0.8636397783845473, 0.9999081892348286, 0.7403717297865959, 0.7183618667260334, 0.8289074834958227, 0.999950162383839, 0.7610976609350759, 0.7717382631862739, 0.8840016765140741, 0.9999729466584886, 0.8027087781335324, 0.8027087781335324, 0.8640530355827211, 0.9985574835222352, 0.8027087781335324, 0.8027087781335324, 0.8846310648262726, 0.9999853146409617, 0.8027087781335324, 0.8027087781335324, 0.8950503492138465, 0.9999920283499918, 0.7847606416500591, 0.7385842705079677, 0.884638988321114, 0.9004494932701794, 0.9992169591181337, 0.7585330089429156, 0.7372753980833351, 0.884638988321114, 0.9038811199651995, 0.999574942101442, 0.7485930711157518, 0.7392143984629663, 0.884638988321114, 0.905960859511441, 0.9999956727510926, 0.7456506154966303, 0.7809046742142635, 0.9069680918097711, 0.9999976510404888, 0.7815492694422534, 0.7915380182261184, 0.8952179965638491, 0.9997692659204512, 0.8027087781335324, 0.8027087781335324, 0.9012036783609599, 0.9999987249148585, 0.7983951701379909, 0.5539669973712256, 0.9069693591923745, 0.9998747506736239, 0.8062865337300723, 0.8118438562962031, 0.9043346531836245, 0.9999320109374898, 0.8138727622730756, 0.8172767690450414, 0.9061052513615298, 0.9999993078458312, 0.8183878332585469, 0.8208063467860325, 0.9075157773136402, 0.9999996242781146, 0.8211565370804592, 0.8219506711254796, 0.9070189758422299, 0.999963093513117, 0.8225485626640521, 0.8230937822653343, 0.9075536514112642, 0.999999796046977, 0.8234236332446265, 0.8237668782889279, 0.9078127020717788, 0.9999998892882282, 0.7348795271602382, 0.7359414262960261, 0.9075537614542479, 0.9079585656695686, 0.9999799660603668, 0.8239570102561001, 0.8240720975274372, 0.9078332496634188, 0.9999999399023549, 0.7397238276193399, 0.7785203756843421, 0.9080588780784327, 0.9999999673772094, 0.8242511712214242, 0.8243478299375824, 0.8176531497169133, 0.9999799660603668, 0.8027087781335324, 0.8176531497169133, 0.9999999822913782, 0.8027087781335324, 0.8027087781335324, 0.8176531497169133, 0.9081074901705675, 0.999999990387233, 0.778577726727009, 0.7589390675518288, 0.8548740259422309, 0.9999891249812397, 0.7876863000939662, 0.7825138186527194, 0.8792403482656458, 0.9999999947819039, 0.8027087781335324, 0.8027087781335324, 0.9081338767077802, 0.9999999971674621, 0.8027087781335324, 0.8027087781335324],"StateValue_V1_record" => [0.0, 0.0, 0.0, 0.0, 0.0, 0.12020753772260943, 0.18763497035839227, 0.2928841466051659, 0.0, 0.0, 0.0, 0.2928841466051659, 0.4571702341455327, 0.0, 0.20840789064078727, 0.2894888173841483, 0.5077831919073493, 0.7053358453023842, 0.0, 0.34393358062684987, 0.46214562346806354, 0.6547879293110712, 0.8400475258997887, 0.2592755767369506, 0.44008230366830886, 0.5048609345450671, 0.4571702341455327, 0.2592755767369506, 0.35864687695971137, 0.5024467858783113, 0.314039958560441, 0.2592755767369506, 0.5018311873806607, 0.5240049341830555, 0.0, 0.3549970892838436, 0.3226869592809451, 0.3506419291830913, 0.4304137095238344, 0.6294369630715106, 0.7416157098747063, 0.0, 0.35565453692180754, 0.36791696674982743, 0.3773415049782194, 0.0, 0.5563649514624222, 0.7252623157262232, 0.8597413162908141, 0.0, 0.4531653769106948, 0.5354846203305565, 0.7917261618575819, 0.9238634115630868, 0.0, 0.6457100660398055, 0.6475091104627488, 0.0, 0.7225864194837298, 0.8356469733855256, 0.9586707935258325, 0.0, 0.5400977718034966, 0.6475283675545536, 0.8637455080229801, 0.808657452966661, 0.0, 0.6008504283365377, 0.7081305126087502, 0.8606513044455862, 0.8961335699958952, 0.0, 0.6453890540167287, 0.7475026817254471, 0.8696701786126386, 0.9436182101207324, 0.0, 0.6774714274208583, 0.7736986200084199, 0.8803733561989776, 0.9775652765266767, 0.0, 0.7006331342288536, 0.7571916300971473, 0.7918874026241222, 0.8903351521087118, 0.9878217643099662, 0.0, 0.6163889944352914, 0.7571916300971473, 0.8969970999386863, 0.9933892911718584, 0.0, 0.6675537440250037, 0.7861998801758914, 0.9012943229290338, 0.9964115104746878, 0.0, 0.699363659034985, 0.8037827809264412, 0.9039966068024243, 0.9693942862013815, 0.0, 0.7176370238380876, 0.8104669351015651, 0.9021592276261918, 0.9833863075448871, 0.0, 0.7289322162432837, 0.8149668838329631, 0.9028730950576103, 0.9980520610712036, 0.0, 0.8027087781335324, 0.8186459916907961, 0.9050542538495839, 0.9909815932146129, 0.0, 0.7364060308754592, 0.820355894068709, 0.9053735197370683, 0.5560425477283399, 0.9989426007673826, 0.0, 0.8027087781335324, 0.7263930219811107, 0.9994260122221437, 0.0, 0.8027087781335324, 0.7263930219811107, 0.995104540356308, 0.0, 0.6801465670597114, 0.7622269968913342, 0.7573680374417563, 0.999688422348943, 0.0, 0.6877724664378684, 0.8262699076737272, 0.9998308663766312, 0.0, 0.7403717297865959, 0.7622269968913342, 0.9999081892348286, 0.0, 0.7610976609350759, 0.8636893149414899, 0.999950162383839, 0.0, 0.8027087781335324, 0.828934373413429, 0.9973425987878647, 0.0, 0.8027087781335324, 0.8648313462689249, 0.9999729466584886, 0.0, 0.8027087781335324, 0.8840162731617522, 0.9999853146409617, 0.0, 0.7847606416500591, 0.884638988321114, 0.895054650322696, 0.9985574835222352, 0.0, 0.7585330089429156, 0.884638988321114, 0.9008719834777335, 0.9992169591181337, 0.0, 0.7485930711157518, 0.884638988321114, 0.9041104602256419, 0.9999920283499918, 0.0, 0.7456506154966303, 0.9059631942813507, 0.9999956727510926, 0.0, 0.7815492694422534, 0.884638988321114, 0.999574942101442, 0.0, 0.8027087781335324, 0.8953424892837261, 0.9999976510404888, 0.0, 0.7983951701379909, 0.9069693591923745, 0.9997692659204512, 0.0, 0.8062865337300723, 0.9012043663339618, 0.9998747506736239, 0.0, 0.8138727622730756, 0.904371336725693, 0.9999987249148585, 0.0, 0.8183878332585469, 0.9069693591923745, 0.9999993078458312, 0.0, 0.8211565370804592, 0.9061056248137532, 0.9999320109374898, 0.0, 0.8225485626640521, 0.9070388887607816, 0.9999996242781146, 0.0, 0.8234236332446265, 0.9075159800346232, 0.999999796046977, 0.0, 0.7348795271602382, 0.9075537614542479, 0.9078127618063859, 0.999963093513117, 0.0, 0.8239570102561001, 0.9075537614542479, 0.9999998892882282, 0.0, 0.7397238276193399, 0.9079693749944835, 0.9999999399023549, 0.0, 0.8242511712214242, 0.9078332820891416, 0.9999799660603668, 0.8027087781335324, 0.8176531497169133, 0.9999999673772094, 0.0, 0.8027087781335324, 0.8176531497169133, 0.9080588956800801, 0.9999999822913782, 0.0, 0.778577726727009, 0.8176531497169133, 0.9999799660603668, 0.0, 0.7876863000939662, 0.8548798935655436, 0.999999990387233, 0.0, 0.8027087781335324, 0.9081074953571421, 0.9999999947819039, 0.0, 0.8027087781335324, 0.0])
POPULATION_SIGNALS
subject_id: 15
algorithm_name: Sarsa-Lambda (ReplTrc)
param_string: alpha=0.1974, gamma=0.9961,
                lambda=0.6128, temp=0.2507,
                reward_magnitude=1.0,
                action_cost=0.0,
                initQSA=nothing, use_replacing_trace=true
param_vector: [0.197445163350583, 0.9960525723724495, 0.6127972592361022, 0.2507274927826116, 1.0, 0.0, 0.0]
LL: -75.4
RPE
[0.0, 0.0, 0.0, 1.0, 0.028, -0.074, 0.0, 1.0, 0.12, 0.076, 0.803, 0.046, 0.099, 0.122, 0.644, 0.068, 0.119, 0.147, -0.483, 0.219, -0.11, 0.076, -0.162, 0.176, -0.085, -0.125, 0.092, 0.223, 0.089, 0.593, 0.043, -0.133, 0.111, 0.214, 0.117, 0.476, 0.043, -0.047, 0.814, 0.203, 0.13, 0.382, 0.068, 0.235, 0.133, 0.306, -0.02, 0.654, 0.178, 0.13, 0.246, 0.088, 0.268, -0.203, 0.524, 0.096, 0.224, -0.123, 0.421, 0.101, 0.19, -0.066, 0.338, 0.102, 0.163, 0.046, 0.197, -0.474, 0.576, 0.144, 0.052, 0.158, -0.021, 0.303, 0.054, 0.127, 0.012, 0.254, 0.053, 0.102, 0.071, 0.175, -0.138, 0.271, 0.072, 0.143, -0.09, 0.218, 0.071, 0.118, 0.036, 0.082, 0.584, 0.101, -0.073, 0.175, 0.093, 0.084, -0.902, 0.931, 0.066, -0.142, 0.752, 0.053, -0.055, 0.51, 0.14, 0.067, 0.044, 0.113, 0.042, 0.112, 0.094, 0.034, -0.326, 0.505, 0.027, 0.1, 0.083, 0.022, 0.104, 0.317, 0.112, 0.113, 0.335, 0.018, 0.315, 0.072, 0.014, -0.002, 0.103, -0.02, 0.09, 0.008, 0.085, -0.009, 0.072, 0.014, 0.071, 0.045, 0.011, 0.084, 0.037, 0.009, -0.175, 0.227, 0.058, 0.097, 0.226, 0.007, -0.734, 0.801, 0.047, 0.095, 0.15, 0.037, 0.089, 0.147, 0.006, 0.169, 0.033, 0.005, 0.046, 0.093, 0.03, 0.045, 0.098, 0.004, 0.095, 0.028, 0.003, 0.045, 0.082, 0.001, 0.024, 0.022, 0.079, 0.002, 0.114, 0.02, 0.002, 0.023, -0.775, 0.655, -0.01, 0.139, 0.002, 0.002, 0.091, 0.016, 0.001, 0.018, 0.073, 0.019, 0.021, 0.075, 0.001, 0.088, 0.013, 0.001, 0.0]
SPE
Float64[]
action_selection_prob
[0.5, 0.5, 0.5, 0.5, 0.545, 0.573, 0.382, 0.5, 0.5, 0.5, 0.687, 0.585, 0.629, 0.61, 0.805, 0.641, 0.701, 0.701, 0.873, 0.409, 0.714, 0.314, 0.687, 0.437, 0.701, 0.318, 0.332, 0.544, 0.68, 0.835, 0.66, 0.698, 0.394, 0.626, 0.736, 0.89, 0.679, 0.716, 0.53, 0.706, 0.794, 0.922, 0.731, 0.782, 0.837, 0.941, 0.771, 0.681, 0.819, 0.868, 0.953, 0.779, 0.834, 0.892, 0.782, 0.817, 0.868, 0.9, 0.844, 0.848, 0.893, 0.909, 0.883, 0.873, 0.912, 0.918, 0.961, 0.894, 0.144, 0.928, 0.927, 0.966, 0.892, 0.772, 0.935, 0.97, 0.907, 0.821, 0.941, 0.973, 0.92, 0.939, 0.946, 0.908, 0.93, 0.947, 0.947, 0.924, 0.939, 0.953, 0.948, 0.975, 0.145, 0.959, 0.952, 0.935, 0.946, 0.963, 0.953, 0.053, 0.976, 0.221, 0.083, 0.978, 0.27, 0.144, 0.943, 0.947, 0.788, 0.941, 0.979, 0.953, 0.946, 0.979, 0.959, 0.195, 0.98, 0.958, 0.951, 0.98, 0.321, 0.268, 0.949, 0.382, 0.331, 0.981, 0.443, 0.954, 0.981, 0.963, 0.606, 0.957, 0.953, 0.965, 0.629, 0.958, 0.956, 0.967, 0.648, 0.959, 0.981, 0.969, 0.961, 0.981, 0.971, 0.333, 0.958, 0.515, 0.381, 0.981, 0.971, 0.038, 0.96, 0.561, 0.424, 0.961, 0.6, 0.458, 0.981, 0.633, 0.929, 0.981, 0.668, 0.487, 0.963, 0.687, 0.509, 0.982, 0.705, 0.931, 0.982, 0.966, 0.471, 0.933, 0.963, 0.723, 0.511, 0.982, 0.968, 0.933, 0.982, 0.734, 0.527, 0.036, 0.701, 0.453, 0.982, 0.714, 0.48, 0.935, 0.982, 0.971, 0.5, 0.939, 0.973, 0.517, 0.982, 0.724, 0.935, 0.982, 0.739]
results_dict
Dict{String,Any}("trialByTrial_Qsa" => [0.0, 0.0, 0.0, 0.0, 0.044899729702436025, 0.07356049633890632, 0.0, 0.0, 0.0, 0.12051624046486566, 0.197445163350583, 0.08653582160257589, 0.13259682846202733, 0.2322724870326988, 0.3559057341706276, 0.14533987086819022, 0.2142066651568928, 0.3340297000275636, 0.48307903170048183, 0.0, 0.22963242516467547, 0.12051624046486566, 0.197445163350583, 0.028349433167472723, 0.2131638472419982, 0.12518367557140236, 0.0, 0.09191500464290067, 0.3167483291530615, 0.4072947148733781, 0.16675888724368407, 0.21046417248832727, 0.07812938564643873, 0.19030128816220482, 0.4057146881301408, 0.5243215067139578, 0.1881857517784641, 0.2316993696091996, 0.18568292354397745, 0.2815531667940301, 0.48605135804005606, 0.6182419245231796, 0.25086422302119915, 0.32060735613775604, 0.5576779359956877, 0.6936182100961046, 0.36527082481515477, 0.346465891724006, 0.44004931978743134, 0.6209020607127615, 0.7541118126513232, 0.3162452215500004, 0.4055717739495772, 0.6762494467397859, 0.4755030404877372, 0.3745102507363278, 0.4726515459674563, 0.6994528341569246, 0.5790624283355201, 0.43039573853192653, 0.5330671102108536, 0.7259608228791177, 0.6621745159332111, 0.4834375376330139, 0.5874355352613786, 0.7535638832136097, 0.8026612459683614, 0.5354152738930945, 0.06147119982329105, 0.6397009629255034, 0.7864148501861103, 0.8416248284935388, 0.5284052885267517, 0.5090567300299392, 0.8157466108185127, 0.8728952401023087, 0.5704186713314698, 0.5847973358044832, 0.84166818409053, 0.897991460182945, 0.611821150574022, 0.6859594480317874, 0.8643827332665592, 0.728876523818768, 0.6490102726349971, 0.7237810931572358, 0.8697343829364411, 0.7824085428615493, 0.6835041517445604, 0.7570307319965665, 0.8781058129458978, 0.9181325529902779, 0.20337646147832872, 0.7906613248860046, 0.8951596631382223, 0.825370923659942, 0.717958972926129, 0.8146388004942599, 0.9017825593236669, 0.0, 0.9342968844382077, 0.3333521059150607, 0.19166250198808535, 0.947269646822948, 0.3997179566180903, 0.3464700396226673, 0.8598505901636662, 0.7237354007125175, 0.793868719119527, 0.8407165841228633, 0.9576810000195249, 0.7524361045203213, 0.8681643520603655, 0.9660366818835031, 0.7884434315130014, 0.4640546582884385, 0.9727425747769427, 0.7868802157728881, 0.8908289721570481, 0.9781244215526256, 0.4607054720780382, 0.5670194334245273, 0.8875224132822889, 0.5277322153410441, 0.6431648371184443, 0.982443648712556, 0.591735228900893, 0.9099390482390767, 0.9859100653603455, 0.8183744579094216, 0.8192168701171519, 0.9258688052849269, 0.9097305687650467, 0.8329168911910846, 0.8438157155091814, 0.9328522765668543, 0.9275538313607963, 0.8472914264806086, 0.8649178513699093, 0.9398141281549185, 0.9886920548068712, 0.8624927991945246, 0.9500570423343287, 0.990924753892688, 0.8841628513412988, 0.7115039058845863, 0.9418579769618878, 0.6635770048548351, 0.7632591765351591, 0.9927166173427929, 0.8811079245689473, 0.14815524482812178, 0.9533378381981812, 0.710380736083404, 0.8086684804924382, 0.9625510563574327, 0.7499990980359313, 0.8428148439504846, 0.99415468602129, 0.7858641724903228, 0.9584475616194316, 0.9953088149946518, 0.8235068816159596, 0.8726257744025159, 0.9699451691522462, 0.8460030291429214, 0.8947071376748705, 0.9962350667843406, 0.8669608612496322, 0.9655152576127473, 0.9969784346381105, 0.8362910309543438, 0.8852253197841324, 0.9713146119545777, 0.9758793501384551, 0.8892072270363592, 0.9144306057173559, 0.9975750281045632, 0.8563114240870259, 0.9743622266234796, 0.9980538270765783, 0.9031988133261862, 0.9303618078049127, 0.15582702965476986, 0.8626285861777793, 0.8555812723631727, 0.9984380895073518, 0.8775672791781957, 0.8831977124015374, 0.978496680344403, 0.9987464811797118, 0.881384146455367, 0.9033088984310288, 0.98064185579049, 0.8952863953673986, 0.9201465748461571, 0.9989939824079466, 0.8902660475197348, 0.9818675514541703, 0.9991926157157431, 0.9092590515321758],"StateValue_V2_record" => [0.0, 0.0, 0.0, 0.0, 1.0, 0.044722491268939076, 0.0732701216033618, 0.12004051132768613, 0.0, 1.0, 0.0, 0.12004051132768613, 0.19666576285784668, 1.0, 0.0861942277096091, 0.13207341207803075, 0.23135560820026604, 0.3545008220427588, 1.0, 0.14476615224654052, 0.21336109984884702, 0.3327111419612524, 0.481172112184457, 0.09155217681418686, 0.228725967785399, 0.3148001087776305, 0.19666576285784668, 0.09155217681418686, 0.21232239838220016, 0.31544540162666906, 0.17414823220218636, 0.09155217681418686, 0.3154979880475822, 0.4056869484633316, 1.0, 0.16610061860503877, 0.2096333803992373, 0.1849499536416156, 0.1895500875997549, 0.4041131587613128, 0.5222517855126363, 1.0, 0.18744290214278245, 0.23078475311631821, 0.1849499536416156, 1.0, 0.280441756044803, 0.4841327054809203, 0.6158014592698068, 1.0, 0.24987395465648127, 0.3193417818025419, 0.555476542703863, 0.6908802024105991, 1.0, 0.36382894466974125, 0.34509824269101075, 1.0, 0.43831225694501763, 0.6184510947643009, 0.7511350108478012, 1.0, 0.3149968664253731, 0.403970808724134, 0.6735800009906096, 0.47362602664873166, 1.0, 0.37303189862577035, 0.47078578819669986, 0.696691794715205, 0.576776621307832, 1.0, 0.4286967825028656, 0.5309628663726688, 0.7230951450703653, 0.6595606299547564, 1.0, 0.48152920294076634, 0.5851166760000829, 0.750589244321888, 0.7994927987904618, 1.0, 0.5333017608487164, 0.5070472654298285, 0.6371757896710806, 0.7833105344797697, 0.8383025753935109, 1.0, 0.5263194468922774, 0.5070472654298285, 0.8125265101098871, 0.8694495493155715, 1.0, 0.5681669849089853, 0.5824888906446106, 0.8383457598474208, 0.8944467038837144, 1.0, 0.6094060308611263, 0.6832516727552475, 0.8609706449844852, 0.7259993364915728, 1.0, 0.6464483515542336, 0.7209240196738083, 0.8663011694046072, 0.7793200417634261, 1.0, 0.6808060685724184, 0.7540424079701784, 0.8746395537999625, 0.9145082911848506, 1.0, 0.646162923500489, 0.7875402465281139, 0.8916260851528817, 0.8221128316729098, 1.0, 0.7151248818409526, 0.8114230727867142, 0.8982228379349495, 0.7196107517451239, 0.930608815104242, 1.0, 0.646162923500489, 0.7907349798050265, 0.943530368448339, 1.0, 0.646162923500489, 0.7907349798050265, 0.8564563921884885, 1.0, 0.7208785075967086, 0.7907349798050265, 0.8373979162517569, 0.9539006235816677, 1.0, 0.7494659174533713, 0.8647373361117879, 0.962223321996209, 1.0, 0.7853311081286863, 0.815983070811096, 0.9689027438627735, 1.0, 0.7837740630695733, 0.887312489260933, 0.9742633461878069, 1.0, 0.646162923500489, 0.815983070811096, 0.884018982788028, 1.0, 0.646162923500489, 0.815983070811096, 0.9785655235111165, 1.0, 0.646162923500489, 0.9063471297006708, 0.9820182567300619, 1.0, 0.8151439839645883, 0.815983070811096, 0.922214005183458, 0.9061394731842762, 1.0, 0.8296290120433434, 0.8404848140412192, 0.9291699097179109, 0.9238923797408424, 1.0, 0.8439468048951324, 0.8615036507478501, 0.9361042799006775, 0.9847892644745868, 1.0, 0.8590881712904207, 0.9463067609176693, 0.9870131501423483, 1.0, 0.8806726824746604, 0.8817309569002093, 0.9381400607623995, 1.0, 0.6609575826528639, 0.8817309569002093, 0.9887979403411655, 1.0, 0.8776298148046501, 0.9546641592351366, 0.9495746060772884, 1.0, 0.7075765595397088, 0.8817309569002093, 0.9587514557246394, 1.0, 0.7470385308757064, 0.8817309569002093, 0.9902303323476307, 1.0, 0.7827620305443324, 0.9546641592351366, 0.9913799054803973, 1.0, 0.8202561477999908, 0.8817309569002093, 0.9661163807943254, 1.0, 0.8426634934126912, 0.8911753460010461, 0.9923025009581815, 1.0, 0.8635385959939305, 0.9617039560100251, 0.993042934421148, 1.0, 0.8329898326340819, 0.9108209570808694, 0.9674804178203047, 0.9720271370305624, 1.0, 0.8856971458617383, 0.9108209570808694, 0.9936371728780687, 1.0, 0.8529311967137976, 0.9705160022508644, 0.9941140818257937, 1.0, 0.8996335013772916, 0.9266892719011658, 0.9767708430362102, 0.8592234222643863, 0.8997605733274026, 0.9944968274084317, 1.0, 0.8741031458553333, 0.8997605733274026, 0.974634135514945, 0.9948040017269841, 1.0, 0.877904946325164, 0.8997605733274026, 0.9767708430362102, 1.0, 0.8917523171157552, 0.9165143628352135, 0.9950505259620327, 1.0, 0.8867517867278852, 0.9779917003549647, 0.9952483751792224, 1.0, 0.9056698172315573, 0.0],"final_QSA" => Dict{Int64,Any}(1 => [0.0 0.0; 0.9033263888715295 0.9350572391678711; 0.0 0.9085789006095287; 0.2943462728988878 0.9844640277361009; 0.31201516983460187 0.9846068332988775; 0.9993520298376349 0.0; 0.6487237134094486 0.9092590515321758]),"trialByTrial_Vs" => [0.0, 0.0, 0.0, 0.0, 0.044899729702436025, 0.07356049633890632, 0.12051624046486566, 0.0, 0.0, 0.12051624046486566, 0.197445163350583, 0.08653582160257589, 0.13259682846202733, 0.2322724870326988, 0.3559057341706276, 0.14533987086819022, 0.2142066651568928, 0.3340297000275636, 0.48307903170048183, 0.09191500464290067, 0.22963242516467547, 0.3160476841376187, 0.197445163350583, 0.09191500464290067, 0.2131638472419982, 0.31669553432839886, 0.17483839410945057, 0.09191500464290067, 0.3167483291530615, 0.4072947148733781, 0.16675888724368407, 0.21046417248832727, 0.18568292354397745, 0.19030128816220482, 0.4057146881301408, 0.5243215067139578, 0.1881857517784641, 0.2316993696091996, 0.18568292354397745, 0.2815531667940301, 0.48605135804005606, 0.6182419245231796, 0.25086422302119915, 0.32060735613775604, 0.5576779359956877, 0.6936182100961046, 0.36527082481515477, 0.346465891724006, 0.44004931978743134, 0.6209020607127615, 0.7541118126513232, 0.3162452215500004, 0.4055717739495772, 0.6762494467397859, 0.4755030404877372, 0.3745102507363278, 0.4726515459674563, 0.6994528341569246, 0.5790624283355201, 0.43039573853192653, 0.5330671102108536, 0.7259608228791177, 0.6621745159332111, 0.4834375376330139, 0.5874355352613786, 0.7535638832136097, 0.8026612459683614, 0.5354152738930945, 0.5090567300299392, 0.6397009629255034, 0.7864148501861103, 0.8416248284935388, 0.5284052885267517, 0.5090567300299392, 0.8157466108185127, 0.8728952401023087, 0.5704186713314698, 0.5847973358044832, 0.84166818409053, 0.897991460182945, 0.611821150574022, 0.6859594480317874, 0.8643827332665592, 0.728876523818768, 0.6490102726349971, 0.7237810931572358, 0.8697343829364411, 0.7824085428615493, 0.6835041517445604, 0.7570307319965665, 0.8781058129458978, 0.9181325529902779, 0.6487237134094486, 0.7906613248860046, 0.8951596631382223, 0.825370923659942, 0.717958972926129, 0.8146388004942599, 0.9017825593236669, 0.7224626206537651, 0.9342968844382077, 0.6487237134094486, 0.793868719119527, 0.947269646822948, 0.6487237134094486, 0.793868719119527, 0.8598505901636662, 0.7237354007125175, 0.793868719119527, 0.8407165841228633, 0.9576810000195249, 0.7524361045203213, 0.8681643520603655, 0.9660366818835031, 0.7884434315130014, 0.8192168701171519, 0.9727425747769427, 0.7868802157728881, 0.8908289721570481, 0.9781244215526256, 0.6487237134094486, 0.8192168701171519, 0.8875224132822889, 0.6487237134094486, 0.8192168701171519, 0.982443648712556, 0.6487237134094486, 0.9099390482390767, 0.9859100653603455, 0.8183744579094216, 0.8192168701171519, 0.9258688052849269, 0.9097305687650467, 0.8329168911910846, 0.8438157155091814, 0.9328522765668543, 0.9275538313607963, 0.8472914264806086, 0.8649178513699093, 0.9398141281549185, 0.9886920548068712, 0.8624927991945246, 0.9500570423343287, 0.990924753892688, 0.8841628513412988, 0.8852253197841324, 0.9418579769618878, 0.6635770048548351, 0.8852253197841324, 0.9927166173427929, 0.8811079245689473, 0.9584475616194316, 0.9533378381981812, 0.710380736083404, 0.8852253197841324, 0.9625510563574327, 0.7499990980359313, 0.8852253197841324, 0.99415468602129, 0.7858641724903228, 0.9584475616194316, 0.9953088149946518, 0.8235068816159596, 0.8852253197841324, 0.9699451691522462, 0.8460030291429214, 0.8947071376748705, 0.9962350667843406, 0.8669608612496322, 0.9655152576127473, 0.9969784346381105, 0.8362910309543438, 0.9144306057173559, 0.9713146119545777, 0.9758793501384551, 0.8892072270363592, 0.9144306057173559, 0.9975750281045632, 0.8563114240870259, 0.9743622266234796, 0.9980538270765783, 0.9031988133261862, 0.9303618078049127, 0.98064185579049, 0.8626285861777793, 0.9033263888715295, 0.9984380895073518, 0.8775672791781957, 0.9033263888715295, 0.978496680344403, 0.9987464811797118, 0.881384146455367, 0.9033263888715295, 0.98064185579049, 0.8952863953673986, 0.9201465748461571, 0.9989939824079466, 0.8902660475197348, 0.9818675514541703, 0.9991926157157431, 0.9092590515321758],"RPE_QV" => [0.0, 0.0, 0.0, 1.0, 0.028370391900925773, 0.04648001498877981, 0.0, 1.0, 0.12004051132768613, 0.07614952239298102, 0.8025548366494171, 0.04553759047545486, 0.09875877973823871, 0.12222833501006, 0.6440942658293725, 0.0680212289806568, 0.1185044768043596, 0.1471424121568934, -0.39152685488629496, 0.21893466417822044, 0.09006890702267611, 0.07614952239298102, -0.10589298653639613, 0.17609744860692195, 0.10280725514453007, 0.05456308246853975, 0.09155217681418686, 0.22326781285048178, 0.08881324825782716, 0.5927052851266219, 0.04287449315555322, -0.025514218846711678, 0.11142070195331616, 0.213811870599108, 0.11653709738249551, 0.47567849328604217, 0.0425990013378541, -0.046749415967584, 0.8143170764560226, 0.20257953868689021, 0.12975010122975073, 0.3817580754768204, 0.06847755878134276, 0.234869186566107, 0.1332022664149114, 0.3063817899038954, -0.020172582124144023, 0.653534108275994, 0.1784017749768696, 0.13023295013503966, 0.2458881873486768, 0.08772558717413359, 0.26800822704103233, -0.20262342009105427, 0.5244969595122628, 0.09627553746037204, 0.22404024874774875, -0.12267621284909258, 0.42093757166447987, 0.10056712784074223, 0.1900280348595117, -0.06640019292436128, 0.3378254840667889, 0.10167913836706899, 0.1631537090605094, 0.04592891557685208, 0.19733875403163859, -0.028368008463266037, 0.5757045898477895, 0.14360957155426635, 0.05188772520740059, 0.1583751715064612, -0.02135802309692325, 0.30346978007994785, 0.05370293849705876, 0.12710475989769132, 0.012070219313140784, 0.25354842404293754, 0.052778519793184375, 0.10200853981705504, 0.07143052218122548, 0.17501119695269773, -0.13838339677498646, 0.271123476181232, 0.07191374703881115, 0.1425200762473714, -0.09041434117301506, 0.21759145713845074, 0.07053825622561805, 0.11760882180339605, 0.03640247823895271, 0.08186744700972215, 0.5841637850497852, 0.10096476026687706, -0.07304683146531243, 0.17462907634005798, 0.09346409986058524, 0.08358403744068965, -0.07392136805094063, 0.930608815104242, 0.06570311556179231, 0.4573828738899658, 0.7518678664602537, 0.05273035317705199, 0.3910170231869362, 0.5099863525658211, 0.14014940983633384, 0.06699957909250898, 0.0435291971322298, 0.1131840394588044, 0.04231899998047506, 0.11230123159146665, 0.0940589699358435, 0.03396331811649689, 0.027539639298094554, 0.504848085574335, 0.027257425223057297, 0.10043227348804484, 0.0834343740307587, 0.021875578447374422, 0.3552775987330578, 0.3169995493635007, 0.11247758671771113, 0.2882508554700519, 0.3354006863926722, 0.01755635128744404, 0.31461190079977774, 0.07207920849098526, 0.014089934639654467, -0.002391387098325648, 0.10299713506630603, -0.019729332100650643, 0.09026943123495335, 0.007567922850134634, 0.08535419420872947, -0.008959896826011948, 0.07244616863920372, 0.014212224267241447, 0.07118642853076818, 0.04497513631966832, 0.011307945193128832, 0.0838139617231447, 0.0369561078080195, 0.00907524610731203, -0.0024318944410894883, 0.2266361548778132, 0.05814202303811222, 0.21815395204537424, 0.22553876380600646, 0.0072833826572070715, 0.07355623466618932, 0.8014193612491666, 0.04666216180181881, 0.1713502208168053, 0.15008297523220115, 0.037448943642567345, 0.13173185886427796, 0.14741548839714613, 0.0058453139787100206, 0.16879998674481378, 0.032932343860965774, 0.004691185005348153, 0.058224075284249666, 0.0934906063918095, 0.030054830847753844, 0.04517231685812473, 0.09759536328331098, 0.003764933215659405, 0.09474309476039289, 0.027527676808400736, 0.0030215653618894667, 0.07452992612652565, 0.08225509803617226, 0.0007125250759847379, 0.02412064986154494, 0.02161373004451017, 0.07920656716071284, 0.0024249718954367783, 0.11420457816383855, 0.01975185520231415, 0.0019461729234216962, 0.023490458574979556, 0.04640903523129747, 0.6553768510380316, 0.03713198714962329, 0.138915555045259, 0.0015619104926481997, 0.0221932941492069, 0.0914364231134076, 0.016307321382581175, 0.0012535188202882352, 0.018376426872035556, 0.0734619446051814, 0.019358144209509986, 0.021227967467814857, 0.07490395111587556, 0.001006017592053432, 0.08772565283522993, 0.013380823725052116, 0.0008073842842568624, 0.02210711685646294],"StateValue_V3_record" => [0.0, 0.0, 0.0, 0.0, 0.197445163350583, 0.044899729702436025, 0.05050132636563437, 0.059036332123121, 0.12051624046486566, 0.197445163350583, 0.0, 0.023701418367782494, 0.13555159535281666, 0.3559057341706276, 0.08653582160257589, 0.09552699859259403, 0.1520962718597481, 0.2564058806048299, 0.48307903170048183, 0.14533987086819022, 0.15877033353558342, 0.23760480093730496, 0.3630822576316802, 0.38769741337513874, 0.09191500464290067, 0.2079940318352281, 0.3181346242471801, 0.16546611636989592, 0.09191500464290067, 0.1964428254093792, 0.31621933716551226, 0.1773474565947695, 0.13599815442209143, 0.3342840754630241, 0.5243215067139578, 0.16675888724368407, 0.17522424854835572, 0.18427441480169598, 0.18568292354397745, 0.2325174078789394, 0.4287243743592304, 0.6182419245231796, 0.1881857517784641, 0.1965967185561884, 0.22246892353693562, 0.346465891724006, 0.2815531667940301, 0.3215515169015489, 0.5116698879721189, 0.6936182100961046, 0.25086422302119915, 0.2643847858006305, 0.3669811410453196, 0.5839780792466478, 0.7541118126513232, 0.36527082481515477, 0.3612878460424501, 0.4755030404877372, 0.44004931978743134, 0.4752738873897733, 0.6466159268258028, 0.8026612459683614, 0.3162452215500004, 0.33356621443962303, 0.458488702116994, 0.6362424324612539, 0.5790624283355201, 0.3745102507363278, 0.39351938995685615, 0.5168872094785608, 0.6752310092717047, 0.6621745159332111, 0.43039573853192653, 0.45025223151614086, 0.5705872265948801, 0.712850425940657, 0.728876523818768, 0.4834375376330139, 0.5035135917172464, 0.6196494459980844, 0.7626323254521964, 0.8416248284935388, 0.5354152738930945, 0.44178939808591, 0.5090567300299392, 0.6680559782397427, 0.7966598305655758, 0.8728952401023087, 0.5284052885267517, 0.5241882501675342, 0.5689753703297901, 0.8263499962824709, 0.897991460182945, 0.5704186713314698, 0.5728018777554302, 0.6348592458069239, 0.8520890475524973, 0.9181325529902779, 0.611821150574022, 0.6259247616943114, 0.720514562402294, 0.8370596008853135, 0.7824085428615493, 0.6490102726349971, 0.6632092941662276, 0.7519209928926356, 0.8518825085742998, 0.825370923659942, 0.6835041517445604, 0.6974315892674928, 0.7802520250290076, 0.8852933062081539, 0.9342968844382077, 0.6487237134094486, 0.6487237134094486, 0.8105963284695505, 0.8807369195673111, 0.8598505901636662, 0.717958972926129, 0.7364130073905174, 0.8311420644202381, 0.7237299545912987, 0.7909186669901946, 0.947269646822948, 0.6487237134094486, 0.6487237134094486, 0.793868719119527, 0.9576810000195249, 0.6487237134094486, 0.6487237134094486, 0.793868719119527, 0.8875224132822889, 0.7237354007125175, 0.7369641435508583, 0.8024633485578199, 0.8630642252824858, 0.9660366818835031, 0.7524361045203213, 0.7746094395363701, 0.8867358407439356, 0.9727425747769427, 0.7884434315130014, 0.7240327527652558, 0.8192168701171519, 0.9781244215526256, 0.7868802157728881, 0.8067100824174056, 0.9073026857666049, 0.982443648712556, 0.6487237134094486, 0.6487237134094486, 0.8192168701171519, 0.9097305687650467, 0.6487237134094486, 0.6487237134094486, 0.8192168701171519, 0.9859100653603455, 0.6487237134094486, 0.6538538270463425, 0.92417073933376, 0.9886920548068712, 0.8183744579094216, 0.8179022900931583, 0.8395531562749607, 0.921973344085516, 0.9275538313607963, 0.8329168911910846, 0.834411140954454, 0.8606684883273814, 0.931083188274438, 0.9418579769618878, 0.8472914264806086, 0.8500975614226293, 0.8789732673795114, 0.9486942512922701, 0.990924753892688, 0.8624927991945246, 0.8790414605580104, 0.9573538470772849, 0.9927166173427929, 0.8841628513412988, 0.8495176311568285, 0.8852253197841324, 0.9533378381981812, 0.6635770048548351, 0.6826638829471204, 0.8852253197841324, 0.99415468602129, 0.8811079245689473, 0.736274490718452, 0.9584475616194316, 0.9625510563574327, 0.710380736083404, 0.72915689922145, 0.8852253197841324, 0.9699451691522462, 0.7499990980359313, 0.767668227844876, 0.8852253197841324, 0.9953088149946518, 0.7858641724903228, 0.8191929134467288, 0.9649498936325775, 0.9962350667843406, 0.8235068816159596, 0.8325250444672573, 0.8910850424532918, 0.9758793501384551, 0.8460030291429214, 0.8549220846238981, 0.9139768701206034, 0.9969784346381105, 0.8669608612496322, 0.8856674270709378, 0.970950464256844, 0.9975750281045632, 0.8362910309543438, 0.8452629245553636, 0.9144306057173559, 0.9714552965845968, 0.98064185579049, 0.8892072270363592, 0.893474753495613, 0.9300695593088417, 0.9980538270765783, 0.8563114240870259, 0.8788605656779694, 0.9782621349003776, 0.9984380895073518, 0.9031988133261862, 0.9078368907567032, 0.9033263888715295, 0.98064185579049, 0.8607108038309748, 0.9033263888715295, 0.9987464811797118, 0.8775672791781957, 0.8779906162534836, 0.9033263888715295, 0.9817164820785972, 0.9989939824079466, 0.881384146455367, 0.8850090432900923, 0.9178136040836503, 0.9844640277361009, 0.8952863953673986, 0.8994777548716822, 0.9349359977098353, 0.9991926157157431, 0.8902660475197348, 0.9075870533738233, 0.9845095303803285, 0.9993520298376349, 0.9092590515321758, 0.9092590515321758],"StateValue_V1_record" => [0.0, 0.0, 0.0, 0.0, 0.0, 0.044899729702436025, 0.07356049633890632, 0.12051624046486566, 0.0, 0.0, 0.0, 0.12051624046486566, 0.197445163350583, 0.0, 0.08653582160257589, 0.13259682846202733, 0.2322724870326988, 0.3559057341706276, 0.0, 0.14533987086819022, 0.2142066651568928, 0.3340297000275636, 0.48307903170048183, 0.09191500464290067, 0.22963242516467547, 0.3160476841376187, 0.197445163350583, 0.09191500464290067, 0.2131638472419982, 0.31669553432839886, 0.17483839410945057, 0.09191500464290067, 0.3167483291530615, 0.4072947148733781, 0.0, 0.16675888724368407, 0.21046417248832727, 0.18568292354397745, 0.19030128816220482, 0.4057146881301408, 0.5243215067139578, 0.0, 0.1881857517784641, 0.2316993696091996, 0.18568292354397745, 0.0, 0.2815531667940301, 0.48605135804005606, 0.6182419245231796, 0.0, 0.25086422302119915, 0.32060735613775604, 0.5576779359956877, 0.6936182100961046, 0.0, 0.36527082481515477, 0.346465891724006, 0.0, 0.44004931978743134, 0.6209020607127615, 0.7541118126513232, 0.0, 0.3162452215500004, 0.4055717739495772, 0.6762494467397859, 0.4755030404877372, 0.0, 0.3745102507363278, 0.4726515459674563, 0.6994528341569246, 0.5790624283355201, 0.0, 0.43039573853192653, 0.5330671102108536, 0.7259608228791177, 0.6621745159332111, 0.0, 0.4834375376330139, 0.5874355352613786, 0.7535638832136097, 0.8026612459683614, 0.0, 0.5354152738930945, 0.5090567300299392, 0.6397009629255034, 0.7864148501861103, 0.8416248284935388, 0.0, 0.5284052885267517, 0.5090567300299392, 0.8157466108185127, 0.8728952401023087, 0.0, 0.5704186713314698, 0.5847973358044832, 0.84166818409053, 0.897991460182945, 0.0, 0.611821150574022, 0.6859594480317874, 0.8643827332665592, 0.728876523818768, 0.0, 0.6490102726349971, 0.7237810931572358, 0.8697343829364411, 0.7824085428615493, 0.0, 0.6835041517445604, 0.7570307319965665, 0.8781058129458978, 0.9181325529902779, 0.0, 0.6487237134094486, 0.7906613248860046, 0.8951596631382223, 0.825370923659942, 0.0, 0.717958972926129, 0.8146388004942599, 0.9017825593236669, 0.7224626206537651, 0.9342968844382077, 0.0, 0.6487237134094486, 0.793868719119527, 0.947269646822948, 0.0, 0.6487237134094486, 0.793868719119527, 0.8598505901636662, 0.0, 0.7237354007125175, 0.793868719119527, 0.8407165841228633, 0.9576810000195249, 0.0, 0.7524361045203213, 0.8681643520603655, 0.9660366818835031, 0.0, 0.7884434315130014, 0.8192168701171519, 0.9727425747769427, 0.0, 0.7868802157728881, 0.8908289721570481, 0.9781244215526256, 0.0, 0.6487237134094486, 0.8192168701171519, 0.8875224132822889, 0.0, 0.6487237134094486, 0.8192168701171519, 0.982443648712556, 0.0, 0.6487237134094486, 0.9099390482390767, 0.9859100653603455, 0.0, 0.8183744579094216, 0.8192168701171519, 0.9258688052849269, 0.9097305687650467, 0.0, 0.8329168911910846, 0.8438157155091814, 0.9328522765668543, 0.9275538313607963, 0.0, 0.8472914264806086, 0.8649178513699093, 0.9398141281549185, 0.9886920548068712, 0.0, 0.8624927991945246, 0.9500570423343287, 0.990924753892688, 0.0, 0.8841628513412988, 0.8852253197841324, 0.9418579769618878, 0.0, 0.6635770048548351, 0.8852253197841324, 0.9927166173427929, 0.0, 0.8811079245689473, 0.9584475616194316, 0.9533378381981812, 0.0, 0.710380736083404, 0.8852253197841324, 0.9625510563574327, 0.0, 0.7499990980359313, 0.8852253197841324, 0.99415468602129, 0.0, 0.7858641724903228, 0.9584475616194316, 0.9953088149946518, 0.0, 0.8235068816159596, 0.8852253197841324, 0.9699451691522462, 0.0, 0.8460030291429214, 0.8947071376748705, 0.9962350667843406, 0.0, 0.8669608612496322, 0.9655152576127473, 0.9969784346381105, 0.0, 0.8362910309543438, 0.9144306057173559, 0.9713146119545777, 0.9758793501384551, 0.0, 0.8892072270363592, 0.9144306057173559, 0.9975750281045632, 0.0, 0.8563114240870259, 0.9743622266234796, 0.9980538270765783, 0.0, 0.9031988133261862, 0.9303618078049127, 0.98064185579049, 0.8626285861777793, 0.9033263888715295, 0.9984380895073518, 0.0, 0.8775672791781957, 0.9033263888715295, 0.978496680344403, 0.9987464811797118, 0.0, 0.881384146455367, 0.9033263888715295, 0.98064185579049, 0.0, 0.8952863953673986, 0.9201465748461571, 0.9989939824079466, 0.0, 0.8902660475197348, 0.9818675514541703, 0.9991926157157431, 0.0, 0.9092590515321758, 0.0])