DateTime of fitting: 2020-02-09T16:06:57.031
DATA_STATS
nr_subjects: 1
all_subject_ids: [4]
nr_puzzles: 1
nr_episodes: 60
nr_actions: 189
max_state_id: 7
max_action_id: 2
SUBJECT_SIGNALS
subject_id: 4
algorithm_name: Forward Learner
param_string: eta=0.0672, gamma=0.9699,
                temp=0.0115,
                initTsas=nothing, initR=nothing
param_vector: [0.06723124298557812, 0.9698507004813584, 0.011546299292561318]
LL: -84.132
RPE
Float64[]
SPE
[0.857, 0.857, 0.857, 0.857, 0.8, 0.8, 0.857, 0.857, 0.746, 0.746, 0.8, 0.8, 0.857, 0.857, 0.746, 0.857, 0.8, 0.8, 0.867, 0.746, 0.696, 0.696, 0.876, 0.696, 0.857, 0.8, 0.649, 0.892, 0.746, 0.605, 0.746, 0.813, 0.696, 0.884, 0.763, 0.649, 0.8, 0.884, 0.857, 0.672, 0.649, 0.829, 0.565, 0.746, 0.716, 0.527, 0.825, 0.731, 0.8, 0.627, 0.758, 0.746, 0.912, 0.696, 0.668, 0.491, 0.8, 0.924, 0.649, 0.623, 0.495, 0.735, 0.833, 0.461, 0.686, 0.727, 0.884, 0.682, 0.605, 0.64, 0.899, 0.746, 0.43, 0.696, 0.401, 0.597, 0.839, 0.649, 0.374, 0.605, 0.858, 0.565, 0.565, 0.609, 0.349, 0.899, 0.527, 0.527, 0.568, 0.326, 0.918, 0.304, 0.632, 0.283, 0.924, 0.589, 0.264, 0.55, 0.247, 0.862, 0.513, 0.23, 0.587, 0.826, 0.491, 0.548, 0.562, 0.215, 0.557, 0.657, 0.786, 0.458, 0.511, 0.556, 0.2, 0.841, 0.478, 0.187, 0.512, 0.751, 0.427, 0.446, 0.174, 0.799, 0.416, 0.162, 0.388, 0.151, 0.908, 0.399, 0.512, 0.551, 0.141, 0.762, 0.405, 0.132, 0.378, 0.123, 0.513, 0.721, 0.372, 0.352, 0.115, 0.875, 0.347, 0.374, 0.107, 0.73, 0.349, 0.1, 0.325, 0.093, 0.851, 0.324, 0.514, 0.547, 0.087, 0.971, 0.479, 0.51, 0.081, 0.808, 0.302, 0.447, 0.476, 0.076, 0.741, 0.435, 0.07, 0.405, 0.991, 0.444, 0.129, 0.456, 0.752, 0.281, 0.425, 0.453, 0.12, 0.732, 0.613, 0.678, 0.263, 0.519, 0.806, 0.112, 0.437, 0.423, 0.0]
action_selection_prob
[0.5, 0.5, 0.5, 0.5, 0.481, 0.453, 0.518, 0.505, 0.435, 0.423, 0.502, 0.692, 0.505, 0.615, 0.82, 0.605, 0.685, 0.466, 0.606, 0.806, 0.408, 0.403, 0.495, 0.876, 0.576, 0.513, 0.92, 0.362, 0.522, 0.946, 0.462, 0.635, 0.853, 0.426, 0.474, 0.9, 0.602, 0.511, 0.07, 0.33, 0.354, 0.489, 0.952, 0.567, 0.507, 0.965, 0.463, 0.472, 0.068, 0.301, 0.667, 0.06, 0.279, 0.563, 0.53, 0.973, 0.746, 0.979, 0.534, 0.539, 0.969, 0.486, 0.658, 0.976, 0.459, 0.675, 0.059, 0.422, 0.946, 0.435, 0.313, 0.758, 0.978, 0.771, 0.982, 0.409, 0.296, 0.795, 0.983, 0.614, 0.593, 0.95, 0.588, 0.57, 0.985, 0.808, 0.96, 0.571, 0.583, 0.985, 0.56, 0.987, 0.809, 0.988, 0.606, 0.827, 0.988, 0.839, 0.989, 0.592, 0.855, 0.989, 0.579, 0.638, 0.954, 0.558, 0.619, 0.99, 0.451, 0.286, 0.641, 0.961, 0.564, 0.626, 0.99, 0.558, 0.866, 0.99, 0.549, 0.65, 0.965, 0.878, 0.99, 0.537, 0.884, 0.99, 0.889, 0.99, 0.896, 0.966, 0.532, 0.639, 0.99, 0.528, 0.892, 0.99, 0.897, 0.991, 0.529, 0.66, 0.967, 0.905, 0.99, 0.907, 0.971, 0.904, 0.99, 0.518, 0.907, 0.99, 0.911, 0.99, 0.915, 0.972, 0.517, 0.648, 0.99, 0.91, 0.497, 0.668, 0.991, 0.884, 0.976, 0.498, 0.68, 0.991, 0.499, 0.882, 0.991, 0.888, 0.991, 0.665, 0.988, 0.486, 0.683, 0.979, 0.48, 0.676, 0.988, 0.483, 0.116, 0.728, 0.98, 0.53, 0.741, 0.988, 0.478, 0.684, 0.0]
results_dict
Dict{String,Any}("QSA_record" => [0.0, 0.0, 0.0, 0.0, 0.839117195490326, 0.8420544384243066, 0.8484788462373896, 0.8503503505761705, 0.8513232529837417, 0.8525859939844537, 0.8573065035924786, 0.8687972249365241, 0.8614309114174149, 0.8614628425874223, 0.8816674364822429, 0.8644709885360927, 0.8757819620830961, 0.869090158331993, 0.8708398382597942, 0.8901285874417102, 0.8696371517516988, 0.8716604845493561, 0.878839936887561, 0.9027842335337543, 0.8823091961902656, 0.8834700622815719, 0.9122652401932769, 0.8780423219469297, 0.8876412023981823, 0.9208023013461318, 0.8864047516502261, 0.890257955924354, 0.9122941590268466, 0.8880925287645495, 0.8944280060080111, 0.9206929442293101, 0.8947886455226846, 0.8986015663824561, 0.898045316521632, 0.8904419688274129, 0.8920605259606906, 0.8993139324590468, 0.933244662256018, 0.8962544960531266, 0.9020190027659828, 0.9388313848420197, 0.8953176965466065, 0.9040897839170451, 0.9012674873109746, 0.8943153372597277, 0.904230859680784, 0.9001877678489335, 0.8935577365657996, 0.8991104780526806, 0.9066522131391506, 0.9447031208507641, 0.9043763287368104, 0.9491418219674772, 0.8987405585902822, 0.9072011932157265, 0.9430680748367556, 0.8964410607186962, 0.9047187631611913, 0.9475910510622527, 0.8975057971516821, 0.9080039998562763, 0.9024715606486647, 0.9091487894710755, 0.9347977789575375, 0.898592255741779, 0.9016841341095486, 0.9112277145851879, 0.9536013825415526, 0.912818987209458, 0.9574579933016011, 0.9021916832919132, 0.905361076108413, 0.9183339581080779, 0.9616065275788573, 0.9089972194545256, 0.922338616195986, 0.9446481309868117, 0.9089180393680023, 0.9230943891140033, 0.9651875911427406, 0.9229315590842473, 0.949995177480529, 0.9112948550493354, 0.9272964849719427, 0.9686358227415264, 0.9127563303307878, 0.9712088290759189, 0.9277938478160602, 0.9738176406757959, 0.9181732643392492, 0.9318001381086097, 0.9760689487563117, 0.9332525713322904, 0.9779472911319966, 0.9198861148050217, 0.9365170415971007, 0.9797601573460027, 0.9203217792799773, 0.9376506880485515, 0.9587684438362233, 0.9198629267119012, 0.9378629500500785, 0.9814409383097266, 0.9184972667835652, 0.9224797983585218, 0.9401197349254372, 0.962528621250422, 0.9212210749121632, 0.9404432824414769, 0.9830924426571261, 0.922180897048889, 0.9420790668780563, 0.9844424142626225, 0.922570616227958, 0.943242033848076, 0.9661814716279579, 0.943951113331171, 0.9856862874575241, 0.9233963110289376, 0.9460028035262702, 0.9868423816674196, 0.9469692831696006, 0.9878281254561215, 0.9484643530420568, 0.9696931331835662, 0.9249571831387177, 0.9465469798485199, 0.9888361425839458, 0.925818543192012, 0.9497011928307784, 0.9897039718844757, 0.9505312832888458, 0.990463252941138, 0.9269299795310294, 0.9492205997475683, 0.9727536791540227, 0.9522905924841543, 0.9912049271568135, 0.9532814123800056, 0.974962864420549, 0.9532309399304992, 0.9919192513844499, 0.9284922206747623, 0.9546967596113184, 0.9925424921338275, 0.9553240618113689, 0.9930814527934253, 0.956260998278274, 0.9773055786730981, 0.9294212690386071, 0.9523962787223463, 0.9936135496795206, 0.9564857212334212, 0.9290319936489962, 0.9533043781064026, 0.9940033181593092, 0.9528445866869526, 0.9789274322243103, 0.9291453251649726, 0.9547013854919987, 0.9944705057626129, 0.929916345440424, 0.9536619620127539, 0.9948823464381288, 0.954492890499636, 0.9952480300311469, 0.9536467169960149, 0.9904142178269991, 0.9280117105420661, 0.9539129235507572, 0.9801726127750423, 0.9278160938461546, 0.9540944789460253, 0.9910923243437544, 0.9285881778076194, 0.9298900146574951, 0.9455855119634595, 0.9818092461398007, 0.9299955659353837, 0.9465969877298874, 0.9918349198887152, 0.9292090069215792, 0.9560442714372169, 0.0],"final_Tsas" => Dict{Int64,Any}(1 => [0.14285714285714285 0.14285714285714285; 0.08186417473349664 0.08186417473349664; 0.021817235390367704 0.0763603445101751; 0.14285714285714285 0.8956882864654955; 0.026883000758953158 0.08776470493665013; 0.7551021070240694 0.10814287819724992; 0.018982250460143235 0.06643789457187213]

[0.14285714285714285 0.14285714285714285; 0.08186417473349664 0.08186417473349664; 0.021817235390367704 0.42823266913808333; 0.14285714285714285 0.007164461835312796; 0.026883000758953158 0.08776470493665013; 0.04081631549598839 0.10814287819724992; 0.018982250460143235 0.5157881590484013]

[0.14285714285714285 0.14285714285714285; 0.20307042851428445 0.08186417473349664; 0.021817235390367704 0.0763603445101751; 0.14285714285714285 0.007164461835312796; 0.026883000758953158 0.08776470493665013; 0.04081631549598839 0.2839114878309222; 0.296301130698533 0.06643789457187213]

[0.14285714285714285 0.14285714285714285; 0.08186417473349664 0.24793853567025048; 0.6218642662180279 0.0763603445101751; 0.14285714285714285 0.007164461835312796; 0.6057050687054745 0.19715381661391926; 0.04081631549598839 0.10814287819724992; 0.035695117607160064 0.06643789457187213]

[0.14285714285714285 0.14285714285714285; 0.38760869781823226 0.08186417473349664; 0.021817235390367704 0.12725440535884874; 0.14285714285714285 0.06172681768819727; 0.026883000758953158 0.08776470493665013; 0.04081631549598839 0.17537412118282802; 0.5920747498537337 0.15202236809223782]

[0.14285714285714285 0.14285714285714285; 0.08186417473349664 0.3427405906622661; 0.21448720097724888 0.0763603445101751; 0.14285714285714285 0.007164461835312796; 0.2598799274997595 0.3640226587028299; 0.04081631549598839 0.10814287819724992; 0.018982250460143235 0.06643789457187213]

[0.14285714285714285 0.14285714285714285; 0.08186417473349664 0.08186417473349664; 0.07637959124325218 0.13907154746236736; 0.14285714285714285 0.013927048505055847; 0.026883000758953158 0.08776470493665013; 0.04081631549598839 0.10814287819724992; 0.018982250460143235 0.06643789457187213]),"final_Reward" => Dict{Int64,Any}(1 => [1.0, 0.0, 0.0, 0.0, 0.0, 0.0, 0.0]),"final_Qsa" => [0.0 0.0; 0.9352114308317943 0.9481736790446231; 0.9543153931130063 0.9306336906884198; 0.9415494611240359 0.9924372043697517; 0.9565028095929029 0.9472230456054695; 0.983318309119015 0.9378548821296477; 0.9295131472867159 0.9305243802296945])
POPULATION_SIGNALS
subject_id: 4
algorithm_name: Forward Learner
param_string: eta=0.1692, gamma=0.9856,
                temp=0.0118,
                initTsas=nothing, initR=nothing
param_vector: [0.16921432907904174, 0.9855564353951695, 0.011831814925089175]
LL: -91.853
RPE
Float64[]
SPE
[0.857, 0.857, 0.857, 0.857, 0.712, 0.712, 0.857, 0.857, 0.592, 0.592, 0.712, 0.712, 0.857, 0.857, 0.592, 0.857, 0.712, 0.712, 0.881, 0.592, 0.491, 0.491, 0.901, 0.491, 0.857, 0.712, 0.408, 0.932, 0.592, 0.339, 0.592, 0.761, 0.491, 0.918, 0.661, 0.408, 0.712, 0.918, 0.857, 0.508, 0.408, 0.791, 0.282, 0.592, 0.578, 0.234, 0.763, 0.625, 0.712, 0.422, 0.632, 0.592, 0.961, 0.491, 0.48, 0.195, 0.712, 0.973, 0.408, 0.399, 0.303, 0.649, 0.815, 0.252, 0.539, 0.605, 0.918, 0.519, 0.339, 0.448, 0.943, 0.592, 0.209, 0.491, 0.174, 0.372, 0.784, 0.408, 0.145, 0.339, 0.864, 0.282, 0.282, 0.444, 0.12, 0.943, 0.234, 0.234, 0.369, 0.1, 0.968, 0.083, 0.451, 0.069, 0.973, 0.375, 0.057, 0.311, 0.048, 0.808, 0.259, 0.039, 0.538, 0.805, 0.195, 0.447, 0.424, 0.033, 0.309, 0.544, 0.725, 0.162, 0.371, 0.462, 0.027, 0.812, 0.215, 0.023, 0.426, 0.67, 0.134, 0.179, 0.019, 0.729, 0.148, 0.016, 0.123, 0.013, 0.951, 0.112, 0.463, 0.488, 0.011, 0.673, 0.254, 0.009, 0.211, 0.007, 0.489, 0.631, 0.093, 0.175, 0.006, 0.88, 0.077, 0.29, 0.005, 0.634, 0.241, 0.004, 0.2, 0.004, 0.846, 0.064, 0.507, 0.506, 0.003, 0.998, 0.421, 0.42, 0.002, 0.753, 0.053, 0.35, 0.349, 0.002, 0.728, 0.522, 0.002, 0.434, 1.0, 0.29, 0.17, 0.411, 0.773, 0.044, 0.341, 0.369, 0.142, 0.727, 0.461, 0.503, 0.037, 0.257, 0.777, 0.118, 0.405, 0.307, 0.0]
action_selection_prob
[0.5, 0.5, 0.5, 0.5, 0.47, 0.438, 0.502, 0.506, 0.418, 0.403, 0.501, 0.71, 0.505, 0.638, 0.818, 0.615, 0.687, 0.454, 0.635, 0.781, 0.386, 0.356, 0.512, 0.83, 0.585, 0.482, 0.863, 0.345, 0.514, 0.883, 0.452, 0.646, 0.793, 0.424, 0.47, 0.829, 0.587, 0.502, 0.146, 0.34, 0.332, 0.49, 0.876, 0.556, 0.496, 0.888, 0.461, 0.479, 0.137, 0.322, 0.664, 0.121, 0.314, 0.545, 0.518, 0.894, 0.716, 0.897, 0.515, 0.493, 0.85, 0.485, 0.676, 0.869, 0.467, 0.684, 0.11, 0.465, 0.893, 0.461, 0.297, 0.719, 0.87, 0.735, 0.878, 0.446, 0.295, 0.759, 0.88, 0.566, 0.542, 0.882, 0.549, 0.526, 0.881, 0.768, 0.889, 0.544, 0.532, 0.88, 0.542, 0.883, 0.764, 0.881, 0.596, 0.775, 0.882, 0.785, 0.884, 0.584, 0.793, 0.885, 0.575, 0.558, 0.876, 0.562, 0.545, 0.885, 0.446, 0.308, 0.554, 0.882, 0.559, 0.545, 0.883, 0.554, 0.797, 0.883, 0.55, 0.554, 0.885, 0.804, 0.883, 0.543, 0.804, 0.882, 0.807, 0.883, 0.809, 0.887, 0.541, 0.546, 0.882, 0.538, 0.804, 0.881, 0.806, 0.881, 0.539, 0.552, 0.888, 0.809, 0.881, 0.809, 0.891, 0.806, 0.88, 0.533, 0.807, 0.88, 0.808, 0.88, 0.809, 0.892, 0.532, 0.546, 0.879, 0.806, 0.494, 0.554, 0.888, 0.741, 0.907, 0.508, 0.555, 0.885, 0.512, 0.75, 0.885, 0.763, 0.884, 0.51, 0.849, 0.483, 0.518, 0.92, 0.492, 0.526, 0.859, 0.498, 0.242, 0.727, 0.918, 0.522, 0.739, 0.862, 0.485, 0.531, 0.0]
results_dict
Dict{String,Any}("QSA_record" => [0.0, 0.0, 0.0, 0.0, 0.9129782129344421, 0.916171440456635, 0.9239008582371011, 0.9259646500241523, 0.9270297885275874, 0.9285176867848078, 0.9351683401699871, 0.9474532955488413, 0.9389117058175629, 0.9389456687874179, 0.9600546991186696, 0.9427300800914193, 0.9544367467152435, 0.9466072292815375, 0.9503756590883423, 0.9665248780048414, 0.9467883593473063, 0.9483761780761526, 0.9569817823337008, 0.9748035309191029, 0.957414530078951, 0.9594791274242487, 0.9801805533648268, 0.9522177577748615, 0.9630296768819842, 0.9843278682679816, 0.9577797973302944, 0.9639648182342454, 0.9786167493328894, 0.958094559910224, 0.9666943697400707, 0.9829938124705305, 0.9631222818291663, 0.969081844336056, 0.9653543264101978, 0.959027928420029, 0.9603412404967303, 0.9692629482610683, 0.9886532987492754, 0.9631551688743224, 0.9709109826977856, 0.9907870634042428, 0.9615163865982286, 0.9720640143811258, 0.965278346750565, 0.9604104757540016, 0.9704861602677817, 0.9637227352751063, 0.9600863232973459, 0.963989099488951, 0.9732800488369924, 0.9926032778103923, 0.969384351611104, 0.9940363343557003, 0.9617828274163217, 0.9697411780153826, 0.9853259405308807, 0.9592839602742739, 0.9687560554936778, 0.9880050737018968, 0.9601259644136846, 0.9709253186560435, 0.9622414712811701, 0.9716850218433661, 0.9870066316906198, 0.9606857654529805, 0.9625489648999122, 0.970462783286408, 0.9906105762596722, 0.971642863173025, 0.9923756603446346, 0.9625696021812792, 0.9642668832043634, 0.9749977764143075, 0.9938762105746505, 0.9661361300426352, 0.9774953062117664, 0.9904015863793836, 0.9657108946907104, 0.977728633965725, 0.9949852399095672, 0.9769642449570062, 0.9923119990709021, 0.9668295501205254, 0.9793347245580223, 0.9959519609938736, 0.9675755697276747, 0.9966916189986122, 0.9788322034367909, 0.997401953674519, 0.9711532039968791, 0.9803255086203829, 0.9978387594238316, 0.9808536235473984, 0.9982174159291684, 0.9709748339526935, 0.9818568050647745, 0.998519876453276, 0.9707008539082224, 0.9820419928644958, 0.9942026635577969, 0.9700644855686328, 0.9819702408309791, 0.9987632000911498, 0.9676607581073915, 0.9701234611667982, 0.9825563057183163, 0.9952578702661254, 0.970118841509298, 0.9825839614537409, 0.9989801220868462, 0.9703482416256882, 0.9829904197174311, 0.9991561788438624, 0.9702701793058367, 0.9831544320399785, 0.9961235353450485, 0.9834016707316141, 0.9992986867277783, 0.970256006967413, 0.9838212628290584, 0.9994209218207947, 0.9840232628463134, 0.9995202485442704, 0.9842797744622226, 0.996833511990931, 0.970321498906939, 0.98362473287907, 0.9996024708297853, 0.9705086300208622, 0.9842028575723061, 0.9996708833159508, 0.9843794209379726, 0.9997271941256418, 0.9706349179979854, 0.9840114909936609, 0.9974036722504198, 0.9846081327236172, 0.9997732192299521, 0.9847882685307964, 0.9978564018558013, 0.9845874140050763, 0.9998123538233546, 0.9707333066280677, 0.9848297015317936, 0.999844719857145, 0.9849275843243419, 0.999871154981328, 0.9850306144519435, 0.9982338278380877, 0.9707388588022914, 0.9844335974362929, 0.9998930152115929, 0.9849302757335369, 0.96899701068326, 0.984569347201657, 0.999907699591458, 0.9798814446675382, 0.9984861893481217, 0.9694576278977455, 0.984816057341238, 0.9999243275627593, 0.9698244029571511, 0.9807928741477197, 0.999936784421993, 0.9815599559457822, 0.9999478273301157, 0.9814993166619828, 0.9944255039227926, 0.9663449519247438, 0.9815666746314659, 0.9986555526392042, 0.9670745072352975, 0.9821521811408739, 0.9954586390621878, 0.9675489713520028, 0.9662001514705406, 0.9805716247758792, 0.9989078708078847, 0.9684375434671616, 0.9814025458763718, 0.9962793822998182, 0.9677143587968353, 0.9830690912766528, 0.0],"final_Tsas" => Dict{Int64,Any}(1 => [0.14285714285714285 0.14285714285714285; 0.0324200693131968 0.0324200693131968; 0.0009574252772717346 0.02693412903566817; 0.14285714285714285 0.9023016850792834; 0.0016696978851905241 0.03902338527006356; 0.9695312131097791 0.06805467267803018; 0.0006608195517017294 0.018590065979399887]

[0.14285714285714285 0.14285714285714285; 0.0324200693131968 0.0324200693131968; 0.0009574252772717346 0.6172036054272727; 0.14285714285714285 4.930930113828726e-5; 0.0016696978851905241 0.03902338527006356; 0.005078131148370164 0.06805467267803018; 0.0006608195517017294 0.7865984423308632]

[0.14285714285714285 0.14285714285714285; 0.28979345663263045 0.0324200693131968; 0.0009574252772717346 0.02693412903566817; 0.14285714285714285 4.930930113828726e-5; 0.0016696978851905241 0.03902338527006356; 0.005078131148370164 0.4224576348527771; 0.32869159572482765 0.018590065979399887]

[0.14285714285714285 0.14285714285714285; 0.0324200693131968 0.35430192334222194; 0.6396780117162427 0.02693412903566817; 0.14285714285714285 4.930930113828726e-5; 0.7449778738867008 0.23642671312147245; 0.005078131148370164 0.06805467267803018; 0.0048124346618632925 0.018590065979399887]

[0.14285714285714285 0.14285714285714285; 0.5481061968013854 0.0324200693131968; 0.0009574252772717346 0.10754490948101486; 0.14285714285714285 0.09707888415645145; 0.0016696978851905241 0.03902338527006356; 0.005078131148370164 0.23726900175707194; 0.6638526914065022 0.12045122777213745]

[0.14285714285714285 0.14285714285714285; 0.0324200693131968 0.4835977300917941; 0.25850528704208536 0.02693412903566817; 0.14285714285714285 4.930930113828726e-5; 0.2466736366873465 0.5684563605282096; 0.005078131148370164 0.06805467267803018; 0.0006608195517017294 0.018590065979399887]

[0.14285714285714285 0.14285714285714285; 0.0324200693131968 0.0324200693131968; 0.09798700013258492 0.1675149689490397; 0.14285714285714285 0.0004221935597118308; 0.0016696978851905241 0.03902338527006356; 0.005078131148370164 0.06805467267803018; 0.0006608195517017294 0.018590065979399887]),"final_Reward" => Dict{Int64,Any}(1 => [1.0, 0.0, 0.0, 0.0, 0.0, 0.0, 0.0]),"final_Qsa" => [0.0 0.0; 0.9695390911842742 0.9817783999931048; 0.98034056524987 0.9672635703954875; 0.9749328044180811 0.9969539143976304; 0.9829852799118152 0.9815930102469759; 0.9991085348298044 0.9707859058293221; 0.9680179808502306 0.9686721996369838])