DateTime of fitting: 2020-02-09T16:22:42.232
DATA_STATS
nr_subjects: 1
all_subject_ids: [19]
nr_puzzles: 1
nr_episodes: 62
nr_actions: 180
max_state_id: 7
max_action_id: 2
SUBJECT_SIGNALS
subject_id: 19
algorithm_name: Forward Learner
param_string: eta=0.1484, gamma=0.9632,
                temp=0.0103,
                initTsas=nothing, initR=nothing
param_vector: [0.14839585784468542, 0.9631537983388045, 0.010278088745380729]
LL: -56.984
RPE
Float64[]
SPE
[0.857, 0.857, 0.857, 0.857, 0.73, 0.73, 0.73, 0.857, 0.857, 0.622, 0.622, 0.73, 0.857, 0.857, 0.529, 0.622, 0.73, 0.73, 0.857, 0.622, 0.857, 0.622, 0.529, 0.73, 0.451, 0.73, 0.912, 0.622, 0.384, 0.622, 0.622, 0.857, 0.912, 0.529, 0.529, 0.73, 0.451, 0.451, 0.622, 0.599, 0.327, 0.936, 0.529, 0.583, 0.278, 0.73, 0.912, 0.451, 0.496, 0.237, 0.853, 0.384, 0.508, 0.202, 0.767, 0.327, 0.517, 0.857, 0.925, 0.44, 0.172, 0.375, 0.146, 0.786, 0.278, 0.622, 0.599, 0.125, 0.532, 0.936, 0.106, 0.529, 0.51, 0.09, 0.925, 0.42, 0.077, 0.358, 0.066, 0.532, 0.838, 0.237, 0.305, 0.056, 0.796, 0.202, 0.453, 0.475, 0.971, 0.048, 0.453, 0.518, 0.041, 0.37, 0.034, 0.954, 0.599, 0.442, 0.029, 0.315, 0.025, 0.268, 0.021, 0.228, 0.997, 0.194, 0.164, 0.386, 0.827, 0.14, 0.329, 0.493, 0.295, 0.856, 0.251, 0.477, 0.376, 0.119, 0.84, 0.42, 0.214, 0.494, 0.823, 0.182, 0.289, 0.101, 0.758, 0.358, 0.155, 0.507, 0.701, 0.132, 0.246, 0.086, 0.803, 0.112, 0.432, 0.507, 0.999, 0.096, 0.327, 0.211, 0.731, 0.082, 0.28, 0.305, 0.069, 0.622, 0.059, 0.238, 0.259, 0.05, 0.477, 0.18, 0.919, 0.406, 0.153, 0.346, 0.13, 0.71, 0.043, 0.321, 0.221, 0.037, 0.95, 0.399, 0.111, 0.34, 0.094, 0.815, 0.289, 0.08, 0.384, 0.985, 0.381, 0.51, 0.432, 0.069, 0.756, 0.0]
action_selection_prob
[0.5, 0.5, 0.5, 0.5, 0.5, 0.5, 0.5, 0.5, 0.5, 0.5, 0.5, 0.5, 0.5, 0.5, 0.2, 0.479, 0.589, 0.925, 0.856, 0.986, 0.639, 0.74, 0.995, 0.904, 0.998, 0.43, 0.521, 0.941, 0.999, 0.298, 0.522, 0.674, 0.954, 0.239, 0.605, 0.932, 0.113, 0.712, 0.979, 0.88, 0.997, 0.906, 0.989, 0.913, 0.997, 0.749, 0.712, 0.993, 0.927, 0.997, 0.93, 0.995, 0.935, 0.997, 0.939, 0.996, 0.942, 0.003, 0.363, 0.946, 0.998, 0.951, 0.998, 0.959, 0.995, 0.665, 0.681, 0.999, 0.383, 0.853, 0.999, 0.64, 0.732, 0.999, 0.616, 0.954, 0.999, 0.958, 0.999, 0.593, 0.776, 0.995, 0.964, 0.999, 0.965, 0.996, 0.453, 0.879, 0.996, 0.999, 0.585, 0.775, 0.999, 0.962, 0.999, 0.582, 0.143, 0.805, 0.999, 0.966, 0.999, 0.969, 0.999, 0.971, 0.999, 0.956, 0.998, 0.475, 0.889, 0.998, 0.456, 0.9, 0.996, 0.959, 0.997, 0.547, 0.775, 0.998, 0.539, 0.911, 0.997, 0.505, 0.789, 0.997, 0.95, 0.998, 0.488, 0.921, 0.997, 0.464, 0.789, 0.998, 0.947, 0.998, 0.946, 0.998, 0.455, 0.795, 0.998, 0.998, 0.935, 0.997, 0.934, 0.998, 0.569, 0.936, 0.998, 0.938, 0.998, 0.567, 0.941, 0.998, 0.938, 0.997, 0.555, 0.938, 0.997, 0.936, 0.997, 0.938, 0.998, 0.539, 0.94, 0.998, 0.464, 0.94, 0.998, 0.939, 0.998, 0.53, 0.942, 0.998, 0.058, 0.94, 0.432, 0.143, 0.822, 0.998, 0.973, 0.0]
results_dict
Dict{String,Any}("QSA_record" => [0.0, 0.0, 0.0, 0.0, 0.0, 0.0, 0.0, 0.0, 0.0, 0.0, 0.0, 0.0, 0.0, 0.0, 0.8007183349838205, 0.8101773526389047, 0.8235149372946959, 0.8519824808102524, 0.8344105120514762, 0.8837372319909533, 0.8520246688359827, 0.8603346406183118, 0.9109108377054245, 0.8663780130028295, 0.9296519988389268, 0.8687738690027765, 0.8672116768360948, 0.886005134359743, 0.9455384259695584, 0.8696445848518873, 0.8727445911253516, 0.8844840417306394, 0.9010698422464959, 0.8755835371272317, 0.884039686364608, 0.9068215999983337, 0.8763816007261582, 0.8924040533340616, 0.9250953042194715, 0.9025046637773939, 0.9626551234364324, 0.9085964651578716, 0.9418065475433195, 0.9122787338361416, 0.9705716961120101, 0.9086254937303999, 0.9234426113352414, 0.9543984107637201, 0.9225984573113767, 0.9765777230685323, 0.9273196182955907, 0.9633569915992747, 0.9299702313491973, 0.9812569799627586, 0.9344005277583984, 0.9705274990116416, 0.9363725016397593, 0.9245173825625923, 0.9127537602416743, 0.9402463960151267, 0.9850991234326685, 0.9416501118657319, 0.9874903828339032, 0.9444726421761437, 0.9765171233251086, 0.9214349134802373, 0.9389936705535888, 0.9896457373640841, 0.9162719754324371, 0.9378523567415149, 0.9913795367165552, 0.9223406035314455, 0.9434970952943107, 0.9927098395683337, 0.9219058692639913, 0.9492493970971553, 0.9938776766678612, 0.9504872096326274, 0.9948296313188962, 0.9222724973966705, 0.9475425342957492, 0.9813877414274192, 0.9527348339483661, 0.995661918363559, 0.9543200275764272, 0.9844440985328224, 0.9201975018296239, 0.9456254052072104, 0.9869468141706752, 0.9963918505271796, 0.9218452856461679, 0.9482915688314435, 0.996855861323285, 0.9536283136883581, 0.9973528420989272, 0.9222056744217297, 0.9261571655018015, 0.9506916527664379, 0.9977453118257193, 0.9552637924802307, 0.9980984427305198, 0.956403921137309, 0.9983881253794413, 0.9573762771828929, 0.998632699234881, 0.9490951351578557, 0.9858360681724293, 0.9139598497108735, 0.9405300319359224, 0.9881685550919656, 0.9148359522422823, 0.9432909349894496, 0.9813963963043978, 0.9515556452903009, 0.9842583594750627, 0.918206812117025, 0.9481830840021096, 0.9901892766675788, 0.919172534777835, 0.9475559626778662, 0.9869842232889127, 0.9186956016437535, 0.9506653809575863, 0.98900301816735, 0.95381798758199, 0.991875476121974, 0.9201080606534633, 0.9509725361084651, 0.9908594449987909, 0.9199680575472822, 0.9528975978505186, 0.9922697133020301, 0.955797292672744, 0.9932296469827657, 0.9561692314953241, 0.9935355820143877, 0.9214884605681537, 0.9548702856505052, 0.9943176274357144, 0.9942115840368381, 0.953706125697252, 0.988763013806673, 0.9536227112735329, 0.9951316816134019, 0.9233201993963358, 0.9545890155321508, 0.99587606142307, 0.9557573867668612, 0.9965048918091672, 0.9241450668317841, 0.9562238350368989, 0.997036041960918, 0.9568961192070919, 0.9908880276647545, 0.9247791344593018, 0.9575040749105914, 0.9922698403329671, 0.9572522108375301, 0.993439497831207, 0.9578285158888061, 0.997585901021143, 0.9252336477352289, 0.9581206120923912, 0.9979496723262862, 0.9239082185027119, 0.9591409107251061, 0.9945022970235842, 0.9589624567611016, 0.9953295342934442, 0.9257708817616468, 0.9598484762307772, 0.996032883878496, 0.9312089324361814, 0.9591469226395869, 0.9199280010535035, 0.9301391317430314, 0.9577884470335256, 0.9966239949036205, 0.9601962403016416, 0.0],"final_Tsas" => Dict{Int64,Any}(1 => [0.14285714285714285 0.14285714285714285; 0.05449147339100252 0.012837144721653485; 0.0002717532840251672 0.05449147339100252; 0.12165773459361635 0.9416599532177327; 0.01507407501467068 0.12165773459361635; 0.9688890382243965 0.08822979201332533; 0.012837144721653485 0.012837144721653485]

[0.14285714285714285 0.14285714285714285; 0.05449147339100252 0.012837144721653485; 0.0002717532840251672 0.6730511596539849; 0.12165773459361635 0.0002717532840251672; 0.01507407501467068 0.12165773459361635; 0.0025754082874138566 0.08822979201332533; 0.21915972662243963 0.6751806429171607]

[0.14285714285714285 0.14285714285714285; 0.16211254423381433 0.012837144721653485; 0.0002717532840251672 0.05449147339100252; 0.12165773459361635 0.015930265335145532; 0.01507407501467068 0.12165773459361635; 0.0025754082874138566 0.470621247920048; 0.1910044143871028 0.2606336334745718]

[0.14285714285714285 0.14285714285714285; 0.05449147339100252 0.09600069846919188; 0.6416599024489038 0.05449147339100252; 0.12165773459361635 0.0002717532840251672; 0.6323081782246024 0.12165773459361635; 0.01823392033853422 0.08822979201332533; 0.012837144721653485 0.012837144721653485]

[0.14285714285714285 0.14285714285714285; 0.565430088811173 0.012837144721653485; 0.0002717532840251672 0.05449147339100252; 0.12165773459361635 0.0002717532840251672; 0.01507407501467068 0.12165773459361635; 0.0025754082874138566 0.08822979201332533; 0.5384872801038434 0.012837144721653485]

[0.14285714285714285 0.14285714285714285; 0.05449147339100252 0.6914177200778553; 0.3564446163458518 0.05449147339100252; 0.12165773459361635 0.041322768311021114; 0.29232144670204413 0.2700535924383018; 0.0025754082874138566 0.08822979201332533; 0.012837144721653485 0.012837144721653485]

[0.14285714285714285 0.14285714285714285; 0.05449147339100252 0.1612330025663389; 0.0008084680691436102 0.05449147339100252; 0.2700535924383018 0.0002717532840251672; 0.01507407501467068 0.12165773459361635; 0.0025754082874138566 0.08822979201332533; 0.012837144721653485 0.012837144721653485]),"final_Reward" => Dict{Int64,Any}(1 => [1.0, 0.0, 0.0, 0.0, 0.0, 0.0, 0.0]),"final_Qsa" => [0.0 0.0; 0.9293063448739733 0.9485906192552005; 0.9607009081067297 0.9233000160371753; 0.9315300487058132 0.9971335709154681; 0.9584377577098893 0.9423140180519088; 0.9982796034111235 0.9337449778507387; 0.9229786948883599 0.9188069759533419])
POPULATION_SIGNALS
subject_id: 19
algorithm_name: Forward Learner
param_string: eta=0.1692, gamma=0.9856,
                temp=0.0118,
                initTsas=nothing, initR=nothing
param_vector: [0.16921432907904174, 0.9855564353951695, 0.011831814925089175]
LL: -70.421
RPE
Float64[]
SPE
[0.857, 0.857, 0.857, 0.857, 0.712, 0.712, 0.712, 0.857, 0.857, 0.592, 0.592, 0.712, 0.857, 0.857, 0.491, 0.592, 0.712, 0.712, 0.857, 0.592, 0.857, 0.592, 0.491, 0.712, 0.408, 0.712, 0.918, 0.592, 0.339, 0.592, 0.592, 0.857, 0.918, 0.491, 0.491, 0.712, 0.408, 0.408, 0.592, 0.578, 0.282, 0.943, 0.491, 0.568, 0.234, 0.712, 0.918, 0.408, 0.472, 0.195, 0.851, 0.339, 0.495, 0.162, 0.756, 0.282, 0.511, 0.857, 0.932, 0.424, 0.134, 0.353, 0.112, 0.787, 0.234, 0.592, 0.578, 0.093, 0.508, 0.943, 0.077, 0.491, 0.48, 0.064, 0.932, 0.413, 0.053, 0.343, 0.044, 0.508, 0.836, 0.195, 0.285, 0.037, 0.801, 0.162, 0.422, 0.451, 0.978, 0.03, 0.422, 0.5, 0.025, 0.366, 0.021, 0.961, 0.578, 0.416, 0.017, 0.304, 0.015, 0.252, 0.012, 0.21, 0.998, 0.174, 0.178, 0.351, 0.82, 0.147, 0.292, 0.481, 0.281, 0.868, 0.233, 0.461, 0.345, 0.123, 0.832, 0.399, 0.194, 0.487, 0.825, 0.161, 0.289, 0.102, 0.744, 0.332, 0.134, 0.506, 0.685, 0.111, 0.24, 0.085, 0.807, 0.092, 0.42, 0.508, 0.999, 0.077, 0.335, 0.228, 0.726, 0.064, 0.242, 0.276, 0.053, 0.604, 0.044, 0.201, 0.229, 0.037, 0.502, 0.189, 0.926, 0.417, 0.157, 0.346, 0.131, 0.714, 0.03, 0.308, 0.19, 0.025, 0.957, 0.408, 0.108, 0.339, 0.09, 0.808, 0.282, 0.075, 0.339, 0.989, 0.382, 0.48, 0.422, 0.062, 0.767, 0.0]
action_selection_prob
[0.5, 0.5, 0.5, 0.5, 0.5, 0.5, 0.5, 0.5, 0.5, 0.5, 0.5, 0.5, 0.5, 0.5, 0.352, 0.485, 0.548, 0.756, 0.685, 0.86, 0.565, 0.63, 0.901, 0.718, 0.923, 0.463, 0.521, 0.769, 0.924, 0.404, 0.494, 0.563, 0.795, 0.376, 0.538, 0.735, 0.271, 0.589, 0.817, 0.715, 0.899, 0.71, 0.847, 0.716, 0.894, 0.602, 0.59, 0.86, 0.728, 0.893, 0.73, 0.872, 0.736, 0.889, 0.74, 0.877, 0.743, 0.114, 0.449, 0.747, 0.906, 0.754, 0.909, 0.765, 0.874, 0.56, 0.573, 0.91, 0.459, 0.665, 0.909, 0.549, 0.594, 0.912, 0.54, 0.753, 0.912, 0.76, 0.913, 0.533, 0.612, 0.87, 0.768, 0.913, 0.768, 0.877, 0.484, 0.682, 0.882, 0.91, 0.53, 0.613, 0.917, 0.765, 0.916, 0.531, 0.335, 0.628, 0.917, 0.771, 0.916, 0.776, 0.916, 0.78, 0.916, 0.783, 0.889, 0.493, 0.693, 0.901, 0.485, 0.7, 0.875, 0.755, 0.884, 0.513, 0.608, 0.899, 0.511, 0.709, 0.887, 0.5, 0.614, 0.891, 0.74, 0.898, 0.496, 0.717, 0.891, 0.488, 0.615, 0.894, 0.735, 0.896, 0.733, 0.894, 0.486, 0.619, 0.896, 0.897, 0.72, 0.883, 0.717, 0.902, 0.524, 0.732, 0.903, 0.723, 0.902, 0.524, 0.737, 0.903, 0.724, 0.884, 0.52, 0.724, 0.888, 0.721, 0.891, 0.723, 0.899, 0.513, 0.734, 0.899, 0.487, 0.727, 0.892, 0.725, 0.894, 0.51, 0.729, 0.895, 0.272, 0.732, 0.469, 0.351, 0.635, 0.904, 0.792, 0.0]
results_dict
Dict{String,Any}("QSA_record" => [0.0, 0.0, 0.0, 0.0, 0.0, 0.0, 0.0, 0.0, 0.0, 0.0, 0.0, 0.0, 0.0, 0.0, 0.9016273972931188, 0.9085177836479886, 0.9188650775984726, 0.9343653398088289, 0.9270722238783705, 0.9521175519387094, 0.9350634980312023, 0.9410012488124778, 0.9648397624790351, 0.9418832974751853, 0.9732437967131853, 0.9444574902406357, 0.9446428125160692, 0.9547222661323471, 0.9806222181305514, 0.946930481414374, 0.9486351138057505, 0.954355035687696, 0.9615004163084107, 0.9490671451827042, 0.9535605848956861, 0.9640862208132666, 0.9477765689615063, 0.9569523899467643, 0.971974184172123, 0.9615254784222278, 0.9873053452689786, 0.9649838160868359, 0.9791106752217147, 0.9667635731261954, 0.9905002205968846, 0.964793016145314, 0.9716032137941397, 0.9841648461846403, 0.9711281323935307, 0.9926479623565821, 0.9731427305743554, 0.987618741035818, 0.9741083461457459, 0.9942713381481801, 0.9759250379072676, 0.9902912218598782, 0.9765976895331754, 0.9711663980567786, 0.9660980896911215, 0.9781237696313673, 0.9955547904272695, 0.9786806375370307, 0.99635692536477, 0.9797183223073177, 0.9924352920319222, 0.9695166285645676, 0.9773660921198957, 0.997049542793694, 0.9674279289201205, 0.9769719111252723, 0.9976041019117822, 0.969808472148658, 0.9790727907480493, 0.9980198193771069, 0.9696290984777163, 0.9812502083897889, 0.9983769225309278, 0.981719240896815, 0.9986615625352503, 0.969720457088536, 0.9805308645998241, 0.9941170630524104, 0.9824767982091093, 0.998902281385797, 0.9830411800366585, 0.9951950793155574, 0.9688039832921828, 0.9798366957412428, 0.9960638389429061, 0.9991073164761324, 0.9692820919654027, 0.9805551154220211, 0.9992352358271596, 0.9825015040225775, 0.9993718624730878, 0.9694257675882723, 0.9709643084866555, 0.981459079420134, 0.9994773839739138, 0.9830795547129172, 0.9995698455533368, 0.9834909025915888, 0.999644001245755, 0.983833065867955, 0.9997051750055813, 0.9841196502902113, 0.9939394631517491, 0.9655673933967007, 0.9771031887737744, 0.9949951431510682, 0.9659348379208708, 0.9782103147484117, 0.9933452845143761, 0.9810037022625592, 0.9945050159093944, 0.9673632816881121, 0.9799620529119657, 0.9959803906521993, 0.9678436640631064, 0.9800546414507442, 0.9955954013999063, 0.9677456380663196, 0.9810022729971575, 0.9963684480294082, 0.9820666727437989, 0.9967595306055885, 0.9684131086591081, 0.9814577176559118, 0.9970670214487672, 0.9684265668374455, 0.9819829591757145, 0.9975780144315617, 0.982861035956834, 0.9973671072496955, 0.9829637496279827, 0.99803029757069, 0.9690922739816765, 0.9828051802206981, 0.9978507936803578, 0.998245568649028, 0.9819259473401039, 0.9954274212728488, 0.9818128238487601, 0.9985698978861153, 0.969709661429024, 0.9827832531765505, 0.9988176253792764, 0.9828257054026581, 0.9990220977173381, 0.9700663826849859, 0.9833791118863352, 0.9991904175842713, 0.983311500979437, 0.9963762262649356, 0.9703180170780683, 0.9835062269916692, 0.9969999206727328, 0.9833578716825088, 0.9975159647355184, 0.9835952676252998, 0.9993643044922668, 0.9704986450336235, 0.9840786588755742, 0.999473031152514, 0.9699708284881741, 0.9841625627374788, 0.9979658858485279, 0.9840620222278391, 0.998313946788279, 0.9706984146719754, 0.9844267956634428, 0.9986026420111903, 0.9727095804554985, 0.9844342188129196, 0.9678816768543873, 0.9722004137366769, 0.9838811973608508, 0.9988407798832332, 0.9845643732190125, 0.0],"final_Tsas" => Dict{Int64,Any}(1 => [0.14285714285714285 0.14285714285714285; 0.04697166385501645 0.008855985987037308; 0.0001035077475168318 0.04697166385501645; 0.1186836672744226 0.9483508681826048; 0.010659772185550701 0.1186836672744226; 0.9790505301437064 0.0819160405145035; 0.008855985987037308 0.008855985987037308]

[0.14285714285714285 0.14285714285714285; 0.04697166385501645 0.008855985987037308; 0.0001035077475168318 0.7181700168699012; 0.1186836672744226 0.0001035077475168318; 0.010659772185550701 0.1186836672744226; 0.0013871610777833148 0.0819160405145035; 0.21907905385616727 0.6827487119339058]

[0.14285714285714285 0.14285714285714285; 0.16376421126107865 0.008855985987037308; 0.0001035077475168318 0.04697166385501645; 0.1186836672744226 0.01273001113711058; 0.010659772185550701 0.1186836672744226; 0.0013871610777833148 0.508503756912979; 0.20457527244126456 0.2729713581309075]

[0.14285714285714285 0.14285714285714285; 0.04697166385501645 0.08698268170379717; 0.6362502527858913 0.04697166385501645; 0.1186836672744226 0.0001035077475168318; 0.6494910755520674 0.1186836672744226; 0.014013664467377058 0.0819160405145035; 0.008855985987037308 0.008855985987037308]

[0.14285714285714285 0.14285714285714285; 0.6013774694638391 0.008855985987037308; 0.0001035077475168318 0.04697166385501645; 0.1186836672744226 0.0001035077475168318; 0.010659772185550701 0.1186836672744226; 0.0013871610777833148 0.0819160405145035; 0.5409217297544189 0.008855985987037308]

[0.14285714285714285 0.14285714285714285; 0.04697166385501645 0.6995230592819746; 0.3629748419598503 0.04697166385501645; 0.1186836672744226 0.038505089690217216; 0.2972100635201789 0.28789799635346436; 0.0013871610777833148 0.0819160405145035; 0.008855985987037308 0.008855985987037308]

[0.14285714285714285 0.14285714285714285; 0.04697166385501645 0.17807031506607904; 0.00036087426419097385 0.04697166385501645; 0.28789799635346436 0.0001035077475168318; 0.010659772185550701 0.1186836672744226; 0.0013871610777833148 0.0819160405145035; 0.008855985987037308 0.008855985987037308]),"final_Reward" => Dict{Int64,Any}(1 => [1.0, 0.0, 0.0, 0.0, 0.0, 0.0, 0.0]),"final_Qsa" => [0.0 0.0; 0.971885179129488 0.9794785463762206; 0.9847842579085776 0.9687872207887899; 0.9723786160457305 0.9990398710891873; 0.9841058101201798 0.9774152482108281; 0.9995711151461064 0.9735897156154296; 0.969432919101866 0.9673646082850101])