DateTime of fitting: 2020-02-09T16:15:10.222
DATA_STATS
nr_subjects: 1
all_subject_ids: [12]
nr_puzzles: 1
nr_episodes: 54
nr_actions: 187
max_state_id: 7
max_action_id: 2
SUBJECT_SIGNALS
subject_id: 12
algorithm_name: Forward Learner
param_string: eta=0.2176, gamma=0.9868,
                temp=0.0106,
                initTsas=nothing, initR=nothing
param_vector: [0.2175544110912626, 0.9867620967984727, 0.010586589310369633]
LL: -92.415
RPE
Float64[]
SPE
[0.857, 0.857, 0.857, 0.857, 0.857, 0.857, 0.857, 0.671, 0.671, 0.671, 0.857, 0.857, 0.671, 0.671, 0.671, 0.525, 0.525, 0.525, 0.857, 0.857, 0.857, 0.671, 0.671, 0.525, 0.525, 0.411, 0.411, 0.321, 0.946, 0.411, 0.411, 0.251, 0.741, 0.671, 0.525, 0.584, 0.967, 0.671, 0.371, 0.457, 0.81, 0.525, 0.445, 0.358, 0.713, 0.411, 0.49, 0.28, 0.654, 0.321, 0.525, 0.671, 0.958, 0.671, 0.525, 0.411, 0.988, 0.525, 0.411, 0.321, 0.389, 0.411, 0.321, 0.913, 0.518, 0.304, 0.405, 0.238, 0.411, 0.251, 0.186, 0.317, 0.996, 0.248, 0.332, 0.321, 0.958, 0.194, 0.259, 0.321, 0.628, 0.414, 0.857, 0.324, 0.336, 0.525, 0.251, 0.967, 0.254, 0.197, 0.371, 0.932, 0.414, 0.291, 0.539, 0.974, 0.263, 0.203, 0.206, 0.159, 0.338, 0.851, 0.321, 0.161, 0.124, 0.264, 0.666, 0.198, 0.207, 0.527, 0.097, 0.876, 0.251, 0.316, 0.076, 0.754, 0.197, 0.411, 0.06, 0.886, 0.322, 0.047, 0.252, 0.036, 0.804, 0.155, 0.344, 0.491, 0.121, 1.0, 0.412, 0.422, 0.269, 0.707, 0.095, 0.508, 0.029, 0.398, 0.022, 0.211, 0.958, 0.017, 0.165, 0.518, 0.074, 0.822, 0.058, 0.461, 0.33, 0.129, 0.47, 0.014, 0.721, 0.046, 0.5, 0.011, 0.391, 0.008, 0.733, 0.036, 0.101, 0.368, 0.007, 0.93, 0.457, 0.005, 0.358, 0.004, 0.727, 0.28, 0.003, 0.219, 1.0, 0.436, 0.288, 0.219, 0.171, 0.172, 0.663, 0.134, 0.134, 0.485, 0.786, 0.028, 0.105, 0.105, 0.0]
action_selection_prob
[0.5, 0.5, 0.5, 0.5, 0.5, 0.5, 0.5, 0.5, 0.5, 0.5, 0.5, 0.5, 0.5, 0.5, 0.5, 0.5, 0.5, 0.5, 0.5, 0.623, 0.65, 0.625, 0.87, 0.699, 0.925, 0.722, 0.948, 0.78, 0.955, 0.493, 0.218, 0.751, 0.91, 0.491, 0.513, 0.861, 0.688, 0.824, 0.734, 0.921, 0.705, 0.873, 0.731, 0.922, 0.72, 0.886, 0.735, 0.922, 0.731, 0.893, 0.467, 0.448, 0.904, 0.562, 0.424, 0.596, 0.94, 0.534, 0.337, 0.524, 0.907, 0.457, 0.349, 0.404, 0.728, 0.925, 0.736, 0.936, 0.614, 0.685, 0.941, 0.776, 0.944, 0.795, 0.915, 0.419, 0.378, 0.779, 0.934, 0.632, 0.308, 0.823, 0.8, 0.87, 0.763, 0.066, 0.546, 0.607, 0.888, 0.531, 0.588, 0.056, 0.293, 0.593, 0.058, 0.515, 0.745, 0.951, 0.746, 0.956, 0.543, 0.629, 0.115, 0.772, 0.958, 0.541, 0.626, 0.882, 0.529, 0.613, 0.958, 0.77, 0.106, 0.768, 0.959, 0.771, 0.103, 0.766, 0.96, 0.538, 0.774, 0.961, 0.777, 0.961, 0.783, 0.893, 0.54, 0.369, 0.9, 0.769, 0.614, 0.039, 0.52, 0.621, 0.923, 0.719, 0.965, 0.729, 0.964, 0.519, 0.393, 0.964, 0.52, 0.421, 0.916, 0.743, 0.918, 0.741, 0.037, 0.515, 0.56, 0.967, 0.746, 0.917, 0.747, 0.966, 0.751, 0.966, 0.754, 0.915, 0.517, 0.56, 0.966, 0.517, 0.753, 0.966, 0.756, 0.966, 0.517, 0.758, 0.966, 0.76, 0.965, 0.474, 0.476, 0.937, 0.665, 0.948, 0.444, 0.707, 0.953, 0.456, 0.519, 0.934, 0.717, 0.956, 0.0]
results_dict
Dict{String,Any}("QSA_record" => [0.0, 0.0, 0.0, 0.0, 0.0, 0.0, 0.0, 0.0, 0.0, 0.0, 0.0, 0.0, 0.0, 0.0, 0.0, 0.0, 0.0, 0.0, 0.0, 0.9192783298797831, 0.9249519558191899, 0.9328456694619233, 0.9516025553796028, 0.9470687738895694, 0.9685513013936311, 0.9530314651386574, 0.9780048177457009, 0.9615296407247323, 0.984608823199719, 0.9576773663057929, 0.9529851131057013, 0.9606716444995596, 0.9742340838441343, 0.9531531438033888, 0.9522504845947315, 0.9644836597087151, 0.9513254909254106, 0.962974891591692, 0.9564300419519591, 0.9752937570721829, 0.961457878908205, 0.9764586024240038, 0.9665500411732978, 0.9841005924765622, 0.9703221273636427, 0.9844446256118466, 0.9730968144523646, 0.9891160100920788, 0.9754949091740204, 0.9891325248239919, 0.9679423941784334, 0.9735278333055521, 0.9919272498133331, 0.9697879133882118, 0.968200230289677, 0.9735729627218926, 0.9908958759967277, 0.9619877961828851, 0.9603783602509284, 0.9661551678225844, 0.9803051207097767, 0.9579862353624731, 0.9591389999584603, 0.9658925352920221, 0.9696589221488798, 0.9852818179155958, 0.9703464062507998, 0.9888238065262278, 0.9649902954972752, 0.975570353679473, 0.9916271840599556, 0.9755885859818001, 0.993639237261324, 0.9778800292307476, 0.9861828241906282, 0.9596430077165359, 0.9626557504919222, 0.974706922036666, 0.9894794466645124, 0.9653516461924518, 0.9681662782764313, 0.9827050515194435, 0.9776121780097049, 0.9866895080212812, 0.9772049844141371, 0.9644594043052221, 0.966736768903594, 0.9776302130835962, 0.9898332405613928, 0.9661756938463287, 0.978039136054531, 0.9626215282375212, 0.9672663229613475, 0.9784573498509327, 0.9630690101285435, 0.9669895174194403, 0.9793572725753884, 0.9926639484859808, 0.9793929074596635, 0.9944346725754931, 0.9688884525295939, 0.9812439300932477, 0.9710130349633673, 0.9820819561950913, 0.9958006312644733, 0.9692205829364813, 0.9814873483092308, 0.9926664870723091, 0.9689222559463773, 0.9818346244139308, 0.9968123640782518, 0.9832858692599434, 0.9718426649366949, 0.9833306104966655, 0.9975346904831416, 0.9835569355038105, 0.9716012153279412, 0.9833828309717914, 0.9980817043205132, 0.9707275407182522, 0.98399753377588, 0.9985210681655322, 0.9843018849530226, 0.9988566496284177, 0.9847925555871826, 0.9945753645600736, 0.9711490437503494, 0.978491833296582, 0.9957955371579449, 0.9846636678493431, 0.9844985236056125, 0.965269178008295, 0.9713260684981967, 0.9847876571169817, 0.9967008664377067, 0.9820316235360121, 0.9990802125939243, 0.9830868133009854, 0.9992954490075945, 0.9719725345930672, 0.9804508564561446, 0.9994513815949797, 0.9720601911872182, 0.9817575989985338, 0.9974746793152012, 0.9840715496233949, 0.9980305868131117, 0.9843373195743348, 0.964996329335781, 0.9725754570791647, 0.9855951651090236, 0.9995821089080809, 0.9849322113671779, 0.9984856382909735, 0.9850560894639928, 0.9996776923393949, 0.9854771906457274, 0.9997496725124443, 0.9857401139545584, 0.9988252306852223, 0.973029706832653, 0.9861145507362199, 0.9998049765701581, 0.9732262290877899, 0.9858802294109735, 0.9998480881510696, 0.986039578359234, 0.9998815837576084, 0.9732557244021979, 0.9862076634082372, 0.9999076215549426, 0.9863086401925678, 0.9999279013177175, 0.970891395254082, 0.9800162123946364, 0.9908411407475628, 0.9788984209391344, 0.9927535190375821, 0.9685158218461616, 0.9816514124307718, 0.9943945379334574, 0.969376263342347, 0.9830701611147451, 0.9990319526851628, 0.9827111934298469, 0.9956616520410096, 0.0],"final_Tsas" => Dict{Int64,Any}(1 => [0.14285714285714285 0.14285714285714285; 0.02564962296893757 0.05354495354268416; 1.7938771594417397e-6 0.06843281411728876; 0.02564962296893757 0.9177379610651062; 0.0017261423086811884 0.02564962296893757; 0.9781875511350517 0.02564962296893757; 0.0005062293606998057 0.04189601270779649]

[0.14285714285714285 0.14285714285714285; 0.02564962296893757 0.05354495354268416; 1.7938771594417397e-6 0.5894031152962674; 0.12986464699116979 7.847355933230372e-5; 0.0017261423086811884 0.02564962296893757; 0.0017261423086811884 0.02564962296893757; 0.0005062293606998057 0.7486239237532211]

[0.14285714285714285 0.14285714285714285; 0.1958741122749341 0.05354495354268416; 1.7938771594417397e-6 0.06843281411728876; 0.02564962296893757 0.00047809455110089455; 0.0017261423086811884 0.10719220881315125; 0.0017261423086811884 0.8461022621863746; 0.37661665484168283 0.04189601270779649]

[0.14285714285714285 0.14285714285714285; 0.02564962296893757 0.05354495354268416; 0.9179489405887928 0.06843281411728876; 0.02564962296893757 6.116767421803957e-6; 0.6062807149992301 0.1958741122749341; 0.0017261423086811884 0.02564962296893757; 0.0005062293606998057 0.04189601270779649]

[0.14285714285714285 0.14285714285714285; 0.6758777728803781 0.05354495354268416; 0.005489364105985895 0.06843281411728876; 0.02564962296893757 6.116767421803957e-6; 0.0017261423086811884 0.02564962296893757; 0.0017261423086811884 0.02564962296893757; 0.6208521983548182 0.04189601270779649]

[0.14285714285714285 0.14285714285714285; 0.02564962296893757 0.678730278743895; 0.07655451979658347 0.06843281411728876; 0.02564962296893757 6.116767421803957e-6; 0.3850885734573639 0.5943351870361644; 0.0017261423086811884 0.02564962296893757; 0.0005062293606998057 0.04189601270779649]

[0.14285714285714285 0.14285714285714285; 0.02564962296893757 0.05354495354268416; 1.7938771594417397e-6 0.06843281411728876; 0.7418872381641424 0.0816871205221952; 0.0017261423086811884 0.02564962296893757; 0.013181737321542304 0.02564962296893757; 0.0005062293606998057 0.04189601270779649]),"final_Reward" => Dict{Int64,Any}(1 => [1.0, 0.0, 0.0, 0.0, 0.0, 0.0, 0.0]),"final_Qsa" => [0.0 0.0; 0.9716386835594396 0.9825411541883478; 0.9826873933055302 0.9729890894925685; 0.9631186068869777 0.9966146903839512; 0.9843376451996487 0.9826171198823856; 0.9992492944422401 0.9709863220726731; 0.970714656021585 0.9717125999112979])
POPULATION_SIGNALS
subject_id: 12
algorithm_name: Forward Learner
param_string: eta=0.1692, gamma=0.9856,
                temp=0.0118,
                initTsas=nothing, initR=nothing
param_vector: [0.16921432907904174, 0.9855564353951695, 0.011831814925089175]
LL: -92.839
RPE
Float64[]
SPE
[0.857, 0.857, 0.857, 0.857, 0.857, 0.857, 0.857, 0.712, 0.712, 0.712, 0.857, 0.857, 0.712, 0.712, 0.712, 0.592, 0.592, 0.592, 0.857, 0.857, 0.857, 0.712, 0.712, 0.592, 0.592, 0.491, 0.491, 0.408, 0.932, 0.491, 0.491, 0.339, 0.774, 0.712, 0.592, 0.592, 0.953, 0.712, 0.403, 0.492, 0.827, 0.592, 0.448, 0.408, 0.74, 0.491, 0.478, 0.339, 0.68, 0.408, 0.592, 0.712, 0.943, 0.712, 0.592, 0.491, 0.978, 0.592, 0.491, 0.408, 0.403, 0.491, 0.408, 0.901, 0.499, 0.335, 0.415, 0.278, 0.491, 0.339, 0.231, 0.345, 0.991, 0.286, 0.329, 0.408, 0.943, 0.238, 0.273, 0.408, 0.661, 0.451, 0.828, 0.375, 0.333, 0.592, 0.339, 0.953, 0.311, 0.282, 0.403, 0.918, 0.451, 0.335, 0.578, 0.961, 0.277, 0.227, 0.23, 0.189, 0.364, 0.856, 0.408, 0.191, 0.157, 0.302, 0.711, 0.259, 0.251, 0.502, 0.13, 0.851, 0.339, 0.301, 0.108, 0.757, 0.282, 0.377, 0.09, 0.884, 0.313, 0.075, 0.26, 0.062, 0.787, 0.215, 0.342, 0.549, 0.179, 0.999, 0.417, 0.48, 0.285, 0.718, 0.148, 0.459, 0.052, 0.381, 0.043, 0.236, 0.943, 0.036, 0.196, 0.548, 0.123, 0.802, 0.102, 0.432, 0.399, 0.163, 0.457, 0.03, 0.722, 0.085, 0.468, 0.025, 0.389, 0.02, 0.724, 0.071, 0.136, 0.38, 0.017, 0.913, 0.437, 0.014, 0.363, 0.012, 0.758, 0.302, 0.01, 0.251, 0.998, 0.388, 0.315, 0.176, 0.208, 0.146, 0.693, 0.173, 0.121, 0.437, 0.768, 0.059, 0.144, 0.101, 0.0]
action_selection_prob
[0.5, 0.5, 0.5, 0.5, 0.5, 0.5, 0.5, 0.5, 0.5, 0.5, 0.5, 0.5, 0.5, 0.5, 0.5, 0.5, 0.5, 0.5, 0.5, 0.607, 0.615, 0.598, 0.817, 0.646, 0.889, 0.663, 0.924, 0.715, 0.938, 0.489, 0.254, 0.705, 0.89, 0.513, 0.524, 0.846, 0.667, 0.781, 0.696, 0.9, 0.677, 0.84, 0.697, 0.906, 0.692, 0.862, 0.705, 0.907, 0.705, 0.873, 0.473, 0.454, 0.887, 0.554, 0.427, 0.57, 0.921, 0.527, 0.371, 0.53, 0.892, 0.47, 0.368, 0.42, 0.701, 0.909, 0.708, 0.921, 0.582, 0.65, 0.927, 0.741, 0.932, 0.759, 0.905, 0.439, 0.39, 0.749, 0.921, 0.6, 0.336, 0.813, 0.768, 0.853, 0.741, 0.079, 0.542, 0.601, 0.87, 0.526, 0.585, 0.068, 0.326, 0.592, 0.068, 0.515, 0.73, 0.941, 0.732, 0.946, 0.534, 0.623, 0.131, 0.754, 0.948, 0.531, 0.622, 0.866, 0.519, 0.611, 0.949, 0.755, 0.122, 0.753, 0.95, 0.756, 0.119, 0.752, 0.952, 0.528, 0.759, 0.953, 0.763, 0.953, 0.769, 0.876, 0.53, 0.369, 0.884, 0.757, 0.617, 0.048, 0.516, 0.624, 0.905, 0.718, 0.957, 0.724, 0.957, 0.513, 0.386, 0.957, 0.513, 0.411, 0.9, 0.736, 0.905, 0.732, 0.044, 0.507, 0.572, 0.96, 0.735, 0.905, 0.736, 0.959, 0.739, 0.959, 0.743, 0.903, 0.51, 0.573, 0.959, 0.511, 0.741, 0.958, 0.744, 0.958, 0.511, 0.747, 0.958, 0.749, 0.958, 0.464, 0.517, 0.936, 0.692, 0.944, 0.464, 0.712, 0.947, 0.47, 0.544, 0.92, 0.718, 0.949, 0.0]
results_dict
Dict{String,Any}("QSA_record" => [0.0, 0.0, 0.0, 0.0, 0.0, 0.0, 0.0, 0.0, 0.0, 0.0, 0.0, 0.0, 0.0, 0.0, 0.0, 0.0, 0.0, 0.0, 0.0, 0.9074761257751884, 0.9140509815009386, 0.9221316675109598, 0.9399928073438892, 0.935512887796027, 0.9573637799485402, 0.9413917438714869, 0.9678554796846128, 0.9499803787254858, 0.9759086845908693, 0.9482595010751214, 0.9451769122364344, 0.9525814518492265, 0.9682141197250298, 0.9462244277723215, 0.945799696856146, 0.9596533332989161, 0.945045373944587, 0.9548467578820463, 0.9489679710577381, 0.9691972782559455, 0.9535266807401573, 0.9682059822153302, 0.9585440782047429, 0.9783228882322281, 0.9625964933201673, 0.9773515573893442, 0.9658035442468608, 0.9841727981662874, 0.9686489645911981, 0.9831989209304592, 0.9621046931688295, 0.9671751739775669, 0.986794280071964, 0.9642304587619644, 0.9627725761318069, 0.9676479031017642, 0.9868903053419152, 0.9578083477392798, 0.9563929365622699, 0.9619238784483369, 0.9780914382695326, 0.954127595313123, 0.9547423681592202, 0.9612618366762073, 0.9653533048139114, 0.9824530379628832, 0.9659857428523516, 0.9857690403203112, 0.9600685185651914, 0.970183658100357, 0.9886125170081107, 0.9709865906247778, 0.9907823411352145, 0.9732907852493962, 0.984613090854544, 0.9562176431406095, 0.9585483440415655, 0.9709261610436598, 0.9874506542521146, 0.9609497036855477, 0.9641054688210886, 0.9796294739292513, 0.9735895434420703, 0.9833641812812673, 0.9734393044659113, 0.9612444523807198, 0.9625152292317156, 0.9733231994172333, 0.9865697727084831, 0.9619152074163589, 0.9737074056364085, 0.9596410897446546, 0.9630845775992571, 0.974295304140901, 0.9595928696041532, 0.9627716934410331, 0.9757411346474916, 0.9906304114204072, 0.9758426278127017, 0.9924044442576047, 0.9645598978312981, 0.9772392795111987, 0.9672201422450952, 0.9786248547755984, 0.993888506087929, 0.9649381295579459, 0.9776697412056514, 0.9897194529534241, 0.9646770376181506, 0.9780388207611906, 0.9950714889773108, 0.980063239533506, 0.9683131723005655, 0.9802298910863725, 0.9959647952062476, 0.9804749155327894, 0.9681533549317511, 0.9804036350268797, 0.9966729329883484, 0.9667181432812894, 0.9811247190280272, 0.9972757044896364, 0.981458033765239, 0.9977637048845088, 0.9820889593620427, 0.9920021600455273, 0.9673814274937345, 0.9747078767767872, 0.9934323722013846, 0.9820939287654453, 0.9814317872690176, 0.9626502019645002, 0.9677713886033084, 0.9818276909844882, 0.9945507718166003, 0.9798930271705872, 0.998135964183389, 0.9808267783267821, 0.9984786711130239, 0.9684549526581901, 0.9768378668673555, 0.9987438772104476, 0.9685399294184044, 0.97819233507005, 0.9955900808428901, 0.9819518875811769, 0.9963536646718305, 0.9821098693062165, 0.9625526829076796, 0.9691404208906217, 0.9830732352750546, 0.9989825295255832, 0.9827574727788952, 0.9970323097079535, 0.9828400728149146, 0.9991662609466786, 0.9833423785334574, 0.9993130967329844, 0.9836849695185256, 0.9975664467357337, 0.9698362377554351, 0.9839462693431924, 0.9994327811912375, 0.9701573977471221, 0.9839028101403259, 0.9995314860736375, 0.9841061503005532, 0.9996124852385282, 0.9702662987746743, 0.9843791026045824, 0.9996793322971755, 0.9845260431030509, 0.9997344889989344, 0.9673869329166174, 0.9791251013164585, 0.9919833680946439, 0.978506709103904, 0.9932720090214546, 0.9661741644220847, 0.9803832487276315, 0.9944689528622449, 0.9668315296903126, 0.9812855663253661, 0.9978843212279377, 0.9812024440279168, 0.9954506694671489, 0.0],"final_Tsas" => Dict{Int64,Any}(1 => [0.14285714285714285 0.14285714285714285; 0.03902338527006356 0.06805467267803018; 2.827455896850055e-5 0.0819160405145035; 0.03902338527006356 0.916196004648477; 0.005078131148370164 0.03902338527006356; 0.9512373634837759 0.03902338527006356; 0.0020097817567551438 0.056538846900123514]

[0.14285714285714285 0.14285714285714285; 0.03902338527006356 0.06805467267803018; 2.827455896850055e-5 0.508503756912979; 0.13605296012537677 0.0005426244782846899; 0.005078131148370164 0.03902338527006356; 0.005078131148370164 0.03902338527006356; 0.0020097817567551438 0.6607669185992588]

[0.14285714285714285 0.14285714285714285; 0.17960422518343505 0.06805467267803018; 2.827455896850055e-5 0.0819160405145035; 0.03902338527006356 0.0017145342650944785; 0.005078131148370164 0.11963416571541029; 0.005078131148370164 0.7658596883796185; 0.35274083385637084 0.056538846900123514]

[0.14285714285714285 0.14285714285714285; 0.03902338527006356 0.06805467267803018; 0.8805219004248054 0.0819160405145035; 0.03902338527006356 7.144154738283084e-5; 0.6130613711489479 0.17960422518343505; 0.005078131148370164 0.03902338527006356; 0.0020097817567551438 0.056538846900123514]

[0.14285714285714285 0.14285714285714285; 0.625278848466247 0.06805467267803018; 0.010518192648877895 0.0819160405145035; 0.03902338527006356 7.144154738283084e-5; 0.005078131148370164 0.03902338527006356; 0.005078131148370164 0.03902338527006356; 0.6372102573598534 0.056538846900123514]

[0.14285714285714285 0.14285714285714285; 0.03902338527006356 0.5916719639318189; 0.10884680869044254 0.0819160405145035; 0.03902338527006356 7.144154738283084e-5; 0.3615479731092013 0.5446680680209003; 0.005078131148370164 0.03902338527006356; 0.0020097817567551438 0.056538846900123514]

[0.14285714285714285 0.14285714285714285; 0.03902338527006356 0.06805467267803018; 2.827455896850055e-5 0.0819160405145035; 0.6688301135243053 0.08133251196599538; 0.005078131148370164 0.03902338527006356; 0.023371980774373375 0.03902338527006356; 0.0020097817567551438 0.056538846900123514]),"final_Reward" => Dict{Int64,Any}(1 => [1.0, 0.0, 0.0, 0.0, 0.0, 0.0, 0.0]),"final_Qsa" => [0.0 0.0; 0.969338210841341 0.9792368237458142; 0.9812305822897655 0.9703112245997929; 0.9610141329338567 0.9962329239486923; 0.9822842184442034 0.9796153955218192; 0.9982596776043289 0.9690559414902964; 0.9678206105499563 0.9687653715184679])