DateTime of fitting: 2021-01-04T19:01:57.484
DATA_STATS
nr_subjects: 1
all_subject_ids: [3]
nr_puzzles: 1
nr_episodes: 58
nr_actions: 192
max_state_id: 7
max_action_id: 2
SUBJECT_SIGNALS
subject_id: 3
algorithm_name: Actor-Critic (TD-Lambda, ReplTrc) modulated Actor
param_string: alpha(actor)=0.8374,
                surpriseprobability=0.001,
                stochasticity=2.8129,
                eta(critic)=0.0111,
                gamma=0.9811,
                lambda_actor=0.8757,
                lambda_critic=0.3116,
                temp=0.0425,
                nparticles=15,
                init_policy=nothing,
                init_Vs=nothing,
                use_replacing_trace=true
param_vector: [0.8374345414420977, 0.0010081538149650454, 2.812941646236455, 0.01111718147225392, 0.9810761922079965, 0.8756694591489544, 0.31161465392106275, 0.042536342712824776, 15.0]
LL: -4.244
RPE
[0.0, 0.0, 0.0, 1.0, 0.008, 0.989, 0.015, 0.978, 0.022, 0.967, 0.001, 0.013, 0.029, -0.044, 0.0, 0.042, 0.957, 0.001, 0.013, 0.039, -0.053, 0.003, 0.049, 0.947, 0.007, 0.055, 0.936, 0.058, 0.926, 0.065, 0.915, 0.071, 0.905, -0.025, 0.024, 0.077, 0.895, 0.001, 0.026, 0.083, -0.113, 0.001, 0.026, 0.081, 0.886, 0.087, 0.877, 0.093, 0.867, -0.0, 0.009, 0.129, 0.857, 0.002, 0.145, 0.848, 0.117, 0.838, 0.011, 0.152, 0.829, 0.131, 0.82, 0.004, 0.01, 0.166, 0.811, 0.005, 0.013, 0.17, 0.802, 0.006, 0.016, 0.174, 0.793, 0.162, 0.784, 0.166, 0.775, 0.17, 0.766, 0.026, 0.203, 0.758, 0.182, -0.212, 0.205, 0.751, 0.005, 0.029, 0.209, 0.743, 0.006, 0.032, 0.212, 0.735, 0.007, 0.035, 0.215, 0.726, 0.008, 0.038, 0.218, 0.718, 0.218, 0.71, 0.01, 0.048, 0.221, 0.702, -0.009, 0.058, 0.236, 0.695, 0.232, 0.687, 0.01, 0.043, 0.247, 0.679, 0.011, 0.046, 0.249, 0.672, 0.249, -0.254, 0.244, 0.666, 0.013, 0.058, 0.248, 0.659, 0.014, 0.047, 0.264, 0.652, 0.015, 0.05, 0.266, 0.644, 0.017, 0.053, 0.268, 0.637, 0.018, 0.056, 0.269, 0.63, 0.019, 0.052, 0.278, 0.623, 0.279, 0.616, 0.364, 0.609, 0.287, 0.603, 0.289, 0.596, 0.29, 0.589, 0.291, -0.392, 0.014, 0.077, 0.285, 0.587, -0.099, 0.016, 0.079, 0.287, 0.58, -0.022, 0.091, 0.319, 0.574, 0.295, 0.567, -0.019, 0.094, 0.326, 0.561, 0.302, 0.555, 0.303, 0.549, -0.017, 0.096, 0.339, 0.543, 0.015]
SPE
[0.857, 0.857, 0.857, 0.857, 0.816, 0.816, 0.778, 0.778, 0.744, 0.744, 0.818, 0.816, 0.712, 0.881, 0.857, 0.857, 0.724, 0.78, 0.778, 0.684, 0.852, 0.816, 0.816, 0.707, 0.876, 0.778, 0.682, 0.657, 0.658, 0.632, 0.636, 0.61, 0.615, 0.902, 0.744, 0.602, 0.596, 0.756, 0.712, 0.583, 0.914, 0.725, 0.684, 0.564, 0.59, 0.547, 0.573, 0.531, 0.557, 0.89, 0.778, 0.744, 0.542, 0.708, 0.89, 0.527, 0.515, 0.514, 0.862, 0.712, 0.501, 0.501, 0.489, 0.694, 0.894, 0.684, 0.477, 0.672, 0.862, 0.657, 0.466, 0.65, 0.832, 0.632, 0.455, 0.487, 0.445, 0.474, 0.435, 0.462, 0.426, 0.848, 0.61, 0.417, 0.45, 0.942, 0.588, 0.42, 0.641, 0.804, 0.568, 0.412, 0.621, 0.777, 0.55, 0.404, 0.603, 0.753, 0.533, 0.396, 0.586, 0.73, 0.516, 0.389, 0.439, 0.382, 0.57, 0.74, 0.429, 0.375, 0.899, 0.744, 0.501, 0.368, 0.419, 0.362, 0.567, 0.716, 0.487, 0.356, 0.552, 0.696, 0.473, 0.35, 0.409, 0.954, 0.4, 0.355, 0.539, 0.734, 0.391, 0.349, 0.526, 0.686, 0.46, 0.343, 0.513, 0.668, 0.448, 0.338, 0.502, 0.651, 0.436, 0.333, 0.49, 0.635, 0.425, 0.328, 0.48, 0.742, 0.383, 0.323, 0.375, 0.318, 0.94, 0.314, 0.367, 0.309, 0.36, 0.305, 0.353, 0.301, 0.346, 0.948, 0.48, 0.725, 0.339, 0.306, 0.948, 0.47, 0.708, 0.345, 0.303, 0.903, 0.712, 0.415, 0.299, 0.339, 0.295, 0.885, 0.684, 0.405, 0.291, 0.333, 0.287, 0.327, 0.284, 0.868, 0.657, 0.395, 0.28, 0.492]
action_selection_prob
[0.5, 0.5, 0.5, 0.5, 1.0, 1.0, 1.0, 1.0, 1.0, 1.0, 0.998, 0.999, 1.0, 1.0, 0.5, 0.5, 1.0, 0.998, 0.999, 1.0, 1.0, 0.999, 1.0, 1.0, 0.998, 1.0, 1.0, 1.0, 1.0, 1.0, 1.0, 1.0, 1.0, 1.0, 0.999, 1.0, 1.0, 0.998, 0.999, 1.0, 1.0, 0.998, 0.999, 1.0, 1.0, 1.0, 1.0, 1.0, 1.0, 0.998, 0.999, 1.0, 1.0, 0.998, 0.999, 1.0, 1.0, 1.0, 0.998, 1.0, 1.0, 1.0, 1.0, 0.998, 0.999, 1.0, 1.0, 0.998, 0.999, 1.0, 1.0, 0.998, 0.999, 1.0, 1.0, 1.0, 1.0, 1.0, 1.0, 1.0, 1.0, 0.998, 1.0, 1.0, 1.0, 1.0, 1.0, 1.0, 0.998, 0.999, 1.0, 1.0, 0.998, 0.999, 1.0, 1.0, 0.999, 0.999, 1.0, 1.0, 0.999, 0.999, 1.0, 1.0, 1.0, 1.0, 0.999, 0.999, 1.0, 1.0, 0.999, 0.999, 1.0, 1.0, 1.0, 1.0, 0.999, 0.999, 1.0, 1.0, 0.999, 0.999, 1.0, 1.0, 1.0, 1.0, 1.0, 1.0, 0.999, 0.999, 1.0, 1.0, 0.999, 0.999, 1.0, 1.0, 0.999, 0.999, 1.0, 1.0, 0.999, 0.999, 1.0, 1.0, 0.999, 0.999, 1.0, 1.0, 0.999, 0.999, 1.0, 1.0, 1.0, 1.0, 0.999, 1.0, 1.0, 1.0, 1.0, 1.0, 1.0, 1.0, 1.0, 1.0, 0.999, 0.999, 1.0, 1.0, 1.0, 0.999, 0.999, 1.0, 1.0, 0.999, 0.999, 1.0, 1.0, 1.0, 1.0, 0.999, 0.999, 1.0, 1.0, 1.0, 1.0, 1.0, 1.0, 0.999, 0.999, 1.0, 1.0, 0.999]
results_dict
Dict{String,Any}("Surprise" => [1.0000000000000002, 1.0000000000000002, 1.0000000000000002, 1.0000000000000002, 0.7752016850326315, 0.7752016850326315, 0.6438174737426486, 0.6438174737426486, 0.5576372983043065, 0.5576372983043065, 0.7869960440045115, 0.7752016850326315, 0.4967560847280394, 1.2031427037219584, 1.0000000000000002, 1.0000000000000002, 0.5177245811977043, 0.6495950506940982, 0.6438174737426489, 0.45145958081246595, 0.9625336141721055, 0.7752016850326315, 0.7752016850326315, 0.48802894209163494, 1.1500252157623507, 0.6438174737426486, 0.44886247383504585, 0.4164426193547544, 0.41767862071437994, 0.38856255175009885, 0.39226264355955165, 0.365839280236054, 0.3711497397485124, 1.4570710833744072, 0.557637298304306, 0.35905646551290693, 0.3533323951297279, 0.585858802736559, 0.4967560847280396, 0.34218295366644763, 1.6602137870963656, 0.5200252257139033, 0.45145958081246623, 0.3277525871366931, 0.3484371229171024, 0.3152705664351177, 0.3345587194932833, 0.3043672552463984, 0.32243563822701127, 1.3028314828931524, 0.6438174737426486, 0.5576372983043065, 0.31175467000928914, 0.48973624508215907, 1.3012007046144989, 0.3022729386643808, 0.2947609581576668, 0.29379920825023637, 1.036158110229172, 0.4967560847280394, 0.28618085111336133, 0.28623323610494134, 0.2792945728211173, 0.46639891266052297, 1.3518595998467413, 0.45145958081246595, 0.2730396883503879, 0.43535024705606606, 1.0346879114463357, 0.4164426193547544, 0.2673331666964949, 0.40786902386773494, 0.849316110936137, 0.38856255175009885, 0.262105924061437, 0.27861209444916607, 0.25730001338367653, 0.27176026224696487, 0.2528664671379615, 0.2655668503986626, 0.24876362285730563, 0.9379016716649979, 0.365839280236054, 0.24495580988494095, 0.2599413043567011, 2.4727846019841992, 0.34696319127730135, 0.2463703990764845, 0.39737794849940916, 0.7277236232977419, 0.33103351220316685, 0.2428983077462281, 0.3772755734235257, 0.6418259672640011, 0.3174103192464882, 0.23965158219702035, 0.3601275906582811, 0.5779171019246457, 0.30562648990603475, 0.23660897015515864, 0.3453252523516759, 0.5285118557794689, 0.2953330637560917, 0.23375181006543636, 0.2548089473237854, 0.2310636479954435, 0.3324167586212562, 0.5502262163870967, 0.25010764640389943, 0.22852992056629826, 1.4092737482687507, 0.5576372983043065, 0.28626410223185567, 0.22613769100427467, 0.24578528490900498, 0.22387542821236206, 0.32961596057582054, 0.5038376321366942, 0.2782133848252214, 0.22173282089782936, 0.3190601212360544, 0.47042503045130374, 0.27101853754863103, 0.21970062043336563, 0.24179782220667198, 3.0822127131500765, 0.23810778772052987, 0.2213587160814465, 0.3096361353244898, 0.5376019648699706, 0.23468309981534832, 0.21943526802654398, 0.301170886307347, 0.45483682019355814, 0.2645499678137662, 0.217603822494266, 0.2935249078372712, 0.43046634369118414, 0.2587029891874351, 0.21585793265902045, 0.2865845742676163, 0.4096245957111431, 0.2533921123598578, 0.2141917402725035, 0.28025637255084795, 0.3915969179218662, 0.24854683763743068, 0.2125999099932396, 0.2744626350624513, 0.5541345875979045, 0.23149613063720473, 0.21107757231681082, 0.22852295915913112, 0.20962027382069817, 2.3679843506508544, 0.20822393365285144, 0.22574276967623394, 0.20688480536860576, 0.223137363746132, 0.2055994433643664, 0.22069076137336988, 0.20436467327480853, 0.21838887296240148, 2.7609201339110476, 0.2749172484527025, 0.5188763839724613, 0.21621922780937755, 0.2059347368507179, 2.7267129816366498, 0.2697822823242426, 0.489210802151154, 0.21815972905586523, 0.204819570930491, 1.4730551732969648, 0.4967560847280394, 0.2441085075751305, 0.2036662583482649, 0.2161141824944857, 0.20255510960514628, 1.244192391491939, 0.45145958081246595, 0.24002792067166903, 0.20148385324103008, 0.21417682886771136, 0.20045037812803912, 0.2123393055317937, 0.19945271956505772, 1.08251438443548, 0.4164426193547544, 0.23626349974102728, 0.19848904679522603, 0.2810713963864152],"trialByTrial_Vs" => [0.0, 0.0, 0.0, 0.0, 0.0033987193514576405, 0.01111718147225392, 0.006843123241167955, 0.022110771220620815, 0.010331775848942827, 0.032982143236723604, 0.0003176556050869275, 0.0010390487246072374, 0.013863267632910486, 0.043732656237270996, 0.0, 0.0, 0.043290557208633076, 0.0003943782978772835, 0.001264490120179067, 0.014143881963218672, 0.05392646970036363, 0.0011382688779528669, 0.003723267611076415, 0.05339843390574912, 0.00048042897360959266, 0.007480963639106483, 0.06392197529793867, 0.014505304561154852, 0.07432852457074048, 0.018300830520088553, 0.08461938234677659, 0.022131425539549304, 0.09479583478941135, 0.02599584078572091, 0.001515190366986025, 0.025803988540905414, 0.10485915376349758, 0.0017170279321875271, 0.0029709424627475133, 0.029703131468971817, 0.11481059699433573, 0.0018695846097903591, 0.003426874812193319, 0.030251164075088648, 0.11361313787335707, 0.03416631130256712, 0.12346726147424067, 0.0381121999828324, 0.13321183499480324, 0.002341288623693169, 0.002315017734170406, 0.01127644723807122, 0.14284807632316798, 0.002776421312414381, 0.004915560034407957, 0.15237718980797488, 0.04208738456658879, 0.16180036640890147, 0.0041712700679774044, 0.015622319451994831, 0.17111878384551046, 0.046233021360511474, 0.18033360674444246, 0.005674017863369255, 0.009403692757947849, 0.020132136626362408, 0.18944598678497235, 0.0061783484646028616, 0.01092419825815237, 0.024729419500407742, 0.1984570628429475, 0.006705364148985809, 0.012483000411575082, 0.029343249450861305, 0.2073679611331259, 0.05047171945930219, 0.21617979534993156, 0.054932431331205345, 0.22489366680664558, 0.059408977127401716, 0.23351066457304942, 0.007255067940387539, 0.033972690377904964, 0.24203186561153814, 0.06390045348360172, 0.2504583349117204, 0.03881092443211117, 0.24879259589820926, 0.009024079317842321, 0.01407956776075923, 0.04363854705216255, 0.2571439049329097, 0.009627734749984726, 0.015879969465300882, 0.048482786464859866, 0.26540237094954044, 0.010255111260302178, 0.01771568282987808, 0.053335176834866584, 0.2735690261007819, 0.010906164542988296, 0.01958616574799049, 0.058194938222939606, 0.28164489106468565, 0.06565113934327521, 0.2896309751722403, 0.011580845640616129, 0.021490878626803135, 0.07049457638333625, 0.29752827653351854, 0.012301704804316468, 0.00374088137636849, 0.06306130702389717, 0.3053377821624224, 0.07534346164672263, 0.3130604681000411, 0.012869699781602465, 0.023503221158588553, 0.06805146370591299, 0.3206972995366381, 0.013601989952737365, 0.025528030128857935, 0.07310146443743448, 0.3282492309322815, 0.0802550579517311, 0.33571720613613343, 0.08216027740307097, 0.33372125952916154, 0.014358232512877296, 0.027585579108859, 0.08714215202165766, 0.34112840119808063, 0.015162782087191386, 0.029755234841118052, 0.07815202391996835, 0.34845319632887567, 0.015959181797983325, 0.03185008448864031, 0.08329812845957574, 0.35569656038295455, 0.016779351112772192, 0.03397690877505964, 0.08844140659759708, 0.36285939864437466, 0.017623202853804955, 0.03613514617646257, 0.09358128516133973, 0.36994260633298615, 0.01849064590910025, 0.03832423916291727, 0.09213331650798419, 0.37694706871631767, 0.09733792283144165, 0.3838736612202181, 0.019366472977147667, 0.3907232495382683, 0.10253667403136492, 0.39749668973997654, 0.10777991259573051, 0.40419482837777093, 0.11301515130440568, 0.41081850259280267, 0.11824192000819243, 0.41736854021957276, 0.025483474210414414, 0.04049420185711797, 0.12018539769059654, 0.4132259229538514, 0.1253495407055332, 0.026387526121176723, 0.04293336069361897, 0.12437938100728259, 0.41974919685158774, 0.027313945743139133, 0.005912669826842619, 0.09871720407156055, 0.4261999503296097, 0.12954686389837122, 0.4325789896105838, 0.02789800843673419, 0.008605442986210639, 0.10421841083130652, 0.4388871119542526, 0.13475322608966117, 0.4451251057570777, 0.1399959054854455, 0.451293750650774, 0.02851732574597065, 0.011338705139195871, 0.1097537159360898, 0.4573938175997491, 0.029175971752099208, 0.0, 0.0, 0.0, 0.0, 0.0, 0.0, 0.0, 0.0, 0.0, 0.0, 0.0, 0.0, 0.0, 0.0, 0.0, 0.0, 0.0, 0.0, 0.0, 0.0, 0.0, 0.0, 0.0, 0.0, 0.0, 0.0, 0.0, 0.0, 0.0, 0.0, 0.0, 0.0, 0.0, 0.0, 0.0, 0.0, 0.0, 0.0, 0.0, 0.0, 0.0, 0.0, 0.0, 0.0, 0.0, 0.0, 0.0, 0.0, 0.0, 0.0, 0.0, 0.0, 0.0, 0.0, 0.0, 0.0, 0.0],"final_V" => Dict{Int64,Any}(1 => [0.0, 0.11536643392629535, 0.46342606899745964, 0.04539153968292308, 0.014125620088656036, 0.14522661575909002, 0.029346693718334527]),"nparticles" => 15,"trial_by_trial_p_sa_max" => [0.5, 0.5, 0.5, 0.5, 0.9997757703468185, 0.9999363968673931, 0.9997765785479453, 0.9999364631458993, 0.9997773789447174, 0.9999365285474761, 0.9980346637792717, 0.9992858954999487, 0.999778171551823, 0.9999365930825612, 0.5, 0.5, 0.9999365922560925, 0.998065339919621, 0.9992905865592868, 0.9997786697161216, 0.9999366559661687, 0.9993186192024682, 0.9997873204031301, 0.9999366549851335, 0.9980951991562811, 0.999788049963329, 0.9999367178880889, 0.9997791676244627, 0.9999367799595928, 0.9997799481658507, 0.9999368412117535, 0.9997807207928042, 0.9999369016566044, 0.999781485567575, 0.9992952347890014, 0.9997814818852955, 0.9999369613060566, 0.9981472956283205, 0.999302425332015, 0.9997822390681177, 0.9999370201718711, 0.9981481921135806, 0.9993025679020286, 0.999782242428786, 0.9999370175015679, 0.9997829912152354, 0.9999370756786752, 0.9997837323856213, 0.9999371330939496, 0.9981909691853187, 0.9993252691735213, 0.9997887724056225, 0.9999371897586486, 0.9982318041032071, 0.9993096052668986, 0.9999372456838489, 0.9997844659824031, 0.9999373008804454, 0.9982771248123626, 0.9997894947563157, 0.9999373553591525, 0.9997851940910303, 0.9999374091305053, 0.9983202735671242, 0.9993176198231294, 0.999790211332911, 0.9999374622048612, 0.9983556419588824, 0.9993243624207991, 0.9997909210651957, 0.9999375145924029, 0.9983895917741435, 0.9993309717636667, 0.9997916230408256, 0.9999375663031403, 0.9997859155580008, 0.9999376173469146, 0.9997866322018382, 0.9999376677333992, 0.999787341055558, 0.9999377174721046, 0.998422205489908, 0.999792317344773, 0.9999377665723802, 0.9997880422044445, 0.9999378150434175, 0.9997930066047105, 0.9999378127338879, 0.9984587316518705, 0.9993374513550082, 0.999793687433605, 0.9999378606946789, 0.9984887877004287, 0.9993438507206823, 0.9997943612027738, 0.999937908042577, 0.9985177237127184, 0.9993501236660922, 0.9997950274472733, 0.9999379547863444, 0.9985456000853672, 0.9993562735426978, 0.9997956862566296, 0.999938000934597, 0.999788569733592, 0.9999380464958068, 0.9985724729531862, 0.999362303590664, 0.9997892631271182, 0.9999380914783047, 0.9985984528466503, 0.9993318703920503, 0.9997963377194787, 0.9999381358902841, 0.9997899486549623, 0.9999381797398023, 0.9986233858645854, 0.9993682304959554, 0.9997969834072942, 0.9999382230347839, 0.9986475770707517, 0.9993740480646736, 0.9997976225135458, 0.9999382657830235, 0.9997906271917493, 0.9999383079921879, 0.9997906528980395, 0.9999383052589367, 0.998670952147281, 0.9993797537962541, 0.9997913226021466, 0.9999383470656542, 0.9986935991826781, 0.9993853628354366, 0.9997982543512606, 0.9999383883464511, 0.9987154549205175, 0.9993908522307092, 0.9997988801905506, 0.9999384291086549, 0.9987366068285952, 0.9993962384364257, 0.9997994988435468, 0.9999384693594748, 0.9987570875680295, 0.9994015240456329, 0.9998001104032855, 0.999938509106003, 0.9987769278128946, 0.999406711569321, 0.9997919852731388, 0.9999385483552184, 0.9997926431418461, 0.9999385871139873, 0.998796136459364, 0.9999386253890664, 0.9997932932568803, 0.9999386631871047, 0.9997939363832246, 0.9999387005146457, 0.9997945719094649, 0.9999387373781289, 0.9997951999400233, 0.9999387737838924, 0.9988209276358445, 0.9994117979833809, 0.9997952113848712, 0.9999387650646615, 0.999795829965126, 0.9988387632317149, 0.999416829877911, 0.9997958085908043, 0.9999388012857124, 0.9988560747153373, 0.9993385307019144, 0.9998007149615294, 0.9999388370577829, 0.9997964209050412, 0.999938872386977, 0.9988726863495755, 0.9993451828983035, 0.9998013170560234, 0.9999389072793006, 0.9997970266775172, 0.999938941740666, 0.9997976259370184, 0.9999389757768934, 0.998888854568313, 0.9993516956832211, 0.9998019125192068, 0.9999390093937132, 0.998904608635529],"final_Tsas" => Dict{Tuple{Int64,Int64},Float64}[Dict((1, 6) => 0.14285714285714285,(2, 3) => 0.14285714285714285,(2, 6) => 0.04792832331742138,(2, 2) => 0.06438323556945796,(2, 1) => 1.0,(2, 5) => 0.10539075702924826,(1, 7) => 0.05245504963680466,(1, 4) => 0.06304566763423476,(1, 3) => 0.7231162223811117,(2, 4) => 0.14285714285714285,(1, 1) => 1.0,(1, 2) => 0.14285714285714285,(2, 7) => 0.14285714285714285,(1, 5) => 0.14285714285714285), Dict((1, 6) => 0.14285714285714285,(2, 3) => 0.14285714285714285,(2, 6) => 0.04792832331742138,(2, 2) => 0.06438323556945796,(2, 1) => 0.0,(2, 5) => 0.3676554578245111,(1, 7) => 0.10839831782402745,(1, 4) => 0.3544110005559532,(1, 3) => 0.04614729626981476,(2, 4) => 0.14285714285714285,(1, 1) => 0.0,(1, 2) => 0.14285714285714285,(2, 7) => 0.14285714285714285,(1, 5) => 0.14285714285714285), Dict((1, 6) => 0.14285714285714285,(2, 3) => 0.14285714285714285,(2, 6) => 0.6783530479530078,(2, 2) => 0.6137005865832523,(2, 1) => 0.0,(2, 5) => 0.10539075702924826,(1, 7) => 0.07110280569921229,(1, 4) => 0.08545838555129001,(1, 3) => 0.034044489421101456,(2, 4) => 0.14285714285714285,(1, 1) => 0.0,(1, 2) => 0.14285714285714285,(2, 7) => 0.14285714285714285,(1, 5) => 0.14285714285714285), Dict((1, 6) => 0.14285714285714285,(2, 3) => 0.14285714285714285,(2, 6) => 0.06496682938865347,(2, 2) => 0.06438323556945796,(2, 1) => 0.0,(2, 5) => 0.10539075702924826,(1, 7) => 0.5174398976175035,(1, 4) => 0.06304566763423476,(1, 3) => 0.034044489421101456,(2, 4) => 0.14285714285714285,(1, 1) => 0.0,(1, 2) => 0.14285714285714285,(2, 7) => 0.14285714285714285,(1, 5) => 0.14285714285714285), Dict((1, 6) => 0.14285714285714285,(2, 3) => 0.14285714285714285,(2, 6) => 0.04792832331742138,(2, 2) => 0.06438323556945796,(2, 1) => 0.0,(2, 5) => 0.10539075702924826,(1, 7) => 0.1456938299488427,(1, 4) => 0.06304566763423476,(1, 3) => 0.058250103118528046,(2, 4) => 0.14285714285714285,(1, 1) => 0.0,(1, 2) => 0.14285714285714285,(2, 7) => 0.14285714285714285,(1, 5) => 0.14285714285714285), Dict((1, 6) => 0.14285714285714285,(2, 3) => 0.14285714285714285,(2, 6) => 0.04792832331742138,(2, 2) => 0.06438323556945796,(2, 1) => 0.0,(2, 5) => 0.10539075702924826,(1, 7) => 0.05245504963680466,(1, 4) => 0.307947943355818,(1, 3) => 0.04614729626981476,(2, 4) => 0.14285714285714285,(1, 1) => 0.0,(1, 2) => 0.14285714285714285,(2, 7) => 0.14285714285714285,(1, 5) => 0.14285714285714285), Dict((1, 6) => 0.14285714285714285,(2, 3) => 0.14285714285714285,(2, 6) => 0.06496682938865347,(2, 2) => 0.06438323556945796,(2, 1) => 0.0,(2, 5) => 0.10539075702924826,(1, 7) => 0.05245504963680466,(1, 4) => 0.06304566763423476,(1, 3) => 0.058250103118528046,(2, 4) => 0.14285714285714285,(1, 1) => 0.0,(1, 2) => 0.14285714285714285,(2, 7) => 0.14285714285714285,(1, 5) => 0.14285714285714285)],"gamma_surprise" => [0.0010081538149650454, 0.0010081538149650454, 0.0010081538149650454, 0.0010081538149650454, 0.0007816996937342326, 0.0007816996937342326, 0.0006493001974071903, 0.0006493001974071903, 0.0005624349985891199, 0.0005624349985891199, 0.0007935834788376464, 0.0007816996937342326, 0.0005010607537327056, 0.0012127045459150998, 0.0010081538149650454, 0.0010081538149650454, 0.0005221999093064486, 0.0006551231587135799, 0.0006493001974071905, 0.00045539253674447725, 0.0009704185896940321, 0.0007816996937342326, 0.0007816996937342326, 0.0004922623188007148, 0.0011592269772427513, 0.0006493001974071903, 0.00045277399083766903, 0.00042008535818589463, 0.0004213316458696682, 0.0003919724397250855, 0.00039570352524772847, 0.0003690582165953057, 0.0003744133958275732, 0.0014682751931706936, 0.0005624349985891194, 0.0003622181999092139, 0.0003564457835120386, 0.0005908824911021542, 0.0005010607537327058, 0.00034520198146892106, 0.0016726375604958692, 0.000524519223949463, 0.0004553925367444776, 0.0003306491115100613, 0.0003515091125035801, 0.00031806078566269517, 0.0003375130758275, 0.0003070643552350013, 0.00032528691870655743, 0.0013130536535163487, 0.0006493001974071903, 0.0005624349985891199, 0.0003145148883086602, 0.0004939835809893686, 0.0013114122353600189, 0.0003049521245394166, 0.00029737581553113156, 0.000296405821430025, 0.0010445686741386818, 0.0005010607537327056, 0.000288722092641731, 0.0002887749275421017, 0.0002817766228899684, 0.0004704549252489692, 0.0013623991309490865, 0.00045539253674447725, 0.0002754678905067275, 0.00043915000022306454, 0.0010430880876498283, 0.00042008535818589463, 0.0002697121723034948, 0.00041144032546576773, 0.0008563713708996352, 0.0003919724397250855, 0.00026443980687664205, 0.00028108827297391455, 0.00025959236137598583, 0.0002741774400942658, 0.00025512045676094375, 0.00026793061496735833, 0.0002509820796526403, 0.0009456083478465254, 0.0003690582165953057, 0.0002471412583274313, 0.00026225648538144065, 0.0024892512062775506, 0.00035002270643020797, 0.0002485681134517607, 0.00040086163252327917, 0.0007338587887132412, 0.0003339579264866312, 0.0002450659082740924, 0.00038059074427289574, 0.0006472930314057054, 0.00032021878454040735, 0.0002417910013010303, 0.00036329836446943187, 0.0005828773596265218, 0.0003083343566880196, 0.0002387219600563941, 0.0003483708998306134, 0.0005330746313935661, 0.0002979528243695498, 0.0002358399645101435, 0.0002570797479147712, 0.00023312842080413975, 0.0003353529247982951, 0.0005549643027993346, 0.0002523377469359596, 0.0002305726415464038, 0.0014201787244388115, 0.0005624349985891199, 0.00028880605876030355, 0.00022815957966347786, 0.0002479779262408782, 0.00022587760562762195, 0.0003325283274734342, 0.0005082000366773803, 0.0002806861327057053, 0.00022371632002985908, 0.0003218826483343075, 0.0004745141288886155, 0.00027342932272186876, 0.00022166639512465858, 0.0002439558729758924, 0.003100835260784324, 0.00024023379923528994, 0.00022333895297836883, 0.0003123782641523386, 0.0005422382461211514, 0.0002367793511886584, 0.00022139872774742256, 0.00030384064199514226, 0.00045879763447075425, 0.00026690495511336805, 0.0002195513005273908, 0.00029612916934797624, 0.0004342256091933584, 0.0002610074671805793, 0.00021779016922995298, 0.0002891292830302035, 0.00041321053732549644, 0.0002556506518759427, 0.00021610942534668572, 0.00028274669563095877, 0.0003950322252331297, 0.00025076341600375476, 0.00021450368772509736, 0.00027690309427523486, 0.0005589041264079511, 0.00023356466617311346, 0.0002129680450172462, 0.0002305656195339153, 0.00021149800550420176, 0.0023840045840418152, 0.00021008945321657224, 0.000227761218110558, 0.00020873860944826958, 0.00022513310810362718, 0.00020744199890567304, 0.00022266517292343985, 0.00020619641985365585, 0.00022034320239373818, 0.0027784995557071303, 0.00027736162277067374, 0.0005233610605047683, 0.00021815461896380694, 0.00020778022695704882, 0.002744169066426438, 0.00027218241014393183, 0.0004934538425795612, 0.00022011205880127348, 0.00020665529996531895, 0.001484358283774934, 0.0005010607537327056, 0.000246286607091007, 0.0002054918897502074, 0.00021804865649207412, 0.0002043710099716141, 0.0012540285848981522, 0.00045539253674447725, 0.00024217060747513868, 0.00020329036955539506, 0.00021609438368936715, 0.00020224783913472432, 0.0002142408059495309, 0.00020124143702616556, 0.0010912502283814901, 0.00042008535818589463, 0.0002383734875730401, 0.00020026931664074635, 0.0002835687284974751],"final_PolicyParameters" => Dict{Int64,Any}(1 => [0.0 0.0; 0.0 0.3650270926027117; 0.42044833337553844 0.0; 0.3178482089926077 0.0; 0.0 0.31332663370565667; 0.0 0.364066013816379; 0.29031222892613273 0.0]),"particlefilterseeds" => [1, 2, 3])
POPULATION_SIGNALS
subject_id: 3
algorithm_name: Actor-Critic (TD-Lambda, ReplTrc) modulated Actor
param_string: alpha(actor)=0.7972,
                surpriseprobability=0.0043,
                stochasticity=2.7816,
                eta(critic)=0.0,
                gamma=0.9966,
                lambda_actor=0.7939,
                lambda_critic=0.305,
                temp=0.392,
                nparticles=15,
                init_policy=nothing,
                init_Vs=nothing,
                use_replacing_trace=true
param_vector: [0.7972414808175023, 0.004336552046615557, 2.7816353998652787, 3.24411867293681e-5, 0.9966448663088217, 0.7939275473003868, 0.3049775441960644, 0.39196929107560724, 15.0]
LL: -18.803
RPE
[0.0, 0.0, 0.0, 1.0, 0.0, 1.0, 0.0, 1.0, 0.0, 1.0, 0.0, 0.0, 0.0, -0.0, 0.0, 0.0, 1.0, 0.0, 0.0, 0.0, -0.0, 0.0, 0.0, 1.0, 0.0, 0.0, 1.0, 0.0, 1.0, 0.0, 1.0, 0.0, 1.0, -0.0, 0.0, 0.0, 1.0, 0.0, 0.0, 0.0, -0.0, 0.0, 0.0, 0.0, 1.0, 0.0, 1.0, 0.0, 1.0, 0.0, 0.0, 0.0, 1.0, 0.0, 0.0, 1.0, 0.0, 0.999, 0.0, 0.001, 0.999, 0.0, 0.999, 0.0, 0.0, 0.001, 0.999, 0.0, 0.0, 0.001, 0.999, 0.0, 0.0, 0.001, 0.999, 0.001, 0.999, 0.001, 0.999, 0.001, 0.999, 0.0, 0.001, 0.999, 0.001, -0.001, 0.001, 0.999, 0.0, 0.0, 0.001, 0.999, 0.0, 0.0, 0.001, 0.999, 0.0, 0.0, 0.001, 0.999, 0.0, 0.0, 0.001, 0.999, 0.001, 0.999, 0.0, 0.0, 0.001, 0.999, -0.0, 0.0, 0.001, 0.999, 0.001, 0.999, 0.0, 0.0, 0.001, 0.999, 0.0, 0.0, 0.001, 0.999, 0.001, -0.001, 0.001, 0.999, 0.0, 0.0, 0.001, 0.999, 0.0, 0.0, 0.001, 0.999, 0.0, 0.0, 0.001, 0.999, 0.0, 0.0, 0.001, 0.999, 0.0, 0.0, 0.001, 0.999, 0.0, 0.0, 0.001, 0.999, 0.001, 0.999, 0.001, 0.999, 0.001, 0.999, 0.001, 0.998, 0.001, 0.998, 0.001, -0.002, 0.0, 0.0, 0.001, 0.998, -0.0, 0.0, 0.0, 0.001, 0.998, -0.0, 0.0, 0.001, 0.998, 0.001, 0.998, -0.0, 0.0, 0.001, 0.998, 0.001, 0.998, 0.001, 0.998, -0.0, 0.0, 0.002, 0.998, 0.0]
SPE
[0.857, 0.857, 0.857, 0.857, 0.815, 0.815, 0.777, 0.777, 0.743, 0.743, 0.815, 0.815, 0.711, 0.881, 0.857, 0.857, 0.723, 0.777, 0.777, 0.682, 0.852, 0.815, 0.815, 0.706, 0.876, 0.777, 0.68, 0.655, 0.656, 0.63, 0.634, 0.608, 0.613, 0.902, 0.743, 0.6, 0.594, 0.754, 0.711, 0.581, 0.914, 0.723, 0.682, 0.562, 0.588, 0.545, 0.571, 0.529, 0.555, 0.891, 0.777, 0.743, 0.54, 0.706, 0.891, 0.525, 0.513, 0.512, 0.862, 0.711, 0.499, 0.499, 0.487, 0.692, 0.895, 0.682, 0.475, 0.668, 0.865, 0.655, 0.464, 0.646, 0.834, 0.63, 0.453, 0.485, 0.443, 0.472, 0.433, 0.46, 0.424, 0.848, 0.608, 0.415, 0.448, 0.943, 0.586, 0.418, 0.637, 0.805, 0.566, 0.41, 0.618, 0.778, 0.548, 0.402, 0.6, 0.754, 0.53, 0.394, 0.583, 0.73, 0.514, 0.387, 0.437, 0.38, 0.567, 0.737, 0.427, 0.373, 0.899, 0.743, 0.499, 0.367, 0.417, 0.36, 0.564, 0.717, 0.484, 0.354, 0.55, 0.697, 0.471, 0.348, 0.407, 0.954, 0.398, 0.353, 0.536, 0.732, 0.39, 0.348, 0.523, 0.686, 0.458, 0.342, 0.511, 0.668, 0.445, 0.337, 0.499, 0.651, 0.434, 0.332, 0.488, 0.635, 0.423, 0.327, 0.477, 0.74, 0.381, 0.322, 0.373, 0.317, 0.94, 0.312, 0.365, 0.308, 0.358, 0.304, 0.351, 0.3, 0.344, 0.948, 0.478, 0.722, 0.338, 0.304, 0.948, 0.468, 0.706, 0.343, 0.3, 0.903, 0.711, 0.412, 0.296, 0.336, 0.292, 0.885, 0.682, 0.402, 0.289, 0.33, 0.285, 0.325, 0.282, 0.868, 0.655, 0.393, 0.278, 0.49]
action_selection_prob
[0.5, 0.5, 0.5, 0.5, 0.69, 0.734, 0.786, 0.825, 0.838, 0.871, 0.623, 0.653, 0.87, 0.897, 0.5, 0.5, 0.897, 0.666, 0.701, 0.881, 0.915, 0.654, 0.691, 0.915, 0.702, 0.786, 0.928, 0.891, 0.937, 0.907, 0.944, 0.919, 0.95, 0.928, 0.739, 0.928, 0.954, 0.775, 0.798, 0.935, 0.958, 0.775, 0.798, 0.935, 0.958, 0.941, 0.962, 0.946, 0.964, 0.812, 0.746, 0.838, 0.967, 0.839, 0.836, 0.969, 0.951, 0.971, 0.865, 0.87, 0.972, 0.954, 0.974, 0.884, 0.869, 0.892, 0.975, 0.895, 0.887, 0.908, 0.976, 0.905, 0.901, 0.919, 0.977, 0.957, 0.978, 0.96, 0.979, 0.962, 0.98, 0.913, 0.928, 0.981, 0.965, 0.982, 0.936, 0.982, 0.921, 0.911, 0.942, 0.982, 0.927, 0.92, 0.947, 0.983, 0.932, 0.927, 0.951, 0.983, 0.936, 0.933, 0.954, 0.984, 0.966, 0.985, 0.94, 0.938, 0.967, 0.985, 0.943, 0.802, 0.957, 0.985, 0.969, 0.986, 0.946, 0.943, 0.96, 0.986, 0.949, 0.947, 0.963, 0.987, 0.971, 0.987, 0.971, 0.987, 0.951, 0.95, 0.972, 0.987, 0.953, 0.953, 0.965, 0.988, 0.955, 0.955, 0.967, 0.988, 0.957, 0.958, 0.968, 0.988, 0.959, 0.96, 0.97, 0.988, 0.961, 0.962, 0.973, 0.989, 0.974, 0.989, 0.962, 0.989, 0.975, 0.989, 0.976, 0.99, 0.977, 0.99, 0.978, 0.99, 0.964, 0.964, 0.978, 0.99, 0.979, 0.965, 0.965, 0.979, 0.99, 0.967, 0.839, 0.971, 0.99, 0.979, 0.991, 0.968, 0.865, 0.972, 0.991, 0.98, 0.991, 0.981, 0.991, 0.969, 0.884, 0.974, 0.991, 0.97]
results_dict
Dict{String,Any}("Surprise" => [1.0000000000000002, 1.0000000000000002, 1.0000000000000002, 1.0000000000000002, 0.773340693506996, 0.773340693506996, 0.6414854812363958, 0.6414854812363958, 0.5552420044528426, 0.5552420044528426, 0.773340693506996, 0.773340693506996, 0.4944329462714055, 1.2054289974366323, 1.0000000000000002, 1.0000000000000002, 0.5154982401767637, 0.6414854812363958, 0.6414854812363958, 0.44925275144753235, 0.9622234489178327, 0.773340693506996, 0.773340693506996, 0.4859692346843635, 1.154071748077475, 0.6414854812363958, 0.44689768636746485, 0.4143622561537865, 0.415814893860753, 0.3866056385537907, 0.3904979784875043, 0.36399789059565696, 0.3694787543114455, 1.462215244232424, 0.5552420044528426, 0.35735334574051164, 0.3517485027149484, 0.5799507819832401, 0.4944329462714055, 0.34057175276175783, 1.6676442416690562, 0.5154982401767637, 0.44925275144753235, 0.3262255156013591, 0.34695703819824025, 0.31382036774161076, 0.3331493714671996, 0.3029873190395781, 0.32109154451906946, 1.308143496154949, 0.6414854812363958, 0.5552420044528426, 0.31047074401810304, 0.4859692346843635, 1.308143496154949, 0.30104452435991375, 0.29344533029015496, 0.2926220745500371, 1.037776551082167, 0.4944329462714055, 0.28505116705601286, 0.2849765823911762, 0.27820887474056827, 0.4631654014743045, 1.3595007455141068, 0.44925275144753235, 0.27199484492147297, 0.4304195215142343, 1.054411565199563, 0.4143622561537865, 0.26632634484245343, 0.40374802243342833, 0.8586362174156055, 0.3866056385537907, 0.26113455714958483, 0.27740964604573676, 0.2563617722875701, 0.27060775628946765, 0.2519592342922101, 0.2644604723546743, 0.24788546919884993, 0.9402475802060661, 0.36399789059565696, 0.24410497446446822, 0.25887763492005805, 2.489360231415588, 0.34522793716957806, 0.24555066407423967, 0.3937295714533126, 0.7327240687835338, 0.3293950028085676, 0.24210244775440795, 0.3741020026213296, 0.6447134295573083, 0.31585975430291857, 0.2388782751720214, 0.357322799496681, 0.57965550305731, 0.30415586587881666, 0.23585699791215797, 0.3428138733299935, 0.5295780429014745, 0.29393520629983216, 0.23302004807971027, 0.2537849148397603, 0.2305270855275944, 0.3301436572588151, 0.5440499388333659, 0.24912048490811461, 0.22799975144995266, 1.4155420619038397, 0.5552420044528426, 0.2849326234261808, 0.22561414624829007, 0.2448324974393154, 0.22335866571644616, 0.32749615774605073, 0.5045044354741063, 0.2769426114068074, 0.22122293955269154, 0.3171124663286514, 0.4708071369791635, 0.2698034317935867, 0.2191976715096031, 0.2408771488743168, 3.102364415674357, 0.23745771230101026, 0.22087323078743454, 0.30783450305433746, 0.5322889218564625, 0.23404092111620708, 0.2189561096448648, 0.29949457782255784, 0.45503273800219246, 0.2633860509061951, 0.21713099712581393, 0.2919572771264621, 0.43052623334689405, 0.25758627116172733, 0.2153914215680361, 0.28511205492288794, 0.40959178302419597, 0.25231902991935046, 0.21373150461982723, 0.27886777484514674, 0.39150061457286633, 0.24751419983841363, 0.2121458947415203, 0.2731486293910549, 0.5492241131418234, 0.23086255585165644, 0.210629709458446, 0.22789848136420773, 0.20917848504998582, 2.386645732697272, 0.20778813258062076, 0.22512771616309796, 0.20645489935914144, 0.22253193324158543, 0.2051753350596836, 0.22009505287423717, 0.20394626185950118, 0.2178029081889154, 2.7732472709805016, 0.27365568455995215, 0.5147266423262893, 0.21564296876947905, 0.2053398705039608, 2.743005996365814, 0.26858236241904987, 0.4856271508794632, 0.21733290112022527, 0.20415188271695772, 1.478019358351472, 0.4944329462714055, 0.24311344878737945, 0.20300816018644563, 0.21529865926989555, 0.20190627354910132, 1.2470877753039769, 0.44925275144753235, 0.23906786001518807, 0.20084396807323954, 0.21337242305689338, 0.19981914823968225, 0.21154580959785274, 0.19882986392846885, 1.0842611756214324, 0.4143622561537865, 0.23533610616537018, 0.19787429801956877, 0.2798903428499628],"trialByTrial_Vs" => [0.0, 0.0, 0.0, 0.0, 9.860638325553667e-6, 3.24411867293681e-5, 1.972168576904001e-5, 6.488132102813979e-5, 2.9583142293536855e-5, 9.732040293045717e-5, 9.110068108896351e-7, 2.9971834568972844e-6, 3.944500786212398e-5, 0.00012975843247046124, 0.0, 0.0, 0.0001297546105453321, 9.371736996609884e-7, 3.083050104051639e-6, 3.9723630434009046e-5, 0.0001621915878811505, 2.998069725231301e-6, 9.863554120207815e-6, 0.00016218694540875913, 9.634165820351074e-7, 1.972751706266346e-5, 0.00019462287060114617, 4.0003034217397595e-5, 0.0002270577435336273, 4.986747717142601e-5, 0.00025949156424033906, 5.9732328954433365e-5, 0.00029192433275541696, 6.959758952951221e-5, 3.169160426709032e-6, 6.959608687047584e-5, 0.0003243560491129953, 3.962341441909443e-6, 6.17002046602027e-6, 7.946175624946876e-5, 0.0003567867133472073, 3.9636386343656555e-6, 6.174056765636703e-6, 7.946730806783446e-5, 0.0003567757589319422, 8.933338573068351e-5, 0.00038920537143229426, 9.91998720830469e-5, 0.00042163393187753166, 4.875939100961598e-6, 5.996485364611749e-6, 2.9591888911669832e-5, 0.0004540614403017843, 5.788067291779846e-6, 9.17526260083415e-6, 0.000486487896739181, 0.0001090667670798919, 0.0005189133012238494, 8.788592053564216e-6, 3.94617707754618e-5, 0.0005513376537899161, 0.00011893552801613598, 0.0005837609544715067, 1.179014301211489e-5, 1.904653548193977e-5, 4.9333518410837814e-5, 0.0006161832033027455, 1.2702811581817915e-5, 2.2048418414789845e-5, 5.920640298499237e-5, 0.0006486044003177557, 1.361565274667744e-5, 2.5050647272341203e-5, 6.907969583059382e-5, 0.0006810245455506597, 0.00012880542603532517, 0.0007134436390355783, 0.00013867791805419628, 0.0007458616808066316, 0.00014855081828634554, 0.0007782786708979383, 1.4528666509472815e-5, 7.895339691076203e-5, 0.0008106946093436163, 0.00015842412669489698, 0.0008431094961777822, 8.882969158362611e-5, 0.0008430924263237148, 1.7532690201580765e-5, 2.8053222045362132e-5, 9.870639365235224e-5, 0.0008755062621342504, 1.8446250492861248e-5, 3.1057693555972863e-5, 0.0001085835039428304, 0.0009079190464014858, 1.935998341993681e-5, 3.406251094480521e-5, 0.00011846102217861943, 0.0009403307791595345, 2.0273888985582766e-5, 3.706767420262349e-5, 0.0001283389483228559, 0.0009727414604425085, 0.00015935129722531067, 0.001005151090284519, 2.1187967192573968e-5, 4.007318332019173e-5, 0.00016922935346333628, 0.001037559668719676, 2.2102497151759792e-5, 8.997240676716082e-6, 0.00013821728233867834, 0.0010699671957820883, 0.00017910781752147287, 0.0011023736715058637, 2.3016154571110368e-5, 4.307995654497067e-5, 0.00014809748071755696, 0.001134779095925109, 2.3930750289777308e-5, 4.60868214020379e-5, 0.0001579788150049033, 0.0011671834690739297, 0.0001889874175915906, 0.00119958679098643, 0.00018901010097971093, 0.001199563911351011, 2.4845518675820376e-5, 4.909403209715307e-5, 0.0001988915635173963, 0.0012319661828035372, 2.576073890882774e-5, 5.210250710393046e-5, 0.00016786055691151686, 0.0012643674030879248, 2.6675852372117097e-5, 5.51104085049756e-5, 0.0001777441621312836, 0.0012967675722382749, 2.7591138516062546e-5, 5.811865573275883e-5, 0.00018762817480217484, 0.0013291666902886874, 2.850659734343427e-5, 6.112724877803783e-5, 0.00019751259488735235, 0.0013615647572732615, 2.942222885700197e-5, 6.413618763157e-5, 0.00020877343394385558, 0.0013939617732260947, 0.00021865862410764983, 0.001426357738181284, 3.033804245820471e-5, 0.0014587526521729248, 0.00022854422157667567, 0.0014911465152351118, 0.00023843095425940113, 0.0015235393274019382, 0.00024831809412646853, 0.0015559310887074966, 0.0002582056411410536, 0.001588321799185878, 4.023047723929942e-5, 6.71455032054375e-5, 0.00025823360559515114, 0.0015882736130138422, 0.00026812155769138696, 4.114674907339799e-5, 7.015715981238154e-5, 0.00026811506423898504, 0.0016206632742623533, 4.2063193597985665e-5, 1.2004546503310487e-5, 0.0002073974223499799, 0.0016530518847518156, 0.0002780034236588717, 0.0016854394445163171, 4.297795412816085e-5, 1.5017292049769614e-5, 0.000217288479349489, 0.0017178259535899447, 0.0002878929179195607, 0.001750211412006784, 0.00029778354688979325, 0.0017825958198009193, 4.389295472231942e-5, 1.8030604559020296e-5, 0.0002271806710550654, 0.0018149791770064342, 4.480826261619742e-5, 0.0, 0.0, 0.0, 0.0, 0.0, 0.0, 0.0, 0.0, 0.0, 0.0, 0.0, 0.0, 0.0, 0.0, 0.0, 0.0, 0.0, 0.0, 0.0, 0.0, 0.0, 0.0, 0.0, 0.0, 0.0, 0.0, 0.0, 0.0, 0.0, 0.0, 0.0, 0.0, 0.0, 0.0, 0.0, 0.0, 0.0, 0.0, 0.0, 0.0, 0.0, 0.0, 0.0, 0.0, 0.0, 0.0, 0.0, 0.0, 0.0, 0.0, 0.0, 0.0, 0.0, 0.0, 0.0, 0.0, 0.0],"final_V" => Dict{Int64,Any}(1 => [0.0, 0.0002370747250446716, 0.001847361483657411, 7.316916200259723e-5, 2.1044705199810328e-5, 0.00030767458272910696, 4.480917471336801e-5]),"nparticles" => 15,"trial_by_trial_p_sa_max" => [0.5, 0.5, 0.5, 0.5, 0.6902276159023754, 0.7335160141443056, 0.7855039345052653, 0.825301781459475, 0.8378421884693286, 0.8706795814363371, 0.6228400779802354, 0.6533841547117566, 0.8701838241661722, 0.897461327054606, 0.5, 0.5, 0.89746039696468, 0.665854018299602, 0.7010180216682159, 0.8814097834775718, 0.9150848667248161, 0.6536911762938697, 0.6905938959043357, 0.9150840824896163, 0.7018167676649223, 0.7858007565124295, 0.9275503335971208, 0.8909222891804894, 0.9368303293045813, 0.9068201480168431, 0.9440055448068038, 0.918721743963304, 0.9497183572519305, 0.9279546131366095, 0.7389262028972253, 0.9279544782638296, 0.9543741230888507, 0.774684711007825, 0.797763013944247, 0.9353201756863689, 0.9582411717318434, 0.7746894246126227, 0.7977678449912892, 0.9353204623200181, 0.9582406065345509, 0.9413299658859999, 0.9615035331706331, 0.9463247238229417, 0.9642936393572591, 0.8117904439344474, 0.7456193695975899, 0.8380578893719003, 0.9667067083901029, 0.8390382140622541, 0.8361093878934396, 0.9688142988545945, 0.9505406291871923, 0.9706709448030286, 0.8648076815877601, 0.8703580189400208, 0.9723189328042998, 0.954146289300613, 0.9737915564251499, 0.8836817947960613, 0.8690962036603804, 0.8921137498863192, 0.975115385590794, 0.8951859603319164, 0.8869044942020985, 0.9077060444139816, 0.9763118819230219, 0.9046801765398704, 0.9005515802606414, 0.9194060296148824, 0.977398569830697, 0.9572645841895185, 0.9783898996161279, 0.9599878824393266, 0.9792978931081787, 0.9623863048619998, 0.9801326331635926, 0.9126388537530549, 0.9284990608958997, 0.9809026393730149, 0.9645145486291151, 0.9816151596794577, 0.935764369738163, 0.9816150566190271, 0.9211032682395419, 0.9113211843681743, 0.9416991911992868, 0.9822762892819159, 0.9266855392153179, 0.9200255964550689, 0.9466367438391182, 0.9828915857440257, 0.9315446259219414, 0.9271992462021386, 0.9508078574629911, 0.9834655715186355, 0.9358107207345092, 0.9332091674717408, 0.9543774569318922, 0.9840022713390724, 0.9657169793754897, 0.9845052036207955, 0.9395848466851765, 0.9383146748519028, 0.9674953364011114, 0.984977457289316, 0.9429466191686542, 0.8020111609690377, 0.957466453655524, 0.9854217563968521, 0.9690988871665829, 0.9858405114529285, 0.9459592480450463, 0.9427040395524108, 0.9601655722411644, 0.9862358635917848, 0.9486740633486076, 0.9465168841313587, 0.9625439748925242, 0.9866097211752112, 0.9705521660584883, 0.9869637905853883, 0.9705525357951128, 0.986963721684711, 0.9511326635703546, 0.949858893527612, 0.9718756423899033, 0.9872995316772525, 0.9533693930728067, 0.9528116607061284, 0.9646554218926824, 0.9876184608980283, 0.9554126893570272, 0.955438958831333, 0.9665423851043635, 0.9879217508975976, 0.957286431032784, 0.9577915059155592, 0.9682387400005891, 0.9882105243968, 0.9590107225736246, 0.9599100212138457, 0.9697719121656716, 0.9884857991702409, 0.9606026292574937, 0.9618275901977897, 0.9730852869001424, 0.9887485000278389, 0.9741955029700724, 0.9889994691916112, 0.9620767283381861, 0.9892394753129683, 0.9752179794376911, 0.9894692213338595, 0.9761627166540844, 0.9896893513610883, 0.9770382282289846, 0.9899004566953511, 0.9778518415827323, 0.990103081133821, 0.9642400195209478, 0.9635713678745504, 0.9778520598451939, 0.9901029364628071, 0.9786100817735937, 0.9654610330953216, 0.9651639562890443, 0.9786100102519154, 0.9902975844625285, 0.9666021384196035, 0.8390069573610116, 0.9711643157419657, 0.990484714696328, 0.9793179672983496, 0.9906647544173774, 0.9676708347198143, 0.8648041018982897, 0.9724345710908514, 0.990838099106598, 0.9799806579761248, 0.9910051153720165, 0.9806022827759676, 0.9911661435363288, 0.9686738241228159, 0.8836918022847925, 0.9735979425883964, 0.9913214999511001, 0.9696169639286654],"final_Tsas" => Dict{Tuple{Int64,Int64},Float64}[Dict((1, 6) => 0.14285714285714285,(2, 3) => 0.14285714285714285,(2, 6) => 0.04768068156542161,(2, 2) => 0.06398764110004224,(2, 1) => 1.0,(2, 5) => 0.10508059177497553,(1, 7) => 0.05202094789575412,(1, 4) => 0.06257999118346046,(1, 3) => 0.7253444785320258,(2, 4) => 0.14285714285714285,(1, 1) => 1.0,(1, 2) => 0.14285714285714285,(2, 7) => 0.14285714285714285,(1, 5) => 0.14285714285714285), Dict((1, 6) => 0.14285714285714285,(2, 3) => 0.14285714285714285,(2, 6) => 0.04768068156542161,(2, 2) => 0.06398764110004224,(2, 1) => 0.0,(2, 5) => 0.3695164493501465,(1, 7) => 0.1081256565483765,(1, 4) => 0.3545494110825935,(1, 3) => 0.0459275582239685,(2, 4) => 0.14285714285714285,(1, 1) => 0.0,(1, 2) => 0.14285714285714285,(2, 7) => 0.14285714285714285,(1, 5) => 0.14285714285714285), Dict((1, 6) => 0.14285714285714285,(2, 3) => 0.14285714285714285,(2, 6) => 0.6808839898500207,(2, 2) => 0.6160741533997461,(2, 1) => 0.0,(2, 5) => 0.10508059177497553,(1, 7) => 0.07072251744662825,(1, 4) => 0.08507754466818078,(1, 3) => 0.03378266497867978,(2, 4) => 0.14285714285714285,(1, 1) => 0.0,(1, 2) => 0.14285714285714285,(2, 7) => 0.14285714285714285,(1, 5) => 0.14285714285714285), Dict((1, 6) => 0.14285714285714285,(2, 3) => 0.14285714285714285,(2, 6) => 0.06482192213481146,(2, 2) => 0.06398764110004224,(2, 1) => 0.0,(2, 5) => 0.10508059177497553,(1, 7) => 0.5195601866676076,(1, 4) => 0.06257999118346046,(1, 3) => 0.03378266497867978,(2, 4) => 0.14285714285714285,(1, 1) => 0.0,(1, 2) => 0.14285714285714285,(2, 7) => 0.14285714285714285,(1, 5) => 0.14285714285714285), Dict((1, 6) => 0.14285714285714285,(2, 3) => 0.14285714285714285,(2, 6) => 0.04768068156542161,(2, 2) => 0.06398764110004224,(2, 1) => 0.0,(2, 5) => 0.10508059177497553,(1, 7) => 0.14552879565012483,(1, 4) => 0.06257999118346046,(1, 3) => 0.0580724514692572,(2, 4) => 0.14285714285714285,(1, 1) => 0.0,(1, 2) => 0.14285714285714285,(2, 7) => 0.14285714285714285,(1, 5) => 0.14285714285714285), Dict((1, 6) => 0.14285714285714285,(2, 3) => 0.14285714285714285,(2, 6) => 0.04768068156542161,(2, 2) => 0.06398764110004224,(2, 1) => 0.0,(2, 5) => 0.10508059177497553,(1, 7) => 0.05202094789575412,(1, 4) => 0.3100530795153838,(1, 3) => 0.0459275582239685,(2, 4) => 0.14285714285714285,(1, 1) => 0.0,(1, 2) => 0.14285714285714285,(2, 7) => 0.14285714285714285,(1, 5) => 0.14285714285714285), Dict((1, 6) => 0.14285714285714285,(2, 3) => 0.14285714285714285,(2, 6) => 0.06357136175348074,(2, 2) => 0.06398764110004224,(2, 1) => 0.0,(2, 5) => 0.10508059177497553,(1, 7) => 0.05202094789575412,(1, 4) => 0.06257999118346046,(1, 3) => 0.05716262359342075,(2, 4) => 0.14285714285714285,(1, 1) => 0.0,(1, 2) => 0.14285714285714285,(2, 7) => 0.14285714285714285,(1, 5) => 0.14285714285714285)],"gamma_surprise" => [0.004336552046615559, 0.004336552046615559, 0.004336552046615559, 0.004336552046615559, 0.0033569317621218275, 0.0033569317621218275, 0.0027861668771766786, 0.0027861668771766786, 0.0024124888571078833, 0.0024124888571078833, 0.0033569317621218275, 0.0033569317621218275, 0.002148845371999724, 0.005222752877997482, 0.004336552046615559, 0.004336552046615559, 0.002240191741627144, 0.0027861668771766786, 0.0027861668771766786, 0.0019528720692374697, 0.004173415755591343, 0.0033569317621218275, 0.0033569317621218275, 0.002112139093223771, 0.00500135059790562, 0.0027861668771766786, 0.0019426546442822656, 0.0018014786125220737, 0.0018077826736261778, 0.001681006979529293, 0.001697902597392258, 0.001582861418252554, 0.0016066569112215374, 0.006328287960083404, 0.0024124888571078833, 0.0015540122138859667, 0.0015296758780050062, 0.002519576323337103, 0.002148845371999724, 0.0014811426735735554, 0.007210948377863924, 0.002240191741627144, 0.0019528720692374697, 0.001418839575272249, 0.001508870306582282, 0.0013649600062770205, 0.0014489095924528621, 0.0013179038164225093, 0.0013965417837179083, 0.005665261977492279, 0.0027861668771766786, 0.0024124888571078833, 0.0013504105102186124, 0.002112139093223771, 0.005665261977492279, 0.001309464308931213, 0.0012764520107678527, 0.0012728755052323498, 0.004499634896426674, 0.002148845371999724, 0.0012399836832007556, 0.0012396596392055155, 0.0012102554673629094, 0.002013227686240185, 0.005886368928296459, 0.0019528720692374697, 0.0011832553767919362, 0.0018711584470866938, 0.004571431962426625, 0.0018014786125220737, 0.0011586243512401943, 0.0017554132459439975, 0.003725804681194271, 0.001681006979529293, 0.0011360636922445565, 0.0012067828836341157, 0.0011153228904073307, 0.001177228248148726, 0.0010961902842138809, 0.0011505164110984453, 0.0010784858106374854, 0.004078489384309651, 0.001582861418252554, 0.0010620553207064468, 0.0011262560294811683, 0.010725964546093503, 0.0015013619644094057, 0.0010683385274130512, 0.001711929652982279, 0.003181183229554169, 0.0014326047507516348, 0.0010533518770780238, 0.0016267281344482856, 0.0028001475821816347, 0.0013738181210067933, 0.0010393385596425616, 0.0015538795847246918, 0.002518296724693951, 0.0013229799196472782, 0.0010262067353660424, 0.001490879092888917, 0.002301237291264644, 0.0012785801881583614, 0.0010138757663543311, 0.0011041244391461263, 0.0010030397069616518, 0.0014358561234805816, 0.002363975048140833, 0.0010838532219976489, 0.000992054006285187, 0.006127529895551281, 0.0024124888571078833, 0.0012394686529482138, 0.0009816841445607983, 0.0010652172660417178, 0.0009718797169269107, 0.0014243580567793093, 0.0021925209046029376, 0.0012047536449041028, 0.0009625956763777562, 0.001379259221859042, 0.0020463758248146554, 0.0011737332923750024, 0.000953791639891683, 0.001048026370334198, 0.013332016591432232, 0.0010331642001020584, 0.000961075469562609, 0.0013389593803843382, 0.0023129899432606862, 0.0010183130860080241, 0.0009527415366941134, 0.0013027312329756003, 0.0019779475930632932, 0.0011458475731792605, 0.0009448074460651553, 0.0012699873783237506, 0.0018716214861022973, 0.0011206442030766831, 0.0009372450826094702, 0.0012402482192962084, 0.0017807754684219443, 0.00109775391617533, 0.0009300289080079349, 0.0012131183166116009, 0.0017022546827437153, 0.0010768722527738927, 0.0009231356719722473, 0.0011882687049948697, 0.0023864039255387225, 0.0010044978959255187, 0.0009165441615136897, 0.0009916138050535194, 0.0009102349824893302, 0.010287949308316061, 0.0009041903686779056, 0.0009795696807951098, 0.0008983940144196485, 0.0009682859162641112, 0.0008928309274942503, 0.0009576926628091624, 0.0008874872994372102, 0.000947728378316866, 0.011934557021800822, 0.0011904719029744801, 0.0022368461226727815, 0.0009383386273378278, 0.0008935462721005829, 0.011805951375729285, 0.0011684274474269406, 0.0021106554528672475, 0.0009456851650484192, 0.0008883812789628606, 0.006396248732317292, 0.002148845371999724, 0.0010577459400455318, 0.0008834086866301008, 0.0009368418188342483, 0.0008786179384884516, 0.005402272460754042, 0.0019528720692374697, 0.0010401625687790174, 0.00087399923658107, 0.0009284678551962476, 0.0008695434746389565, 0.0009205268537909842, 0.0008652421780846643, 0.004700237539433418, 0.0018014786125220737, 0.0010239426716211466, 0.0008610874501760859, 0.0012175612308117202],"final_PolicyParameters" => Dict{Int64,Any}(1 => [0.0 0.0; 0.0 1.4308397039314447; 1.8645733686564343 0.0; 1.3194713675537366 0.0; 0.0 0.8529253791439835; 0.0 1.5501252839044808; 1.3575218620877472 0.0]),"particlefilterseeds" => [1, 2, 3])