DateTime of fitting: 2020-02-09T16:33:02.952
DATA_STATS
nr_subjects: 1
all_subject_ids: [16]
nr_puzzles: 1
nr_episodes: 51
nr_actions: 188
max_state_id: 7
max_action_id: 2
SUBJECT_SIGNALS
subject_id: 16
algorithm_name: Sarsa-Lambda (ReplTrc)
param_string: alpha=0.0579, gamma=0.9979,
                lambda=0.6678, temp=0.1815,
                reward_magnitude=1.0,
                action_cost=0.0,
                initQSA=nothing, use_replacing_trace=true
param_vector: [0.05792311709344901, 0.9978936315364995, 0.6678241145479733, 0.18147698458132872, 1.0, 0.0, 0.0]
LL: -103.701
RPE
[0.0, 0.0, 0.0, 0.0, 0.0, 0.0, 0.0, 0.0, 0.0, 0.0, 1.0, 0.002, 0.056, 0.942, 0.0, 1.0, -0.018, 0.004, 0.006, 0.008, 0.013, 0.074, 0.888, 0.011, 0.026, -0.038, 0.002, 0.071, 0.086, -0.112, 0.026, 0.08, 0.84, 0.002, 0.058, 0.038, 0.093, 0.791, 0.008, 0.005, 0.209, 0.745, -0.027, 0.011, -0.009, -0.002, 0.034, 0.942, 0.005, 0.05, 0.888, 0.125, 0.836, 0.047, 0.198, 0.702, 0.057, 0.074, 0.788, 0.044, -0.14, 0.07, 0.064, 0.11, 0.742, 0.073, 0.155, 0.661, 0.036, 0.128, 0.699, 0.093, -0.173, 0.044, 0.263, 0.659, 0.257, 0.623, 0.221, 0.62, 0.218, 0.587, -0.036, 0.018, 0.329, 0.584, 0.002, 0.319, 0.001, 0.551, 0.096, 0.25, 0.532, 0.09, 0.228, 0.519, 0.096, 0.213, 0.011, 0.489, -0.053, 0.063, 0.05, 0.099, 0.207, 0.481, 0.069, 0.329, 0.453, 0.077, 0.285, 0.46, 0.05, 0.277, 0.434, 0.36, 0.409, 0.347, 0.385, 0.137, 0.23, 0.427, 0.089, 0.276, 0.402, 0.094, 0.284, 0.363, 0.103, 0.108, 0.248, 0.379, -0.169, 0.268, 0.275, 0.342, 0.229, 0.265, 0.322, -0.064, 0.152, 0.394, 0.303, -0.107, 0.532, 0.286, 0.142, 0.29, 0.269, 0.156, 0.278, 0.254, -0.114, 0.106, 0.066, 0.241, 0.357, 0.136, 0.267, 0.239, 0.193, 0.145, 0.336, 0.189, 0.235, 0.225, 0.005, -0.137, 0.316, 0.226, -0.106, 0.317, 0.457, 0.206, -0.109, 0.303, 0.226, 0.194, 0.33, 0.299, 0.197, 0.289, 0.281, 0.206, 0.217, 0.183, 0.044, 0.0]
SPE
Float64[]
action_selection_prob
[0.5, 0.5, 0.5, 0.5, 0.5, 0.5, 0.5, 0.5, 0.5, 0.5, 0.5, 0.465, 0.487, 0.575, 0.493, 0.476, 0.499, 0.457, 0.458, 0.444, 0.498, 0.541, 0.646, 0.454, 0.417, 0.525, 0.292, 0.455, 0.582, 0.702, 0.534, 0.583, 0.699, 0.472, 0.371, 0.57, 0.623, 0.748, 0.491, 0.352, 0.529, 0.792, 0.517, 0.415, 0.469, 0.395, 0.415, 0.531, 0.525, 0.467, 0.583, 0.44, 0.65, 0.429, 0.519, 0.829, 0.468, 0.571, 0.708, 0.504, 0.613, 0.142, 0.505, 0.608, 0.757, 0.543, 0.653, 0.843, 0.579, 0.617, 0.798, 0.514, 0.661, 0.131, 0.387, 0.832, 0.442, 0.849, 0.495, 0.859, 0.546, 0.873, 0.47, 0.305, 0.327, 0.881, 0.506, 0.38, 0.892, 0.899, 0.463, 0.66, 0.903, 0.407, 0.702, 0.914, 0.444, 0.739, 0.917, 0.926, 0.503, 0.235, 0.423, 0.474, 0.757, 0.925, 0.485, 0.55, 0.935, 0.524, 0.599, 0.936, 0.51, 0.643, 0.945, 0.456, 0.951, 0.506, 0.957, 0.562, 0.778, 0.943, 0.599, 0.684, 0.95, 0.633, 0.72, 0.962, 0.335, 0.446, 0.805, 0.956, 0.636, 0.171, 0.753, 0.966, 0.347, 0.781, 0.969, 0.387, 0.2, 0.519, 0.972, 0.434, 0.23, 0.975, 0.59, 0.806, 0.977, 0.463, 0.829, 0.979, 0.5, 0.273, 0.496, 0.717, 0.961, 0.527, 0.848, 0.98, 0.624, 0.865, 0.965, 0.657, 0.878, 0.982, 0.688, 0.56, 0.266, 0.89, 0.983, 0.968, 0.424, 0.984, 0.698, 0.299, 0.899, 0.985, 0.471, 0.971, 0.286, 0.664, 0.974, 0.487, 0.909, 0.985, 0.321, 0.303]
results_dict
Dict{String,Any}("trialByTrial_Qsa" => [0.0, 0.0, 0.0, 0.0, 0.0, 0.0, 0.0, 0.0, 0.0, 0.0, 0.0, 0.0, 0.0022533191579281343, 0.05792311709344901, 0.0, 0.0, 0.02572436251138597, 0.007613487957066347, 0.01142450302786004, 0.017143163576221813, 0.025099974859245575, 0.03860097488278424, 0.11249114669307661, 0.005073761084489987, 0.01608064146389269, 0.04183590642655413, 0.0033812428268953877, 0.0057504522355382665, 0.07712590615597051, 0.1638984259246462, 0.0515509709832984, 0.07846192765418354, 0.16043873922969443, 0.018067009206058818, 0.01978757372696394, 0.07773103907717341, 0.11548023804575608, 0.2090687444444165, 0.031992276487348585, 0.04053736268955131, 0.04516746893264551, 0.2548819481728312, 0.05081198395966366, 0.023800832227102768, 0.03522068914724949, 0.026508770463452857, 0.02405679711465212, 0.05792311709344901, 0.05697309244304412, 0.06237645897654635, 0.11249114669307661, 0.03860097488278424, 0.1638984259246462, 0.05190432807016936, 0.09952424010061622, 0.2980415083372589, 0.08034664078464578, 0.13808289790157235, 0.21232803530182995, 0.10678508752936947, 0.15140638565058895, 0.01172344512770285, 0.08203439074430077, 0.14765960002323394, 0.2579524507442691, 0.10904804514315226, 0.18266039242592763, 0.3387011322445807, 0.13629689324104022, 0.17276240781671437, 0.3009341578287157, 0.11375769991399948, 0.20713442191345874, 0.033788435622190346, 0.07811293284607027, 0.34142623046083354, 0.11874479281657312, 0.3770056239953431, 0.1577062579556581, 0.3795728760285248, 0.19446024517241983, 0.41309140018522106, 0.10384531189121216, 0.06804218842376022, 0.08604597098243175, 0.41550994897827637, 0.1256085864535869, 0.12764074203685397, 0.4470869757354447, 0.44936543464356365, 0.1209238940261442, 0.2171842154003134, 0.4684191562839564, 0.16129412054379544, 0.25219891447944714, 0.48125990504840493, 0.18867594500114587, 0.28543199715082695, 0.4992099757391552, 0.5113069483093531, 0.1498074996090541, 0.09679400584620369, 0.16030565266132002, 0.21111820766638845, 0.3107504755826464, 0.518712315066268, 0.14747918793958906, 0.2168392816237269, 0.5465899979963196, 0.17581822507105693, 0.2533748510394092, 0.5396135731651853, 0.23721747854648847, 0.2876602180926863, 0.5662805900749729, 0.2297288870655269, 0.5914029702417618, 0.26637826546307775, 0.6150701838404837, 0.20312799921361413, 0.3413111606445517, 0.5728529186337197, 0.23096960265399216, 0.32047168013448674, 0.5975946090438238, 0.25711499026613654, 0.351983833403248, 0.6373665186546512, 0.15818368911126887, 0.2619703128104035, 0.37114118245291594, 0.6209031836232135, 0.28285988681407587, 0.11398849291299566, 0.38243433055348164, 0.6583713802566229, 0.18123754020414787, 0.4115243361655954, 0.6781595748004919, 0.21304264042957285, 0.14887713957588333, 0.30135921131535076, 0.6968015754347284, 0.28759114424119875, 0.18067999990503877, 0.7143637732833719, 0.29631482412511173, 0.4393092939787543, 0.7309087138896101, 0.30926691358005715, 0.4664976510072903, 0.746495319963809, 0.3355860251417595, 0.22253130672837768, 0.3330938383744765, 0.40016592797935585, 0.6428616529079598, 0.35543321783283754, 0.49241043858552597, 0.7611791012292827, 0.3226627055906608, 0.5171042073140786, 0.6635482192051328, 0.3481162104139881, 0.5384931098911918, 0.7750123521131417, 0.37393225623020354, 0.3797636456140862, 0.24354611746400825, 0.5607832269351916, 0.7880443379862718, 0.6830365551004134, 0.33588320547963646, 0.7941137223250411, 0.38214071643226893, 0.2732569737956564, 0.5778954951373806, 0.8060392972947421, 0.37027586862377754, 0.7013960658336751, 0.23050179096913723, 0.427931075341967, 0.7186921364769556, 0.39164361989187957, 0.5984990247364116, 0.8172741057890665, 0.26028699030114755, 0.3045626302587162],"StateValue_V2_record" => [0.0, 0.0, 0.0, 0.0, 0.0, 0.0, 0.0, 0.0, 0.0, 0.0, 0.0, 1.0, 0.02567017752544833, 0.011400438814970989, 0.057801109666295716, 1.0, 0.00506307387415028, 0.017107053757100227, 1.0, 0.026452933225342465, 0.038519667006630766, 0.04174778459261528, 0.057801109666295716, 0.026452933225342465, 0.038519667006630766, 0.1122541988892593, 1.0, 0.038519667006630766, 0.07696345057952467, 0.04174778459261528, 0.16355319544906116, 0.038519667006630766, 0.07696345057952467, 0.16355319544906116, 0.051442385643756354, 0.0782966579241873, 0.1601007961290572, 1.0, 0.038519667006630766, 0.11523699411417897, 0.07756730886782612, 0.11523699411417897, 0.20862836863441514, 1.0, 0.038519667006630766, 0.15108746801468195, 0.04507232960050965, 0.2543450728752844, 1.0, 0.05070495519908313, 0.08586472646274307, 0.057801109666295716, 0.10362657540116213, 0.08586472646274307, 0.057801109666295716, 1.0, 0.05685308611785399, 0.08586472646274307, 0.1122541988892593, 1.0, 0.0818615960907145, 0.16355319544906116, 1.0, 0.10362657540116213, 0.09931460537991443, 0.2974137231032832, 1.0, 0.10362657540116213, 0.13779204444008372, 0.21188079422435313, 1.0, 0.10656015878862546, 0.15108746801468195, 0.3379877028610688, 0.0818615960907145, 0.1473485744984119, 0.2574091078369387, 1.0, 0.10881834977985634, 0.18227564233579102, 0.3379877028610688, 1.0, 0.13600980176344418, 0.17239850652921082, 0.3003002796090752, 1.0, 0.11351808428242027, 0.2066981204994348, 0.37621151123839697, 0.16095437569493393, 0.340707061016379, 1.0, 0.16095437569493393, 0.37621151123839697, 1.0, 0.16095437569493393, 0.37877335569285814, 1.0, 0.19405064024458407, 0.4122212774873276, 1.0, 0.12534400848833618, 0.21672674541822406, 0.21638253819926656, 0.4146347319254778, 1.0, 0.12534400848833618, 0.21638253819926656, 0.44614524582931375, 0.44841890546344326, 1.0, 0.14716854242909044, 0.21672674541822406, 0.46743249294546035, 1.0, 0.229244993382657, 0.25166769063945854, 0.4802461943616637, 1.0, 0.229244993382657, 0.28483077219355446, 0.4981584555895934, 0.5102299474782656, 1.0, 0.14949194981628172, 0.31009592058086133, 0.21638253819926656, 0.229244993382657, 0.31009592058086133, 0.5176197158041831, 1.0, 0.15785049597708473, 0.21638253819926656, 0.5454386780620754, 1.0, 0.17544788710645862, 0.25284115024373566, 0.5384769481521934, 1.0, 0.23671781113068704, 0.2870542996810922, 0.5650877944985465, 1.0, 0.2614185068051263, 0.590157257676024, 1.0, 0.2658171746853443, 0.6137746194024026, 1.0, 0.20270013680201662, 0.3405922335795292, 0.5716462793116853, 1.0, 0.23048309556693455, 0.3197966486940064, 0.596335854605376, 1.0, 0.2565734113591467, 0.3512424257569054, 0.6360239899200659, 1.0, 0.2822640796689014, 0.3007244377764507, 0.3703594223706908, 0.6195953327383424, 1.0, 0.2822640796689014, 0.3993230310884927, 0.3816287829402438, 0.656984607543979, 1.0, 0.29569067592430687, 0.4106575142819332, 0.6767311208589113, 1.0, 0.29569067592430687, 0.3993230310884927, 0.3007244377764507, 0.6953338545709152, 1.0, 0.33517571168819466, 0.3993230310884927, 0.7128590599598605, 1.0, 0.29569067592430687, 0.43838394673619474, 0.7293691508249753, 1.0, 0.33517571168819466, 0.46551503506691144, 0.7449229257636865, 1.0, 0.33517571168819466, 0.3993230310884927, 0.33517571168819466, 0.3993230310884927, 0.6415075493958806, 1.0, 0.35468454451191395, 0.49137324076659095, 0.7595757775753776, 1.0, 0.32198305904325686, 0.5160149953194487, 0.6621505421621872, 1.0, 0.34738294940673875, 0.5373588449867047, 0.7733798905358272, 1.0, 0.37314461711819463, 0.3789637234473807, 0.42702969482031483, 0.5596020108311152, 0.7863844262448973, 0.6815978284413319, 1.0, 0.3908186741220081, 0.7924410262239026, 1.0, 0.3813357872785565, 0.42702969482031483, 0.5766782342912242, 0.8043414815385783, 1.0, 0.3908186741220081, 0.6999186672801797, 1.0, 0.395827607730045, 0.42702969482031483, 0.7171783060257148, 1.0, 0.4000517748781133, 0.597238365265271, 0.8155526253865968, 1.0, 0.395827607730045, 0.4545843909509928, 0.0],"final_QSA" => Dict{Int64,Any}(1 => [0.0 0.0; 0.3045626302587162 0.4555439343280003; 0.40089621001201947 0.41663129613175526; 0.05163687565072475 0.8278581591554516; 0.6181248435152975 0.18061612529347418; 0.7349863647951089 0.06342409804101765; 0.3966631264301911 0.2628144144758723]),"trialByTrial_Vs" => [0.0, 0.0, 0.0, 0.0, 0.0, 0.0, 0.0, 0.0, 0.0, 0.0, 0.0, 0.02572436251138597, 0.01142450302786004, 0.05792311709344901, 0.005073761084489987, 0.017143163576221813, 0.026508770463452857, 0.03860097488278424, 0.04183590642655413, 0.05792311709344901, 0.026508770463452857, 0.03860097488278424, 0.11249114669307661, 0.03860097488278424, 0.07712590615597051, 0.04183590642655413, 0.1638984259246462, 0.03860097488278424, 0.07712590615597051, 0.1638984259246462, 0.0515509709832984, 0.07846192765418354, 0.16043873922969443, 0.03860097488278424, 0.11548023804575608, 0.07773103907717341, 0.11548023804575608, 0.2090687444444165, 0.03860097488278424, 0.15140638565058895, 0.04516746893264551, 0.2548819481728312, 0.05081198395966366, 0.08604597098243175, 0.05792311709344901, 0.10384531189121216, 0.08604597098243175, 0.05792311709344901, 0.05697309244304412, 0.08604597098243175, 0.11249114669307661, 0.08203439074430077, 0.1638984259246462, 0.10384531189121216, 0.09952424010061622, 0.2980415083372589, 0.10384531189121216, 0.13808289790157235, 0.21232803530182995, 0.10678508752936947, 0.15140638565058895, 0.3387011322445807, 0.08203439074430077, 0.14765960002323394, 0.2579524507442691, 0.10904804514315226, 0.18266039242592763, 0.3387011322445807, 0.13629689324104022, 0.17276240781671437, 0.3009341578287157, 0.11375769991399948, 0.20713442191345874, 0.3770056239953431, 0.16129412054379544, 0.34142623046083354, 0.16129412054379544, 0.3770056239953431, 0.16129412054379544, 0.3795728760285248, 0.19446024517241983, 0.41309140018522106, 0.1256085864535869, 0.2171842154003134, 0.2168392816237269, 0.41550994897827637, 0.1256085864535869, 0.2168392816237269, 0.4470869757354447, 0.44936543464356365, 0.14747918793958906, 0.2171842154003134, 0.4684191562839564, 0.2297288870655269, 0.25219891447944714, 0.48125990504840493, 0.2297288870655269, 0.28543199715082695, 0.4992099757391552, 0.5113069483093531, 0.1498074996090541, 0.3107504755826464, 0.2168392816237269, 0.2297288870655269, 0.3107504755826464, 0.518712315066268, 0.15818368911126887, 0.2168392816237269, 0.5465899979963196, 0.17581822507105693, 0.2533748510394092, 0.5396135731651853, 0.23721747854648847, 0.2876602180926863, 0.5662805900749729, 0.2619703128104035, 0.5914029702417618, 0.26637826546307775, 0.6150701838404837, 0.20312799921361413, 0.3413111606445517, 0.5728529186337197, 0.23096960265399216, 0.32047168013448674, 0.5975946090438238, 0.25711499026613654, 0.351983833403248, 0.6373665186546512, 0.28285988681407587, 0.30135921131535076, 0.37114118245291594, 0.6209031836232135, 0.28285988681407587, 0.40016592797935585, 0.38243433055348164, 0.6583713802566229, 0.29631482412511173, 0.4115243361655954, 0.6781595748004919, 0.29631482412511173, 0.40016592797935585, 0.30135921131535076, 0.6968015754347284, 0.33588320547963646, 0.40016592797935585, 0.7143637732833719, 0.29631482412511173, 0.4393092939787543, 0.7309087138896101, 0.33588320547963646, 0.4664976510072903, 0.746495319963809, 0.33588320547963646, 0.40016592797935585, 0.33588320547963646, 0.40016592797935585, 0.6428616529079598, 0.35543321783283754, 0.49241043858552597, 0.7611791012292827, 0.3226627055906608, 0.5171042073140786, 0.6635482192051328, 0.3481162104139881, 0.5384931098911918, 0.7750123521131417, 0.37393225623020354, 0.3797636456140862, 0.427931075341967, 0.5607832269351916, 0.7880443379862718, 0.6830365551004134, 0.39164361989187957, 0.7941137223250411, 0.38214071643226893, 0.427931075341967, 0.5778954951373806, 0.8060392972947421, 0.39164361989187957, 0.7013960658336751, 0.3966631264301911, 0.427931075341967, 0.7186921364769556, 0.40089621001201947, 0.5984990247364116, 0.8172741057890665, 0.3966631264301911, 0.4555439343280003],"RPE_QV" => [0.0, 0.0, 0.0, 0.0, 0.0, 0.0, 0.0, 0.0, 0.0, 0.0, 1.0, 0.011400438814970989, 0.055547790508367584, 0.942076882906551, 0.017107053757100227, 1.0, 0.012795304495244797, 0.034134296635548934, 0.04637660663843568, 0.009309769649120652, 0.013419692147385191, 0.07365322400647506, 0.8875088533069234, 0.07188968949503469, 0.025667143128722588, 0.12171728902250703, 0.03513842417973538, 0.0712129983439864, 0.08642728929309065, -0.11245604028088985, 0.026076303598312728, 0.07959563440933536, 0.8395612607703056, 0.09716998490812015, 0.05777973514086218, 0.03750595503700556, 0.09314813058865906, 0.7909312555555835, 0.11909519152733336, 0.004534966910958338, 0.2091776039426389, 0.7451180518271687, 0.03505274250307941, 0.03400027743919295, 0.06840588625391264, 0.05935595599929021, 0.0337443125516436, 0.942076882906551, 0.02889163401969895, 0.04987773991271295, 0.8875088533069234, 0.12495222056627692, 0.8361015740753538, 0.04741027730974507, 0.19788948300266695, 0.701958491662741, 0.057445403655437946, 0.07379789632278078, 0.78767196469817, 0.04430238048531249, 0.18658131721047982, 0.07013815096301165, 0.06367951919172438, 0.10974950781370477, 0.7420475492557309, 0.07322759719263876, 0.15532731043514114, 0.6612988677554192, 0.0361016132881706, 0.1275378717923608, 0.6990658421712843, 0.09294042058543533, 0.16907708932493823, 0.12716594007274357, 0.2625941281703087, 0.6585737695391665, 0.25746671842182384, 0.6229943760046569, 0.22106709773720004, 0.6204271239714751, 0.2177610323149078, 0.5869085998147789, 0.11288143352701191, 0.14834034977550634, 0.328588760943046, 0.5844900510217237, 0.09077395174567965, 0.31850450379245976, 0.0013319297279985598, 0.5506345653564364, 0.09580285139207986, 0.25024827754514695, 0.5315808437160436, 0.0903735700956631, 0.22804727988221657, 0.518740094951595, 0.09615482719240859, 0.21272645843876642, 0.011019971739110346, 0.4886930516906469, 0.16028842097180723, 0.11958853235306287, 0.06893934072133698, 0.09897771291447288, 0.2068692402215367, 0.481287684933732, 0.0689033502596775, 0.32859939643834846, 0.4534100020036804, 0.07702292517267872, 0.28510209711278417, 0.4603864268348147, 0.04983682113460372, 0.2774275764058602, 0.4337194099250271, 0.3604283706104971, 0.4085970297582382, 0.3473963539393249, 0.38492981615951627, 0.1374642343659151, 0.23033511866713363, 0.4271470813662803, 0.08882704604001426, 0.27586417447088923, 0.4024053909561762, 0.09412743549076885, 0.2840401565168179, 0.3626334813453488, 0.14254074866518182, 0.1083891095602873, 0.2484541502854265, 0.3790968163767865, 0.11646314427441684, 0.26764029002724815, 0.2745502769904974, 0.3416286197433771, 0.22941997407778533, 0.2652067846933159, 0.32184042519950806, 0.18628039065891985, 0.15184729820056736, 0.39397464325556447, 0.3031984245652716, 0.11173188684729396, 0.5321790600548217, 0.28563622671662814, 0.142069122611083, 0.29005985684622104, 0.2690912861103899, 0.1562481214868543, 0.27842527475639617, 0.253504680036191, 0.0637370059467332, 0.11264440495981698, 0.06622919271401623, 0.24134162141652477, 0.3571383470920402, 0.1359400229337534, 0.2671653389898517, 0.23882089877071733, 0.19335228972878793, 0.14504633484810858, 0.33645178079486715, 0.18924263457271662, 0.23488678064463542, 0.22498764788685832, 0.005031467217177177, 0.04726604920622862, 0.31605589336710693, 0.2256011993097058, -0.10644650954493995, 0.3169634448995866, 0.4565578207442661, 0.20588627767495893, 0.0448889783880459, 0.30342126049556783, 0.22644598640119773, 0.1939607027052579, 0.32964279865640217, 0.2986039341663249, 0.1965279038511776, 0.28924723068374775, 0.2813078635230444, 0.2055947453733914, 0.2170536006501852, 0.18272589421093355, 0.19429740064984524, 0.11119108684995976],"StateValue_V3_record" => [0.0, 0.0, 0.0, 0.0, 0.0, 0.0, 0.0, 0.0, 0.0, 0.0, 0.0, 0.05792311709344901, 0.02572436251138597, 0.02572436251138597, 0.01142450302786004, 0.11249114669307661, 0.005073761084489987, 0.005073761084489987, 0.05792311709344901, 0.026508770463452857, 0.026508770463452857, 0.03860097488278424, 0.04183590642655413, 0.05792311709344901, 0.026508770463452857, 0.042867199201221326, 0.1638984259246462, 0.03860097488278424, 0.03860097488278424, 0.07712590615597051, 0.03960807990734402, 0.1638984259246462, 0.03860097488278424, 0.08213204415376359, 0.1573846215355906, 0.053061391769987795, 0.08307235490620284, 0.2090687444444165, 0.03860097488278424, 0.03860097488278424, 0.11548023804575608, 0.07990350090248352, 0.12087566812087885, 0.2548819481728312, 0.03860097488278424, 0.03860097488278424, 0.15140638565058895, 0.057283687779142084, 0.2980415083372589, 0.05081198395966366, 0.049244509976725484, 0.08604597098243175, 0.05792311709344901, 0.10384531189121216, 0.08604597098243175, 0.11249114669307661, 0.05697309244304412, 0.05727846188418833, 0.08604597098243175, 0.1638984259246462, 0.08203439074430077, 0.08203439074430077, 0.21232803530182995, 0.10384531189121216, 0.10384531189121216, 0.11098661579614179, 0.3387011322445807, 0.10384531189121216, 0.10384531189121216, 0.142357502091527, 0.2579524507442691, 0.10678508752936947, 0.10935121950173875, 0.14331408398334713, 0.3387011322445807, 0.08572290699089756, 0.15401663361527557, 0.3009341578287157, 0.10904804514315226, 0.1132896158298134, 0.1916574344160728, 0.3770056239953431, 0.13629689324104022, 0.13838801121479333, 0.18014979889839258, 0.34142623046083354, 0.11375769991399948, 0.11914109877828405, 0.19708955961173238, 0.3770056239953431, 0.16129412054379544, 0.3795728760285248, 0.16129412054379544, 0.16129412054379544, 0.41309140018522106, 0.16129412054379544, 0.17051115334339886, 0.41550994897827637, 0.19446024517241983, 0.20707364294558656, 0.4470869757354447, 0.1256085864535869, 0.1256085864535869, 0.2171842154003134, 0.2168392816237269, 0.44936543464356365, 0.1256085864535869, 0.12571072212085274, 0.2168392816237269, 0.4471641252570398, 0.48125990504840493, 0.14747918793958906, 0.14747918793958906, 0.23167937568299488, 0.4992099757391552, 0.2297288870655269, 0.2297288870655269, 0.2654081237749073, 0.5113069483093531, 0.2297288870655269, 0.2297288870655269, 0.2977537767118503, 0.4998482868525662, 0.5396135731651853, 0.1498074996090541, 0.14747918793958906, 0.3107504755826464, 0.2168392816237269, 0.2297288870655269, 0.32273298680703133, 0.5465899979963196, 0.15818368911126887, 0.15818368911126887, 0.23587278294046202, 0.5728529186337197, 0.17581822507105693, 0.18027963298471397, 0.26988885319406086, 0.5662805900749729, 0.23721747854648847, 0.2401041825726334, 0.30372968808579476, 0.5914029702417618, 0.2619703128104035, 0.2619703128104035, 0.6150701838404837, 0.26637826546307775, 0.2865005451501425, 0.6373665186546512, 0.20312799921361413, 0.21109035615695235, 0.35465288869384154, 0.5975946090438238, 0.23096960265399216, 0.2361147420428331, 0.3364505930142517, 0.6209031836232135, 0.25711499026613654, 0.2625671447337744, 0.36843632464841325, 0.6583713802566229, 0.28285988681407587, 0.28285988681407587, 0.30135921131535076, 0.38553242129225207, 0.6428616529079598, 0.28285988681407587, 0.27306442184866425, 0.40016592797935585, 0.39833713839564105, 0.6781595748004919, 0.29631482412511173, 0.29631482412511173, 0.42688593980936346, 0.6968015754347284, 0.29631482412511173, 0.29631482412511173, 0.40016592797935585, 0.32417945070849263, 0.7143637732833719, 0.33588320547963646, 0.33588320547963646, 0.40016592797935585, 0.7309087138896101, 0.29631482412511173, 0.30454391054947705, 0.456110465030967, 0.746495319963809, 0.33588320547963646, 0.33588320547963646, 0.4826249107987807, 0.7611791012292827, 0.33588320547963646, 0.33588320547963646, 0.40016592797935585, 0.33693003965905505, 0.4141451869761881, 0.6635482192051328, 0.35543321783283754, 0.36330728769891546, 0.5078854877991461, 0.7750123521131417, 0.3226627055906608, 0.33386227290890785, 0.5255057431514611, 0.6830365551004134, 0.3481162104139881, 0.35907773369541635, 0.5520984843901743, 0.7880443379862718, 0.37393225623020354, 0.37422369449497594, 0.37184378734568413, 0.427931075341967, 0.5738507516192302, 0.7818786243497113, 0.7013960658336751, 0.39164361989187957, 0.39164361989187957, 0.8060392972947421, 0.38214071643226893, 0.37580049127763093, 0.427931075341967, 0.5910119525230387, 0.8172741057890665, 0.39164361989187957, 0.39164361989187957, 0.7186921364769556, 0.3966631264301911, 0.3966631264301911, 0.44468517655381756, 0.7349863647951089, 0.40089621001201947, 0.40355230840194034, 0.611071445862427, 0.8278581591554516, 0.3966631264301911, 0.3966631264301911, 0.4555439343280003],"StateValue_V1_record" => [0.0, 0.0, 0.0, 0.0, 0.0, 0.0, 0.0, 0.0, 0.0, 0.0, 0.0, 0.0, 0.02572436251138597, 0.01142450302786004, 0.05792311709344901, 0.0, 0.005073761084489987, 0.017143163576221813, 0.0, 0.026508770463452857, 0.03860097488278424, 0.04183590642655413, 0.05792311709344901, 0.026508770463452857, 0.03860097488278424, 0.11249114669307661, 0.0, 0.03860097488278424, 0.07712590615597051, 0.04183590642655413, 0.1638984259246462, 0.03860097488278424, 0.07712590615597051, 0.1638984259246462, 0.0515509709832984, 0.07846192765418354, 0.16043873922969443, 0.0, 0.03860097488278424, 0.11548023804575608, 0.07773103907717341, 0.11548023804575608, 0.2090687444444165, 0.0, 0.03860097488278424, 0.15140638565058895, 0.04516746893264551, 0.2548819481728312, 0.0, 0.05081198395966366, 0.08604597098243175, 0.05792311709344901, 0.10384531189121216, 0.08604597098243175, 0.05792311709344901, 0.0, 0.05697309244304412, 0.08604597098243175, 0.11249114669307661, 0.0, 0.08203439074430077, 0.1638984259246462, 0.0, 0.10384531189121216, 0.09952424010061622, 0.2980415083372589, 0.0, 0.10384531189121216, 0.13808289790157235, 0.21232803530182995, 0.0, 0.10678508752936947, 0.15140638565058895, 0.3387011322445807, 0.08203439074430077, 0.14765960002323394, 0.2579524507442691, 0.0, 0.10904804514315226, 0.18266039242592763, 0.3387011322445807, 0.0, 0.13629689324104022, 0.17276240781671437, 0.3009341578287157, 0.0, 0.11375769991399948, 0.20713442191345874, 0.3770056239953431, 0.16129412054379544, 0.34142623046083354, 0.0, 0.16129412054379544, 0.3770056239953431, 0.0, 0.16129412054379544, 0.3795728760285248, 0.0, 0.19446024517241983, 0.41309140018522106, 0.0, 0.1256085864535869, 0.2171842154003134, 0.2168392816237269, 0.41550994897827637, 0.0, 0.1256085864535869, 0.2168392816237269, 0.4470869757354447, 0.44936543464356365, 0.0, 0.14747918793958906, 0.2171842154003134, 0.4684191562839564, 0.0, 0.2297288870655269, 0.25219891447944714, 0.48125990504840493, 0.0, 0.2297288870655269, 0.28543199715082695, 0.4992099757391552, 0.5113069483093531, 0.0, 0.1498074996090541, 0.3107504755826464, 0.2168392816237269, 0.2297288870655269, 0.3107504755826464, 0.518712315066268, 0.0, 0.15818368911126887, 0.2168392816237269, 0.5465899979963196, 0.0, 0.17581822507105693, 0.2533748510394092, 0.5396135731651853, 0.0, 0.23721747854648847, 0.2876602180926863, 0.5662805900749729, 0.0, 0.2619703128104035, 0.5914029702417618, 0.0, 0.26637826546307775, 0.6150701838404837, 0.0, 0.20312799921361413, 0.3413111606445517, 0.5728529186337197, 0.0, 0.23096960265399216, 0.32047168013448674, 0.5975946090438238, 0.0, 0.25711499026613654, 0.351983833403248, 0.6373665186546512, 0.0, 0.28285988681407587, 0.30135921131535076, 0.37114118245291594, 0.6209031836232135, 0.0, 0.28285988681407587, 0.40016592797935585, 0.38243433055348164, 0.6583713802566229, 0.0, 0.29631482412511173, 0.4115243361655954, 0.6781595748004919, 0.0, 0.29631482412511173, 0.40016592797935585, 0.30135921131535076, 0.6968015754347284, 0.0, 0.33588320547963646, 0.40016592797935585, 0.7143637732833719, 0.0, 0.29631482412511173, 0.4393092939787543, 0.7309087138896101, 0.0, 0.33588320547963646, 0.4664976510072903, 0.746495319963809, 0.0, 0.33588320547963646, 0.40016592797935585, 0.33588320547963646, 0.40016592797935585, 0.6428616529079598, 0.0, 0.35543321783283754, 0.49241043858552597, 0.7611791012292827, 0.0, 0.3226627055906608, 0.5171042073140786, 0.6635482192051328, 0.0, 0.3481162104139881, 0.5384931098911918, 0.7750123521131417, 0.0, 0.37393225623020354, 0.3797636456140862, 0.427931075341967, 0.5607832269351916, 0.7880443379862718, 0.6830365551004134, 0.0, 0.39164361989187957, 0.7941137223250411, 0.0, 0.38214071643226893, 0.427931075341967, 0.5778954951373806, 0.8060392972947421, 0.0, 0.39164361989187957, 0.7013960658336751, 0.0, 0.3966631264301911, 0.427931075341967, 0.7186921364769556, 0.0, 0.40089621001201947, 0.5984990247364116, 0.8172741057890665, 0.0, 0.3966631264301911, 0.4555439343280003, 0.0])
POPULATION_SIGNALS
subject_id: 16
algorithm_name: Sarsa-Lambda (ReplTrc)
param_string: alpha=0.1974, gamma=0.9961,
                lambda=0.6128, temp=0.2507,
                reward_magnitude=1.0,
                action_cost=0.0,
                initQSA=nothing, use_replacing_trace=true
param_vector: [0.197445163350583, 0.9960525723724495, 0.6127972592361022, 0.2507274927826116, 1.0, 0.0, 0.0]
LL: -106.825
RPE
[0.0, 0.0, 0.0, 0.0, 0.0, 0.0, 0.0, 0.0, 0.0, 0.0, 1.0, 0.004, 0.193, 0.803, 0.0, 1.0, -0.057, 0.011, 0.017, 0.02, 0.054, 0.234, 0.644, 0.032, 0.096, -0.132, 0.012, 0.225, 0.237, -0.332, 0.098, 0.169, 0.558, -0.025, 0.171, 0.125, 0.191, 0.448, 0.012, -0.006, 0.499, 0.359, -0.121, 0.036, -0.019, -0.013, 0.127, 0.803, 0.009, 0.163, 0.644, 0.361, 0.517, 0.145, 0.408, 0.289, 0.161, 0.167, 0.415, 0.113, -0.402, 0.2, 0.144, 0.258, 0.333, 0.161, 0.268, 0.232, 0.082, 0.231, 0.267, 0.231, -0.437, 0.113, 0.528, 0.214, 0.427, 0.186, 0.334, 0.172, 0.27, 0.149, -0.085, 0.05, 0.578, 0.138, 0.035, 0.465, 0.005, 0.111, 0.224, 0.313, 0.105, 0.171, 0.255, 0.089, 0.161, 0.198, 0.009, 0.071, -0.123, 0.191, 0.095, 0.147, 0.163, 0.074, 0.107, 0.384, 0.059, 0.118, 0.303, 0.057, 0.036, 0.248, 0.046, 0.311, 0.037, 0.252, 0.03, 0.218, 0.148, 0.048, 0.11, 0.201, 0.038, 0.106, 0.171, 0.024, 0.242, 0.128, 0.13, 0.031, -0.349, 0.446, 0.139, 0.019, 0.331, 0.113, 0.015, -0.121, 0.27, 0.216, 0.012, -0.174, 0.411, 0.01, 0.157, 0.096, 0.008, 0.145, 0.078, 0.006, -0.147, 0.112, 0.075, 0.107, 0.025, 0.109, 0.063, 0.005, 0.163, 0.035, 0.02, 0.134, 0.042, 0.004, -0.003, -0.15, 0.258, 0.034, -0.016, 0.016, 0.179, 0.005, -0.097, 0.209, 0.027, 0.004, 0.135, 0.013, 0.247, 0.097, 0.01, 0.118, 0.022, 0.003, 0.094, 0.0]
SPE
Float64[]
action_selection_prob
[0.5, 0.5, 0.5, 0.5, 0.5, 0.5, 0.5, 0.5, 0.5, 0.5, 0.5, 0.427, 0.476, 0.682, 0.49, 0.455, 0.491, 0.398, 0.391, 0.352, 0.483, 0.594, 0.801, 0.392, 0.309, 0.573, 0.13, 0.4, 0.679, 0.847, 0.568, 0.69, 0.83, 0.465, 0.234, 0.645, 0.73, 0.881, 0.511, 0.227, 0.573, 0.914, 0.565, 0.298, 0.405, 0.285, 0.301, 0.591, 0.56, 0.412, 0.702, 0.374, 0.796, 0.347, 0.52, 0.933, 0.441, 0.632, 0.854, 0.523, 0.707, 0.054, 0.496, 0.669, 0.89, 0.579, 0.744, 0.925, 0.656, 0.705, 0.914, 0.53, 0.765, 0.064, 0.29, 0.929, 0.407, 0.907, 0.512, 0.939, 0.597, 0.919, 0.439, 0.199, 0.253, 0.946, 0.523, 0.363, 0.927, 0.952, 0.41, 0.737, 0.931, 0.337, 0.791, 0.956, 0.403, 0.828, 0.936, 0.958, 0.498, 0.147, 0.46, 0.461, 0.82, 0.939, 0.484, 0.489, 0.942, 0.555, 0.571, 0.961, 0.515, 0.635, 0.962, 0.445, 0.964, 0.511, 0.965, 0.617, 0.838, 0.944, 0.676, 0.684, 0.946, 0.717, 0.72, 0.965, 0.249, 0.437, 0.856, 0.948, 0.691, 0.13, 0.749, 0.966, 0.312, 0.771, 0.967, 0.384, 0.186, 0.521, 0.967, 0.436, 0.239, 0.967, 0.592, 0.787, 0.967, 0.451, 0.8, 0.968, 0.49, 0.304, 0.474, 0.669, 0.949, 0.504, 0.81, 0.968, 0.632, 0.818, 0.95, 0.667, 0.824, 0.968, 0.694, 0.533, 0.318, 0.829, 0.968, 0.951, 0.464, 0.968, 0.696, 0.367, 0.832, 0.968, 0.499, 0.951, 0.297, 0.591, 0.952, 0.472, 0.835, 0.968, 0.351, 0.39]
results_dict
Dict{String,Any}("trialByTrial_Qsa" => [0.0, 0.0, 0.0, 0.0, 0.0, 0.0, 0.0, 0.0, 0.0, 0.0, 0.0, 0.0, 0.0038039877061683534, 0.197445163350583, 0.0, 0.0, 0.07356049633890632, 0.01672791749539798, 0.02740582007581638, 0.044899729702436025, 0.06575911826316255, 0.12051624046486566, 0.3559057341706276, 0.010210357615963672, 0.04197637650544443, 0.138604504084957, 0.00623218058521319, 0.01882796828171238, 0.24433918381876432, 0.48307903170048183, 0.15205555276564908, 0.25835004257183913, 0.4418822001725718, 0.08569363201129206, 0.061078269163533885, 0.23289067578580885, 0.35905507881886356, 0.5520798603283663, 0.131402220756959, 0.14400451120809543, 0.13881939482663697, 0.6405195254738479, 0.18594720977850257, 0.06535199119029868, 0.10146641778931145, 0.08302742233791699, 0.06917359212365982, 0.197445163350583, 0.1813370525851692, 0.1910671962800739, 0.3559057341706276, 0.12051624046486566, 0.48307903170048183, 0.15482976512534016, 0.300960194638499, 0.7114972064880091, 0.2538082491005992, 0.41623347276894507, 0.5851425767257217, 0.33614895012822404, 0.45071824828127105, 0.04941199829799183, 0.25018560455542055, 0.40609732859124537, 0.6670541684313135, 0.33419700985998024, 0.4972274720124688, 0.7684606876800837, 0.41535362179188356, 0.4991247549604279, 0.7327927125322885, 0.3438322364133495, 0.576893041722203, 0.14013751860677465, 0.25402336968680317, 0.785551499054817, 0.384203295897107, 0.8141770050231713, 0.4908596439195982, 0.8278933183542263, 0.5775017025935644, 0.8508668566206657, 0.313470587549255, 0.22947440106786013, 0.28070167315194056, 0.8618749502255029, 0.3746036475340541, 0.4114260917306857, 0.8803124744761843, 0.8891470732410358, 0.3514501800131243, 0.5780864673880552, 0.8947233995829657, 0.47897288239475483, 0.652595090420792, 0.9110344474728497, 0.5500021989541096, 0.7136344247143467, 0.915509755149301, 0.9286002655241478, 0.4412263035666218, 0.3191615457535118, 0.5121154399605526, 0.6095472358399963, 0.7591682403538111, 0.9259754891733198, 0.4430119871765794, 0.5526528495943152, 0.9405912708054407, 0.514904856252219, 0.6356760339337074, 0.9426977977609207, 0.6636052321634592, 0.7024671031008907, 0.9540118404423639, 0.6487861298062847, 0.963091980118414, 0.7145416811984835, 0.9703792901328804, 0.5790229132889311, 0.8003029748395991, 0.952321237045711, 0.6434647306055093, 0.756932157652525, 0.9617351781855743, 0.6923177158861027, 0.8012314790917385, 0.9762277560311541, 0.45917001657172213, 0.703975104078698, 0.8353220710730264, 0.9692903821793045, 0.7355719029132235, 0.38845228669056037, 0.8378877166542505, 0.9809214706247927, 0.5333411456907645, 0.8676637815279693, 0.9846884339737695, 0.6134365281285924, 0.4947127519295644, 0.7678690421819732, 0.9877116286289718, 0.747201129246743, 0.5749763202779012, 0.990137908121637, 0.7315911343674684, 0.8918475588686554, 0.9920851304635389, 0.7630361735526746, 0.9118196212468574, 0.993647883172064, 0.8015582651319733, 0.6573647960694275, 0.7860928492563365, 0.8647190084275951, 0.9753538476863457, 0.8156255155208191, 0.9279672993787199, 0.9949020779167778, 0.7747283970646366, 0.9410222028949019, 0.9802201112558785, 0.8125415552678947, 0.950381454104788, 0.9959086379752481, 0.844330593739566, 0.8450520288527478, 0.6975365667832052, 0.9590874402474286, 0.9967164576185517, 0.9841255546200179, 0.811987022963453, 0.9953765452537499, 0.8459927670671117, 0.7519925491760344, 0.9649224130176451, 0.9962894240313672, 0.8479778015629946, 0.9872598870811684, 0.6386006526899614, 0.8887733926865916, 0.989775360757532, 0.8486209032212686, 0.97078635382877, 0.9970220593096186, 0.6997569818149176, 0.7968616820641744],"StateValue_V2_record" => [0.0, 0.0, 0.0, 0.0, 0.0, 0.0, 0.0, 0.0, 0.0, 0.0, 0.0, 1.0, 0.0732701216033618, 0.027297637584493422, 0.19666576285784668, 1.0, 0.010170052968223247, 0.044722491268939076, 1.0, 0.08269967759713599, 0.12004051132768613, 0.1380573728362291, 0.19666576285784668, 0.08269967759713599, 0.12004051132768613, 0.3545008220427588, 1.0, 0.12004051132768613, 0.24337467257406498, 0.1380573728362291, 0.481172112184457, 0.12004051132768613, 0.24337467257406498, 0.481172112184457, 0.1514553244757395, 0.2573302244762122, 0.44013790216748777, 1.0, 0.12004051132768613, 0.35763773488092165, 0.23197135669801305, 0.35763773488092165, 0.5499005650350919, 1.0, 0.1308835200004215, 0.4489390706157644, 0.13827141531225845, 0.6379911210030069, 1.0, 0.18521319662535699, 0.27959362361224094, 0.19666576285784668, 0.3122331850915386, 0.27959362361224094, 0.19666576285784668, 1.0, 0.1806212376938959, 0.27959362361224094, 0.3545008220427588, 1.0, 0.24919801498798305, 0.481172112184457, 1.0, 0.3122331850915386, 0.29977217605139, 0.7086886227581933, 1.0, 0.3122331850915386, 0.4145904212590256, 0.5828327687522985, 1.0, 0.3348220264755158, 0.4489390706157644, 0.7654272447308489, 0.253020630819258, 0.4044942887768898, 0.664421020377775, 1.0, 0.33287779135021417, 0.4952647025522697, 0.7654272447308489, 1.0, 0.4137140434300191, 0.49715449611310275, 0.7299000663335709, 1.0, 0.34247498354408895, 0.5746157981911671, 0.8109631002198264, 0.4770821716059423, 0.7824505913645843, 1.0, 0.4770821716059423, 0.8109631002198264, 1.0, 0.48892201099994037, 0.8246252693966903, 1.0, 0.5752220564177891, 0.8475081212834743, 1.0, 0.373124926746397, 0.5758045128955745, 0.550471292467382, 0.858472761235489, 1.0, 0.373124926746397, 0.550471292467382, 0.8768375046935597, 0.8856372295191685, 1.0, 0.44126322941906254, 0.5758045128955745, 0.8911915437164359, 1.0, 0.6462250935131157, 0.6500190185312611, 0.9074382049252451, 1.0, 0.6462250935131157, 0.7108174044702582, 0.9118958466485326, 0.924934683181067, 1.0, 0.44126322941906254, 0.7561714786678796, 0.550471292467382, 0.6462250935131157, 0.7561714786678796, 0.9223202679449225, 1.0, 0.45735747616256406, 0.5616477722438084, 0.9368783548368305, 1.0, 0.5128723065970892, 0.6331667487951858, 0.9389765664296081, 1.0, 0.6609856985362301, 0.6996941650506648, 0.9502459477463914, 1.0, 0.70119621330375, 0.9592902442282223, 1.0, 0.7117210796250842, 0.966548788113807, 1.0, 0.5767372622440295, 0.7971438367663064, 0.9485620178842937, 1.0, 0.6409247001505628, 0.753944222741226, 0.9579387981728174, 1.0, 0.6895848418073712, 0.7980686758151087, 0.9723741676162151, 1.0, 0.7326682860616139, 0.7648379347105233, 0.83202469765177, 0.965464178545571, 1.0, 0.7326682860616139, 0.8613055927236599, 0.8345802155327443, 0.977049354111191, 1.0, 0.7287032313115952, 0.8642387415453409, 0.980801447644972, 1.0, 0.7287032313115952, 0.8613055927236599, 0.7648379347105233, 0.9838127084580689, 1.0, 0.8087817629557946, 0.8613055927236599, 0.9862294103880326, 1.0, 0.7287032313115952, 0.8883270551752138, 0.988168946210665, 1.0, 0.8087817629557946, 0.908220279282605, 0.9897255300659735, 1.0, 0.8087817629557946, 0.8613055927236599, 0.8087817629557946, 0.8613055927236599, 0.971503708961351, 1.0, 0.8124058928271171, 0.9243042156236889, 0.9909747739677016, 1.0, 0.7716702127862157, 0.9373075858530561, 0.9763507633076264, 1.0, 0.8093341062840974, 0.9466298920961431, 0.9919773607031884, 1.0, 0.8409976598270523, 0.8417162471273368, 0.8852650240416687, 0.9553015119885593, 0.9927819915369139, 0.9802407902167324, 1.0, 0.845271033622576, 0.9914473683791994, 1.0, 0.8426532718456831, 0.8852650240416687, 0.9611134516260565, 0.9923566436339094, 1.0, 0.845271033622576, 0.9833627501273318, 1.0, 0.850861893196694, 0.8852650240416687, 0.9858682941534089, 1.0, 0.87278538441958, 0.9669542449552173, 0.9930863868874226, 1.0, 0.850861893196694, 0.9055876378310548, 0.0],"final_QSA" => Dict{Int64,Any}(1 => [0.0 0.0; 0.7968616820641744 0.9091765464488278; 0.8762442953595658 0.8748918241514717; 0.14158760665695447 0.9976100392956794; 0.9755482777150911 0.5638736225599484; 0.9917941663229619 0.24188474342165303; 0.8542339197719928 0.718308760830098]),"trialByTrial_Vs" => [0.0, 0.0, 0.0, 0.0, 0.0, 0.0, 0.0, 0.0, 0.0, 0.0, 0.0, 0.07356049633890632, 0.02740582007581638, 0.197445163350583, 0.010210357615963672, 0.044899729702436025, 0.08302742233791699, 0.12051624046486566, 0.138604504084957, 0.197445163350583, 0.08302742233791699, 0.12051624046486566, 0.3559057341706276, 0.12051624046486566, 0.24433918381876432, 0.138604504084957, 0.48307903170048183, 0.12051624046486566, 0.24433918381876432, 0.48307903170048183, 0.15205555276564908, 0.25835004257183913, 0.4418822001725718, 0.12051624046486566, 0.35905507881886356, 0.23289067578580885, 0.35905507881886356, 0.5520798603283663, 0.131402220756959, 0.45071824828127105, 0.13881939482663697, 0.6405195254738479, 0.18594720977850257, 0.28070167315194056, 0.197445163350583, 0.313470587549255, 0.28070167315194056, 0.197445163350583, 0.1813370525851692, 0.28070167315194056, 0.3559057341706276, 0.25018560455542055, 0.48307903170048183, 0.313470587549255, 0.300960194638499, 0.7114972064880091, 0.313470587549255, 0.41623347276894507, 0.5851425767257217, 0.33614895012822404, 0.45071824828127105, 0.7684606876800837, 0.25402336968680317, 0.40609732859124537, 0.6670541684313135, 0.33419700985998024, 0.4972274720124688, 0.7684606876800837, 0.41535362179188356, 0.4991247549604279, 0.7327927125322885, 0.3438322364133495, 0.576893041722203, 0.8141770050231713, 0.47897288239475483, 0.785551499054817, 0.47897288239475483, 0.8141770050231713, 0.4908596439195982, 0.8278933183542263, 0.5775017025935644, 0.8508668566206657, 0.3746036475340541, 0.5780864673880552, 0.5526528495943152, 0.8618749502255029, 0.3746036475340541, 0.5526528495943152, 0.8803124744761843, 0.8891470732410358, 0.4430119871765794, 0.5780864673880552, 0.8947233995829657, 0.6487861298062847, 0.652595090420792, 0.9110344474728497, 0.6487861298062847, 0.7136344247143467, 0.915509755149301, 0.9286002655241478, 0.4430119871765794, 0.7591682403538111, 0.5526528495943152, 0.6487861298062847, 0.7591682403538111, 0.9259754891733198, 0.45917001657172213, 0.5638736225599484, 0.9405912708054407, 0.514904856252219, 0.6356760339337074, 0.9426977977609207, 0.6636052321634592, 0.7024671031008907, 0.9540118404423639, 0.703975104078698, 0.963091980118414, 0.7145416811984835, 0.9703792901328804, 0.5790229132889311, 0.8003029748395991, 0.952321237045711, 0.6434647306055093, 0.756932157652525, 0.9617351781855743, 0.6923177158861027, 0.8012314790917385, 0.9762277560311541, 0.7355719029132235, 0.7678690421819732, 0.8353220710730264, 0.9692903821793045, 0.7355719029132235, 0.8647190084275951, 0.8378877166542505, 0.9809214706247927, 0.7315911343674684, 0.8676637815279693, 0.9846884339737695, 0.7315911343674684, 0.8647190084275951, 0.7678690421819732, 0.9877116286289718, 0.811987022963453, 0.8647190084275951, 0.990137908121637, 0.7315911343674684, 0.8918475588686554, 0.9920851304635389, 0.811987022963453, 0.9118196212468574, 0.993647883172064, 0.811987022963453, 0.8647190084275951, 0.811987022963453, 0.8647190084275951, 0.9753538476863457, 0.8156255155208191, 0.9279672993787199, 0.9949020779167778, 0.7747283970646366, 0.9410222028949019, 0.9802201112558785, 0.8125415552678947, 0.950381454104788, 0.9959086379752481, 0.844330593739566, 0.8450520288527478, 0.8887733926865916, 0.9590874402474286, 0.9967164576185517, 0.9841255546200179, 0.8486209032212686, 0.9953765452537499, 0.8459927670671117, 0.8887733926865916, 0.9649224130176451, 0.9962894240313672, 0.8486209032212686, 0.9872598870811684, 0.8542339197719928, 0.8887733926865916, 0.989775360757532, 0.8762442953595658, 0.97078635382877, 0.9970220593096186, 0.8542339197719928, 0.9091765464488278],"RPE_QV" => [0.0, 0.0, 0.0, 0.0, 0.0, 0.0, 0.0, 0.0, 0.0, 0.0, 1.0, 0.027297637584493422, 0.19286177515167832, 0.8025548366494171, 0.044722491268939076, 1.0, 0.04648001498877981, 0.12132945534083112, 0.1692599427820303, 0.03779994789469997, 0.05428139306452358, 0.23398458157789315, 0.6440942658293725, 0.2331643149581013, 0.09608099633078467, 0.3425676080995, 0.11380833074247294, 0.2245467042923526, 0.23683292836569267, -0.3316237072247423, 0.0980877689516717, 0.16937754618946738, 0.5581177998274283, 0.2719441028696296, 0.17089308753447918, 0.1247470590951128, 0.19084548621622832, 0.4479201396716337, 0.31753684985880537, -0.0057330958958369815, 0.49917172617636996, 0.35948047452615206, 0.09364641383373837, 0.13131377166754798, 0.21076676730222713, 0.19656620127432395, 0.12749217073418684, 0.8025548366494171, 0.09825657102707175, 0.1634336257626849, 0.6440942658293725, 0.36065587171959135, 0.5169209682995182, 0.14494241092604984, 0.40772842811969434, 0.28850279351199093, 0.16078217215842644, 0.16659929598335343, 0.4148574232742783, 0.11279012048754034, 0.31470899644957784, 0.20360863252126618, 0.14377432215381813, 0.2583236917865296, 0.3329458315686865, 0.16106769269228943, 0.2681997727183801, 0.2315393123199163, 0.08180087432121919, 0.23077531137314294, 0.2672072874677115, 0.23078356177781767, 0.2340700584976234, 0.33694465299916765, 0.5284272216777811, 0.21444850094518297, 0.4267598043227194, 0.18582299497682875, 0.33376562547709215, 0.1721066816457737, 0.27000641868990993, 0.14913314337933425, 0.26233392534631955, 0.3209968913995219, 0.5777710880835485, 0.13812504977449713, 0.1758676449333279, 0.465411412962874, 0.005324755042984131, 0.11085292675896419, 0.22435433288245027, 0.3131050763283807, 0.10527660041703435, 0.17104613613650627, 0.25484311450445307, 0.08896555252715033, 0.16081520551614858, 0.19826142193418594, 0.009424928031765978, 0.07139973447585224, 0.3149451751012578, 0.23130974671387022, 0.1341096535525631, 0.14662424282788333, 0.16315202759111136, 0.07402451082668016, 0.11863578506722894, 0.3842255052425153, 0.05940872919455931, 0.1182618925429667, 0.3033005324959007, 0.057302202239079336, 0.036088932887205605, 0.2477788446455007, 0.04598815955763613, 0.3105041144219376, 0.036908019881585985, 0.25200710691532346, 0.02962070986711962, 0.21812092347737533, 0.14825904304469462, 0.04767876295428897, 0.11047949213571662, 0.20100664052029238, 0.0382648218144257, 0.10575095992900596, 0.17114268852447656, 0.02377224396884592, 0.3056679181388012, 0.128049593573072, 0.13014210747254462, 0.03070961782069548, 0.12573368981043642, 0.44612792884218394, 0.13916163745694043, 0.019078529375207265, 0.33089759585457634, 0.11313766611700271, 0.015311566026230516, 0.24786906459506752, 0.27012518278095893, 0.21594366627609574, 0.012288371371028228, 0.11410446347691694, 0.41125309011013134, 0.009862091878362955, 0.15673592080774545, 0.09632138734200957, 0.007914869536461144, 0.14518410572993035, 0.07790590881911608, 0.006352116827936016, 0.05974732759168666, 0.15141696688636708, 0.07521274346732343, 0.10678470053375588, 0.0246461523136543, 0.10867870010286984, 0.0630074745889817, 0.005097922083222239, 0.16257918878841948, 0.035328560412724475, 0.01977988874412151, 0.1340883368282484, 0.0415959065984004, 0.00409136202475191, -0.002614346612229146, 0.040212995188920964, 0.2577649452053541, 0.033694551289485286, -0.01647566740181927, 0.01587444537998206, 0.1794603454157464, 0.004623454746250144, 0.03927225697455705, 0.20912090245002213, 0.027434230616264266, 0.003710575968632779, 0.13538494856433714, 0.012740112918831592, 0.24666437135170738, 0.09709490146681732, 0.01022463924246797, 0.11833334173394872, 0.02230003305865258, 0.0029779406903813754, 0.20583065601613715, 0.07592370235540558],"StateValue_V3_record" => [0.0, 0.0, 0.0, 0.0, 0.0, 0.0, 0.0, 0.0, 0.0, 0.0, 0.0, 0.197445163350583, 0.07356049633890632, 0.07356049633890632, 0.04188361240507489, 0.3559057341706276, 0.010210357615963672, 0.010210357615963672, 0.197445163350583, 0.08302742233791699, 0.08302742233791699, 0.12051624046486566, 0.138604504084957, 0.197445163350583, 0.08302742233791699, 0.16671536439603057, 0.48307903170048183, 0.12051624046486566, 0.12051624046486566, 0.24433918381876432, 0.11246337168383494, 0.48307903170048183, 0.12051624046486566, 0.29110070004672545, 0.4176015346565667, 0.17142250832900613, 0.29179281984713945, 0.5520798603283663, 0.12051624046486566, 0.12051624046486566, 0.35905507881886356, 0.2575213792463482, 0.3967365970195482, 0.6405195254738479, 0.131402220756959, 0.1337782448666833, 0.45071824828127105, 0.2373784378415228, 0.7114972064880091, 0.18594720977850257, 0.16208533177092038, 0.28070167315194056, 0.197445163350583, 0.313470587549255, 0.28070167315194056, 0.3559057341706276, 0.1813370525851692, 0.18310930452950785, 0.28070167315194056, 0.48307903170048183, 0.25018560455542055, 0.25018560455542055, 0.5851425767257217, 0.313470587549255, 0.313470587549255, 0.38146420073126847, 0.7684606876800837, 0.313470587549255, 0.313470587549255, 0.4491276979784704, 0.6670541684313135, 0.33614895012822404, 0.35841881389221836, 0.37144375846389205, 0.7684606876800837, 0.2785731490787005, 0.45710209211336233, 0.7327927125322885, 0.33419700985998024, 0.3659990467541108, 0.5501822199474385, 0.8141770050231713, 0.41535362179188356, 0.4315048087844572, 0.5446902240117798, 0.785551499054817, 0.3438322364133495, 0.38939933446720004, 0.490548552865355, 0.8141770050231713, 0.47897288239475483, 0.8278933183542263, 0.47897288239475483, 0.47897288239475483, 0.8508668566206657, 0.4908596439195982, 0.5567600523627322, 0.8618749502255029, 0.5775017025935644, 0.6308131640374995, 0.8803124744761843, 0.3746036475340541, 0.3746036475340541, 0.5780864673880552, 0.5526528495943152, 0.8891470732410358, 0.3746036475340541, 0.3815533953448063, 0.5526528495943152, 0.8813638216054481, 0.9110344474728497, 0.4430119871765794, 0.4430119871765794, 0.6399075503296091, 0.915509755149301, 0.6487861298062847, 0.6487861298062847, 0.702912630792895, 0.9286002655241478, 0.6487861298062847, 0.6487861298062847, 0.7527801835542609, 0.9173706616041005, 0.9426977977609207, 0.4430119871765794, 0.4430119871765794, 0.7591682403538111, 0.5526528495943152, 0.6487861298062847, 0.7913818190925169, 0.9405912708054407, 0.45917001657172213, 0.4642293072632621, 0.6285163172403838, 0.952321237045711, 0.514904856252219, 0.5382550949435142, 0.6955612571166794, 0.9540118404423639, 0.6636052321634592, 0.6707308174125217, 0.7513898375567403, 0.963091980118414, 0.703975104078698, 0.7100936653993523, 0.9703792901328804, 0.7145416811984835, 0.7642992655888874, 0.9762277560311541, 0.5790229132889311, 0.6220898346551015, 0.8295760058117599, 0.9617351781855743, 0.6434647306055093, 0.6652783719771354, 0.796619946624606, 0.9692903821793045, 0.6923177158861027, 0.7131977314437662, 0.8350227751837117, 0.9809214706247927, 0.7355719029132235, 0.7355719029132235, 0.7678690421819732, 0.8610180007417321, 0.9753538476863457, 0.7355719029132235, 0.6667320536822969, 0.8647190084275951, 0.8653645088940708, 0.9846884339737695, 0.7315911343674684, 0.7315911343674684, 0.8900022664955446, 0.9877116286289718, 0.7315911343674684, 0.7315911343674684, 0.8647190084275951, 0.8105060746443806, 0.990137908121637, 0.811987022963453, 0.811987022963453, 0.8647190084275951, 0.9920851304635389, 0.7315911343674684, 0.7625378838542577, 0.9108657509265533, 0.993647883172064, 0.811987022963453, 0.811987022963453, 0.9272017661396235, 0.9949020779167778, 0.811987022963453, 0.811987022963453, 0.8647190084275951, 0.811987022963453, 0.8858031310678256, 0.9802201112558785, 0.8156255155208191, 0.8370835992153592, 0.9404078204912492, 0.9959086379752481, 0.7747283970646366, 0.8068288715523714, 0.9479976562765332, 0.9841255546200179, 0.8125415552678947, 0.8390166488363562, 0.9585943646778248, 0.9967164576185517, 0.844330593739566, 0.8438144036456594, 0.8153821540038377, 0.8887733926865916, 0.9657402664308057, 0.9934634167770896, 0.9872598870811684, 0.8486209032212686, 0.8486209032212686, 0.9962894240313672, 0.8459927670671117, 0.8268467753272557, 0.8887733926865916, 0.9703391691630711, 0.9970220593096186, 0.8486209032212686, 0.8747089048474904, 0.989775360757532, 0.8542339197719928, 0.8542339197719928, 0.9079443113672161, 0.9917941663229619, 0.8762442953595658, 0.8762442953595658, 0.975189387498759, 0.9976100392956794, 0.8542339197719928, 0.8542339197719928, 0.9091765464488278],"StateValue_V1_record" => [0.0, 0.0, 0.0, 0.0, 0.0, 0.0, 0.0, 0.0, 0.0, 0.0, 0.0, 0.0, 0.07356049633890632, 0.02740582007581638, 0.197445163350583, 0.0, 0.010210357615963672, 0.044899729702436025, 0.0, 0.08302742233791699, 0.12051624046486566, 0.138604504084957, 0.197445163350583, 0.08302742233791699, 0.12051624046486566, 0.3559057341706276, 0.0, 0.12051624046486566, 0.24433918381876432, 0.138604504084957, 0.48307903170048183, 0.12051624046486566, 0.24433918381876432, 0.48307903170048183, 0.15205555276564908, 0.25835004257183913, 0.4418822001725718, 0.0, 0.12051624046486566, 0.35905507881886356, 0.23289067578580885, 0.35905507881886356, 0.5520798603283663, 0.0, 0.131402220756959, 0.45071824828127105, 0.13881939482663697, 0.6405195254738479, 0.0, 0.18594720977850257, 0.28070167315194056, 0.197445163350583, 0.313470587549255, 0.28070167315194056, 0.197445163350583, 0.0, 0.1813370525851692, 0.28070167315194056, 0.3559057341706276, 0.0, 0.25018560455542055, 0.48307903170048183, 0.0, 0.313470587549255, 0.300960194638499, 0.7114972064880091, 0.0, 0.313470587549255, 0.41623347276894507, 0.5851425767257217, 0.0, 0.33614895012822404, 0.45071824828127105, 0.7684606876800837, 0.25402336968680317, 0.40609732859124537, 0.6670541684313135, 0.0, 0.33419700985998024, 0.4972274720124688, 0.7684606876800837, 0.0, 0.41535362179188356, 0.4991247549604279, 0.7327927125322885, 0.0, 0.3438322364133495, 0.576893041722203, 0.8141770050231713, 0.47897288239475483, 0.785551499054817, 0.0, 0.47897288239475483, 0.8141770050231713, 0.0, 0.4908596439195982, 0.8278933183542263, 0.0, 0.5775017025935644, 0.8508668566206657, 0.0, 0.3746036475340541, 0.5780864673880552, 0.5526528495943152, 0.8618749502255029, 0.0, 0.3746036475340541, 0.5526528495943152, 0.8803124744761843, 0.8891470732410358, 0.0, 0.4430119871765794, 0.5780864673880552, 0.8947233995829657, 0.0, 0.6487861298062847, 0.652595090420792, 0.9110344474728497, 0.0, 0.6487861298062847, 0.7136344247143467, 0.915509755149301, 0.9286002655241478, 0.0, 0.4430119871765794, 0.7591682403538111, 0.5526528495943152, 0.6487861298062847, 0.7591682403538111, 0.9259754891733198, 0.0, 0.45917001657172213, 0.5638736225599484, 0.9405912708054407, 0.0, 0.514904856252219, 0.6356760339337074, 0.9426977977609207, 0.0, 0.6636052321634592, 0.7024671031008907, 0.9540118404423639, 0.0, 0.703975104078698, 0.963091980118414, 0.0, 0.7145416811984835, 0.9703792901328804, 0.0, 0.5790229132889311, 0.8003029748395991, 0.952321237045711, 0.0, 0.6434647306055093, 0.756932157652525, 0.9617351781855743, 0.0, 0.6923177158861027, 0.8012314790917385, 0.9762277560311541, 0.0, 0.7355719029132235, 0.7678690421819732, 0.8353220710730264, 0.9692903821793045, 0.0, 0.7355719029132235, 0.8647190084275951, 0.8378877166542505, 0.9809214706247927, 0.0, 0.7315911343674684, 0.8676637815279693, 0.9846884339737695, 0.0, 0.7315911343674684, 0.8647190084275951, 0.7678690421819732, 0.9877116286289718, 0.0, 0.811987022963453, 0.8647190084275951, 0.990137908121637, 0.0, 0.7315911343674684, 0.8918475588686554, 0.9920851304635389, 0.0, 0.811987022963453, 0.9118196212468574, 0.993647883172064, 0.0, 0.811987022963453, 0.8647190084275951, 0.811987022963453, 0.8647190084275951, 0.9753538476863457, 0.0, 0.8156255155208191, 0.9279672993787199, 0.9949020779167778, 0.0, 0.7747283970646366, 0.9410222028949019, 0.9802201112558785, 0.0, 0.8125415552678947, 0.950381454104788, 0.9959086379752481, 0.0, 0.844330593739566, 0.8450520288527478, 0.8887733926865916, 0.9590874402474286, 0.9967164576185517, 0.9841255546200179, 0.0, 0.8486209032212686, 0.9953765452537499, 0.0, 0.8459927670671117, 0.8887733926865916, 0.9649224130176451, 0.9962894240313672, 0.0, 0.8486209032212686, 0.9872598870811684, 0.0, 0.8542339197719928, 0.8887733926865916, 0.989775360757532, 0.0, 0.8762442953595658, 0.97078635382877, 0.9970220593096186, 0.0, 0.8542339197719928, 0.9091765464488278, 0.0])