DateTime of fitting: 2020-02-09T16:31:49.399
DATA_STATS
nr_subjects: 1
all_subject_ids: [11]
nr_puzzles: 1
nr_episodes: 53
nr_actions: 194
max_state_id: 7
max_action_id: 2
SUBJECT_SIGNALS
subject_id: 11
algorithm_name: Sarsa-Lambda (ReplTrc)
param_string: alpha=0.2241, gamma=0.998,
                lambda=0.6173, temp=0.0247,
                reward_magnitude=1.0,
                action_cost=0.0,
                initQSA=nothing, use_replacing_trace=true
param_vector: [0.22408370992901708, 0.9979790233748478, 0.6172598133926849, 0.024735451073268477, 1.0, 0.0, 0.0]
LL: -4.239
RPE
[0.0, 1.0, 0.086, 0.776, 0.0, 0.264, 0.133, 0.602, 0.155, 0.467, 0.16, 0.362, 0.049, 0.432, 0.155, -0.719, 0.557, 0.365, 0.076, 0.336, 0.151, -0.716, 0.189, 0.076, 0.244, 0.073, 0.396, 0.099, 0.224, 0.093, -0.075, 0.066, 0.315, 0.087, 0.245, 0.104, 0.276, 0.088, 0.19, -0.35, 0.115, 0.169, 0.133, 0.147, 0.116, 0.114, -0.311, 0.734, 0.089, 0.119, 0.069, 0.076, 0.242, 0.099, 0.053, -0.786, 0.495, 0.087, 0.099, 0.176, 0.041, 0.14, 0.032, 0.086, -0.493, 0.355, 0.044, 0.193, 0.112, 0.025, 0.089, 0.019, 0.07, -0.259, 0.163, 0.041, 0.047, 0.039, 0.036, 0.034, 0.028, 0.107, -0.086, 0.076, 0.181, 0.029, 0.022, 0.087, 0.144, 0.024, 0.017, -0.425, 0.328, 0.131, 0.114, 0.02, 0.013, 0.017, 0.01, 0.014, -0.015, 0.01, 0.01, 0.01, 0.008, 0.113, -0.527, 0.64, 0.006, 0.077, -0.353, 0.497, 0.005, 0.056, -0.231, 0.386, 0.004, 0.044, -0.146, 0.3, 0.003, 0.037, -0.088, 0.233, 0.002, 0.012, 0.002, 0.01, 0.001, 0.034, -0.048, 0.182, 0.001, 0.008, -0.158, 0.032, 0.094, -0.003, -0.115, 0.029, 0.072, -0.008, 0.04, -0.116, 0.111, 0.031, 0.012, 0.024, 0.011, 0.019, 0.031, -0.023, 0.098, 0.015, 0.013, 0.011, -0.535, 0.442, 0.028, 0.003, 0.068, 0.009, 0.026, -0.02, 0.082, 0.007, 0.055, 0.005, 0.043, 0.004, 0.023, -0.008, 0.066, 0.003, 0.02, -0.0, 0.052, 0.002, 0.019, 0.004, 0.04, 0.002, 0.035, 0.001, 0.028, 0.001, -0.021, 0.013, 0.025, 0.001, 0.023, 0.001, 0.032, 0.001]
SPE
Float64[]
action_selection_prob
[0.5, 0.5, 0.996, 1.0, 0.5, 0.5, 1.0, 1.0, 1.0, 1.0, 1.0, 1.0, 0.961, 0.995, 1.0, 1.0, 0.5, 1.0, 0.998, 1.0, 1.0, 1.0, 0.5, 1.0, 1.0, 1.0, 1.0, 1.0, 1.0, 1.0, 1.0, 1.0, 1.0, 1.0, 1.0, 1.0, 1.0, 1.0, 1.0, 1.0, 1.0, 1.0, 1.0, 1.0, 1.0, 1.0, 1.0, 0.999, 1.0, 1.0, 1.0, 1.0, 1.0, 1.0, 1.0, 1.0, 0.975, 1.0, 1.0, 1.0, 1.0, 1.0, 1.0, 1.0, 1.0, 1.0, 1.0, 1.0, 1.0, 1.0, 1.0, 1.0, 1.0, 1.0, 1.0, 1.0, 1.0, 1.0, 1.0, 1.0, 1.0, 1.0, 1.0, 1.0, 1.0, 1.0, 1.0, 1.0, 1.0, 1.0, 1.0, 1.0, 1.0, 1.0, 1.0, 1.0, 1.0, 1.0, 1.0, 1.0, 1.0, 1.0, 1.0, 1.0, 1.0, 1.0, 1.0, 1.0, 1.0, 1.0, 1.0, 1.0, 1.0, 1.0, 1.0, 1.0, 1.0, 1.0, 1.0, 1.0, 1.0, 1.0, 1.0, 1.0, 1.0, 1.0, 1.0, 1.0, 1.0, 1.0, 1.0, 1.0, 1.0, 1.0, 1.0, 1.0, 1.0, 1.0, 1.0, 1.0, 1.0, 1.0, 1.0, 1.0, 1.0, 1.0, 1.0, 1.0, 1.0, 1.0, 1.0, 1.0, 1.0, 1.0, 1.0, 1.0, 1.0, 1.0, 1.0, 1.0, 1.0, 1.0, 1.0, 1.0, 1.0, 1.0, 1.0, 1.0, 1.0, 1.0, 1.0, 1.0, 1.0, 1.0, 1.0, 1.0, 1.0, 1.0, 1.0, 1.0, 1.0, 1.0, 1.0, 1.0, 1.0, 1.0, 1.0, 1.0, 1.0, 1.0, 1.0, 1.0, 1.0, 1.0]
results_dict
Dict{String,Any}("trialByTrial_Qsa" => [0.0, 0.0, 0.138038331795086, 0.22408370992901708, 0.0, 0.0, 0.2643244093155448, 0.3979539108024823, 0.3771938210135458, 0.532862632018118, 0.4763182122966737, 0.6375405064819746, 0.07924385358209882, 0.12864004127569922, 0.5621900842737658, 0.7187617744884862, 0.0, 0.6345272223685348, 0.15070848865545317, 0.22677770271599682, 0.5642042601896478, 0.7164237182582562, 0.0, 0.195463300203396, 0.27437509261437987, 0.5270062325719526, 0.6035477345644494, 0.2730883274874226, 0.3727728377822448, 0.5980836494322137, 0.6923862290130111, 0.6085854321158581, 0.6847067923866182, 0.6668276793038573, 0.7553588640640446, 0.33856377989835273, 0.4430743417834197, 0.720093852109774, 0.8101789574058225, 0.7661161326978175, 0.41728479555817155, 0.5331740869820307, 0.7179798206090735, 0.8527147608529198, 0.7681165674088603, 0.88571898365878, 0.4853678406058512, 0.17516794266787203, 0.9113274977749792, 0.8098434002589375, 0.9311975610422509, 0.524681887510624, 0.6019318000826845, 0.8461125551986888, 0.9466150668160681, 0.8755740063636631, 0.09016588954238629, 0.586369773598389, 0.674414169973585, 0.7804376558421187, 0.9585777606982363, 0.8256396991021863, 0.967859809754543, 0.6366478795949566, 0.7245011719429001, 0.232063482705705, 0.6181288021206128, 0.6667157259337149, 0.86150717469064, 0.9750619028225694, 0.8899537785077883, 0.9806501241566584, 0.9125042716982139, 0.9849861161223002, 0.7274986265999377, 0.9064359375212068, 0.952990993621426, 0.9221433488608894, 0.9635249461708137, 0.9360148967342421, 0.9716984115527184, 0.6653293822134335, 0.7737566214326838, 0.6774218633975222, 0.764944821487034, 0.9474776441166977, 0.9780403364888695, 0.7228684480276565, 0.8112316513009468, 0.9569145978144611, 0.9829611393572365, 0.7650831238495333, 0.3406253645127143, 0.715068696370673, 0.8482135435884267, 0.9646580677868751, 0.9867792704630305, 0.9709931557057417, 0.9897418205856428, 0.9761622257225924, 0.9920405114859294, 0.9772351598681861, 0.9900472691684048, 0.9807383123512713, 0.9922775140170735, 0.7627288374949579, 0.8777724942292804, 0.3519568001527647, 0.9940079973260025, 0.7701686170699185, 0.8486462682163043, 0.4962069860790036, 0.9953507075150965, 0.7810976290269195, 0.8384642862890804, 0.6082479811204881, 0.9963925382236587, 0.7946474429175446, 0.840208722267503, 0.6952715872344812, 0.9972009116419284, 0.8099249411758841, 0.8490534497851826, 0.7628638115490932, 0.9978281417456242, 0.9839406878790311, 0.9983148198007047, 0.9869422113747749, 0.9986924412316617, 0.826120286267679, 0.8617346774574859, 0.8153634056759772, 0.9989854438514212, 0.989303463916332, 0.999212789357126, 0.842577621362075, 0.8761288405925894, 0.9768318203529327, 0.9759551109745422, 0.8563817894891576, 0.8884858254947311, 0.9665502956266215, 0.9598178756461371, 0.9702502131285172, 0.8561977523734294, 0.9688220351441797, 0.962232529497502, 0.9758085091771085, 0.968172126037624, 0.9812294281894158, 0.8742243387232526, 0.9069729934769728, 0.8853000253031259, 0.9854356075582206, 0.9732447458153761, 0.9886992506494366, 0.9778200349893277, 0.4434472513025552, 0.887021784279693, 0.9165016085050671, 0.921356035344939, 0.9912315644888888, 0.8998359311336527, 0.9272534265726954, 0.9093029503135782, 0.993196428048492, 0.9377754863626566, 0.9947209976921548, 0.9508142752283485, 0.9959039361140206, 0.9101477391002365, 0.9347011948721257, 0.9285914789454685, 0.9968217973056971, 0.9199210714624734, 0.942322144579164, 0.9438680669775572, 0.9975339807563429, 0.9289852611458733, 0.9495804757347641, 0.9557823780576178, 0.9980865754972179, 0.9610325345809675, 0.9985153427584704, 0.9691845653186707, 0.9988480302611253, 0.9755383343236763, 0.9562612450437588, 0.9725196870524864, 0.9991061679139384, 0.9372857150573435, 0.9625435131384655, 0.9650741840806016, 0.9993064611238367],"StateValue_V2_record" => [0.0, 0.0, 1.0, 0.13775935955315313, 0.22363084198917316, 1.0, 0.0, 0.0, 0.2637902158628609, 0.3971496552508626, 1.0, 0.3764315211181256, 0.5317857290943923, 1.0, 0.47535558432348785, 0.6362520520207868, 1.0, 0.07908370360632241, 0.12838006275922242, 0.5610539112545562, 0.717309173743192, 0.0, 0.6332448576841052, 1.0, 0.15040391032266848, 0.22631939027970208, 0.5630640165679932, 0.7149758426699516, 0.0, 0.19506827344260982, 0.27382058696568223, 0.5259411652946151, 0.6023279787007311, 1.0, 0.27253642236096864, 0.3720194725905952, 0.5968749363568254, 0.6909869326285984, 0.6073554951831438, 0.6833230159641219, 1.0, 0.6654800361509797, 0.7538323014561696, 1.0, 0.337879550413055, 0.4421788988954707, 0.7186385592667442, 0.8085416046707151, 1.0, 0.7645678299014832, 0.41644147274031706, 0.5320965546151032, 0.7165288001742915, 0.8509914442533137, 1.0, 0.7665642217807348, 0.883928966296352, 1.0, 0.48438692354538615, 0.17481393235026427, 0.9094857262041175, 1.0, 0.8082067256769804, 0.9293156325379858, 1.0, 0.5236215176803243, 0.6007153099847816, 0.8444025815023845, 0.944701979893016, 1.0, 0.8738044917632113, 0.08998366638723507, 0.5851847339922509, 0.673051194700397, 0.7788604095822731, 0.9566404974504744, 1.0, 0.8239711005695031, 0.9659037877026048, 1.0, 0.6353612291118425, 0.7230369720095081, 0.23159448783160536, 0.6168795782601937, 0.6653683090359814, 0.8597660888281893, 0.9730913255088885, 1.0, 0.8881552027239582, 0.9786682531782852, 1.0, 0.9106601218947603, 0.9829954822055176, 0.7260283688807488, 0.9046040516792785, 0.9510650210993365, 1.0, 0.920279718707802, 0.9615776847768515, 1.0, 0.9341232325071479, 0.9697346317762728, 1.0, 0.6639847670839532, 0.7721928773872115, 0.6760528096462287, 0.7633988858832775, 0.9455628139450836, 0.9760637398303694, 1.0, 0.7214075477911326, 0.809592171096084, 0.9549806957800111, 0.9809745978711626, 1.0, 0.763536908739935, 0.33993696861310013, 0.7136235592499298, 0.846499323843697, 0.9627085163806134, 0.9847850126232399, 1.0, 0.9690308012348776, 0.9877415755013036, 1.0, 0.9741894246820505, 0.9900356208010123, 0.9752601904528156, 0.9880464067796196, 1.0, 0.9787562631466181, 0.9902721443555809, 1.0, 0.7611873803430511, 0.8759985365362415, 0.3512455036865926, 0.9919991303981923, 1.0, 0.7686121242973943, 0.8469311739452164, 0.4952041633589007, 0.9933391270013797, 1.0, 0.7795190489766942, 0.8367697695654652, 0.6070187261683475, 0.9943788521944326, 1.0, 0.7930414790101713, 0.8385106800795513, 0.6938664596085479, 0.9951855919089195, 1.0, 0.8082881018016399, 0.8473375326096619, 0.7613220816177779, 0.9958115543952372, 1.0, 0.9819521667482914, 0.9962972488853444, 1.0, 0.9849476242352104, 0.9966741071522163, 1.0, 0.8244507164795679, 0.8599931318172612, 0.8137155752921016, 0.9969665176205301, 1.0, 0.987304104740575, 0.9971934036662821, 0.8408747916844259, 0.8743582046851301, 0.9748576660772945, 0.9739827285080649, 0.854651061910394, 0.8866902164096272, 0.9645969200721262, 0.957878106155053, 1.0, 0.9682893601272355, 0.8544673967293749, 0.966864068457221, 1.0, 0.9602878800474265, 0.973836422989437, 1.0, 0.9662154728017781, 0.9792463864511336, 1.0, 0.8724575517695538, 0.9051400222575116, 0.8835108546457416, 0.9834440652297527, 1.0, 0.9712778409335311, 0.9867011125745686, 1.0, 0.9758438835550087, 0.44255105477318474, 0.885229133987663, 0.914649380177364, 0.919493996334064, 0.9892283086669437, 1.0, 0.8980173837503594, 0.9253794690719996, 0.9074652703058125, 0.9911892012832213, 1.0, 0.935880264025077, 0.9927106898072708, 1.0, 0.9488927018032509, 0.993891237538237, 1.0, 0.9083083517940798, 0.9328121856057873, 0.9267148172722042, 0.9948072437539001, 1.0, 0.9180619324800627, 0.9404177335516062, 0.9419605316769679, 0.9955179878984393, 1.0, 0.9271078036479866, 0.9476613957896033, 0.953850764212831, 0.9960694658582598, 1.0, 0.9590903102925685, 0.9964973665908997, 1.0, 0.9672258659667033, 0.9968293817398882, 1.0, 0.9735667941530682, 0.9543286634199863, 0.9705542474974529, 0.9970869977025388, 1.0, 0.9353914825361235, 0.9605982351977208, 0.9631237917130369, 0.9972868861245419, 1.0],"final_QSA" => Dict{Int64,Any}(1 => [0.0 0.0; 0.0 0.9723882608109464; 0.9994618718881874 0.0; 0.9671791056778164 0.0; 0.550337047216201 0.0; 0.0 0.9781482042559937; 0.9453652532922461 0.0]),"trialByTrial_Vs" => [0.0, 0.0, 0.138038331795086, 0.22408370992901708, 0.0, 0.0, 0.2643244093155448, 0.3979539108024823, 0.3771938210135458, 0.532862632018118, 0.4763182122966737, 0.6375405064819746, 0.07924385358209882, 0.12864004127569922, 0.5621900842737658, 0.7187617744884862, 0.0, 0.6345272223685348, 0.15070848865545317, 0.22677770271599682, 0.5642042601896478, 0.7164237182582562, 0.0, 0.195463300203396, 0.27437509261437987, 0.5270062325719526, 0.6035477345644494, 0.2730883274874226, 0.3727728377822448, 0.5980836494322137, 0.6923862290130111, 0.6085854321158581, 0.6847067923866182, 0.6668276793038573, 0.7553588640640446, 0.33856377989835273, 0.4430743417834197, 0.720093852109774, 0.8101789574058225, 0.7661161326978175, 0.41728479555817155, 0.5331740869820307, 0.7179798206090735, 0.8527147608529198, 0.7681165674088603, 0.88571898365878, 0.4853678406058512, 0.17516794266787203, 0.9113274977749792, 0.8098434002589375, 0.9311975610422509, 0.524681887510624, 0.6019318000826845, 0.8461125551986888, 0.9466150668160681, 0.8755740063636631, 0.09016588954238629, 0.586369773598389, 0.674414169973585, 0.7804376558421187, 0.9585777606982363, 0.8256396991021863, 0.967859809754543, 0.6366478795949566, 0.7245011719429001, 0.232063482705705, 0.6181288021206128, 0.6667157259337149, 0.86150717469064, 0.9750619028225694, 0.8899537785077883, 0.9806501241566584, 0.9125042716982139, 0.9849861161223002, 0.7274986265999377, 0.9064359375212068, 0.952990993621426, 0.9221433488608894, 0.9635249461708137, 0.9360148967342421, 0.9716984115527184, 0.6653293822134335, 0.7737566214326838, 0.6774218633975222, 0.764944821487034, 0.9474776441166977, 0.9780403364888695, 0.7228684480276565, 0.8112316513009468, 0.9569145978144611, 0.9829611393572365, 0.7650831238495333, 0.3406253645127143, 0.715068696370673, 0.8482135435884267, 0.9646580677868751, 0.9867792704630305, 0.9709931557057417, 0.9897418205856428, 0.9761622257225924, 0.9920405114859294, 0.9772351598681861, 0.9900472691684048, 0.9807383123512713, 0.9922775140170735, 0.7627288374949579, 0.8777724942292804, 0.3519568001527647, 0.9940079973260025, 0.7701686170699185, 0.8486462682163043, 0.4962069860790036, 0.9953507075150965, 0.7810976290269195, 0.8384642862890804, 0.6082479811204881, 0.9963925382236587, 0.7946474429175446, 0.840208722267503, 0.6952715872344812, 0.9972009116419284, 0.8099249411758841, 0.8490534497851826, 0.7628638115490932, 0.9978281417456242, 0.9839406878790311, 0.9983148198007047, 0.9869422113747749, 0.9986924412316617, 0.826120286267679, 0.8617346774574859, 0.8153634056759772, 0.9989854438514212, 0.989303463916332, 0.999212789357126, 0.842577621362075, 0.8761288405925894, 0.9768318203529327, 0.9759551109745422, 0.8563817894891576, 0.8884858254947311, 0.9665502956266215, 0.9598178756461371, 0.9702502131285172, 0.8561977523734294, 0.9688220351441797, 0.962232529497502, 0.9758085091771085, 0.968172126037624, 0.9812294281894158, 0.8742243387232526, 0.9069729934769728, 0.8853000253031259, 0.9854356075582206, 0.9732447458153761, 0.9886992506494366, 0.9778200349893277, 0.4434472513025552, 0.887021784279693, 0.9165016085050671, 0.921356035344939, 0.9912315644888888, 0.8998359311336527, 0.9272534265726954, 0.9093029503135782, 0.993196428048492, 0.9377754863626566, 0.9947209976921548, 0.9508142752283485, 0.9959039361140206, 0.9101477391002365, 0.9347011948721257, 0.9285914789454685, 0.9968217973056971, 0.9199210714624734, 0.942322144579164, 0.9438680669775572, 0.9975339807563429, 0.9289852611458733, 0.9495804757347641, 0.9557823780576178, 0.9980865754972179, 0.9610325345809675, 0.9985153427584704, 0.9691845653186707, 0.9988480302611253, 0.9755383343236763, 0.9562612450437588, 0.9725196870524864, 0.9991061679139384, 0.9372857150573435, 0.9625435131384655, 0.9650741840806016, 0.9993064611238367],"RPE_QV" => [0.0, 1.0, 0.08559251019408715, 0.775916290070983, 0.0, 0.2637902158628609, 0.1328252459353178, 0.6020460891975177, 0.15459190808084644, 0.467137367981882, 0.15993383972411312, 0.3624594935180254, 0.04913620917712361, 0.43241386997885695, 0.1551190894694262, -0.7187617744884862, 0.5565718729246997, 0.36547277763146524, 0.07561090162424891, 0.33628631385199637, 0.15077158248030387, -0.7164237182582562, 0.18898256553579001, 0.07591270901937361, 0.24371775572648857, 0.07297187068321442, 0.39645226543555057, 0.09893114510317258, 0.22410209857458063, 0.09290328319638474, -0.07473525321141938, 0.06568839291079653, 0.31529320761338175, 0.0870046221523123, 0.24464113593595538, 0.10361511899711795, 0.27556421748332455, 0.08844775256094117, 0.18982104259417754, -0.34967465995750047, 0.11481175905693164, 0.1690120986877327, 0.13301162364424024, 0.14728523914708025, 0.11581239888749173, 0.11428101634122001, -0.31055390825558693, 0.7343177835362454, 0.08867250222502077, 0.11947223227904824, 0.06880243895774907, 0.07603342247415767, 0.2424707814196999, 0.09858942469432719, 0.05338493318393189, -0.785590339976428, 0.4950188444498646, 0.08668142110200794, 0.09925748406953816, 0.17620284160835575, 0.0414222393017637, 0.1402640886004185, 0.032140190245457, 0.0863890924145515, -0.49290668411129474, 0.35471450275884386, 0.043544275823268586, 0.19305036289447441, 0.11158415081824857, 0.024938097177430563, 0.08871447467049687, 0.01934987584334158, 0.07049121050730367, -0.2589577472415514, 0.16325165064208358, 0.04113804846751179, 0.04700900637857397, 0.039434335915962015, 0.036475053829186255, 0.03371973504203074, 0.02830158844728159, 0.10686349517377802, -0.08587388094511261, 0.07556696568905585, 0.18061799245804955, 0.028586095713671766, 0.021959663511130545, 0.08672372306842746, 0.14374904447906434, 0.024060000056701503, 0.017038860642763498, -0.4251461552364331, 0.3278357515632373, 0.13143062747302392, 0.11449497279218668, 0.02012694483636479, 0.013220729536969511, 0.016748419795561853, 0.010258179414357249, 0.013873395078419892, -0.014748567781243449, 0.009502226301772332, 0.009952730831595202, 0.009533832004309573, 0.007722485982926464, 0.11326969904128359, -0.5265269905426878, 0.6400423302454277, 0.005992002673997465, 0.07676255687529798, -0.35344210485740357, 0.4971321409223761, 0.004649292484903533, 0.055672140538545745, -0.23144556012073292, 0.3861308710739445, 0.003607461776341303, 0.043863237162006685, -0.1463422626589551, 0.2999140046744383, 0.002799088358071633, 0.03741259143377784, -0.08773136816740468, 0.23294774284614395, 0.0021718582543758247, 0.012356561006313327, 0.0016851801992953108, 0.00973189577744138, 0.0013075587683383239, 0.03387284554958225, -0.0480191021653843, 0.18160311194455292, 0.0010145561485788157, 0.007889939749950114, -0.15833799767270007, 0.03178058332305511, 0.09382410376349415, -0.00270755260758182, -0.11527781912172952, 0.028802743052331325, 0.07232999278704999, -0.008241366195156252, 0.040182124353862925, -0.11578281639914234, 0.11066631608379152, 0.03117796485582025, 0.011603893491934913, 0.024191490822891515, 0.011074260413509562, 0.01877057181058417, 0.030915683534258998, -0.02346213883123116, 0.09814403992662679, 0.014564392441779428, 0.013456366759192484, 0.011300749350563355, -0.535268980216143, 0.4417818826851078, 0.027627595897670942, 0.0028437298305743486, 0.06787227332200463, 0.008768435511111172, 0.02554353793834696, -0.019788156266882906, 0.08188625096964308, 0.006803571951508047, 0.05493520344461422, 0.005279002307845171, 0.043076962309888556, 0.004096063885979384, 0.022664446505550773, -0.00798637759992149, 0.06621576480843161, 0.003178202694302912, 0.02049666208913281, -0.00036161290219605124, 0.05164992092088205, 0.0024660192436570805, 0.01867613464372997, 0.004270288478066875, 0.04028708780064205, 0.0019134245027820906, 0.03546483200993222, 0.0014846572415295745, 0.027644816421217522, 0.0011519697388746586, -0.02120967090368997, 0.012562412546804014, 0.024567310650052465, 0.0008938320860616411, 0.023312520140377324, 0.0005802785745713246, 0.03221270204394022, 0.0006935388761633021],"StateValue_V3_record" => [0.0, 0.0, 0.22408370992901708, 0.138038331795086, 0.15721821902151428, 0.3979539108024823, 0.0, 0.0, 0.05911109021352612, 0.2940883831969649, 0.532862632018118, 0.3771938210135458, 0.4118353493013075, 0.6375405064819746, 0.4763182122966737, 0.5121567804452458, 0.7187617744884862, 0.07924385358209882, 0.09025447762635688, 0.2255369454853251, 0.596949745322886, 0.5576989695059427, 0.12471869012710815, 0.7164237182582562, 0.15070848865545317, 0.16765166000249282, 0.30213398752230597, 0.5979897157437031, 0.5558848335898052, 0.04234791439716343, 0.2124741016712192, 0.32898827149314536, 0.5433580400751077, 0.6923862290130111, 0.2730883274874226, 0.29525718550966745, 0.4229904674337151, 0.6189017617954458, 0.6756392762109117, 0.6233051308985844, 0.7553588640640446, 0.6668276793038573, 0.6863239978167198, 0.8101789574058225, 0.33856377989835273, 0.3617822401679635, 0.5048237939607696, 0.7399135526385133, 0.8527147608529198, 0.7661161326978175, 0.6877597376263733, 0.4430122404711252, 0.571046945078867, 0.747785558698957, 0.88571898365878, 0.7681165674088603, 0.7940682394073486, 0.9113274977749792, 0.4853678406058512, 0.4157777687109837, 0.3397165958695268, 0.9311975610422509, 0.8098434002589375, 0.8366151813015279, 0.9466150668160681, 0.524681887510624, 0.5417197388972335, 0.6562655523325986, 0.8682048392439611, 0.9585777606982363, 0.8755740063636631, 0.6995360084973473, 0.201091548691487, 0.6057936680208463, 0.6966561552421074, 0.819921842289754, 0.967859809754543, 0.8256396991021863, 0.8570705964455804, 0.9750619028225694, 0.6366478795949566, 0.65600626792061, 0.6140488135184311, 0.3115492244495333, 0.6278863649932632, 0.7099751674542517, 0.8865113651752721, 0.9806501241566584, 0.8899537785077883, 0.909833247116357, 0.9849861161223002, 0.9125042716982139, 0.9283002036660778, 0.9269579034055527, 0.7640806621278515, 0.9156543040410465, 0.9635249461708137, 0.9221433488608894, 0.9309799411515253, 0.9716984115527184, 0.9360148967342421, 0.9435709400602839, 0.9780403364888695, 0.6653293822134335, 0.6892757506679553, 0.7545136836045002, 0.6943551894172045, 0.805418371316965, 0.9538833224966032, 0.9829611393572365, 0.7228684480276565, 0.7423018216316863, 0.8434434704865668, 0.9623060518880591, 0.9867792704630305, 0.7650831238495333, 0.6698147961220955, 0.4140880159703721, 0.7445201589731268, 0.8738700018599218, 0.9691681882553445, 0.9897418205856428, 0.9709931557057417, 0.9747462037489798, 0.9920405114859294, 0.9761622257225924, 0.9792710275610756, 0.9887355977013688, 0.9793644539904723, 0.9922775140170735, 0.9807383123512713, 0.982874688796637, 0.9940079973260025, 0.7627288374949579, 0.788110731878672, 0.7597863728107144, 0.4953798600257733, 0.9953507075150965, 0.7701686170699185, 0.7873698555981724, 0.7694456501147366, 0.6076062005418446, 0.9963925382236587, 0.7810976290269195, 0.7935728488184864, 0.7866011065306272, 0.6947736192288605, 0.9972009116419284, 0.7946474429175446, 0.8044764798303035, 0.8074158051314777, 0.762477430061598, 0.9978281417456242, 0.8099249411758841, 0.8183084934624236, 0.829394279329082, 0.8150636059856478, 0.9983148198007047, 0.9839406878790311, 0.98670959191129, 0.9986924412316617, 0.9869422113747749, 0.9891229706852265, 0.9989854438514212, 0.826120286267679, 0.833710639164282, 0.850974378896806, 0.8560577047351672, 0.999212789357126, 0.989303463916332, 0.9910714708866172, 0.9637318234158953, 0.8496991323768135, 0.8971532938446782, 0.9762251019197978, 0.9501232295932189, 0.8628360150084562, 0.9046937986175922, 0.9647035397147273, 0.9688220351441797, 0.9702502131285172, 0.9443051700837671, 0.8809962710456627, 0.9758085091771085, 0.962232529497502, 0.964832773000796, 0.9812294281894158, 0.968172126037624, 0.9706536873958033, 0.9854356075582206, 0.8742243387232526, 0.8811520397846008, 0.9017155103648009, 0.907292505877306, 0.9886992506494366, 0.9732447458153761, 0.9762600984009415, 0.9912315644888888, 0.9778200349893277, 0.8578749760925727, 0.54244337455406, 0.8932126784648629, 0.9171388420355381, 0.9365651061522501, 0.993196428048492, 0.8998359311336527, 0.90555982187959, 0.9228192231037571, 0.9276523252230344, 0.9947209976921548, 0.9377754863626566, 0.9500855705562311, 0.9959039361140206, 0.9508142752283485, 0.9604671207552208, 0.9968217973056971, 0.9101477391002365, 0.9152264723566881, 0.9329115777506413, 0.943429353179529, 0.9975339807563429, 0.9199210714624734, 0.9245140395445677, 0.9422411130184817, 0.9554419728750488, 0.9980865754972179, 0.9289852611458733, 0.9331702786839742, 0.9505373778193965, 0.9648100581542217, 0.9985153427584704, 0.9610325345809675, 0.9689796257097625, 0.9988480302611253, 0.9691845653186707, 0.9753793183426437, 0.9991061679139384, 0.9755383343236763, 0.9707855925812039, 0.9590762770529054, 0.9780248211659288, 0.9993064611238367, 0.9372857150573435, 0.9425096710581942, 0.9626735441142478, 0.9722925258614458, 0.9994618718881874],"StateValue_V1_record" => [0.0, 0.0, 0.0, 0.138038331795086, 0.22408370992901708, 0.0, 0.0, 0.0, 0.2643244093155448, 0.3979539108024823, 0.0, 0.3771938210135458, 0.532862632018118, 0.0, 0.4763182122966737, 0.6375405064819746, 0.0, 0.07924385358209882, 0.12864004127569922, 0.5621900842737658, 0.7187617744884862, 0.0, 0.6345272223685348, 0.0, 0.15070848865545317, 0.22677770271599682, 0.5642042601896478, 0.7164237182582562, 0.0, 0.195463300203396, 0.27437509261437987, 0.5270062325719526, 0.6035477345644494, 0.0, 0.2730883274874226, 0.3727728377822448, 0.5980836494322137, 0.6923862290130111, 0.6085854321158581, 0.6847067923866182, 0.0, 0.6668276793038573, 0.7553588640640446, 0.0, 0.33856377989835273, 0.4430743417834197, 0.720093852109774, 0.8101789574058225, 0.0, 0.7661161326978175, 0.41728479555817155, 0.5331740869820307, 0.7179798206090735, 0.8527147608529198, 0.0, 0.7681165674088603, 0.88571898365878, 0.0, 0.4853678406058512, 0.17516794266787203, 0.9113274977749792, 0.0, 0.8098434002589375, 0.9311975610422509, 0.0, 0.524681887510624, 0.6019318000826845, 0.8461125551986888, 0.9466150668160681, 0.0, 0.8755740063636631, 0.09016588954238629, 0.586369773598389, 0.674414169973585, 0.7804376558421187, 0.9585777606982363, 0.0, 0.8256396991021863, 0.967859809754543, 0.0, 0.6366478795949566, 0.7245011719429001, 0.232063482705705, 0.6181288021206128, 0.6667157259337149, 0.86150717469064, 0.9750619028225694, 0.0, 0.8899537785077883, 0.9806501241566584, 0.0, 0.9125042716982139, 0.9849861161223002, 0.7274986265999377, 0.9064359375212068, 0.952990993621426, 0.0, 0.9221433488608894, 0.9635249461708137, 0.0, 0.9360148967342421, 0.9716984115527184, 0.0, 0.6653293822134335, 0.7737566214326838, 0.6774218633975222, 0.764944821487034, 0.9474776441166977, 0.9780403364888695, 0.0, 0.7228684480276565, 0.8112316513009468, 0.9569145978144611, 0.9829611393572365, 0.0, 0.7650831238495333, 0.3406253645127143, 0.715068696370673, 0.8482135435884267, 0.9646580677868751, 0.9867792704630305, 0.0, 0.9709931557057417, 0.9897418205856428, 0.0, 0.9761622257225924, 0.9920405114859294, 0.9772351598681861, 0.9900472691684048, 0.0, 0.9807383123512713, 0.9922775140170735, 0.0, 0.7627288374949579, 0.8777724942292804, 0.3519568001527647, 0.9940079973260025, 0.0, 0.7701686170699185, 0.8486462682163043, 0.4962069860790036, 0.9953507075150965, 0.0, 0.7810976290269195, 0.8384642862890804, 0.6082479811204881, 0.9963925382236587, 0.0, 0.7946474429175446, 0.840208722267503, 0.6952715872344812, 0.9972009116419284, 0.0, 0.8099249411758841, 0.8490534497851826, 0.7628638115490932, 0.9978281417456242, 0.0, 0.9839406878790311, 0.9983148198007047, 0.0, 0.9869422113747749, 0.9986924412316617, 0.0, 0.826120286267679, 0.8617346774574859, 0.8153634056759772, 0.9989854438514212, 0.0, 0.989303463916332, 0.999212789357126, 0.842577621362075, 0.8761288405925894, 0.9768318203529327, 0.9759551109745422, 0.8563817894891576, 0.8884858254947311, 0.9665502956266215, 0.9598178756461371, 0.0, 0.9702502131285172, 0.8561977523734294, 0.9688220351441797, 0.0, 0.962232529497502, 0.9758085091771085, 0.0, 0.968172126037624, 0.9812294281894158, 0.0, 0.8742243387232526, 0.9069729934769728, 0.8853000253031259, 0.9854356075582206, 0.0, 0.9732447458153761, 0.9886992506494366, 0.0, 0.9778200349893277, 0.4434472513025552, 0.887021784279693, 0.9165016085050671, 0.921356035344939, 0.9912315644888888, 0.0, 0.8998359311336527, 0.9272534265726954, 0.9093029503135782, 0.993196428048492, 0.0, 0.9377754863626566, 0.9947209976921548, 0.0, 0.9508142752283485, 0.9959039361140206, 0.0, 0.9101477391002365, 0.9347011948721257, 0.9285914789454685, 0.9968217973056971, 0.0, 0.9199210714624734, 0.942322144579164, 0.9438680669775572, 0.9975339807563429, 0.0, 0.9289852611458733, 0.9495804757347641, 0.9557823780576178, 0.9980865754972179, 0.0, 0.9610325345809675, 0.9985153427584704, 0.0, 0.9691845653186707, 0.9988480302611253, 0.0, 0.9755383343236763, 0.9562612450437588, 0.9725196870524864, 0.9991061679139384, 0.0, 0.9372857150573435, 0.9625435131384655, 0.9650741840806016, 0.9993064611238367, 0.0])
POPULATION_SIGNALS
subject_id: 11
algorithm_name: Sarsa-Lambda (ReplTrc)
param_string: alpha=0.1974, gamma=0.9961,
                lambda=0.6128, temp=0.2507,
                reward_magnitude=1.0,
                action_cost=0.0,
                initQSA=nothing, use_replacing_trace=true
param_vector: [0.197445163350583, 0.9960525723724495, 0.6127972592361022, 0.2507274927826116, 1.0, 0.0, 0.0]
LL: -19.073
RPE
[0.0, 1.0, 0.076, 0.803, 0.0, 0.231, 0.122, 0.644, 0.147, 0.517, 0.157, 0.415, 0.042, 0.397, 0.158, -0.667, 0.533, 0.4, 0.065, 0.321, 0.162, -0.679, 0.157, 0.068, 0.244, 0.091, 0.418, 0.091, 0.229, 0.108, -0.091, 0.079, 0.344, 0.1, 0.276, 0.098, 0.284, 0.101, 0.221, -0.364, 0.111, 0.188, 0.142, 0.178, 0.128, 0.143, -0.269, 0.728, 0.114, 0.136, 0.092, 0.072, 0.264, 0.116, 0.074, -0.766, 0.448, 0.086, 0.134, 0.184, 0.059, 0.152, 0.047, 0.089, -0.473, 0.339, 0.051, 0.214, 0.126, 0.038, 0.104, 0.031, 0.086, -0.303, 0.188, 0.054, 0.058, 0.052, 0.046, 0.045, 0.037, 0.116, -0.098, 0.085, 0.21, 0.039, 0.03, 0.097, 0.173, 0.034, 0.024, -0.42, 0.333, 0.136, 0.142, 0.029, 0.019, 0.025, 0.015, 0.021, -0.025, 0.015, 0.015, 0.015, 0.012, 0.122, -0.525, 0.675, 0.01, 0.09, -0.37, 0.542, 0.008, 0.069, -0.255, 0.436, 0.006, 0.057, -0.171, 0.35, 0.005, 0.049, -0.11, 0.282, 0.004, 0.02, 0.003, 0.016, 0.003, 0.044, -0.067, 0.227, 0.002, 0.013, -0.201, 0.041, 0.114, 0.001, -0.153, 0.037, 0.09, -0.007, 0.047, -0.152, 0.147, 0.038, 0.015, 0.031, 0.014, 0.024, 0.039, -0.036, 0.131, 0.02, 0.017, 0.016, -0.589, 0.465, 0.035, 0.019, 0.072, 0.013, 0.034, -0.032, 0.112, 0.01, 0.061, 0.008, 0.049, 0.007, 0.03, -0.016, 0.094, 0.005, 0.027, -0.006, 0.076, 0.004, 0.025, 0.001, 0.061, 0.003, 0.043, 0.003, 0.034, 0.002, -0.036, 0.021, 0.032, 0.002, 0.031, -0.002, 0.051, 0.001]
SPE
Float64[]
action_selection_prob
[0.5, 0.5, 0.618, 0.687, 0.5, 0.5, 0.716, 0.805, 0.791, 0.873, 0.845, 0.912, 0.565, 0.606, 0.883, 0.935, 0.5, 0.916, 0.622, 0.682, 0.886, 0.937, 0.5, 0.656, 0.717, 0.874, 0.911, 0.715, 0.784, 0.901, 0.934, 0.905, 0.932, 0.923, 0.947, 0.759, 0.824, 0.936, 0.957, 0.947, 0.807, 0.868, 0.937, 0.964, 0.948, 0.968, 0.843, 0.648, 0.972, 0.955, 0.974, 0.865, 0.896, 0.961, 0.976, 0.966, 0.572, 0.89, 0.92, 0.953, 0.977, 0.96, 0.978, 0.907, 0.934, 0.682, 0.902, 0.921, 0.965, 0.979, 0.969, 0.979, 0.972, 0.98, 0.937, 0.971, 0.977, 0.973, 0.978, 0.975, 0.979, 0.918, 0.947, 0.921, 0.945, 0.976, 0.98, 0.933, 0.954, 0.977, 0.98, 0.943, 0.758, 0.934, 0.961, 0.978, 0.98, 0.978, 0.981, 0.979, 0.981, 0.979, 0.981, 0.979, 0.981, 0.944, 0.965, 0.776, 0.981, 0.947, 0.962, 0.855, 0.981, 0.949, 0.961, 0.901, 0.981, 0.952, 0.962, 0.928, 0.981, 0.955, 0.963, 0.944, 0.982, 0.98, 0.982, 0.98, 0.982, 0.958, 0.965, 0.955, 0.982, 0.98, 0.982, 0.961, 0.967, 0.979, 0.98, 0.963, 0.968, 0.978, 0.978, 0.979, 0.962, 0.979, 0.978, 0.979, 0.979, 0.98, 0.966, 0.971, 0.967, 0.98, 0.979, 0.981, 0.979, 0.821, 0.967, 0.972, 0.974, 0.981, 0.969, 0.973, 0.97, 0.981, 0.976, 0.981, 0.977, 0.981, 0.971, 0.974, 0.973, 0.981, 0.972, 0.975, 0.975, 0.981, 0.973, 0.976, 0.976, 0.982, 0.978, 0.982, 0.979, 0.982, 0.979, 0.976, 0.979, 0.982, 0.974, 0.977, 0.977, 0.982]
results_dict
Dict{String,Any}("trialByTrial_Qsa" => [0.0, 0.0, 0.12051624046486566, 0.197445163350583, 0.0, 0.0, 0.2322724870326988, 0.3559057341706276, 0.3340297000275636, 0.48307903170048183, 0.42537962934859613, 0.5851425767257217, 0.06579294353940444, 0.10779043915031966, 0.5064650471601797, 0.6670541684313135, 0.0, 0.599610942723501, 0.12478712517110874, 0.1909945640398277, 0.5144641700047022, 0.6786658255412453, 0.0, 0.16216815050935174, 0.23292720799634808, 0.4858816327273981, 0.5820943173051147, 0.23052998073346295, 0.32293492864637097, 0.5542963681780467, 0.6646077730899432, 0.5645531714798968, 0.6561544940558407, 0.6216833849516321, 0.7240451261443491, 0.287893401116671, 0.38743624998684467, 0.6745869384692372, 0.7785310812901677, 0.7211940206822121, 0.35889509949683557, 0.4720549421637348, 0.6766314958396109, 0.8222590481219075, 0.7261647538780658, 0.8573531393995656, 0.42199597822105683, 0.15353791806013412, 0.8855180720922662, 0.7685903079814407, 0.9081219750486984, 0.4650861420999933, 0.5394327239011546, 0.8065051642117649, 0.9262628466935371, 0.8383153341718257, 0.07277203222761933, 0.5229992188766754, 0.6109525320128116, 0.7534035554798045, 0.9408218909731386, 0.7968070455185159, 0.9525063223767258, 0.5721491498325936, 0.6638052499085094, 0.19125963742531518, 0.5576494167087703, 0.6150139287828864, 0.8325304902473653, 0.9618837193131732, 0.8619145978942814, 0.9694095945797003, 0.8860700474140761, 0.9754495221748719, 0.6752480683914427, 0.880270763150687, 0.9422763282348685, 0.8979500422707659, 0.9536735880357303, 0.9137921782065387, 0.9628205140134619, 0.6045215265209716, 0.7231170665652668, 0.6155369953167134, 0.7140172898645427, 0.9272028950692188, 0.9701614236973647, 0.661869943132901, 0.7622977009069035, 0.938524737516658, 0.9760529062695874, 0.7054489069759692, 0.2868676405870371, 0.6627409046852981, 0.8021813673976164, 0.9480597705166942, 0.9807811441029605, 0.9560722104212569, 0.9845758142449628, 0.9627915951389788, 0.9876212451209159, 0.9639700293080375, 0.9845806236448662, 0.9687764932443034, 0.9876251049280698, 0.7097623539740237, 0.83513605361737, 0.31117061747328756, 0.9900684681069933, 0.7206699967852569, 0.8135168665706847, 0.44564096552393606, 0.9920294010439296, 0.7340835037405796, 0.8064972804143143, 0.5537101178445069, 0.9936031572568129, 0.7493817443910014, 0.8091662401402314, 0.6405613795159577, 0.9948661829171694, 0.7659353419028876, 0.8179806142242221, 0.7103604584402908, 0.995879830269701, 0.9732196807939328, 0.9966933378551319, 0.9774761240583726, 0.9973462223024706, 0.783164741833935, 0.830416913645063, 0.766455235586459, 0.9978701978734554, 0.9809418700260152, 0.9982907170022355, 0.8006030519338891, 0.8447618286997564, 0.9674976069449354, 0.9719539574997722, 0.8155655292560501, 0.857736373832236, 0.955994431928737, 0.9526090137041706, 0.9603553147929141, 0.8116259358382998, 0.9619661347346959, 0.950815426864943, 0.9694757374748579, 0.9574228744364992, 0.9755026054752907, 0.8354197632024054, 0.8782550340401378, 0.8451438225402716, 0.9803394975388856, 0.9631846565627176, 0.9842213686588749, 0.9684727323281217, 0.3813677549305281, 0.8493435159549062, 0.8883318146990375, 0.9117091583294209, 0.987336783101472, 0.8644758684877888, 0.9016459642251318, 0.8734428874294984, 0.9898370740305458, 0.927398059573911, 0.9918436946087046, 0.9403324623081346, 0.9934541176590261, 0.8760286328751974, 0.9097007266259054, 0.8968776747427337, 0.9947465704671135, 0.8871422597243107, 0.9181778564779511, 0.9160592324556558, 0.995783834719385, 0.8976280707776266, 0.9264900965582008, 0.9315324715500372, 0.9966162961619291, 0.95083566272779, 0.997284392118967, 0.959556730595641, 0.9978205757606337, 0.9665966959219605, 0.9343780976252329, 0.962079014346279, 0.9982508925355855, 0.9074192959091832, 0.9426049114160239, 0.944013985965126, 0.9985962453446146],"StateValue_V2_record" => [0.0, 0.0, 1.0, 0.12004051132768613, 0.19666576285784668, 1.0, 0.0, 0.0, 0.23135560820026604, 0.3545008220427588, 1.0, 0.3327111419612524, 0.481172112184457, 1.0, 0.42370047404750827, 0.5828327687522985, 1.0, 0.06553323065637913, 0.1073649441928319, 0.504465813040631, 0.664421020377775, 0.0, 0.5972440219224127, 1.0, 0.1242945370256457, 0.1902406268210249, 0.5124333599266409, 0.6759868413116294, 0.0, 0.16152800347172236, 0.2320077447002951, 0.4839636501466506, 0.5797965421151444, 1.0, 0.229619980318537, 0.32166016638713124, 0.5521083233804498, 0.6619842820049632, 0.5623246386935759, 0.6535643716780632, 1.0, 0.6192293347822849, 0.7211870104098136, 1.0, 0.28675696275131357, 0.385906873429732, 0.6719240553511391, 0.7754578861909761, 1.0, 0.7183471594801468, 0.3574783870656893, 0.4701915394433159, 0.6739605419792628, 0.8190132400383477, 1.0, 0.7232982710664541, 0.8539687999305325, 1.0, 0.4203301796379118, 0.15293183824050696, 0.8820225535897939, 1.0, 0.7655563533654471, 0.9045372292752054, 1.0, 0.46325024821347693, 0.5373033522636224, 0.8033215434447932, 0.9226064911421255, 1.0, 0.8350061450611166, 0.07248476989709103, 0.5209347173108944, 0.6085408411088223, 0.7504295494702088, 0.9371080646481069, 1.0, 0.7936617073732092, 0.9487463726043595, 1.0, 0.5698906324714649, 0.6611849267257075, 0.1905046538485072, 0.5554481359947667, 0.6125862058090804, 0.8292441363893847, 0.9580867529450653, 1.0, 0.8585122523979644, 0.9655829203636439, 1.0, 0.8825723500289688, 0.9715990057817578, 0.6725825755108242, 0.876795958020501, 0.9385567606240073, 1.0, 0.8944054494657462, 0.9499090305666529, 1.0, 0.9101850497164466, 0.9590198497160728, 1.0, 0.6021352215457337, 0.7202626142787537, 0.6131072075756208, 0.7111987582879826, 0.9235428287448778, 0.966331781690278, 1.0, 0.659257259433533, 0.7592885859019254, 0.9348199790386451, 0.9722000080614278, 1.0, 0.7026641984707469, 0.2857352513371336, 0.6601247829282355, 0.7990148145056447, 0.9443173731859874, 0.9769095815181479, 1.0, 0.9522981845639067, 0.9806892724743942, 1.0, 0.9589910449967538, 0.9837226817323698, 0.9601648273822163, 0.9806940628895395, 1.0, 0.9649523181499493, 0.9837265263032142, 1.0, 0.7069606184489513, 0.8318394144865573, 0.30994229398099155, 0.9861602444828211, 1.0, 0.7178252041296, 0.8103055676161052, 0.4438818300646586, 0.9881134367789064, 1.0, 0.731185762236985, 0.8033136907680625, 0.5515243872276732, 0.989680980703036, 1.0, 0.7464236141896103, 0.8059721149686206, 0.6380328098293145, 0.9909390206610065, 1.0, 0.7629118675733427, 0.8147516949488326, 0.7075563619411241, 0.991948666713974, 1.0, 0.969377966538291, 0.992758963037087, 1.0, 0.9736176078009936, 0.9934092702703207, 1.0, 0.7800732556950963, 0.8271389029777553, 0.7634297090142242, 0.9939311774856605, 1.0, 0.9770696729872534, 0.9943500366456136, 0.7974427293279841, 0.8414271925184469, 0.9636784801616919, 0.9681172395952305, 0.8123461433537869, 0.8543505215730156, 0.952220713096357, 0.9488486585652212, 1.0, 0.9565643816910356, 0.8084221011959352, 0.9581688430376762, 1.0, 0.9470621517802351, 0.9656488021645098, 1.0, 0.9536435169306997, 0.97165187953969, 1.0, 0.8321220041485385, 0.8747881858547325, 0.8418076784659225, 0.9764696783219217, 1.0, 0.9593825548389692, 0.9803362260366053, 1.0, 0.9646497563080003, 0.3798623333184584, 0.845990793894745, 0.8848251891512625, 0.9081102524095405, 0.9834393426061604, 1.0, 0.8610634125611694, 0.89808678203568, 0.8699950348445716, 0.9859297638177438, 1.0, 0.9237372228518121, 0.9879284634063944, 1.0, 0.9366205679673368, 0.9895325294282751, 1.0, 0.8725705732472605, 0.9061097488448195, 0.893337315030921, 0.9908198803724404, 1.0, 0.8836403298587073, 0.9145534158402849, 0.9124431549329877, 0.9918530500991455, 1.0, 0.8940847489317741, 0.922832843954395, 0.9278553145358801, 0.9926822254603925, 1.0, 0.947082307763478, 0.9933476841569917, 1.0, 0.9557689498470857, 0.9938817512525377, 1.0, 0.9627811254197791, 0.930689707708089, 0.9582812770651619, 0.9943103693831636, 1.0, 0.9038373239107389, 0.9388840467468355, 0.9402875590761332, 0.994654358936973, 1.0],"final_QSA" => Dict{Int64,Any}(1 => [0.0 0.0; 0.0 0.9541818579122889; 0.9988734099118513 0.0; 0.9483536096602271 0.0; 0.48234178616355805 0.0; 0.0 0.9686537353623276; 0.9171407393614646 0.0]),"trialByTrial_Vs" => [0.0, 0.0, 0.12051624046486566, 0.197445163350583, 0.0, 0.0, 0.2322724870326988, 0.3559057341706276, 0.3340297000275636, 0.48307903170048183, 0.42537962934859613, 0.5851425767257217, 0.06579294353940444, 0.10779043915031966, 0.5064650471601797, 0.6670541684313135, 0.0, 0.599610942723501, 0.12478712517110874, 0.1909945640398277, 0.5144641700047022, 0.6786658255412453, 0.0, 0.16216815050935174, 0.23292720799634808, 0.4858816327273981, 0.5820943173051147, 0.23052998073346295, 0.32293492864637097, 0.5542963681780467, 0.6646077730899432, 0.5645531714798968, 0.6561544940558407, 0.6216833849516321, 0.7240451261443491, 0.287893401116671, 0.38743624998684467, 0.6745869384692372, 0.7785310812901677, 0.7211940206822121, 0.35889509949683557, 0.4720549421637348, 0.6766314958396109, 0.8222590481219075, 0.7261647538780658, 0.8573531393995656, 0.42199597822105683, 0.15353791806013412, 0.8855180720922662, 0.7685903079814407, 0.9081219750486984, 0.4650861420999933, 0.5394327239011546, 0.8065051642117649, 0.9262628466935371, 0.8383153341718257, 0.07277203222761933, 0.5229992188766754, 0.6109525320128116, 0.7534035554798045, 0.9408218909731386, 0.7968070455185159, 0.9525063223767258, 0.5721491498325936, 0.6638052499085094, 0.19125963742531518, 0.5576494167087703, 0.6150139287828864, 0.8325304902473653, 0.9618837193131732, 0.8619145978942814, 0.9694095945797003, 0.8860700474140761, 0.9754495221748719, 0.6752480683914427, 0.880270763150687, 0.9422763282348685, 0.8979500422707659, 0.9536735880357303, 0.9137921782065387, 0.9628205140134619, 0.6045215265209716, 0.7231170665652668, 0.6155369953167134, 0.7140172898645427, 0.9272028950692188, 0.9701614236973647, 0.661869943132901, 0.7622977009069035, 0.938524737516658, 0.9760529062695874, 0.7054489069759692, 0.2868676405870371, 0.6627409046852981, 0.8021813673976164, 0.9480597705166942, 0.9807811441029605, 0.9560722104212569, 0.9845758142449628, 0.9627915951389788, 0.9876212451209159, 0.9639700293080375, 0.9845806236448662, 0.9687764932443034, 0.9876251049280698, 0.7097623539740237, 0.83513605361737, 0.31117061747328756, 0.9900684681069933, 0.7206699967852569, 0.8135168665706847, 0.44564096552393606, 0.9920294010439296, 0.7340835037405796, 0.8064972804143143, 0.5537101178445069, 0.9936031572568129, 0.7493817443910014, 0.8091662401402314, 0.6405613795159577, 0.9948661829171694, 0.7659353419028876, 0.8179806142242221, 0.7103604584402908, 0.995879830269701, 0.9732196807939328, 0.9966933378551319, 0.9774761240583726, 0.9973462223024706, 0.783164741833935, 0.830416913645063, 0.766455235586459, 0.9978701978734554, 0.9809418700260152, 0.9982907170022355, 0.8006030519338891, 0.8447618286997564, 0.9674976069449354, 0.9719539574997722, 0.8155655292560501, 0.857736373832236, 0.955994431928737, 0.9526090137041706, 0.9603553147929141, 0.8116259358382998, 0.9619661347346959, 0.950815426864943, 0.9694757374748579, 0.9574228744364992, 0.9755026054752907, 0.8354197632024054, 0.8782550340401378, 0.8451438225402716, 0.9803394975388856, 0.9631846565627176, 0.9842213686588749, 0.9684727323281217, 0.3813677549305281, 0.8493435159549062, 0.8883318146990375, 0.9117091583294209, 0.987336783101472, 0.8644758684877888, 0.9016459642251318, 0.8734428874294984, 0.9898370740305458, 0.927398059573911, 0.9918436946087046, 0.9403324623081346, 0.9934541176590261, 0.8760286328751974, 0.9097007266259054, 0.8968776747427337, 0.9947465704671135, 0.8871422597243107, 0.9181778564779511, 0.9160592324556558, 0.995783834719385, 0.8976280707776266, 0.9264900965582008, 0.9315324715500372, 0.9966162961619291, 0.95083566272779, 0.997284392118967, 0.959556730595641, 0.9978205757606337, 0.9665966959219605, 0.9343780976252329, 0.962079014346279, 0.9982508925355855, 0.9074192959091832, 0.9426049114160239, 0.944013985965126, 0.9985962453446146],"RPE_QV" => [0.0, 1.0, 0.07614952239298102, 0.8025548366494171, 0.0, 0.23135560820026604, 0.12222833501006, 0.6440942658293725, 0.1471424121568934, 0.5169209682995182, 0.15745313940370237, 0.4148574232742783, 0.04157200065342745, 0.3966753738903113, 0.15795597321759525, -0.6670541684313135, 0.5332343034757241, 0.400389057276499, 0.06545350164991617, 0.3214387958868131, 0.1615226713069272, -0.6786658255412453, 0.1572358365892153, 0.06798379713513081, 0.24436583222421288, 0.0914193763830416, 0.41790568269488526, 0.09113018565366829, 0.22917339473407883, 0.10768791382691645, -0.09132092398615288, 0.07947141134444624, 0.3438455059441593, 0.09950362545818148, 0.2759548738556509, 0.09801347231306101, 0.2844878053642944, 0.10087094772173888, 0.22146891870983232, -0.36371563361652276, 0.11129643994648031, 0.18812188632802018, 0.14238174419873684, 0.17774095187809247, 0.12780404605246676, 0.1426468606004344, -0.2690641399805499, 0.7284846355296597, 0.11448192790773382, 0.13594692129376473, 0.0918780249513016, 0.07221721016362903, 0.26388881954363863, 0.11610132693036057, 0.07373715330646291, -0.7658305642747346, 0.44816268508327506, 0.0855416222321469, 0.13350628384384244, 0.1837045091683024, 0.05917810902686138, 0.15193932708584357, 0.047493677623274166, 0.08903577689311393, -0.4733005960600022, 0.3393260384677337, 0.051186358396188236, 0.21423020760649825, 0.12555626269770004, 0.03811628068682682, 0.10366832246936253, 0.03059040542029967, 0.0855289583676817, -0.3028669466640477, 0.18778859633953582, 0.05430692264706549, 0.05772367176513149, 0.051958988295886965, 0.046326411964269676, 0.045227671509534106, 0.037179485986538086, 0.11574108775778214, -0.09821953570165187, 0.08540919904573152, 0.2095255388803351, 0.03912888662105918, 0.02983857630263531, 0.09741864276902434, 0.1725222781317416, 0.03367527054476982, 0.023947093730412594, -0.41971365563883556, 0.3332532516156426, 0.1362739098203466, 0.14213600578837104, 0.028849811001453673, 0.019218855897039533, 0.024617062053137295, 0.015424185755037234, 0.020931086593390935, -0.02451377201182925, 0.01493163275110243, 0.015419376355133796, 0.01495003305891085, 0.012374895071930236, 0.12207706051253364, -0.5251937596363785, 0.6749896270095336, 0.009931531893006662, 0.08963557083084828, -0.3696350365060261, 0.5424724712549703, 0.00797059895607044, 0.06923018702748285, -0.2549728931866412, 0.43597086285852915, 0.006396842743187081, 0.05659037057761929, -0.17113343031091688, 0.35037764114504877, 0.005133817082830561, 0.048816353045945005, -0.11042425228309793, 0.28158820827368314, 0.00412016973029905, 0.019539282243154155, 0.0033066621448680777, 0.01593314621194808, 0.0026537776975293914, 0.043974161143820245, -0.06698720463083874, 0.2274759418992015, 0.0021298021265445666, 0.013408166619598427, -0.20084798767425138, 0.040824140584557744, 0.11382606620969482, 0.0005931074093585842, -0.1527753211784718, 0.03712468396258661, 0.0904396526864839, -0.006839877023070984, 0.047390986295829385, -0.15193321359697898, 0.14654290719937646, 0.03803386526530406, 0.014833375299566742, 0.030524262525142065, 0.014229005103190806, 0.024497394524709337, 0.039368422652327095, -0.0364473555742153, 0.13132585578165, 0.019660502461114393, 0.01715156947388774, 0.015778631341125116, -0.5886103990096633, 0.46462303896421686, 0.03548167319635631, 0.0189317621433418, 0.0717301842767395, 0.012663216898528007, 0.03361091354789125, -0.03165092938056013, 0.1124868763882454, 0.010162925969454228, 0.060530403832483426, 0.008156305391295415, 0.04920006712014047, 0.006545882340973863, 0.030081115969622152, -0.016363411594984445, 0.09394220562970668, 0.005253429532886544, 0.027411156115974222, -0.005734701544963472, 0.07579381764348969, 0.00421616528061497, 0.02520477317676839, 0.0013652179776793005, 0.061149753910355376, 0.0033837038380708506, 0.04251202142920174, 0.0027156078810329776, 0.0343250206568968, 0.0021794242393663454, -0.035906988213871505, 0.021341352565537375, 0.03223135503688468, 0.0017491074644144788, 0.03146475083765221, -0.0023173523398907214, 0.05064037297184698, 0.0014037546553854474],"StateValue_V3_record" => [0.0, 0.0, 0.197445163350583, 0.12051624046486566, 0.13555159535281666, 0.3559057341706276, 0.0, 0.0, 0.045680045853175005, 0.2564058806048299, 0.48307903170048183, 0.3340297000275636, 0.3630822576316802, 0.5851425767257217, 0.42537962934859613, 0.45646799017822226, 0.6670541684313135, 0.06579294353940444, 0.07400113399923097, 0.18611207314524575, 0.5376526900943281, 0.5353475491817055, 0.10528453415389868, 0.6786658255412453, 0.12478712517110874, 0.1377106024962441, 0.25446109960091423, 0.546356040225721, 0.5446665407567959, 0.031045455439923188, 0.17559122243989053, 0.28117605965715897, 0.5039319464307561, 0.6646077730899432, 0.23052998073346295, 0.24852319512602045, 0.3681841070052488, 0.5755588259144857, 0.6465768983361712, 0.5802444172745024, 0.7240451261443491, 0.6216833849516321, 0.641329894534198, 0.7785310812901677, 0.287893401116671, 0.30724568716808115, 0.44360699118824665, 0.6945034192194841, 0.8222590481219075, 0.7211940206822121, 0.649380127989637, 0.3808700432624067, 0.5091986987395906, 0.7047440825810715, 0.8573531393995656, 0.7261647538780658, 0.7513990446277605, 0.8855180720922662, 0.42199597822105683, 0.368870565150813, 0.2973736859206777, 0.9081219750486984, 0.7685903079814407, 0.7954323700632969, 0.9262628466935371, 0.4650861420999933, 0.47934508095747447, 0.5915362949823408, 0.8294288096727493, 0.9408218909731386, 0.8383153341718257, 0.6871057933097315, 0.16125958679152247, 0.5398889984515756, 0.6373127020346884, 0.7896751223007786, 0.9525063223767258, 0.7968070455185159, 0.826806730774358, 0.9618837193131732, 0.5721491498325936, 0.5897288333453005, 0.570354336405514, 0.25825792251968305, 0.5677559156036271, 0.6573126471183808, 0.8573209670454014, 0.9694095945797003, 0.8619145978942814, 0.8823834067585256, 0.9754495221748719, 0.8860700474140761, 0.9029573265701882, 0.9156499084172967, 0.712326018471079, 0.8909934023638043, 0.9536735880357303, 0.8979500422707659, 0.9082090932023783, 0.9628205140134619, 0.9137921782065387, 0.9227221631957051, 0.9701614236973647, 0.6045215265209716, 0.627374044499681, 0.7037240942944357, 0.6324006285739403, 0.7553870941148894, 0.9349287044798403, 0.9760529062695874, 0.661869943132901, 0.6811047829678232, 0.7963613902942399, 0.9451737568102452, 0.9807811441029605, 0.7054489069759692, 0.6225784756778889, 0.3526668832894006, 0.6896475290701991, 0.8302454342785007, 0.9537560261625097, 0.9845758142449628, 0.9560722104212569, 0.9609327302595501, 0.9876212451209159, 0.9627915951389788, 0.966924336950516, 0.9827811194017013, 0.9669182079756699, 0.9876251049280698, 0.9687764932443034, 0.9717283049637166, 0.9900684681069933, 0.7097623539740237, 0.7338658791282798, 0.7314390859552584, 0.44444405463813397, 0.9920294010439296, 0.7206699967852569, 0.7383681067099764, 0.7405342164076536, 0.5527495312240681, 0.9936031572568129, 0.7340835037405796, 0.7477526693270123, 0.7561541158691072, 0.6397904560777038, 0.9948661829171694, 0.7493817443910014, 0.7605552393537695, 0.7753767720377468, 0.7097417501062337, 0.995879830269701, 0.7659353419028876, 0.7755738947042239, 0.7961778796943199, 0.7659586882204862, 0.9966933378551319, 0.9732196807939328, 0.9770776175681856, 0.9973462223024706, 0.9774761240583726, 0.9806220467148794, 0.9978701978734554, 0.783164741833935, 0.7918472272641814, 0.8171906140843281, 0.8113692600930745, 0.9982907170022355, 0.9809418700260152, 0.9835892476744537, 0.958634253267257, 0.8086635810402543, 0.8672362349360838, 0.9676147131342606, 0.9417892092537511, 0.8228956185453817, 0.8755932458302889, 0.9546439312926188, 0.9619661347346959, 0.9603553147929141, 0.9303568366158796, 0.84056012408815, 0.9694757374748579, 0.950815426864943, 0.9537442050740065, 0.9755026054752907, 0.9574228744364992, 0.960232322673415, 0.9803394975388856, 0.8354197632024054, 0.843192867843849, 0.8710586799650901, 0.8710734775872346, 0.9842213686588749, 0.9631846565627176, 0.9665711509992082, 0.987336783101472, 0.9684727323281217, 0.852254455945807, 0.4731053267552622, 0.8563492007151128, 0.8920697995679441, 0.9258719362811092, 0.9898370740305458, 0.8644758684877888, 0.8711121808036145, 0.8953966413033894, 0.8956528771127723, 0.9918436946087046, 0.927398059573911, 0.9393494950462924, 0.9934541176590261, 0.9403324623081346, 0.9500467775975304, 0.9947465704671135, 0.8760286328751974, 0.8819680037315872, 0.9064698501505609, 0.9154261088788052, 0.995783834719385, 0.8871422597243107, 0.8925544599212576, 0.9170455673946389, 0.9310243551612389, 0.9966162961619291, 0.8976280707776266, 0.902604631334728, 0.9267596522448128, 0.9436061946997152, 0.997284392118967, 0.95083566272779, 0.9592294557432421, 0.9978205757606337, 0.959556730595641, 0.9663340399062541, 0.9982508925355855, 0.9665966959219605, 0.9595070347686452, 0.9385918444686578, 0.9684429395065473, 0.9985962453446146, 0.9074192959091832, 0.9136318587781089, 0.9421473614047333, 0.9540126826786868, 0.9988734099118513],"StateValue_V1_record" => [0.0, 0.0, 0.0, 0.12051624046486566, 0.197445163350583, 0.0, 0.0, 0.0, 0.2322724870326988, 0.3559057341706276, 0.0, 0.3340297000275636, 0.48307903170048183, 0.0, 0.42537962934859613, 0.5851425767257217, 0.0, 0.06579294353940444, 0.10779043915031966, 0.5064650471601797, 0.6670541684313135, 0.0, 0.599610942723501, 0.0, 0.12478712517110874, 0.1909945640398277, 0.5144641700047022, 0.6786658255412453, 0.0, 0.16216815050935174, 0.23292720799634808, 0.4858816327273981, 0.5820943173051147, 0.0, 0.23052998073346295, 0.32293492864637097, 0.5542963681780467, 0.6646077730899432, 0.5645531714798968, 0.6561544940558407, 0.0, 0.6216833849516321, 0.7240451261443491, 0.0, 0.287893401116671, 0.38743624998684467, 0.6745869384692372, 0.7785310812901677, 0.0, 0.7211940206822121, 0.35889509949683557, 0.4720549421637348, 0.6766314958396109, 0.8222590481219075, 0.0, 0.7261647538780658, 0.8573531393995656, 0.0, 0.42199597822105683, 0.15353791806013412, 0.8855180720922662, 0.0, 0.7685903079814407, 0.9081219750486984, 0.0, 0.4650861420999933, 0.5394327239011546, 0.8065051642117649, 0.9262628466935371, 0.0, 0.8383153341718257, 0.07277203222761933, 0.5229992188766754, 0.6109525320128116, 0.7534035554798045, 0.9408218909731386, 0.0, 0.7968070455185159, 0.9525063223767258, 0.0, 0.5721491498325936, 0.6638052499085094, 0.19125963742531518, 0.5576494167087703, 0.6150139287828864, 0.8325304902473653, 0.9618837193131732, 0.0, 0.8619145978942814, 0.9694095945797003, 0.0, 0.8860700474140761, 0.9754495221748719, 0.6752480683914427, 0.880270763150687, 0.9422763282348685, 0.0, 0.8979500422707659, 0.9536735880357303, 0.0, 0.9137921782065387, 0.9628205140134619, 0.0, 0.6045215265209716, 0.7231170665652668, 0.6155369953167134, 0.7140172898645427, 0.9272028950692188, 0.9701614236973647, 0.0, 0.661869943132901, 0.7622977009069035, 0.938524737516658, 0.9760529062695874, 0.0, 0.7054489069759692, 0.2868676405870371, 0.6627409046852981, 0.8021813673976164, 0.9480597705166942, 0.9807811441029605, 0.0, 0.9560722104212569, 0.9845758142449628, 0.0, 0.9627915951389788, 0.9876212451209159, 0.9639700293080375, 0.9845806236448662, 0.0, 0.9687764932443034, 0.9876251049280698, 0.0, 0.7097623539740237, 0.83513605361737, 0.31117061747328756, 0.9900684681069933, 0.0, 0.7206699967852569, 0.8135168665706847, 0.44564096552393606, 0.9920294010439296, 0.0, 0.7340835037405796, 0.8064972804143143, 0.5537101178445069, 0.9936031572568129, 0.0, 0.7493817443910014, 0.8091662401402314, 0.6405613795159577, 0.9948661829171694, 0.0, 0.7659353419028876, 0.8179806142242221, 0.7103604584402908, 0.995879830269701, 0.0, 0.9732196807939328, 0.9966933378551319, 0.0, 0.9774761240583726, 0.9973462223024706, 0.0, 0.783164741833935, 0.830416913645063, 0.766455235586459, 0.9978701978734554, 0.0, 0.9809418700260152, 0.9982907170022355, 0.8006030519338891, 0.8447618286997564, 0.9674976069449354, 0.9719539574997722, 0.8155655292560501, 0.857736373832236, 0.955994431928737, 0.9526090137041706, 0.0, 0.9603553147929141, 0.8116259358382998, 0.9619661347346959, 0.0, 0.950815426864943, 0.9694757374748579, 0.0, 0.9574228744364992, 0.9755026054752907, 0.0, 0.8354197632024054, 0.8782550340401378, 0.8451438225402716, 0.9803394975388856, 0.0, 0.9631846565627176, 0.9842213686588749, 0.0, 0.9684727323281217, 0.3813677549305281, 0.8493435159549062, 0.8883318146990375, 0.9117091583294209, 0.987336783101472, 0.0, 0.8644758684877888, 0.9016459642251318, 0.8734428874294984, 0.9898370740305458, 0.0, 0.927398059573911, 0.9918436946087046, 0.0, 0.9403324623081346, 0.9934541176590261, 0.0, 0.8760286328751974, 0.9097007266259054, 0.8968776747427337, 0.9947465704671135, 0.0, 0.8871422597243107, 0.9181778564779511, 0.9160592324556558, 0.995783834719385, 0.0, 0.8976280707776266, 0.9264900965582008, 0.9315324715500372, 0.9966162961619291, 0.0, 0.95083566272779, 0.997284392118967, 0.0, 0.959556730595641, 0.9978205757606337, 0.0, 0.9665966959219605, 0.9343780976252329, 0.962079014346279, 0.9982508925355855, 0.0, 0.9074192959091832, 0.9426049114160239, 0.944013985965126, 0.9985962453446146, 0.0])