DateTime of fitting: 2020-02-09T16:04:03.56
DATA_STATS
nr_subjects: 1
all_subject_ids: [1]
nr_puzzles: 1
nr_episodes: 53
nr_actions: 186
max_state_id: 7
max_action_id: 2
SUBJECT_SIGNALS
subject_id: 1
algorithm_name: Forward Learner
param_string: eta=0.0468, gamma=0.8504,
                temp=0.0324,
                initTsas=nothing, initR=nothing
param_vector: [0.046826041278708264, 0.850379321944015, 0.032373738276020046]
LL: -85.954
RPE
Float64[]
SPE
[0.857, 0.857, 0.857, 0.857, 0.857, 0.857, 0.857, 0.817, 0.817, 0.817, 0.817, 0.857, 0.857, 0.779, 0.779, 0.817, 0.857, 0.742, 0.779, 0.742, 0.708, 0.742, 0.708, 0.674, 0.882, 0.817, 0.817, 0.779, 0.817, 0.841, 0.779, 0.779, 0.742, 0.779, 0.734, 0.817, 0.857, 0.857, 0.876, 0.708, 0.742, 0.674, 0.893, 0.674, 0.754, 0.7, 0.742, 0.893, 0.66, 0.667, 0.643, 0.817, 0.817, 0.719, 0.636, 0.708, 0.851, 0.629, 0.606, 0.779, 0.882, 0.779, 0.599, 0.578, 0.742, 0.721, 0.888, 0.571, 0.551, 0.708, 0.685, 0.525, 0.888, 0.675, 0.687, 0.69, 0.82, 0.779, 0.742, 0.544, 0.5, 0.893, 0.519, 0.477, 0.704, 0.655, 0.853, 0.495, 0.455, 0.708, 0.471, 0.433, 0.813, 0.449, 0.413, 0.671, 0.653, 0.394, 0.689, 0.864, 0.623, 0.375, 0.613, 0.428, 0.358, 0.903, 0.594, 0.341, 0.604, 0.876, 0.575, 0.408, 0.325, 0.873, 0.566, 0.31, 0.674, 0.389, 0.295, 0.865, 0.371, 0.281, 0.656, 0.826, 0.626, 0.787, 0.92, 0.268, 0.643, 0.354, 0.963, 0.337, 0.291, 0.615, 0.75, 0.882, 0.277, 0.613, 0.321, 0.264, 0.841, 0.252, 0.584, 0.306, 0.24, 0.624, 0.715, 0.811, 0.229, 0.614, 0.681, 0.784, 0.218, 0.605, 0.65, 0.759, 0.208, 0.596, 0.619, 0.824, 0.292, 0.198, 0.568, 0.59, 0.891, 0.278, 0.189, 0.563, 0.563, 0.772, 0.18, 0.557, 0.265, 0.171, 0.558, 0.536, 0.912, 0.532, 0.511, 0.673, 0.882, 0.487, 0.507, 0.464, 0.771, 0.0]
action_selection_prob
[0.5, 0.5, 0.5, 0.5, 0.53, 0.34, 0.499, 0.493, 0.471, 0.478, 0.313, 0.53, 0.543, 0.466, 0.457, 0.698, 0.502, 0.452, 0.81, 0.438, 0.456, 0.882, 0.411, 0.467, 0.926, 0.478, 0.613, 0.295, 0.553, 0.909, 0.46, 0.59, 0.27, 0.572, 0.891, 0.471, 0.534, 0.562, 0.576, 0.251, 0.447, 0.425, 0.499, 0.229, 0.582, 0.933, 0.599, 0.213, 0.499, 0.957, 0.426, 0.478, 0.529, 0.612, 0.972, 0.593, 0.202, 0.576, 0.981, 0.497, 0.35, 0.53, 0.602, 0.987, 0.495, 0.312, 0.56, 0.632, 0.991, 0.467, 0.727, 0.993, 0.444, 0.201, 0.252, 0.526, 0.189, 0.322, 0.576, 0.706, 0.995, 0.444, 0.735, 0.996, 0.422, 0.21, 0.492, 0.758, 0.997, 0.602, 0.782, 0.997, 0.462, 0.804, 0.998, 0.411, 0.825, 0.998, 0.44, 0.803, 0.841, 0.999, 0.59, 0.84, 0.999, 0.579, 0.863, 0.999, 0.563, 0.138, 0.549, 0.878, 0.999, 0.543, 0.885, 0.999, 0.598, 0.895, 0.999, 0.413, 0.905, 0.999, 0.46, 0.753, 0.469, 0.831, 0.484, 0.999, 0.593, 0.91, 0.999, 0.902, 0.999, 0.524, 0.885, 0.539, 0.999, 0.58, 0.911, 0.999, 0.571, 0.999, 0.57, 0.92, 0.999, 0.603, 0.915, 0.612, 0.999, 0.645, 0.939, 0.654, 0.999, 0.683, 0.955, 0.691, 0.999, 0.717, 0.966, 0.452, 0.918, 0.999, 0.72, 0.974, 0.728, 0.921, 0.999, 0.709, 0.98, 0.719, 0.999, 0.559, 0.924, 0.999, 0.739, 0.984, 0.547, 0.747, 0.987, 0.484, 0.882, 0.99, 0.773, 0.992, 0.783, 0.0]
results_dict
Dict{String,Any}("QSA_record" => [0.0, 0.0, 0.0, 0.0, 0.5297176960431109, 0.5318405782538838, 0.5334590844623379, 0.5307410689452724, 0.5311219048141638, 0.5321130106940543, 0.5314384241530625, 0.5352830879862626, 0.5353201962089499, 0.5331723995075104, 0.5360546765626792, 0.563576360627015, 0.5497174078565098, 0.5441325408200056, 0.5919461636771627, 0.5462537940095862, 0.5528620980430043, 0.6181653970505303, 0.5504337036776352, 0.5619887141630487, 0.6423502655775745, 0.5622849528000823, 0.5623961273725192, 0.5574934192542572, 0.5633413115107866, 0.6327433326432231, 0.5545690452815533, 0.555169430599374, 0.5493202899750591, 0.5571283888231238, 0.6215750468193938, 0.5602516224936047, 0.5646688024539651, 0.564881046893392, 0.5624798693558971, 0.5491118872448844, 0.5506542415104375, 0.5434935695957113, 0.5577138921028802, 0.542934985571379, 0.5564139015308709, 0.6407110585186664, 0.5573142026895207, 0.5448962756007927, 0.5631943950189742, 0.6620382654938001, 0.5512187535696644, 0.5697893133458913, 0.5707337820890439, 0.5729499012025898, 0.6831802220124426, 0.5672389274605945, 0.5554061256718373, 0.5819546211996942, 0.7021948504182697, 0.5782292700591466, 0.5689304106849485, 0.5798265859372469, 0.5924073174213016, 0.7206446106795197, 0.5805955093210922, 0.5708889038193055, 0.5777378866201218, 0.6019847316888789, 0.7374112805424496, 0.5828694321382565, 0.6037332533043999, 0.7530206331321039, 0.5863206783767162, 0.5783473276904291, 0.5787495811513462, 0.5866256625823448, 0.5768555485674188, 0.596130339893137, 0.594612759517699, 0.6200721375583536, 0.7681523162667013, 0.5883585565045767, 0.6285572156671919, 0.7816912104100819, 0.5918076631188429, 0.5839545795269162, 0.5939583579564272, 0.639025084600229, 0.7952714477443432, 0.6068431014493242, 0.6474466998793994, 0.8070598157370715, 0.5994811065140149, 0.6562691836645974, 0.8184613060312096, 0.6035912256707877, 0.6448413451944077, 0.8293005494115432, 0.6078357968812421, 0.6516896469827375, 0.6539910318842682, 0.8394718553428546, 0.619822290565999, 0.6778677823482622, 0.8485842711435647, 0.6225013302664495, 0.6663308724938555, 0.8571940874770921, 0.6240320547946506, 0.6318608240919488, 0.6236604907353918, 0.6914583511378067, 0.865479475270722, 0.6250614849321474, 0.678485388075633, 0.872881574470696, 0.6405760615264375, 0.7030676243265389, 0.8801149828222656, 0.6311542979639976, 0.7098310201676459, 0.8868607559126904, 0.6300679121558667, 0.6715262191872251, 0.6353418542651093, 0.691004183182606, 0.6403399691977304, 0.8955199841082775, 0.6568777729706142, 0.7257307496151039, 0.9013306165824936, 0.7184874540923031, 0.8862953837423205, 0.6453761447253727, 0.7082596321415153, 0.6507584113104857, 0.8933337145934422, 0.6589439350544417, 0.7301664247985679, 0.899417700366436, 0.6615387785404876, 0.9048268178762705, 0.6638028309365315, 0.739822450211438, 0.9102952748146325, 0.6724149218545057, 0.7348361965913492, 0.676571217925524, 0.9159064628901802, 0.6836448218229031, 0.7520276908810021, 0.6876988019240697, 0.9212202593725677, 0.6942959855821853, 0.7679251566252393, 0.6980748134061969, 0.9261217701832154, 0.7042229892599713, 0.7825688999832328, 0.6772646003815282, 0.7611240096159175, 0.9306904140446346, 0.7094462748470652, 0.7958609472395224, 0.7121792215585124, 0.766308093991325, 0.9347564456217066, 0.7114461426429898, 0.8078123798583337, 0.7143562914814339, 0.938498285830353, 0.6934138535350451, 0.7737109939999145, 0.9418561067001956, 0.7221678339686867, 0.8203676906316116, 0.6952055755123329, 0.7254610851828769, 0.8298481602523424, 0.690572089721657, 0.7500291302434468, 0.8388053436488626, 0.7316191595585759, 0.8470791115183003, 0.7349560399064984, 0.0],"final_Tsas" => Dict{Int64,Any}(1 => [0.14285714285714285 0.14285714285714285; 0.8366120600821536 0.12979151365491695; 0.5574169365770104 0.088434891336169; 0.09733730310562871 0.08034668884500634; 0.11792085911784146 0.03913366415957027; 0.08034668884500634 0.03230272708687926; 0.08034668884500634 0.08429383546398347]

[0.14285714285714285 0.14285714285714285; 0.019996817118530633 0.12979151365491695; 0.06958001047375632 0.088434891336169; 0.09733730310562871 0.43918838163897755; 0.11792085911784146 0.7472535375649653; 0.08034668884500634 0.26522270830945305; 0.08034668884500634 0.08429383546398347]

[0.14285714285714285 0.14285714285714285; 0.019996817118530633 0.2212509180704982; 0.06958001047375632 0.088434891336169; 0.09733730310562871 0.1590781741359908; 0.11792085911784146 0.057078141637183145; 0.08034668884500634 0.4921846548063419; 0.11546393530305037 0.08429383546398347]

[0.14285714285714285 0.14285714285714285; 0.03706763274594651 0.12979151365491695; 0.09468301105420793 0.3394700289447492; 0.09733730310562871 0.08034668884500634; 0.11792085911784146 0.03913366415957027; 0.16772395245102484 0.03230272708687926; 0.3587834662178961 0.08429383546398347]

[0.14285714285714285 0.14285714285714285; 0.046333038697777204 0.12979151365491695; 0.06958001047375632 0.2183555143744057; 0.09733730310562871 0.08034668884500634; 0.11792085911784146 0.03913366415957027; 0.4305426033239434 0.11338172853668795; 0.20436584309902814 0.4474109459373908]

[0.14285714285714285 0.14285714285714285; 0.019996817118530633 0.12979151365491695; 0.06958001047375632 0.088434891336169; 0.37542495903891737 0.08034668884500634; 0.1647469003965497 0.03913366415957027; 0.08034668884500634 0.03230272708687926; 0.08034668884500634 0.13111987674269174]

[0.14285714285714285 0.14285714285714285; 0.019996817118530633 0.12979151365491695; 0.06958001047375632 0.088434891336169; 0.13788852543293892 0.08034668884500634; 0.24564880401424283 0.03913366415957027; 0.08034668884500634 0.03230272708687926; 0.08034668884500634 0.08429383546398347]),"final_Reward" => Dict{Int64,Any}(1 => [1.0, 0.0, 0.0, 0.0, 0.0, 0.0, 0.0]),"final_Qsa" => [0.0 0.0; 0.9459541543850233 0.721825535029904; 0.855210655050716 0.6931120221842159; 0.6893590041233071 0.7516802274042509; 0.7004045027883323 0.7803274628994122; 0.6940654887857128 0.7387794512567446; 0.6919085552706895 0.696416211038911])
POPULATION_SIGNALS
subject_id: 1
algorithm_name: Forward Learner
param_string: eta=0.1692, gamma=0.9856,
                temp=0.0118,
                initTsas=nothing, initR=nothing
param_vector: [0.16921432907904174, 0.9855564353951695, 0.011831814925089175]
LL: -92.515
RPE
Float64[]
SPE
[0.857, 0.857, 0.857, 0.857, 0.857, 0.857, 0.857, 0.712, 0.712, 0.712, 0.712, 0.857, 0.857, 0.592, 0.592, 0.712, 0.857, 0.491, 0.592, 0.491, 0.408, 0.491, 0.408, 0.339, 0.932, 0.712, 0.712, 0.592, 0.712, 0.774, 0.592, 0.592, 0.491, 0.592, 0.592, 0.712, 0.857, 0.857, 0.918, 0.408, 0.491, 0.339, 0.953, 0.339, 0.578, 0.492, 0.491, 0.953, 0.403, 0.408, 0.282, 0.712, 0.712, 0.48, 0.339, 0.408, 0.792, 0.335, 0.282, 0.592, 0.932, 0.592, 0.278, 0.234, 0.491, 0.508, 0.943, 0.231, 0.195, 0.408, 0.399, 0.162, 0.943, 0.504, 0.422, 0.451, 0.716, 0.592, 0.491, 0.192, 0.134, 0.953, 0.16, 0.112, 0.544, 0.351, 0.82, 0.133, 0.093, 0.408, 0.11, 0.077, 0.682, 0.092, 0.064, 0.452, 0.331, 0.053, 0.568, 0.881, 0.275, 0.044, 0.234, 0.076, 0.037, 0.968, 0.229, 0.03, 0.331, 0.918, 0.275, 0.063, 0.025, 0.865, 0.19, 0.021, 0.339, 0.052, 0.017, 0.856, 0.044, 0.015, 0.472, 0.761, 0.392, 0.632, 0.985, 0.012, 0.282, 0.036, 0.999, 0.03, 0.178, 0.44, 0.525, 0.849, 0.147, 0.234, 0.025, 0.123, 0.705, 0.102, 0.195, 0.021, 0.085, 0.562, 0.436, 0.656, 0.07, 0.557, 0.362, 0.622, 0.058, 0.554, 0.301, 0.598, 0.048, 0.551, 0.25, 0.711, 0.017, 0.04, 0.458, 0.208, 0.973, 0.014, 0.033, 0.485, 0.173, 0.76, 0.028, 0.162, 0.012, 0.023, 0.504, 0.143, 0.978, 0.419, 0.119, 0.569, 0.935, 0.099, 0.348, 0.082, 0.789, 0.0]
action_selection_prob
[0.5, 0.5, 0.5, 0.5, 0.56, 0.25, 0.492, 0.457, 0.454, 0.495, 0.229, 0.55, 0.512, 0.422, 0.482, 0.732, 0.509, 0.535, 0.838, 0.432, 0.588, 0.884, 0.439, 0.631, 0.905, 0.432, 0.608, 0.264, 0.616, 0.858, 0.398, 0.625, 0.229, 0.645, 0.812, 0.471, 0.402, 0.56, 0.697, 0.23, 0.333, 0.43, 0.649, 0.206, 0.697, 0.872, 0.572, 0.213, 0.654, 0.903, 0.477, 0.306, 0.513, 0.763, 0.916, 0.516, 0.257, 0.743, 0.926, 0.485, 0.199, 0.53, 0.76, 0.93, 0.472, 0.188, 0.464, 0.777, 0.932, 0.451, 0.822, 0.934, 0.456, 0.309, 0.164, 0.451, 0.304, 0.211, 0.56, 0.813, 0.935, 0.437, 0.823, 0.936, 0.439, 0.159, 0.421, 0.826, 0.935, 0.571, 0.831, 0.936, 0.422, 0.834, 0.936, 0.426, 0.842, 0.936, 0.431, 0.661, 0.851, 0.939, 0.603, 0.837, 0.939, 0.604, 0.86, 0.939, 0.594, 0.161, 0.593, 0.855, 0.938, 0.596, 0.869, 0.938, 0.548, 0.856, 0.938, 0.451, 0.857, 0.938, 0.409, 0.607, 0.442, 0.694, 0.486, 0.918, 0.529, 0.843, 0.915, 0.793, 0.888, 0.57, 0.788, 0.601, 0.89, 0.52, 0.822, 0.89, 0.626, 0.894, 0.518, 0.822, 0.894, 0.649, 0.811, 0.657, 0.887, 0.677, 0.838, 0.683, 0.879, 0.698, 0.856, 0.702, 0.873, 0.713, 0.869, 0.499, 0.806, 0.867, 0.715, 0.879, 0.72, 0.805, 0.866, 0.685, 0.887, 0.696, 0.863, 0.502, 0.807, 0.863, 0.707, 0.892, 0.497, 0.714, 0.897, 0.516, 0.778, 0.901, 0.726, 0.905, 0.732, 0.0]
results_dict
Dict{String,Any}("QSA_record" => [0.0, 0.0, 0.0, 0.0, 0.9175548717019993, 0.9200854635553407, 0.923328845818751, 0.9237877199169199, 0.9250154362415377, 0.9275486068741475, 0.9264148484370678, 0.9293358340022411, 0.929604313684866, 0.9298378449537894, 0.9344066816909744, 0.946682639171965, 0.9400607453584976, 0.9427478372635231, 0.9599491966740107, 0.941363430830231, 0.9514344293564536, 0.9702181096884201, 0.9470783404996316, 0.958719476958557, 0.9775976673219817, 0.9505553429976499, 0.950357116080025, 0.9470361222286057, 0.9511126675747722, 0.9695609435920444, 0.944431790226345, 0.9454100968907926, 0.9409549438343742, 0.9459983578533396, 0.9609463151772382, 0.9455959820220585, 0.947979492140084, 0.9492869285581658, 0.9524055367230108, 0.9438916592895281, 0.9426176295158375, 0.9435257035430291, 0.9535768655146538, 0.9416023023543044, 0.9502150533211132, 0.9695657243087464, 0.9475736168728361, 0.9437254504242802, 0.9567880630268445, 0.9767803182350298, 0.949418664401381, 0.9522266129873749, 0.9541439216751187, 0.9605592024042853, 0.9822162397173113, 0.9535370543553415, 0.9523842131276792, 0.9659963335260956, 0.9862936348393374, 0.9578092645930051, 0.9510315717884398, 0.9593122852244866, 0.9698335001939304, 0.9892646903995934, 0.9591382920675365, 0.9523160532325332, 0.9580824717430585, 0.9727751017587088, 0.9914895005276771, 0.9602102669065482, 0.9713023722420985, 0.9931764519497868, 0.9618262441209704, 0.961707201178643, 0.9548021940627236, 0.961003793929536, 0.9616956709071243, 0.9609596599038066, 0.964310482713218, 0.9765334241794689, 0.9946264584008938, 0.9620375915215756, 0.9781010591645852, 0.9956449616791541, 0.9632807132521978, 0.9560966984835931, 0.9621502143549094, 0.9794787947831151, 0.99646996135463, 0.9671043034684282, 0.9805392251117362, 0.9971177032535506, 0.9638140800849031, 0.9814237932935288, 0.9976421011172301, 0.9648128937950002, 0.9773965144749878, 0.998066293122852, 0.9653592170816716, 0.9747034587845207, 0.9786760828700258, 0.9984270739407879, 0.9687990417304516, 0.9827378037659037, 0.998722228722024, 0.9691997718753486, 0.9800800571191681, 0.9989455858569587, 0.9689700238249276, 0.9639219507801995, 0.9690389523360777, 0.983425930960308, 0.9991412731178257, 0.9693723207807711, 0.9811980133699292, 0.999289935601505, 0.9700305628090238, 0.9839239641033041, 0.999419259029517, 0.9679009421387574, 0.9842038374636726, 0.9995195157126767, 0.9653033727298839, 0.9744347628782746, 0.967117699177571, 0.9792241733606755, 0.9693996817803421, 0.999615148303483, 0.9712018668655472, 0.9846926844316354, 0.9996837299274407, 0.9800594318712881, 0.993937034860577, 0.9692195599125015, 0.9812482000084481, 0.9710228107078942, 0.9950017015416748, 0.9681101083408209, 0.9812792528547749, 0.9959629099408889, 0.9738841371139959, 0.9967183733961598, 0.9693087269577186, 0.9826739131328714, 0.9973295936856252, 0.9761745605034569, 0.9860221758587517, 0.9767265831907883, 0.997819679984562, 0.978190795912509, 0.988742949470717, 0.9786057246528366, 0.9982130090480573, 0.9797349346475703, 0.9908803504292144, 0.9800441784177615, 0.9985317419159581, 0.9809239910057715, 0.9925764126692158, 0.9709529681055198, 0.9842232899795414, 0.9987913419660569, 0.9812869572274362, 0.9939186806313239, 0.9816349156815738, 0.9844636272407914, 0.9990037102615892, 0.9797886522880757, 0.9949615898466441, 0.9804386189472586, 0.99917764651489, 0.9715605327919926, 0.9847963583904664, 0.9993200746887965, 0.9813279555733601, 0.9958895823008197, 0.9715475731386902, 0.9817743500661499, 0.9966073709778547, 0.9717566884692745, 0.9837623519739592, 0.9971926884770855, 0.9825271287457612, 0.9976736733608563, 0.9829355895612841, 0.0],"final_Tsas" => Dict{Int64,Any}(1 => [0.14285714285714285 0.14285714285714285; 0.9808063181587979 0.09860069014394096; 0.93166581594251 0.022376488461569245; 0.0324200693131968 0.015444360437160616; 0.06805467267803018 0.0009574252772717346; 0.015444360437160616 0.0004561008470088014; 0.015444360437160616 0.018590065979399887]

[0.14285714285714285 0.14285714285714285; 7.144154738283084e-5 0.09860069014394096; 0.008855985987037308 0.022376488461569245; 0.0324200693131968 0.6997179263552942; 0.06805467267803018 0.9901038332262081; 0.015444360437160616 0.3446227409358993; 0.015444360437160616 0.018590065979399887]

[0.14285714285714285 0.14285714285714285; 7.144154738283084e-5 0.40839585913635423; 0.008855985987037308 0.022376488461569245; 0.0324200693131968 0.22306027145890278; 0.06805467267803018 0.0051090403874332994; 0.015444360437160616 0.5905696601102047; 0.07108231053183081 0.018590065979399887]

[0.14285714285714285 0.14285714285714285; 0.0005426244782846899 0.09860069014394096; 0.024054254122303508 0.48270461789016733; 0.0324200693131968 0.015444360437160616; 0.06805467267803018 0.0009574252772717346; 0.2816882643715155 0.0004561008470088014; 0.5273522186471828 0.018590065979399887]

[0.14285714285714285 0.14285714285714285; 0.018365291173386037 0.09860069014394096; 0.008855985987037308 0.40541293980198634; 0.0324200693131968 0.015444360437160616; 0.06805467267803018 0.0009574252772717346; 0.6410899334426813 0.06298319556586059; 0.33978802907234373 0.7192452750445588]

[0.14285714285714285 0.14285714285714285; 7.144154738283084e-5 0.09860069014394096; 0.008855985987037308 0.022376488461569245; 0.708450009265506 0.015444360437160616; 0.23726900175707194 0.0009574252772717346; 0.015444360437160616 0.0004561008470088014; 0.015444360437160616 0.18780439505844163]

[0.14285714285714285 0.14285714285714285; 7.144154738283084e-5 0.09860069014394096; 0.008855985987037308 0.022376488461569245; 0.12944964416850996 0.015444360437160616; 0.4224576348527771 0.0009574252772717346; 0.015444360437160616 0.0004561008470088014; 0.015444360437160616 0.018590065979399887]),"final_Reward" => Dict{Int64,Any}(1 => [1.0, 0.0, 0.0, 0.0, 0.0, 0.0, 0.0]),"final_Qsa" => [0.0 0.0; 0.9994381206327485 0.9786795205493043; 0.998077597554051 0.9710904394380647; 0.9693919608769308 0.9837994696467176; 0.968407994159435 0.9849397820386941; 0.9710346351859378 0.9832906519947356; 0.9714843556107331 0.9711918544004974])