DateTime of fitting: 2020-12-27T19:52:41.644
DATA_STATS
nr_subjects: 1
all_subject_ids: [11]
nr_puzzles: 1
nr_episodes: 53
nr_actions: 194
max_state_id: 7
max_action_id: 2
SUBJECT_SIGNALS
subject_id: 11
algorithm_name: hybrid_actorcritic_FWD
param_string: alpha=0.8803,
                eta_critic=0.0023,
                gamma=0.984,
                lambda_actor=0.9999,
                lambda_critic=0.4833,
                eta_fwd=0.2753,
                w_MB=12.1073,
                w_MF=2.9288
param_vector: [0.8802849827970293, 0.002348064729171876, 0.9840368673338844, 0.9998553737149761, 0.4833119571192573, 0.27526965197232595, 12.107253863630925, 2.928818792339334]
LL: -12.131
RPE
[0.0, 1.0, 0.001, 0.998, 0.0, 0.002, 0.002, 0.995, 0.004, 0.993, 0.005, 0.991, 0.0, 0.005, 0.006, -0.012, 0.011, 0.988, 0.0, 0.005, 0.008, -0.014, 0.0, 0.0, 0.005, 0.008, 0.986, 0.001, 0.006, 0.009, -0.009, 0.009, 0.984, 0.01, 0.981, 0.001, 0.008, 0.011, 0.979, -0.009, 0.001, 0.008, 0.012, 0.977, 0.014, 0.975, -0.0, 0.026, 0.972, 0.017, 0.97, 0.001, 0.011, 0.018, 0.968, -0.015, 0.002, 0.001, 0.012, 0.019, 0.965, 0.02, 0.963, 0.001, -0.003, 0.002, 0.001, 0.013, 0.021, 0.961, 0.023, 0.959, 0.024, -0.04, 0.015, 0.024, 0.956, 0.025, 0.954, 0.026, 0.952, 0.002, -0.002, 0.002, 0.018, 0.027, 0.95, 0.002, 0.018, 0.028, 0.947, -0.003, 0.003, 0.003, 0.019, 0.029, 0.945, 0.03, 0.943, 0.031, -0.032, 0.031, 0.941, 0.032, 0.939, 0.003, -0.004, 0.06, 0.936, 0.003, -0.004, 0.061, 0.934, 0.004, -0.003, 0.062, 0.932, 0.004, -0.002, 0.063, 0.93, 0.004, -0.002, 0.064, 0.928, 0.044, 0.926, 0.045, 0.923, 0.004, -0.001, 0.069, 0.921, 0.048, -0.076, 0.005, 0.021, 0.048, -0.076, 0.005, 0.021, 0.048, 0.919, -0.024, 0.072, 0.917, 0.05, 0.915, 0.051, 0.913, 0.005, -0.0, 0.077, 0.911, 0.054, 0.909, -0.036, 0.005, 0.005, 0.025, 0.055, 0.906, 0.006, -0.0, 0.082, 0.904, 0.058, 0.902, 0.059, 0.9, 0.006, 0.001, 0.087, 0.898, 0.006, 0.001, 0.088, 0.896, 0.006, 0.002, 0.089, 0.894, 0.066, 0.892, 0.067, 0.89, -0.029, 0.028, 0.068, 0.887, 0.007, 0.002, 0.096, 0.885]
SPE
[0.857, 0.857, 0.621, 0.621, 0.857, 0.857, 0.45, 0.45, 0.326, 0.326, 0.236, 0.236, 0.621, 0.621, 0.171, 0.971, 0.857, 0.399, 0.45, 0.45, 0.124, 0.985, 0.857, 0.326, 0.326, 0.09, 0.485, 0.236, 0.236, 0.065, 0.992, 0.047, 0.53, 0.034, 0.384, 0.171, 0.171, 0.025, 0.278, 0.997, 0.124, 0.124, 0.288, 0.202, 0.209, 0.146, 0.985, 0.621, 0.106, 0.151, 0.077, 0.341, 0.09, 0.11, 0.056, 0.999, 0.621, 0.247, 0.065, 0.333, 0.04, 0.241, 0.029, 0.179, 0.992, 0.45, 0.13, 0.31, 0.175, 0.021, 0.127, 0.015, 0.092, 1.0, 0.224, 0.067, 0.283, 0.048, 0.205, 0.035, 0.149, 0.094, 0.997, 0.068, 0.393, 0.025, 0.108, 0.049, 0.285, 0.018, 0.078, 0.999, 0.326, 0.301, 0.206, 0.013, 0.057, 0.01, 0.041, 0.007, 1.0, 0.005, 0.297, 0.004, 0.215, 0.218, 0.999, 0.45, 0.156, 0.158, 0.724, 0.326, 0.113, 0.115, 0.525, 0.236, 0.082, 0.083, 0.38, 0.171, 0.059, 0.06, 0.276, 0.124, 0.043, 0.003, 0.031, 0.002, 0.023, 0.044, 0.2, 0.09, 0.016, 0.001, 1.0, 0.032, 0.877, 0.001, 0.725, 0.023, 0.635, 0.001, 0.481, 1.0, 0.065, 0.349, 0.276, 0.253, 0.2, 0.183, 0.017, 0.551, 0.047, 0.133, 0.145, 0.096, 1.0, 0.236, 0.012, 0.609, 0.351, 0.07, 0.009, 0.565, 0.034, 0.051, 0.255, 0.037, 0.185, 0.027, 0.006, 0.409, 0.025, 0.019, 0.005, 0.297, 0.018, 0.014, 0.003, 0.215, 0.013, 0.01, 0.134, 0.007, 0.097, 0.005, 1.0, 0.846, 0.326, 0.004, 0.002, 0.388, 0.009, 0.003]
action_selection_prob
[0.5, 0.5, 0.784, 0.823, 0.498, 0.499, 0.869, 0.889, 0.908, 0.919, 0.928, 0.935, 0.765, 0.777, 0.94, 0.944, 0.5, 0.938, 0.845, 0.855, 0.946, 0.949, 0.5, 0.844, 0.849, 0.942, 0.945, 0.884, 0.894, 0.952, 0.954, 0.948, 0.95, 0.959, 0.96, 0.908, 0.918, 0.963, 0.964, 0.967, 0.926, 0.928, 0.964, 0.968, 0.968, 0.971, 0.936, 0.791, 0.973, 0.971, 0.975, 0.946, 0.942, 0.973, 0.976, 0.975, 0.761, 0.953, 0.946, 0.973, 0.978, 0.976, 0.979, 0.957, 0.955, 0.845, 0.957, 0.953, 0.978, 0.98, 0.979, 0.981, 0.98, 0.982, 0.958, 0.979, 0.98, 0.981, 0.982, 0.982, 0.983, 0.96, 0.964, 0.96, 0.962, 0.983, 0.983, 0.964, 0.966, 0.984, 0.984, 0.967, 0.885, 0.967, 0.969, 0.984, 0.985, 0.985, 0.985, 0.986, 0.986, 0.984, 0.985, 0.986, 0.986, 0.969, 0.972, 0.869, 0.987, 0.971, 0.973, 0.905, 0.987, 0.973, 0.975, 0.925, 0.987, 0.975, 0.976, 0.938, 0.988, 0.976, 0.978, 0.947, 0.988, 0.986, 0.988, 0.987, 0.989, 0.978, 0.979, 0.954, 0.989, 0.987, 0.989, 0.979, 0.979, 0.987, 0.989, 0.979, 0.978, 0.986, 0.988, 0.987, 0.957, 0.989, 0.987, 0.99, 0.988, 0.99, 0.98, 0.981, 0.962, 0.99, 0.988, 0.991, 0.989, 0.909, 0.981, 0.982, 0.988, 0.991, 0.982, 0.983, 0.967, 0.991, 0.989, 0.991, 0.989, 0.991, 0.982, 0.984, 0.969, 0.992, 0.983, 0.984, 0.971, 0.992, 0.984, 0.985, 0.973, 0.992, 0.99, 0.992, 0.99, 0.992, 0.99, 0.986, 0.989, 0.992, 0.984, 0.986, 0.975, 0.993]
results_dict
Dict{String,Any}("finalQSA_Hybrid_record" => [0.0 0.0; 11.702563905267013 15.385843177134488; 16.595596184481792 11.70265417857129; 15.960389024117532 11.70265417857129; 14.210701423422977 11.70269636738327; 11.70273241662077 16.2964842558672; 15.856974650197156 11.702742514968921],"final_PolicyParameters_MF" => [0.0 0.0; 0.0 1.2054712350927546; 1.5388455885679864 0.0; 1.466881142526516 0.0; 0.9073976338613159 0.0; 0.0 1.528335473487751; 1.4937417889377227 0.0],"final_Tsas" => [0.14285714285714285 0.14285714285714285; 0.14285714285714285 0.0011416912594329114; 0.9979809697055395 0.14285714285714285; 4.7923473461150816e-6 0.14285714285714285; 0.02856170957053727 0.14285714285714285; 0.14285714285714285 1.4578886246673315e-8; 4.7923473461150816e-6 0.14285714285714285]

[0.14285714285714285 0.14285714285714285; 0.14285714285714285 0.0011416912594329114; 8.332487711000992e-9 0.14285714285714285; 0.7186989850053777 0.14285714285714285; 0.02856170957053727 0.14285714285714285; 0.14285714285714285 0.00797443739685613; 0.00012612929892654622 0.14285714285714285]

[0.14285714285714285 0.14285714285714285; 0.14285714285714285 0.9931498524434026; 5.82758779161569e-10 0.14285714285714285; 4.7923473461150816e-6 0.14285714285714285; 0.02856170957053727 0.14285714285714285; 0.14285714285714285 0.763611774429021; 4.7923473461150816e-6 0.14285714285714285]

[0.14285714285714285 0.14285714285714285; 0.14285714285714285 0.0011416912594329114; 1.8468174211368249e-6 0.14285714285714285; 4.7923473461150816e-6 0.14285714285714285; 0.02856170957053727 0.14285714285714285; 0.14285714285714285 0.19949628525424673; 0.9982555669247062 0.14285714285714285]

[0.14285714285714285 0.14285714285714285; 0.14285714285714285 0.0011416912594329114; 1.5337568617292286e-8 0.14285714285714285; 0.00023580734963249823 0.14285714285714285; 0.02856170957053727 0.14285714285714285; 0.14285714285714285 0.028915612948555193; 0.0015991343869827639 0.14285714285714285]

[0.14285714285714285 0.14285714285714285; 0.14285714285714285 0.0011416912594329114; 2.428781003188432e-5 0.14285714285714285; 0.2804391470545389 0.14285714285714285; 0.02856170957053727 0.14285714285714285; 0.14285714285714285 1.4578886246673315e-8; 4.7923473461150816e-6 0.14285714285714285]

[0.14285714285714285 0.14285714285714285; 0.14285714285714285 0.0011416912594329114; 0.0019928714141923608 0.14285714285714285; 0.0006116835484126136 0.14285714285714285; 0.8286297425767766 0.14285714285714285; 0.14285714285714285 1.8608135486043365e-6; 4.7923473461150816e-6 0.14285714285714285],"finalQSA_MB_record" => [0.0 0.0; 0.966591882793557 0.9837648916516517; 0.9999016217858538 0.9665971708721764; 0.9659856821948555 0.9665971708721764; 0.9542464455743234 0.9665992974526694; 0.9666012331287172 0.9763277325833224; 0.9511698230651007 0.9666056582046602])
POPULATION_SIGNALS
subject_id: 11
algorithm_name: hybrid_actorcritic_FWD
param_string: alpha=0.644,
                eta_critic=0.0002,
                gamma=0.972,
                lambda_actor=0.8563,
                lambda_critic=0.4629,
                eta_fwd=0.24,
                w_MB=12.1269,
                w_MF=2.8638
param_vector: [0.644030167544776, 0.00020351207271904898, 0.9720012726758733, 0.856341395594059, 0.4628830908282809, 0.24003847973901876, 12.126880916735841, 2.863789486249355]
LL: -19.293
RPE
[0.0, 1.0, 0.0, 1.0, 0.0, 0.0, 0.0, 1.0, 0.0, 0.999, 0.0, 0.999, 0.0, 0.0, 0.001, -0.001, 0.001, 0.999, 0.0, 0.0, 0.001, -0.001, 0.0, 0.0, 0.0, 0.001, 0.999, 0.0, 0.0, 0.001, -0.001, 0.001, 0.999, 0.001, 0.998, 0.0, 0.001, 0.001, 0.998, -0.001, 0.0, 0.001, 0.001, 0.998, 0.001, 0.998, 0.0, 0.002, 0.998, 0.002, 0.997, 0.0, 0.001, 0.002, 0.997, -0.001, 0.0, 0.0, 0.001, 0.002, 0.997, 0.002, 0.997, 0.0, -0.0, 0.0, 0.0, 0.001, 0.002, 0.997, 0.002, 0.996, 0.002, -0.004, 0.001, 0.002, 0.996, 0.002, 0.996, 0.002, 0.996, 0.0, -0.0, 0.0, 0.001, 0.002, 0.996, 0.0, 0.001, 0.003, 0.995, -0.0, 0.0, 0.0, 0.002, 0.003, 0.995, 0.003, 0.995, 0.003, -0.003, 0.003, 0.995, 0.003, 0.995, 0.0, -0.0, 0.005, 0.994, 0.0, -0.0, 0.005, 0.994, 0.0, -0.0, 0.006, 0.994, 0.0, -0.0, 0.006, 0.994, 0.0, -0.0, 0.006, 0.994, 0.004, 0.993, 0.004, 0.993, 0.0, -0.0, 0.006, 0.993, 0.005, -0.007, 0.0, 0.002, 0.005, -0.007, 0.0, 0.002, 0.005, 0.993, -0.002, 0.007, 0.993, 0.005, 0.992, 0.005, 0.992, 0.0, 0.0, 0.007, 0.992, 0.005, 0.992, -0.003, 0.0, 0.0, 0.002, 0.005, 0.991, 0.0, 0.0, 0.008, 0.991, 0.006, 0.991, 0.006, 0.991, 0.0, 0.0, 0.008, 0.991, 0.0, 0.0, 0.008, 0.99, 0.0, 0.0, 0.008, 0.99, 0.006, 0.99, 0.006, 0.99, -0.002, 0.002, 0.007, 0.99, 0.001, 0.0, 0.009, 0.989]
SPE
[0.857, 0.857, 0.651, 0.651, 0.857, 0.857, 0.495, 0.495, 0.376, 0.376, 0.286, 0.286, 0.651, 0.651, 0.217, 0.964, 0.857, 0.405, 0.495, 0.495, 0.165, 0.979, 0.857, 0.376, 0.376, 0.125, 0.474, 0.286, 0.286, 0.095, 0.988, 0.072, 0.514, 0.055, 0.39, 0.217, 0.217, 0.042, 0.297, 0.995, 0.165, 0.165, 0.264, 0.226, 0.201, 0.171, 0.979, 0.651, 0.13, 0.153, 0.099, 0.335, 0.125, 0.116, 0.075, 0.999, 0.651, 0.255, 0.095, 0.307, 0.057, 0.233, 0.043, 0.194, 0.988, 0.495, 0.147, 0.295, 0.177, 0.033, 0.135, 0.025, 0.102, 1.0, 0.224, 0.078, 0.255, 0.059, 0.193, 0.045, 0.147, 0.112, 0.995, 0.085, 0.37, 0.034, 0.112, 0.065, 0.281, 0.026, 0.085, 0.998, 0.376, 0.277, 0.213, 0.02, 0.065, 0.015, 0.049, 0.011, 0.999, 0.009, 0.268, 0.007, 0.204, 0.211, 0.998, 0.495, 0.155, 0.16, 0.759, 0.376, 0.118, 0.122, 0.577, 0.286, 0.09, 0.093, 0.438, 0.217, 0.068, 0.07, 0.333, 0.165, 0.052, 0.005, 0.039, 0.004, 0.03, 0.053, 0.253, 0.125, 0.023, 0.003, 1.0, 0.041, 0.839, 0.002, 0.76, 0.031, 0.637, 0.002, 0.432, 1.0, 0.095, 0.329, 0.241, 0.25, 0.183, 0.19, 0.023, 0.534, 0.072, 0.144, 0.139, 0.11, 1.0, 0.286, 0.018, 0.608, 0.32, 0.083, 0.014, 0.548, 0.055, 0.063, 0.244, 0.048, 0.185, 0.037, 0.01, 0.417, 0.042, 0.028, 0.008, 0.317, 0.032, 0.021, 0.006, 0.241, 0.024, 0.016, 0.141, 0.012, 0.107, 0.009, 1.0, 0.821, 0.302, 0.007, 0.005, 0.379, 0.018, 0.005]
action_selection_prob
[0.5, 0.5, 0.686, 0.783, 0.498, 0.498, 0.792, 0.865, 0.851, 0.901, 0.884, 0.92, 0.612, 0.652, 0.905, 0.931, 0.5, 0.92, 0.664, 0.714, 0.91, 0.935, 0.5, 0.658, 0.702, 0.902, 0.927, 0.725, 0.78, 0.92, 0.94, 0.912, 0.933, 0.931, 0.947, 0.759, 0.817, 0.94, 0.954, 0.948, 0.802, 0.839, 0.939, 0.96, 0.948, 0.964, 0.829, 0.703, 0.966, 0.953, 0.968, 0.861, 0.875, 0.957, 0.97, 0.96, 0.591, 0.877, 0.882, 0.955, 0.972, 0.96, 0.974, 0.888, 0.903, 0.662, 0.888, 0.897, 0.963, 0.974, 0.966, 0.976, 0.968, 0.976, 0.908, 0.966, 0.974, 0.97, 0.976, 0.972, 0.977, 0.897, 0.923, 0.898, 0.918, 0.973, 0.978, 0.907, 0.928, 0.974, 0.979, 0.914, 0.716, 0.915, 0.935, 0.975, 0.98, 0.976, 0.981, 0.977, 0.982, 0.975, 0.98, 0.978, 0.982, 0.921, 0.941, 0.797, 0.982, 0.927, 0.944, 0.849, 0.983, 0.932, 0.947, 0.88, 0.983, 0.936, 0.951, 0.9, 0.984, 0.94, 0.954, 0.915, 0.984, 0.978, 0.985, 0.979, 0.985, 0.944, 0.957, 0.925, 0.986, 0.98, 0.986, 0.948, 0.957, 0.978, 0.985, 0.948, 0.954, 0.976, 0.983, 0.978, 0.927, 0.985, 0.978, 0.986, 0.98, 0.987, 0.949, 0.961, 0.939, 0.987, 0.981, 0.987, 0.982, 0.759, 0.952, 0.962, 0.979, 0.988, 0.954, 0.964, 0.947, 0.988, 0.981, 0.989, 0.982, 0.989, 0.956, 0.967, 0.951, 0.989, 0.958, 0.968, 0.954, 0.989, 0.96, 0.97, 0.957, 0.989, 0.983, 0.99, 0.984, 0.99, 0.984, 0.971, 0.982, 0.99, 0.962, 0.972, 0.961, 0.99]
results_dict
Dict{String,Any}("finalQSA_Hybrid_record" => [0.0 0.0; 11.424574874429302 14.626752328909372; 16.060522209326898 11.424832943236659; 14.967710720525831 11.424832943236659; 12.756614274765651 11.424923010477176; 11.425003348643102 15.498719557002577; 14.647350626400863 11.425025297402392],"final_PolicyParameters_MF" => [0.0 0.0; 0.0 1.0161482149537486; 1.3816098362764178 0.0; 1.2564991625357738 0.0; 0.5485025818172359 0.0; 0.0 1.350638494079238; 1.251031293945574 0.0],"final_Tsas" => [0.14285714285714285 0.14285714285714285; 0.14285714285714285 0.002326890801850721; 0.9959321922799045 0.14285714285714285; 2.1889369453676674e-5 0.14285714285714285; 0.03621262224403818 0.14285714285714285; 0.14285714285714285 1.5648838295966504e-7; 2.1889369453676674e-5 0.14285714285714285]

[0.14285714285714285 0.14285714285714285; 0.14285714285714285 0.002326890801850721; 9.776099153141957e-8 0.14285714285714285; 0.711980044421995 0.14285714285714285; 0.03621262224403818 0.14285714285714285; 0.14285714285714285 0.011721799726203299; 0.00035247147094757156 0.14285714285714285]

[0.14285714285714285 0.14285714285714285; 0.14285714285714285 0.9860386551888958; 1.0055371755501247e-8 0.14285714285714285; 2.1889369453676674e-5 0.14285714285714285; 0.03621262224403818 0.14285714285714285; 0.14285714285714285 0.7706696614727166; 2.1889369453676674e-5 0.14285714285714285]

[0.14285714285714285 0.14285714285714285; 0.14285714285714285 0.002326890801850721; 9.33336641363306e-6 0.14285714285714285; 2.1889369453676674e-5 0.14285714285714285; 0.03621262224403818 0.14285714285714285; 0.14285714285714285 0.18242016447198245; 0.99656678161123 0.14285714285714285]

[0.14285714285714285 0.14285714285714285; 0.14285714285714285 0.002326890801850721; 1.619156586984683e-7 0.14285714285714285; 0.0005942847634926818 0.14285714285714285; 0.03621262224403818 0.14285714285714285; 0.14285714285714285 0.035178581552906936; 0.002993189440007686 0.14285714285714285]

[0.14285714285714285 0.14285714285714285; 0.14285714285714285 0.002326890801850721; 8.407171134082362e-5 0.14285714285714285; 0.2860339820263255 0.14285714285714285; 0.03621262224403818 0.14285714285714285; 0.14285714285714285 1.5648838295966504e-7; 2.1889369453676674e-5 0.14285714285714285]

[0.14285714285714285 0.14285714285714285; 0.14285714285714285 0.002326890801850721; 0.003974132910319193 0.14285714285714285; 0.0013260206798257894 0.14285714285714285; 0.7827242665357711 0.14285714285714285; 0.14285714285714285 9.479799424837219e-6; 2.1889369453676674e-5 0.14285714285714285],"finalQSA_MB_record" => [0.0 0.0; 0.9421300109880976 0.9710850411466685; 0.9996586593613261 0.9421451414821408; 0.9405082425703466 0.9421451414821408; 0.9224389588824908 0.9421502826291578; 0.9421551063584862 0.9591791075985786; 0.9157796358938848 0.9421674221260491])