DateTime of fitting: 2020-02-09T16:23:49.765
DATA_STATS
nr_subjects: 1
all_subject_ids: [20]
nr_puzzles: 1
nr_episodes: 52
nr_actions: 201
max_state_id: 7
max_action_id: 2
SUBJECT_SIGNALS
subject_id: 20
algorithm_name: Forward Learner
param_string: eta=0.1346, gamma=0.9612,
                temp=0.047,
                initTsas=nothing, initR=nothing
param_vector: [0.1345633879400403, 0.961205796732281, 0.04695988230648757]
LL: -123.665
RPE
Float64[]
SPE
[0.857, 0.857, 0.857, 0.857, 0.857, 0.857, 0.857, 0.742, 0.742, 0.742, 0.742, 0.742, 0.857, 0.742, 0.857, 0.857, 0.742, 0.857, 0.742, 0.642, 0.642, 0.893, 0.742, 0.857, 0.642, 0.773, 0.642, 0.642, 0.642, 0.893, 0.556, 0.69, 0.742, 0.481, 0.803, 0.416, 0.651, 0.556, 0.556, 0.893, 0.556, 0.36, 0.564, 0.481, 0.92, 0.416, 0.556, 0.732, 0.36, 0.92, 0.488, 0.312, 0.481, 0.633, 0.955, 0.551, 0.548, 0.368, 0.824, 0.422, 0.318, 0.547, 0.69, 0.751, 0.365, 0.276, 0.544, 0.92, 0.239, 0.416, 0.651, 0.697, 0.316, 0.206, 0.551, 0.948, 0.474, 0.179, 0.477, 0.82, 0.564, 0.542, 0.411, 0.642, 0.484, 0.872, 0.419, 0.742, 0.412, 0.783, 0.355, 0.556, 0.449, 0.755, 0.388, 0.456, 0.155, 0.975, 0.357, 0.336, 0.395, 0.134, 0.742, 0.74, 0.291, 0.43, 0.116, 0.541, 0.861, 0.252, 0.372, 0.1, 0.94, 0.642, 0.322, 0.087, 0.961, 0.279, 0.075, 0.402, 0.218, 0.798, 0.556, 0.446, 0.488, 0.556, 0.691, 0.481, 0.348, 0.416, 0.468, 0.745, 0.36, 0.405, 0.481, 0.065, 0.926, 0.056, 0.395, 0.312, 0.828, 0.049, 0.43, 0.27, 0.755, 0.042, 0.35, 0.417, 0.036, 0.912, 0.457, 0.188, 0.432, 0.032, 0.856, 0.374, 0.027, 0.395, 0.233, 0.478, 0.422, 0.842, 0.342, 0.202, 0.296, 0.175, 0.493, 0.734, 0.151, 0.256, 0.131, 0.832, 0.024, 0.426, 0.447, 0.02, 0.72, 0.018, 0.417, 0.113, 0.797, 0.361, 0.098, 0.386, 0.684, 0.085, 0.481, 0.642, 0.961, 0.556, 0.312, 0.073, 0.874, 0.323, 0.015, 0.527, 0.469, 0.013, 0.756, 0.011, 0.0]
action_selection_prob
[0.5, 0.5, 0.5, 0.5, 0.5, 0.5, 0.527, 0.627, 0.469, 0.498, 0.474, 0.521, 0.496, 0.551, 0.309, 0.501, 0.603, 0.544, 0.501, 0.678, 0.482, 0.565, 0.313, 0.487, 0.461, 0.56, 0.702, 0.568, 0.25, 0.533, 0.239, 0.536, 0.292, 0.232, 0.538, 0.224, 0.54, 0.704, 0.434, 0.429, 0.579, 0.23, 0.555, 0.739, 0.576, 0.768, 0.461, 0.592, 0.783, 0.453, 0.586, 0.795, 0.421, 0.608, 0.804, 0.444, 0.603, 0.766, 0.442, 0.587, 0.783, 0.438, 0.373, 0.43, 0.599, 0.793, 0.43, 0.353, 0.802, 0.427, 0.38, 0.426, 0.617, 0.808, 0.579, 0.294, 0.639, 0.814, 0.565, 0.292, 0.348, 0.435, 0.667, 0.183, 0.289, 0.631, 0.287, 0.385, 0.554, 0.277, 0.679, 0.179, 0.277, 0.637, 0.275, 0.622, 0.823, 0.439, 0.542, 0.274, 0.637, 0.827, 0.575, 0.649, 0.281, 0.633, 0.832, 0.437, 0.699, 0.279, 0.648, 0.835, 0.457, 0.571, 0.659, 0.837, 0.563, 0.669, 0.839, 0.555, 0.299, 0.679, 0.7, 0.431, 0.311, 0.562, 0.658, 0.74, 0.586, 0.768, 0.45, 0.707, 0.781, 0.445, 0.7, 0.793, 0.609, 0.795, 0.624, 0.79, 0.631, 0.787, 0.641, 0.797, 0.645, 0.78, 0.449, 0.702, 0.78, 0.452, 0.649, 0.198, 0.628, 0.781, 0.445, 0.633, 0.781, 0.647, 0.797, 0.445, 0.295, 0.444, 0.65, 0.803, 0.654, 0.809, 0.441, 0.717, 0.813, 0.661, 0.817, 0.664, 0.759, 0.442, 0.714, 0.76, 0.665, 0.76, 0.669, 0.818, 0.444, 0.669, 0.821, 0.329, 0.717, 0.823, 0.557, 0.373, 0.325, 0.363, 0.676, 0.825, 0.451, 0.645, 0.752, 0.451, 0.72, 0.752, 0.675, 0.752, 0.0]
results_dict
Dict{String,Any}("QSA_record" => [0.0, 0.0, 0.0, 0.0, 0.0, 0.0, 0.8121829609960393, 0.8395036082705829, 0.8281926792491, 0.8307454220487046, 0.832705951975802, 0.833858263674519, 0.8386093538114221, 0.8470684417964442, 0.8482384370168644, 0.8502045503887075, 0.8709225432297991, 0.8594771116480697, 0.8606555125581152, 0.8958260444255793, 0.8602350168970357, 0.8715362177116838, 0.865523442054606, 0.8704042312373701, 0.8627441830978452, 0.8727095669505462, 0.9033907501624151, 0.8778004897188131, 0.8684702762795713, 0.8797869596110388, 0.8670222272842909, 0.8814839924382144, 0.8802252066079501, 0.8657829998710223, 0.8826412402473639, 0.8636724306003511, 0.8833177527274749, 0.922261585265366, 0.8737363596608686, 0.8757178059569091, 0.8874567636573468, 0.8694555289113632, 0.8923379749001467, 0.9363496796662804, 0.8901554164836556, 0.946499499538191, 0.8835797557565135, 0.8997763241009493, 0.9562845426684876, 0.8870648560209223, 0.9117457057664581, 0.96384558614498, 0.8908391404318142, 0.9116711638465469, 0.9698875799885016, 0.8845543517001124, 0.9051055464622678, 0.9531341655291785, 0.8851379388343413, 0.9120405303642569, 0.9605416085992234, 0.8886823799202062, 0.891130667720508, 0.8887122407879925, 0.9192371787608901, 0.9672154404007457, 0.8912433346745672, 0.8912668435393827, 0.9724060583741286, 0.8975275146238942, 0.8997926629748251, 0.8940261583535686, 0.9283215146004826, 0.9767294115382754, 0.9136595577003853, 0.9019227049751017, 0.9256584551625201, 0.9802823517090762, 0.914432719507184, 0.902827109837773, 0.9007944263592267, 0.9000774358299234, 0.9302731013077131, 0.9129048972001229, 0.9025799674881765, 0.9353856089447826, 0.9022485862152647, 0.9095226756459776, 0.9137900017998333, 0.8991949109335549, 0.9319602867557861, 0.9116292973611883, 0.8991717323695991, 0.9313882176659796, 0.898761026326811, 0.9279477093632986, 0.9830432363117192, 0.9006954064275207, 0.9137449276325253, 0.8991727502659035, 0.932108583935375, 0.9855818629356987, 0.9140014835344686, 0.9358186819896015, 0.9017352100325324, 0.9318449372843985, 0.98745587264049, 0.9001678216384247, 0.938432025615623, 0.9014224998515806, 0.935386000958139, 0.9892413981873769, 0.906542179795153, 0.9134693870789166, 0.9387284922469259, 0.9907666981373336, 0.9153295378614361, 0.941596251789183, 0.9920931995958399, 0.9148512683823308, 0.9074957017520608, 0.9441921543754912, 0.9474506728258617, 0.9052067095624134, 0.9020085276975146, 0.9154583976808837, 0.9422058206570598, 0.9555036008818849, 0.9227617934299117, 0.9620718990848673, 0.9071212225868776, 0.9433006216154887, 0.9684232729430822, 0.9082379236737452, 0.9435709797783974, 0.9937027899400632, 0.9326162910866244, 0.9945916647934616, 0.9362620318520642, 0.9739111717344981, 0.9387044244781678, 0.9954377898867915, 0.9418407806289139, 0.9781475447118952, 0.943542996505259, 0.9961436168572929, 0.9148555514325152, 0.949958961215004, 0.9966921969390319, 0.9156745438522097, 0.9462337580447057, 0.9159362484873882, 0.9515085452245818, 0.9971490135997817, 0.9151834294337364, 0.9527316698995755, 0.9975482526693885, 0.9463231738851904, 0.9818937109660201, 0.9164751818175981, 0.9118402874478612, 0.916489155923584, 0.9477494462798879, 0.9845438428301887, 0.9489896904218837, 0.9867655018575134, 0.9172185437790862, 0.9539359974735447, 0.9886807989283409, 0.9515334617177899, 0.990278719961864, 0.9526415363369275, 0.9979749505760515, 0.9186416027815636, 0.9547787593640015, 0.9982542795129039, 0.9537810995646128, 0.9984929161077076, 0.9546852983640011, 0.9917559411267286, 0.9197049215073614, 0.9552215589286075, 0.9929093103521877, 0.9223351700348495, 0.9564310064928874, 0.9938972186245589, 0.9308773736137859, 0.9337774502579675, 0.9220482213154544, 0.931693934516493, 0.9563230181432665, 0.9947257081369215, 0.9205016397169075, 0.9583754488086986, 0.9987102296334479, 0.9207491771162157, 0.9570104003889038, 0.9988860943777949, 0.9569130156537063, 0.9990375177122689, 0.0],"final_Tsas" => Dict{Int64,Any}(1 => [0.14285714285714285 0.14285714285714285; 0.9900750016822207 0.08013883336583495; 0.9364247668316923 0.00917005573401704; 0.08013883336583495 0.003852862932178384; 0.038906246642626055 0.010595872194717958; 0.033670890282363475 0.0024974071508000596; 0.06935508044256586 0.003334408642755863]

[0.14285714285714285 0.14285714285714285; 0.0010493030486369453 0.08013883336583495; 0.010595872194717958 0.00917005573401704; 0.08013883336583495 0.7201385163349772; 0.11439251710550973 0.594088232828422; 0.033670890282363475 0.34612531357716264; 0.06935508044256586 0.003334408642755863]

[0.14285714285714285 0.14285714285714285; 0.0010493030486369453 0.5191669998049903; 0.010595872194717958 0.00917005573401704; 0.08013883336583495 0.260597169004131; 0.038906246642626055 0.3529324061979881; 0.033670890282363475 0.6314069354439307; 0.06935508044256586 0.003334408642755863]

[0.14285714285714285 0.14285714285714285; 0.0010493030486369453 0.08013883336583495; 0.010595872194717958 0.8368854861827434; 0.08013883336583495 0.003852862932178384; 0.038906246642626055 0.010595872194717958; 0.16823427822240378 0.012478122375706491; 0.5838695173446048 0.21075773371057288]

[0.14285714285714285 0.14285714285714285; 0.0010493030486369453 0.08013883336583495; 0.010595872194717958 0.11726423514717144; 0.08013883336583495 0.003852862932178384; 0.038906246642626055 0.010595872194717958; 0.5761879319826163 0.0024974071508000596; 0.06935508044256586 0.5435523996118339]

[0.14285714285714285 0.14285714285714285; 0.0010493030486369453 0.08013883336583495; 0.010595872194717958 0.00917005573401704; 0.5191669998049903 0.003852862932178384; 0.09544399346343044 0.010595872194717958; 0.033670890282363475 0.0024974071508000596; 0.06935508044256586 0.23235223210656977]

[0.14285714285714285 0.14285714285714285; 0.004678483074594593 0.08013883336583495; 0.010595872194717958 0.00917005573401704; 0.08013883336583495 0.003852862932178384; 0.6345385028605556 0.010595872194717958; 0.12089422866552607 0.0024974071508000596; 0.06935508044256586 0.003334408642755863]),"final_Reward" => Dict{Int64,Any}(1 => [1.0, 0.0, 0.0, 0.0, 0.0, 0.0, 0.0]),"final_Qsa" => [0.0 0.0; 0.9991676734088414 0.946879868726774; 0.9954809373075356 0.9226149025022031; 0.9307998795276714 0.9589205957354348; 0.9127774996349316 0.9576113220013748; 0.922715694264487 0.9574184668177104; 0.9301598733395453 0.921115511245691])
POPULATION_SIGNALS
subject_id: 20
algorithm_name: Forward Learner
param_string: eta=0.1692, gamma=0.9856,
                temp=0.0118,
                initTsas=nothing, initR=nothing
param_vector: [0.16921432907904174, 0.9855564353951695, 0.011831814925089175]
LL: -127.853
RPE
Float64[]
SPE
[0.857, 0.857, 0.857, 0.857, 0.857, 0.857, 0.857, 0.712, 0.712, 0.712, 0.712, 0.712, 0.857, 0.712, 0.857, 0.857, 0.712, 0.857, 0.712, 0.592, 0.592, 0.901, 0.712, 0.857, 0.592, 0.749, 0.592, 0.592, 0.592, 0.901, 0.491, 0.661, 0.712, 0.408, 0.791, 0.339, 0.625, 0.491, 0.491, 0.901, 0.491, 0.282, 0.519, 0.408, 0.932, 0.339, 0.491, 0.718, 0.282, 0.932, 0.432, 0.234, 0.408, 0.597, 0.968, 0.508, 0.496, 0.331, 0.812, 0.359, 0.275, 0.52, 0.661, 0.73, 0.298, 0.228, 0.528, 0.932, 0.19, 0.339, 0.625, 0.673, 0.247, 0.158, 0.508, 0.961, 0.412, 0.131, 0.422, 0.798, 0.519, 0.534, 0.342, 0.592, 0.471, 0.887, 0.392, 0.712, 0.351, 0.768, 0.284, 0.491, 0.44, 0.737, 0.365, 0.452, 0.109, 0.985, 0.292, 0.303, 0.375, 0.09, 0.712, 0.733, 0.252, 0.428, 0.075, 0.538, 0.876, 0.209, 0.356, 0.062, 0.953, 0.592, 0.296, 0.052, 0.973, 0.246, 0.043, 0.37, 0.174, 0.814, 0.491, 0.403, 0.432, 0.491, 0.676, 0.408, 0.308, 0.339, 0.447, 0.728, 0.282, 0.371, 0.473, 0.036, 0.938, 0.03, 0.382, 0.234, 0.817, 0.025, 0.433, 0.195, 0.733, 0.021, 0.308, 0.393, 0.017, 0.913, 0.468, 0.145, 0.451, 0.014, 0.88, 0.374, 0.012, 0.389, 0.162, 0.487, 0.359, 0.833, 0.323, 0.134, 0.268, 0.112, 0.505, 0.727, 0.093, 0.223, 0.077, 0.845, 0.01, 0.42, 0.44, 0.008, 0.702, 0.007, 0.438, 0.064, 0.788, 0.364, 0.053, 0.335, 0.671, 0.044, 0.408, 0.592, 0.973, 0.491, 0.302, 0.037, 0.893, 0.311, 0.006, 0.55, 0.473, 0.005, 0.761, 0.004, 0.0]
action_selection_prob
[0.5, 0.5, 0.5, 0.5, 0.5, 0.5, 0.567, 0.758, 0.417, 0.487, 0.447, 0.547, 0.48, 0.612, 0.178, 0.503, 0.682, 0.585, 0.512, 0.794, 0.469, 0.648, 0.192, 0.459, 0.417, 0.635, 0.824, 0.632, 0.123, 0.574, 0.115, 0.582, 0.183, 0.112, 0.589, 0.105, 0.595, 0.807, 0.37, 0.347, 0.65, 0.115, 0.62, 0.845, 0.646, 0.872, 0.429, 0.676, 0.884, 0.419, 0.663, 0.892, 0.352, 0.7, 0.898, 0.404, 0.682, 0.849, 0.406, 0.656, 0.872, 0.403, 0.274, 0.392, 0.673, 0.881, 0.395, 0.245, 0.89, 0.366, 0.294, 0.39, 0.699, 0.895, 0.641, 0.188, 0.737, 0.9, 0.617, 0.187, 0.247, 0.406, 0.775, 0.098, 0.184, 0.717, 0.183, 0.309, 0.6, 0.169, 0.791, 0.095, 0.171, 0.726, 0.169, 0.703, 0.907, 0.415, 0.58, 0.167, 0.724, 0.909, 0.613, 0.741, 0.177, 0.717, 0.913, 0.409, 0.815, 0.173, 0.738, 0.916, 0.412, 0.606, 0.753, 0.917, 0.627, 0.766, 0.918, 0.612, 0.198, 0.779, 0.801, 0.364, 0.199, 0.589, 0.747, 0.848, 0.659, 0.876, 0.432, 0.824, 0.886, 0.426, 0.815, 0.87, 0.693, 0.871, 0.714, 0.893, 0.724, 0.862, 0.737, 0.898, 0.741, 0.855, 0.435, 0.816, 0.855, 0.439, 0.746, 0.098, 0.7, 0.855, 0.429, 0.705, 0.855, 0.743, 0.897, 0.429, 0.183, 0.429, 0.746, 0.902, 0.75, 0.905, 0.426, 0.832, 0.908, 0.758, 0.91, 0.76, 0.834, 0.427, 0.83, 0.834, 0.761, 0.835, 0.765, 0.911, 0.43, 0.765, 0.912, 0.234, 0.832, 0.914, 0.571, 0.303, 0.232, 0.288, 0.767, 0.915, 0.442, 0.722, 0.828, 0.442, 0.836, 0.828, 0.767, 0.828, 0.0]
results_dict
Dict{String,Any}("QSA_record" => [0.0, 0.0, 0.0, 0.0, 0.0, 0.0, 0.9143170352625735, 0.9305904965997664, 0.9257107641345318, 0.9284531633817723, 0.9312828245588778, 0.9324478778351882, 0.9352105284323659, 0.9409033602804763, 0.9411332220860402, 0.942379572403555, 0.9524779864521195, 0.9457735024617859, 0.9471479148080967, 0.963587555840188, 0.9464236050288921, 0.9529827872184812, 0.9496180060446819, 0.9523244396083818, 0.948957173423175, 0.9545039187990053, 0.9675059075779652, 0.9556100745694076, 0.9507844595753226, 0.9572367318984257, 0.9507686412553936, 0.9584902114839864, 0.9574986188377375, 0.9508233869504066, 0.9592878345762887, 0.9500614800460557, 0.9597397836533808, 0.9754984005144791, 0.9536145280511581, 0.9541272915249019, 0.9608675606878739, 0.9527479220502992, 0.9635325810542338, 0.9809037450030966, 0.9621889395576407, 0.9846788103924381, 0.9582046666496634, 0.9660331908549668, 0.988054252227661, 0.9596477440003465, 0.9710992293393441, 0.9905390448365035, 0.9609846810607455, 0.9705452647546888, 0.9924354962097216, 0.9583815533434856, 0.9670810381200862, 0.9842356791105786, 0.9577750389559471, 0.9695696831073842, 0.9871983630975547, 0.9594315879307116, 0.9595612414358117, 0.9594701436942656, 0.9724693044298507, 0.9898294882654356, 0.960699977034578, 0.9594410154068987, 0.9918040725883439, 0.9628715393838432, 0.9635677974672177, 0.961827173307747, 0.9760248402102655, 0.9933683175033691, 0.970224715065714, 0.9648618833299976, 0.9749797036152423, 0.9946062831468993, 0.9704249416747577, 0.9651698349203085, 0.9635072674602152, 0.9642690430640614, 0.97670745820707, 0.969272636028893, 0.9650834491866697, 0.9785568822054236, 0.9650092454625854, 0.9672441524941345, 0.9700820069276149, 0.9636260992917516, 0.9773461019823334, 0.9688367994854239, 0.9637585455078108, 0.9767199801007912, 0.9635968196054875, 0.9751896607437718, 0.9955110698951107, 0.9643501676440097, 0.9700041924270728, 0.9636554026862781, 0.9768285083241761, 0.9963379177276213, 0.96911071516279, 0.9782409220295492, 0.9646821883375836, 0.9764687134357936, 0.9969135849884313, 0.9637355433396276, 0.9795768688857386, 0.9643945858732619, 0.9778644032588123, 0.9974590796183054, 0.9659272738890022, 0.9686279517096502, 0.9791271462731201, 0.9979020618079356, 0.9703435169939313, 0.9801716212303767, 0.9982749861601657, 0.9698997800397331, 0.9667009271555024, 0.9810661184095779, 0.9832461010502541, 0.9647975164555188, 0.9629582714665431, 0.9691015905954775, 0.9800609187626973, 0.9863884380785876, 0.9732331152323267, 0.9888860651938616, 0.9662540585467108, 0.9808621775437247, 0.9911415515029443, 0.9667108286771912, 0.9808927816753464, 0.9986655824745229, 0.9770028238026791, 0.9988975783058188, 0.9783957527336855, 0.9929580863688738, 0.9793049964730115, 0.9991043931896283, 0.9803889816830753, 0.9943277686780706, 0.9809605112538421, 0.9992701423304059, 0.9689550808826839, 0.9828756645407153, 0.9993973276254061, 0.9692438374796578, 0.9818020773627141, 0.9692087163058298, 0.9831495284519017, 0.9995005559982061, 0.9690415858215268, 0.9835365938937308, 0.999587438167672, 0.981777233860492, 0.9954577219702707, 0.9694715200066031, 0.9659283027096145, 0.9694912887049137, 0.9822185914815968, 0.9962707814292913, 0.9826217034575551, 0.9969308360731086, 0.9697218459880037, 0.9840184419319615, 0.9974739420530914, 0.9833787099965434, 0.9979142398024267, 0.9836971782106203, 0.9996691136376697, 0.9701458741781998, 0.9842224749097999, 0.9997257151352928, 0.9840027810068904, 0.9997724482708512, 0.9842468575805544, 0.9982917489723552, 0.9704372195750121, 0.9843708225291482, 0.9985869560274803, 0.9704665771239229, 0.9846439533437112, 0.9988305062026903, 0.9739310720133376, 0.975212009930714, 0.97045366337473, 0.9743553947406891, 0.9846403462880785, 0.9990280261224356, 0.9706484812898005, 0.9850937628682718, 0.9998112618520011, 0.9707153346281143, 0.9847800214921527, 0.9998433907443559, 0.9847730602861269, 0.9998699955628155, 0.0],"final_Tsas" => Dict{Int64,Any}(1 => [0.14285714285714285 0.14285714285714285; 0.9967877043128729 0.06805467267803018; 0.9695312131097791 0.004218838593123323; 0.06805467267803018 0.0013871610777833148; 0.02693412903566817 0.005078131148370164; 0.022376488461569245 0.0007954152013348825; 0.056538846900123514 0.0011524335466816507]

[0.14285714285714285 0.14285714285714285; 0.0002615338282359064 0.06805467267803018; 0.005078131148370164 0.004218838593123323; 0.06805467267803018 0.7416239965369991; 0.10754490948101486 0.6069432150688536; 0.022376488461569245 0.3676795181632756; 0.056538846900123514 0.0011524335466816507]

[0.14285714285714285 0.14285714285714285; 0.0002615338282359064 0.5916719639318189; 0.005078131148370164 0.004218838593123323; 0.06805467267803018 0.25144019807408424; 0.02693412903566817 0.3676661291892956; 0.022376488461569245 0.6223283579433221; 0.056538846900123514 0.0011524335466816507]

[0.14285714285714285 0.14285714285714285; 0.0002615338282359064 0.06805467267803018; 0.005078131148370164 0.8799388605723323; 0.06805467267803018 0.0013871610777833148; 0.02693412903566817 0.005078131148370164; 0.19159081754061097 0.006810463088062769; 0.6607669185992588 0.21413291332945736]

[0.14285714285714285 0.14285714285714285; 0.0002615338282359064 0.06805467267803018; 0.005078131148370164 0.09896694646205109; 0.06805467267803018 0.0013871610777833148; 0.02693412903566817 0.005078131148370164; 0.5994971652962295 0.0007954152013348825; 0.056538846900123514 0.5427422401373561]

[0.14285714285714285 0.14285714285714285; 0.0002615338282359064 0.06805467267803018; 0.005078131148370164 0.004218838593123323; 0.5916719639318189 0.0013871610777833148; 0.08257207913033837 0.005078131148370164; 0.022376488461569245 0.0007954152013348825; 0.056538846900123514 0.2385151123464598]

[0.14285714285714285 0.14285714285714285; 0.0019046265459475547 0.06805467267803018; 0.005078131148370164 0.004218838593123323; 0.06805467267803018 0.0013871610777833148; 0.702146495245974 0.005078131148370164; 0.11940606331688243 0.0007954152013348825; 0.056538846900123514 0.0011524335466816507]),"final_Reward" => Dict{Int64,Any}(1 => [1.0, 0.0, 0.0, 0.0, 0.0, 0.0, 0.0]),"final_Qsa" => [0.0 0.0; 0.999892036655551 0.9812670384274926; 0.9991974393760411 0.9711195514081701; 0.9738810165800308 0.9852009065042076; 0.9655598137155943 0.9849165482106452; 0.9707028656570307 0.9848927882933917; 0.9735266018843237 0.970799337506656])