DateTime of fitting: 2020-02-09T16:29:54.43
DATA_STATS
nr_subjects: 1
all_subject_ids: [2]
nr_puzzles: 1
nr_episodes: 57
nr_actions: 174
max_state_id: 7
max_action_id: 2
SUBJECT_SIGNALS
subject_id: 2
algorithm_name: Sarsa-Lambda (ReplTrc)
param_string: alpha=0.1637, gamma=0.9182,
                lambda=0.589, temp=0.2896,
                reward_magnitude=1.0,
                action_cost=0.0,
                initQSA=nothing, use_replacing_trace=true
param_vector: [0.16371645806868598, 0.9182451422262278, 0.588982716656838, 0.2896076444970018, 1.0, 0.0, 0.0]
LL: -83.007
RPE
[0.0, 0.0, 0.0, 0.0, 1.0, 0.081, 0.062, 0.836, 0.1, 0.103, 0.699, 0.183, 0.13, 0.585, 0.01, -0.026, 0.0, 1.0, 0.025, 0.012, 0.062, 0.836, 0.207, 0.699, 0.208, 0.585, 0.181, 0.145, 0.489, 0.242, 0.078, -0.511, 0.392, 0.538, 0.202, 0.113, 0.45, 0.314, 0.376, 0.191, 0.179, 0.315, -0.062, 0.565, 0.263, 0.283, -0.507, 0.107, 0.057, 0.21, -0.412, 0.187, 0.489, 0.22, -0.246, 0.172, 0.224, 0.409, 0.213, 0.342, 0.172, 0.329, 0.184, 0.32, 0.154, -0.28, 0.199, 0.263, 0.133, 0.286, 0.166, 0.208, 0.239, 0.165, 0.2, 0.186, 0.129, -0.277, 0.202, -0.014, 0.492, 0.108, 0.097, 0.347, 0.167, 0.134, 0.14, -0.111, 0.229, 0.29, 0.09, 0.159, 0.075, 0.088, 0.117, 0.113, 0.063, 0.057, 0.098, 0.08, 0.053, 0.036, 0.082, -0.252, 0.615, 0.035, 0.068, 0.045, 0.044, -0.115, 0.529, 0.041, 0.037, 0.156, 0.289, 0.031, 0.336, 0.012, 0.057, 0.091, -0.172, 0.065, 0.266, 0.026, 0.559, 0.022, 0.078, 0.413, 0.018, 0.08, 0.346, 0.015, -0.425, 0.306, 0.066, 0.291, 0.013, 0.014, 0.048, 0.041, 0.011, -0.111, 0.101, 0.433, 0.009, 0.083, 0.237, 0.007, 0.107, 0.168, 0.04, 0.112, 0.168, 0.006, 0.198, 0.013, 0.033, 0.013, 0.028, 0.379, 0.012, 0.023, 0.012, 0.02, 0.021, 0.005, 0.127, 0.141, 0.004, -0.03, 0.25, 0.004, 0.007, 0.016]
SPE
Float64[]
action_selection_prob
[0.5, 0.5, 0.5, 0.5, 0.5, 0.488, 0.576, 0.638, 0.539, 0.645, 0.738, 0.541, 0.704, 0.807, 0.411, 0.522, 0.4, 0.5, 0.433, 0.56, 0.475, 0.638, 0.458, 0.738, 0.548, 0.807, 0.38, 0.754, 0.854, 0.46, 0.794, 0.854, 0.4, 0.831, 0.494, 0.795, 0.87, 0.565, 0.896, 0.549, 0.826, 0.914, 0.398, 0.496, 0.927, 0.365, 0.852, 0.115, 0.406, 0.372, 0.821, 0.123, 0.583, 0.937, 0.61, 0.158, 0.589, 0.819, 0.649, 0.842, 0.302, 0.81, 0.944, 0.648, 0.949, 0.302, 0.155, 0.442, 0.709, 0.866, 0.499, 0.81, 0.883, 0.737, 0.897, 0.766, 0.953, 0.548, 0.162, 0.524, 0.657, 0.956, 0.436, 0.724, 0.907, 0.79, 0.914, 0.517, 0.191, 0.809, 0.959, 0.771, 0.961, 0.79, 0.92, 0.804, 0.962, 0.817, 0.925, 0.826, 0.963, 0.834, 0.929, 0.533, 0.23, 0.841, 0.932, 0.846, 0.964, 0.453, 0.301, 0.851, 0.965, 0.521, 0.837, 0.966, 0.566, 0.855, 0.934, 0.615, 0.859, 0.615, 0.849, 0.967, 0.142, 0.967, 0.357, 0.628, 0.967, 0.186, 0.682, 0.968, 0.603, 0.132, 0.567, 0.723, 0.968, 0.79, 0.936, 0.794, 0.968, 0.402, 0.244, 0.202, 0.968, 0.589, 0.838, 0.969, 0.245, 0.856, 0.938, 0.617, 0.869, 0.969, 0.644, 0.733, 0.939, 0.736, 0.94, 0.328, 0.739, 0.941, 0.742, 0.942, 0.744, 0.969, 0.253, 0.879, 0.969, 0.621, 0.719, 0.969, 0.724, 0.942]
results_dict
Dict{String,Any}("trialByTrial_Qsa" => [0.0, 0.0, 0.0, 0.0, 0.0, 0.0, 0.08854285689204923, 0.16371645806868598, 0.05882862578501037, 0.1727056647090352, 0.30062983749481614, 0.0478866791957884, 0.2515493745359165, 0.41512824337908616, 0.014006741114801588, 0.02589857753512658, 0.0, 0.0, 0.03921243143555542, 0.06954523334784682, 0.08854285689204923, 0.16371645806868598, 0.06890615664041859, 0.30062983749481614, 0.1727056647090352, 0.41512824337908616, 0.11734899522495425, 0.32455981178211657, 0.5108813757974727, 0.11780165675420001, 0.3915337277443913, 0.5108813757974727, 0.0, 0.46197816513606293, 0.1574766409437798, 0.3917206024874727, 0.5500611943036022, 0.25862411486908754, 0.6237235819198712, 0.22216741877213125, 0.4501200729092781, 0.685326224342722, 0.16474355427756582, 0.11186602017212083, 0.7368435003404318, 0.18315024550921238, 0.5073164778510855, 0.0, 0.11698815985358743, 0.19113671104137844, 0.44193993479328275, 0.022021346742755188, 0.2276233807715532, 0.7799265503824496, 0.34336519502046603, 0.10643048015227125, 0.3183742599228016, 0.5909581445273392, 0.39130871482317536, 0.6579250283071666, 0.21368238585393848, 0.4201524117442523, 0.8159561960687924, 0.4564404149023882, 0.8460871957778975, 0.27981364224612854, 0.0, 0.2171944613320722, 0.5225353331613439, 0.7139283310666633, 0.2843958970367289, 0.49032650944856565, 0.7607629714582269, 0.5696434633402513, 0.7999300104099631, 0.6143531738121005, 0.8712852549365592, 0.341441761786783, 0.06968348068835913, 0.3139152406873396, 0.3270914142496794, 0.8923579770995596, 0.28566736719091507, 0.4172219173832325, 0.8326847604714829, 0.6561521370087732, 0.8600770188680055, 0.3604397309964212, 0.271690496804662, 0.5456016190771553, 0.9099807478281681, 0.6904153764647848, 0.9247183809517323, 0.7230632838951955, 0.8829847137413472, 0.7477875106024583, 0.9370432209799908, 0.7718041948009654, 0.9021420419475072, 0.7897324440851408, 0.9473502818525597, 0.8075189151740383, 0.9181630002336955, 0.37879464631499804, 0.13854003906022233, 0.8205899956959727, 0.9315610639744027, 0.8323489779770169, 0.9559699072259732, 0.34039144974098245, 0.2455791768934608, 0.8436910189885997, 0.9631783580633725, 0.39549674019864833, 0.6010472985483125, 0.9692066668615106, 0.4481605335325456, 0.8536215840822756, 0.9427656441745029, 0.506925116590205, 0.6510751172095884, 0.5065877052305103, 0.6287199881463233, 0.9742480422950731, 0.33921830312056866, 0.9784640615988583, 0.37133801765628893, 0.4889094262668985, 0.9819898491550787, 0.4326838425615214, 0.5580859200579582, 0.9849384072606919, 0.5420717157520388, 0.1279379092741645, 0.49965175118176897, 0.6161192717177684, 0.9874042378768445, 0.8606650713510874, 0.9521358501900962, 0.8671343993547898, 0.9894663714383233, 0.42145528643952035, 0.3375782017817249, 0.47713066859536385, 0.9911908997970521, 0.5368030519039666, 0.6745288335546006, 0.9926330944810509, 0.5488040624569327, 0.7139740107661047, 0.9599719992654426, 0.5716558754554244, 0.7449432673401791, 0.9938391781595398, 0.605193858748083, 0.8748512069252173, 0.9665252417692751, 0.8798871369657023, 0.972005610621515, 0.43307168843575056, 0.8844372288080505, 0.9765887528963563, 0.8885255834413353, 0.9804215593511356, 0.8921814323569279, 0.9948478060900522, 0.5830379526759452, 0.7729349655422362, 0.9956913050282719, 0.6403552420999663, 0.6648039697659992, 0.9963967093079416, 0.8961301417864149, 0.9836268723086756],"StateValue_V2_record" => [0.0, 0.0, 0.0, 0.0, 0.0, 1.0, 0.012861621987086937, 0.08130404821995628, 0.1503318423240548, 1.0, 0.054019099850930376, 0.15858613765402324, 0.2760518878878752, 1.0, 0.04397171054887846, 0.2309839911976513, 0.3811894928837531, 1.0, 0.10817079906074566, 0.023781243012199294, 0.10775514481044304, 0.0, 1.0, 0.10817079906074566, 0.0638595726866498, 0.10775514481044304, 0.1503318423240548, 1.0, 0.10817079906074566, 0.2760518878878752, 1.0, 0.15858613765402324, 0.3811894928837531, 1.0, 0.23748033714109756, 0.2980254705307874, 0.46911434157988124, 1.0, 0.1512749684284577, 0.35952394351901373, 0.46911434157988124, 0.10742380948354206, 0.4242092059507758, 1.0, 0.1512749684284577, 0.359695540344053, 0.50509101959644, 1.0, 0.23748033714109756, 0.5727311491898643, 1.0, 0.20400415304844957, 0.41332057036746006, 0.6292974763429464, 1.0, 0.26114515092304674, 0.10742380948354206, 0.6766029647685713, 1.0, 0.3152934223371043, 0.46584089135807893, 0.5426444454712542, 0.20901406365058967, 0.3152934223371043, 0.40580919827970774, 0.5426444454712542, 0.20901406365058967, 0.7161637661819437, 1.0, 0.3152934223371043, 0.5426444454712542, 0.292345617583983, 0.5426444454712542, 1.0, 0.3593173264971691, 0.6041364611921092, 1.0, 0.41912419369984183, 0.38580291107879355, 0.7492478133095601, 1.0, 0.41912419369984183, 0.7769154574228657, 1.0, 0.4798155313169676, 0.45023993540588797, 0.26114515092304674, 0.4798155313169676, 0.6555612218996417, 1.0, 0.26231267221561383, 0.45023993540588797, 0.6985669029271072, 1.0, 0.52307234301311, 0.7345318461799245, 1.0, 0.5641268174642267, 0.8000534528388359, 1.0, 0.3135272391138783, 0.5009960363083626, 0.2882511448319267, 0.30035010219867486, 0.819403377598494, 1.0, 0.330972032052792, 0.3831119988674658, 0.7646087363087491, 1.0, 0.6025085123696642, 0.7897615445159617, 1.0, 0.330972032052792, 0.6339705655570809, 0.5009960363083626, 0.8355854012126053, 1.0, 0.6339705655570809, 0.8491181612362305, 1.0, 0.663949347958907, 0.8107964240530084, 1.0, 0.6866522490281511, 0.8604353857208943, 1.0, 0.7087054526258116, 0.8283875476163484, 1.0, 0.7251679804396266, 0.8698997942977607, 1.0, 0.7415003211143539, 0.8430987147364497, 1.0, 0.347826343880049, 0.4489387056581916, 0.7535027773072681, 0.8554014216815915, 1.0, 0.7643004056643612, 0.8778147234247076, 1.0, 0.3631629604537173, 0.4489387056581916, 0.7747151797261778, 0.884433848389126, 1.0, 0.3631629604537173, 0.5519087621401852, 0.8899693136588559, 1.0, 0.41152123285377445, 0.783833872883007, 0.8656899730210177, 1.0, 0.4654815257814199, 0.5978465636020764, 0.4651716994394483, 0.577319074935893, 0.8945985321608634, 1.0, 0.7903015208519257, 0.8984698714060961, 1.0, 0.4977547197275462, 0.4489387056581916, 0.9017074087021172, 1.0, 0.7903015208519257, 0.512459685038075, 0.9044149078591683, 1.0, 0.4977547197275462, 0.6193828247030357, 0.4588027933274872, 0.5657485282868021, 0.9066791448440031, 1.0, 0.7903015208519257, 0.8742941191764951, 1.0, 0.7962419498647935, 0.9085726889694526, 1.0, 0.49291679474303096, 0.6104530157703407, 0.8033278709298333, 0.9101562287574868, 1.0, 0.49291679474303096, 0.6193828247030357, 0.9114805170202132, 1.0, 0.8033278709298333, 0.655603167061752, 0.8814896249986925, 1.0, 0.524920230662025, 0.6840405364692536, 0.9125879974991039, 1.0, 0.555716320900573, 0.8033278709298333, 0.8875071080936672, 1.0, 0.8079520892260996, 0.8925394301698444, 1.0, 0.5880030903573941, 0.8121301889570192, 0.896747878299849, 1.0, 0.8158843007387309, 0.9002673342080435, 1.0, 0.8192412662461869, 0.9135141651966107, 1.0, 0.8228671494978762, 0.7097437773659551, 0.9142887039991038, 1.0, 0.5880030903573941, 0.6104530157703407, 0.9149364380522161, 1.0, 0.8228671494978762, 0.9032105972606195, 1.0],"final_QSA" => Dict{Int64,Any}(1 => [0.0 0.0; 0.9969866272974373 0.0; 0.9863074227818056 0.17402441889387846; 0.3928021854635302 0.706073817173884; 0.19812555955910197 0.7964584030994352; 0.6165039744400717 0.8987390523802129; 0.49734091049774587 0.6577797484858532]),"trialByTrial_Vs" => [0.0, 0.0, 0.0, 0.0, 0.0, 0.014006741114801588, 0.08854285689204923, 0.16371645806868598, 0.05882862578501037, 0.1727056647090352, 0.30062983749481614, 0.0478866791957884, 0.2515493745359165, 0.41512824337908616, 0.11780165675420001, 0.02589857753512658, 0.11734899522495425, 0.0, 0.11780165675420001, 0.06954523334784682, 0.11734899522495425, 0.16371645806868598, 0.11780165675420001, 0.30062983749481614, 0.1727056647090352, 0.41512824337908616, 0.25862411486908754, 0.32455981178211657, 0.5108813757974727, 0.16474355427756582, 0.3915337277443913, 0.5108813757974727, 0.11698815985358743, 0.46197816513606293, 0.16474355427756582, 0.3917206024874727, 0.5500611943036022, 0.25862411486908754, 0.6237235819198712, 0.22216741877213125, 0.4501200729092781, 0.685326224342722, 0.2843958970367289, 0.11698815985358743, 0.7368435003404318, 0.34336519502046603, 0.5073164778510855, 0.5909581445273392, 0.2276233807715532, 0.34336519502046603, 0.44193993479328275, 0.5909581445273392, 0.2276233807715532, 0.7799265503824496, 0.34336519502046603, 0.5909581445273392, 0.3183742599228016, 0.5909581445273392, 0.39130871482317536, 0.6579250283071666, 0.4564404149023882, 0.4201524117442523, 0.8159561960687924, 0.4564404149023882, 0.8460871957778975, 0.5225353331613439, 0.49032650944856565, 0.2843958970367289, 0.5225353331613439, 0.7139283310666633, 0.28566736719091507, 0.49032650944856565, 0.7607629714582269, 0.5696434633402513, 0.7999300104099631, 0.6143531738121005, 0.8712852549365592, 0.341441761786783, 0.5456016190771553, 0.3139152406873396, 0.3270914142496794, 0.8923579770995596, 0.3604397309964212, 0.4172219173832325, 0.8326847604714829, 0.6561521370087732, 0.8600770188680055, 0.3604397309964212, 0.6904153764647848, 0.5456016190771553, 0.9099807478281681, 0.6904153764647848, 0.9247183809517323, 0.7230632838951955, 0.8829847137413472, 0.7477875106024583, 0.9370432209799908, 0.7718041948009654, 0.9021420419475072, 0.7897324440851408, 0.9473502818525597, 0.8075189151740383, 0.9181630002336955, 0.37879464631499804, 0.4889094262668985, 0.8205899956959727, 0.9315610639744027, 0.8323489779770169, 0.9559699072259732, 0.39549674019864833, 0.4889094262668985, 0.8436910189885997, 0.9631783580633725, 0.39549674019864833, 0.6010472985483125, 0.9692066668615106, 0.4481605335325456, 0.8536215840822756, 0.9427656441745029, 0.506925116590205, 0.6510751172095884, 0.5065877052305103, 0.6287199881463233, 0.9742480422950731, 0.8606650713510874, 0.9784640615988583, 0.5420717157520388, 0.4889094262668985, 0.9819898491550787, 0.8606650713510874, 0.5580859200579582, 0.9849384072606919, 0.5420717157520388, 0.6745288335546006, 0.49965175118176897, 0.6161192717177684, 0.9874042378768445, 0.8606650713510874, 0.9521358501900962, 0.8671343993547898, 0.9894663714383233, 0.5368030519039666, 0.6648039697659992, 0.8748512069252173, 0.9911908997970521, 0.5368030519039666, 0.6745288335546006, 0.9926330944810509, 0.8748512069252173, 0.7139740107661047, 0.9599719992654426, 0.5716558754554244, 0.7449432673401791, 0.9938391781595398, 0.605193858748083, 0.8748512069252173, 0.9665252417692751, 0.8798871369657023, 0.972005610621515, 0.6403552420999663, 0.8844372288080505, 0.9765887528963563, 0.8885255834413353, 0.9804215593511356, 0.8921814323569279, 0.9948478060900522, 0.8961301417864149, 0.7729349655422362, 0.9956913050282719, 0.6403552420999663, 0.6648039697659992, 0.9963967093079416, 0.8961301417864149, 0.9836268723086756],"RPE_QV" => [0.0, 0.0, 0.0, 0.0, 1.0, 0.08130404821995628, 0.061788985432005575, 0.836283541931314, 0.09975751186901287, 0.10334622317884001, 0.6993701625051838, 0.1830973120018629, 0.12964011834783656, 0.5848717566209138, 0.009774501897397706, 0.08185656727531646, 0.0, 1.0, 0.02464714125109438, 0.038209911462596224, 0.061788985432005575, 0.836283541931314, 0.2071457312474566, 0.6993701625051838, 0.2084838281747179, 0.5848717566209138, 0.18067647530583314, 0.14455452979776467, 0.4891186242025273, 0.24172228676481372, 0.07758061383548992, -0.40345756631393065, 0.3923126031471994, 0.5380218348639371, 0.20221889940027318, 0.11337041710896728, 0.44993880569639777, 0.3141070343207768, 0.3762764180801288, 0.1911531515953288, 0.17917740343366834, 0.31467377565727805, -0.057319744794023755, 0.5647369445964505, 0.2631564996595682, 0.28269064584886655, 0.035327967620168765, 0.20901406365058967, 0.19830526248351685, 0.20968589598957058, 0.10070451067797148, 0.18699271690783448, 0.48854038541039047, 0.22007344961755038, 0.1992792504507882, 0.17193604124368667, 0.22427018554845263, 0.4090418554726608, 0.2128277463689338, 0.3420749716928334, 0.17212052522485508, 0.32909540156530787, 0.18404380393120756, 0.32047504252047754, 0.15391280422210252, 0.17042629315975943, 0.26114515092304674, 0.26262106998489537, 0.1330258887382978, 0.2860716689333367, 0.16584403836915906, 0.20824039347854156, 0.2392370285417731, 0.16488838283967322, 0.20006998959003686, 0.18570027902673536, 0.12871474506344083, 0.15955427452157966, 0.20213340040978656, -0.013565138488664752, 0.4923119633488146, 0.10764202290044045, 0.09744463167655071, 0.34738681892551665, 0.16731523952851712, 0.13360940750718853, 0.13992298113199453, 0.2735308345606597, 0.22930553950370064, 0.28998378213544995, 0.09001925217183193, 0.15870278477144573, 0.07528161904826769, 0.08773314015781297, 0.11701528625865276, 0.11264787511843599, 0.06295677902000918, 0.05658335281538296, 0.09785795805249276, 0.08016735021261989, 0.05264971814744035, 0.03557979956241142, 0.08183699976630454, 0.07014405934319357, 0.6149627382470457, 0.034811425985618816, 0.06843893602559725, 0.045465745447690664, 0.04403009277402681, 0.10854725591720915, 0.529136002832717, 0.040742829400526315, 0.036821641936627514, 0.15641202194153692, 0.2889220151105434, 0.03079333313848942, 0.3356733393504614, 0.01206838893874207, 0.057234355825497074, 0.09092144701187144, -0.17192520279210505, 0.06541302589389231, 0.26587854401454003, 0.025751957704926887, 0.5592515682855275, 0.021535938401141652, 0.07760068800190267, 0.4127979824352187, 0.018010150844921302, 0.07977584247655362, 0.34632898780121013, 0.015061592739308072, 0.07731110895099691, 0.30598690960048913, 0.06609677710503314, 0.29055987312623477, 0.012595762123155496, 0.013629047825407747, 0.04786414980990383, 0.04143828961466289, 0.010533628561676722, 0.18899772933082037, 0.4657496691481084, 0.43302556016212296, 0.008809100202947895, 0.08257977279906914, 0.23695168346561257, 0.007366905518949141, 0.10679910460481934, 0.16751561423258787, 0.04002800073455737, 0.11238466101382916, 0.16764473015892478, 0.0061608218404601844, 0.1981340121817503, 0.012655901168449835, 0.03347475823072488, 0.012652293204142073, 0.027994389378484974, 0.3790585005212686, 0.012310649491798498, 0.02341124710364373, 0.011741750766708248, 0.01957844064886438, 0.021332732839682733, 0.005152193909947811, 0.1267058246900099, 0.1413537384568676, 0.004308694971728144, -0.02990222632962558, 0.25013246828621694, 0.0036032906920584473, 0.00708045547420455, 0.016373127691324374],"StateValue_V3_record" => [0.0, 0.0, 0.0, 0.0, 0.0, 0.16371645806868598, 0.014006741114801588, 0.014006741114801588, 0.09865873073463483, 0.30062983749481614, 0.05882862578501037, 0.07516057229395007, 0.18962514232265082, 0.41512824337908616, 0.0478866791957884, 0.0778627225986305, 0.27277359553542957, 0.5108813757974727, 0.11780165675420001, 0.11780165675420001, 0.021658554152058418, 0.11734899522495425, 0.16371645806868598, 0.11780165675420001, 0.11780165675420001, 0.07147034486979396, 0.11734899522495425, 0.30062983749481614, 0.11780165675420001, 0.11780165675420001, 0.41512824337908616, 0.1727056647090352, 0.20683789862240054, 0.5108813757974727, 0.25862411486908754, 0.25862411486908754, 0.34822576739839095, 0.5909581445273392, 0.16474355427756582, 0.16474355427756582, 0.4042349510563322, 0.4272416864586532, 0.11698815985358743, 0.5500611943036022, 0.16474355427756582, 0.19058320290814046, 0.41028120562632237, 0.6237235819198712, 0.25862411486908754, 0.3100486059825443, 0.685326224342722, 0.22216741877213125, 0.25346233569998505, 0.4794543627653823, 0.7368435003404318, 0.2843958970367289, 0.2843958970367289, 0.20432275248198345, 0.7799265503824496, 0.34336519502046603, 0.34336519502046603, 0.4242604209774248, 0.5909581445273392, 0.2276233807715532, 0.34336519502046603, 0.3745013763625493, 0.5909581445273392, 0.30760548229445306, 0.8159561960687924, 0.34336519502046603, 0.3031505516283764, 0.5909581445273392, 0.3550909803512013, 0.6579250283071666, 0.39130871482317536, 0.4261521196374378, 0.7139283310666633, 0.4564404149023882, 0.4564404149023882, 0.4740307452552164, 0.8460871957778975, 0.4564404149023882, 0.5089074537632523, 0.8712852549365592, 0.5225353331613439, 0.5225353331613439, 0.49032650944856565, 0.2843958970367289, 0.5443138604970171, 0.7607629714582269, 0.28566736719091507, 0.3115472955903349, 0.524418889095702, 0.7999300104099631, 0.5696434633402513, 0.5966384053554361, 0.8326847604714829, 0.6143531738121005, 0.6447553657567243, 0.8923579770995596, 0.341441761786783, 0.2960177719417526, 0.5456016190771553, 0.3116944042607642, 0.4076909851539881, 0.9099807478281681, 0.3604397309964212, 0.3604397309964212, 0.47409485695746606, 0.8600770188680055, 0.6561521370087732, 0.6780261959705057, 0.8829847137413472, 0.3604397309964212, 0.3422735478170397, 0.6904153764647848, 0.5930767367857327, 0.9247183809517323, 0.6904153764647848, 0.7163976342732029, 0.9370432209799908, 0.7230632838951955, 0.7374266428570763, 0.9021420419475072, 0.7477875106024583, 0.7662298217258123, 0.9473502818525597, 0.7718041948009654, 0.7810678209095507, 0.9181630002336955, 0.7897324440851408, 0.8028571587147028, 0.9559699072259732, 0.8075189151740383, 0.8133439139371901, 0.9315610639744027, 0.37879464631499804, 0.34039144974098245, 0.4889094262668985, 0.8262891990586584, 0.9427656441745029, 0.8323489779770169, 0.8397924687851653, 0.9631783580633725, 0.39549674019864833, 0.39549674019864833, 0.4889094262668985, 0.8503612907097505, 0.9692066668615106, 0.39549674019864833, 0.42110396243027837, 0.648348587520278, 0.9742480422950731, 0.4481605335325456, 0.5031157837190912, 0.8555973779739218, 0.9521358501900962, 0.506925116590205, 0.5218104538574683, 0.6229281319557245, 0.5172968941414137, 0.6722486816488431, 0.9784640615988583, 0.8606650713510874, 0.8606650713510874, 0.9819898491550787, 0.5420717157520388, 0.5420717157520388, 0.5564912498490922, 0.9849384072606919, 0.8606650713510874, 0.8606650713510874, 0.6147856752672854, 0.9874042378768445, 0.5420717157520388, 0.47255879603417245, 0.6745288335546006, 0.5104728814191604, 0.6636887050028824, 0.9894663714383233, 0.8606650713510874, 0.8628963707879118, 0.9599719992654426, 0.8671343993547898, 0.8739185293589268, 0.9911908997970521, 0.5368030519039666, 0.5368030519039666, 0.6648039697659992, 0.8748512069252173, 0.9926330944810509, 0.5368030519039666, 0.550322719814747, 0.7133217239050031, 0.9938391781595398, 0.8748512069252173, 0.8748512069252173, 0.7413990737994643, 0.9665252417692751, 0.5716558754554244, 0.5900550940978585, 0.7723894687756789, 0.9948478060900522, 0.605193858748083, 0.637631657445417, 0.8769231862381833, 0.972005610621515, 0.8798871369657023, 0.881958525595531, 0.9765887528963563, 0.6403552420999663, 0.6403552420999663, 0.8864526847393729, 0.9804215593511356, 0.8885255834413353, 0.890447901288386, 0.9836268723086756, 0.8921814323569279, 0.8956739518183663, 0.9956913050282719, 0.8961301417864149, 0.8961301417864149, 0.7960768989371619, 0.9963967093079416, 0.6403552420999663, 0.6354597555169118, 0.7057547715217966, 0.9969866272974373, 0.8961301417864149, 0.8972893288781647, 0.9863074227818056],"StateValue_V1_record" => [0.0, 0.0, 0.0, 0.0, 0.0, 0.0, 0.014006741114801588, 0.08854285689204923, 0.16371645806868598, 0.0, 0.05882862578501037, 0.1727056647090352, 0.30062983749481614, 0.0, 0.0478866791957884, 0.2515493745359165, 0.41512824337908616, 0.0, 0.11780165675420001, 0.02589857753512658, 0.11734899522495425, 0.0, 0.0, 0.11780165675420001, 0.06954523334784682, 0.11734899522495425, 0.16371645806868598, 0.0, 0.11780165675420001, 0.30062983749481614, 0.0, 0.1727056647090352, 0.41512824337908616, 0.0, 0.25862411486908754, 0.32455981178211657, 0.5108813757974727, 0.0, 0.16474355427756582, 0.3915337277443913, 0.5108813757974727, 0.11698815985358743, 0.46197816513606293, 0.0, 0.16474355427756582, 0.3917206024874727, 0.5500611943036022, 0.0, 0.25862411486908754, 0.6237235819198712, 0.0, 0.22216741877213125, 0.4501200729092781, 0.685326224342722, 0.0, 0.2843958970367289, 0.11698815985358743, 0.7368435003404318, 0.0, 0.34336519502046603, 0.5073164778510855, 0.5909581445273392, 0.2276233807715532, 0.34336519502046603, 0.44193993479328275, 0.5909581445273392, 0.2276233807715532, 0.7799265503824496, 0.0, 0.34336519502046603, 0.5909581445273392, 0.3183742599228016, 0.5909581445273392, 0.0, 0.39130871482317536, 0.6579250283071666, 0.0, 0.4564404149023882, 0.4201524117442523, 0.8159561960687924, 0.0, 0.4564404149023882, 0.8460871957778975, 0.0, 0.5225353331613439, 0.49032650944856565, 0.2843958970367289, 0.5225353331613439, 0.7139283310666633, 0.0, 0.28566736719091507, 0.49032650944856565, 0.7607629714582269, 0.0, 0.5696434633402513, 0.7999300104099631, 0.0, 0.6143531738121005, 0.8712852549365592, 0.0, 0.341441761786783, 0.5456016190771553, 0.3139152406873396, 0.3270914142496794, 0.8923579770995596, 0.0, 0.3604397309964212, 0.4172219173832325, 0.8326847604714829, 0.0, 0.6561521370087732, 0.8600770188680055, 0.0, 0.3604397309964212, 0.6904153764647848, 0.5456016190771553, 0.9099807478281681, 0.0, 0.6904153764647848, 0.9247183809517323, 0.0, 0.7230632838951955, 0.8829847137413472, 0.0, 0.7477875106024583, 0.9370432209799908, 0.0, 0.7718041948009654, 0.9021420419475072, 0.0, 0.7897324440851408, 0.9473502818525597, 0.0, 0.8075189151740383, 0.9181630002336955, 0.0, 0.37879464631499804, 0.4889094262668985, 0.8205899956959727, 0.9315610639744027, 0.0, 0.8323489779770169, 0.9559699072259732, 0.0, 0.39549674019864833, 0.4889094262668985, 0.8436910189885997, 0.9631783580633725, 0.0, 0.39549674019864833, 0.6010472985483125, 0.9692066668615106, 0.0, 0.4481605335325456, 0.8536215840822756, 0.9427656441745029, 0.0, 0.506925116590205, 0.6510751172095884, 0.5065877052305103, 0.6287199881463233, 0.9742480422950731, 0.0, 0.8606650713510874, 0.9784640615988583, 0.0, 0.5420717157520388, 0.4889094262668985, 0.9819898491550787, 0.0, 0.8606650713510874, 0.5580859200579582, 0.9849384072606919, 0.0, 0.5420717157520388, 0.6745288335546006, 0.49965175118176897, 0.6161192717177684, 0.9874042378768445, 0.0, 0.8606650713510874, 0.9521358501900962, 0.0, 0.8671343993547898, 0.9894663714383233, 0.0, 0.5368030519039666, 0.6648039697659992, 0.8748512069252173, 0.9911908997970521, 0.0, 0.5368030519039666, 0.6745288335546006, 0.9926330944810509, 0.0, 0.8748512069252173, 0.7139740107661047, 0.9599719992654426, 0.0, 0.5716558754554244, 0.7449432673401791, 0.9938391781595398, 0.0, 0.605193858748083, 0.8748512069252173, 0.9665252417692751, 0.0, 0.8798871369657023, 0.972005610621515, 0.0, 0.6403552420999663, 0.8844372288080505, 0.9765887528963563, 0.0, 0.8885255834413353, 0.9804215593511356, 0.0, 0.8921814323569279, 0.9948478060900522, 0.0, 0.8961301417864149, 0.7729349655422362, 0.9956913050282719, 0.0, 0.6403552420999663, 0.6648039697659992, 0.9963967093079416, 0.0, 0.8961301417864149, 0.9836268723086756, 0.0])
POPULATION_SIGNALS
subject_id: 2
algorithm_name: Sarsa-Lambda (ReplTrc)
param_string: alpha=0.1974, gamma=0.9961,
                lambda=0.6128, temp=0.2507,
                reward_magnitude=1.0,
                action_cost=0.0,
                initQSA=nothing, use_replacing_trace=true
param_vector: [0.197445163350583, 0.9960525723724495, 0.6127972592361022, 0.2507274927826116, 1.0, 0.0, 0.0]
LL: -84.401
RPE
[0.0, 0.0, 0.0, 0.0, 1.0, 0.12, 0.076, 0.803, 0.139, 0.122, 0.644, 0.259, 0.147, 0.517, 0.017, -0.045, 0.0, 1.0, 0.039, 0.01, 0.076, 0.803, 0.234, 0.644, 0.249, 0.517, 0.243, 0.157, 0.415, 0.323, 0.076, -0.585, 0.468, 0.474, 0.259, 0.11, 0.38, 0.348, 0.305, 0.234, 0.178, 0.245, -0.096, 0.651, 0.197, 0.358, -0.639, 0.179, 0.104, 0.25, -0.487, 0.256, 0.537, 0.158, -0.279, 0.221, 0.243, 0.333, 0.221, 0.267, 0.205, 0.335, 0.127, 0.31, 0.102, -0.418, 0.317, 0.337, 0.124, 0.214, 0.19, 0.209, 0.172, 0.15, 0.138, 0.16, 0.082, -0.377, 0.301, -0.036, 0.504, 0.065, 0.116, 0.351, 0.111, 0.111, 0.089, -0.111, 0.265, 0.266, 0.053, 0.125, 0.042, 0.066, 0.071, 0.082, 0.034, 0.038, 0.057, 0.054, 0.027, 0.021, 0.046, -0.328, 0.711, 0.021, 0.037, 0.027, 0.022, -0.122, 0.582, 0.023, 0.017, 0.159, 0.245, 0.014, 0.321, 0.005, 0.03, 0.081, -0.071, 0.059, 0.205, 0.011, 0.489, 0.009, 0.076, 0.372, 0.007, 0.093, 0.299, 0.006, -0.532, 0.423, 0.054, 0.24, 0.005, 0.006, 0.024, 0.022, 0.004, -0.112, 0.16, 0.343, 0.003, 0.085, 0.172, 0.002, 0.134, 0.121, 0.019, 0.107, 0.112, 0.002, 0.165, 0.006, 0.015, 0.006, 0.012, 0.356, 0.005, 0.01, 0.005, 0.008, 0.009, 0.002, 0.14, 0.09, 0.001, -0.045, 0.196, 0.001, 0.003, 0.006]
SPE
Float64[]
action_selection_prob
[0.5, 0.5, 0.5, 0.5, 0.5, 0.473, 0.618, 0.687, 0.564, 0.716, 0.805, 0.573, 0.791, 0.873, 0.351, 0.545, 0.327, 0.5, 0.391, 0.608, 0.44, 0.687, 0.44, 0.805, 0.551, 0.873, 0.343, 0.845, 0.912, 0.437, 0.883, 0.912, 0.328, 0.891, 0.501, 0.883, 0.922, 0.565, 0.941, 0.592, 0.908, 0.953, 0.329, 0.47, 0.961, 0.336, 0.927, 0.065, 0.381, 0.346, 0.901, 0.077, 0.594, 0.966, 0.619, 0.122, 0.592, 0.844, 0.673, 0.864, 0.264, 0.894, 0.97, 0.661, 0.973, 0.277, 0.079, 0.397, 0.738, 0.887, 0.508, 0.878, 0.903, 0.767, 0.914, 0.798, 0.975, 0.582, 0.098, 0.544, 0.692, 0.976, 0.398, 0.775, 0.922, 0.824, 0.928, 0.53, 0.158, 0.863, 0.978, 0.789, 0.979, 0.808, 0.933, 0.821, 0.979, 0.833, 0.936, 0.841, 0.98, 0.848, 0.939, 0.561, 0.172, 0.853, 0.941, 0.857, 0.98, 0.415, 0.271, 0.861, 0.981, 0.537, 0.888, 0.981, 0.598, 0.864, 0.943, 0.659, 0.907, 0.666, 0.904, 0.981, 0.134, 0.981, 0.302, 0.625, 0.981, 0.186, 0.692, 0.981, 0.645, 0.082, 0.594, 0.74, 0.981, 0.779, 0.944, 0.782, 0.982, 0.368, 0.225, 0.215, 0.982, 0.611, 0.879, 0.982, 0.264, 0.893, 0.945, 0.646, 0.902, 0.982, 0.677, 0.702, 0.946, 0.704, 0.946, 0.294, 0.706, 0.947, 0.708, 0.947, 0.71, 0.982, 0.289, 0.91, 0.982, 0.644, 0.721, 0.982, 0.679, 0.947]
results_dict
Dict{String,Any}("trialByTrial_Qsa" => [0.0, 0.0, 0.0, 0.0, 0.0, 0.0, 0.12051624046486566, 0.197445163350583, 0.09191500464290067, 0.2322724870326988, 0.3559057341706276, 0.07356049633890632, 0.3340297000275636, 0.48307903170048183, 0.02740582007581638, 0.044899729702436025, 0.0, 0.0, 0.0703134961290406, 0.10959499157584784, 0.12051624046486566, 0.197445163350583, 0.1208789656940879, 0.3559057341706276, 0.2322724870326988, 0.48307903170048183, 0.18048655121840063, 0.42537962934859613, 0.5851425767257217, 0.18155727068713323, 0.5064650471601797, 0.5851425767257217, 0.0, 0.5259811101747074, 0.24546713394222563, 0.5067159298770426, 0.6195738473075243, 0.3437138858956025, 0.694687151168724, 0.3379453096812715, 0.5743638133546428, 0.7549696964792472, 0.2446302907058514, 0.14948298774018987, 0.8033497447837451, 0.2780007423167901, 0.6389652786771058, 0.0, 0.17987099520464947, 0.28961428749256446, 0.5532810942025165, 0.04443720254335132, 0.30165923465236594, 0.8421773865478523, 0.44926557678798623, 0.17133941236140815, 0.420934470818179, 0.6670541684313135, 0.5091350922687498, 0.7327927125322885, 0.3275925474348641, 0.5345383984648772, 0.8733386982413276, 0.5849268863454888, 0.8983473596572662, 0.41776911926140786, 0.0, 0.31861248563691247, 0.658360864568618, 0.785551499054817, 0.4236086720217931, 0.616016942286071, 0.8278933183542263, 0.7087063080532163, 0.8618749502255029, 0.7549232815790724, 0.9184181818347553, 0.4989195747039169, 0.1220489450518477, 0.46065106019231084, 0.4267457240108713, 0.9345261172488296, 0.41591079855336, 0.534166802781513, 0.8891470732410358, 0.7963206772991466, 0.9110344474728497, 0.5191915037077337, 0.40977865320428336, 0.6779472977395512, 0.9474536187238314, 0.8289820896138462, 0.9578286475583865, 0.8587580200260845, 0.9286002655241478, 0.8804291096619358, 0.9661551771299358, 0.9006811360469428, 0.9426977977609207, 0.9151482295386403, 0.9728376737100872, 0.9290540025511742, 0.9540118404423639, 0.5511744619103891, 0.22357674399043329, 0.9387805697277452, 0.963091980118414, 0.9472781215588904, 0.9782007436613809, 0.48935583553409767, 0.36924531527881294, 0.9552483980084004, 0.9825049013900807, 0.5752305540840269, 0.7367542638144662, 0.9859592239929508, 0.6371454445275481, 0.9619727414777324, 0.9703792901328804, 0.7032616632624066, 0.7868822623172634, 0.7106549537776587, 0.7800899499359805, 0.9887315073052315, 0.49809335775362434, 0.9909564166860649, 0.5380264857117254, 0.616922516579146, 0.9927420284707594, 0.595724331675889, 0.6912272213108769, 0.9941750798449442, 0.7478556329309284, 0.217150325946205, 0.6939052364930345, 0.7509699476568431, 0.9953251821564634, 0.9664460363463778, 0.9762277560311541, 0.9704814586638534, 0.9962482023292146, 0.5984772740466304, 0.488308661844217, 0.6505078354156476, 0.9969889766331812, 0.7339062322936416, 0.8218726348637739, 0.9975834886336952, 0.7185046844577202, 0.8560796048911673, 0.9809214706247927, 0.7715133968303096, 0.8822637694202925, 0.9980606171151538, 0.8063161416141019, 0.975244653786358, 0.9846884339737695, 0.9781871082305884, 0.9877116286289718, 0.6209156139215349, 0.9807788041055208, 0.990137908121637, 0.9830435421896304, 0.9920851304635389, 0.9850093987441054, 0.9984435388856516, 0.7609832037060035, 0.9045831351262302, 0.998750854604623, 0.8407061634323183, 0.7990043413821462, 0.9989974923212618, 0.9870712961945818, 0.993647883172064],"StateValue_V2_record" => [0.0, 0.0, 0.0, 0.0, 0.0, 1.0, 0.027297637584493422, 0.12004051132768613, 0.19666576285784668, 1.0, 0.09155217681418686, 0.23135560820026604, 0.3545008220427588, 1.0, 0.0732701216033618, 0.3327111419612524, 0.481172112184457, 1.0, 0.18084058650084017, 0.044722491268939076, 0.1797740936197198, 0.0, 1.0, 0.18084058650084017, 0.10916237327826017, 0.1797740936197198, 0.19666576285784668, 1.0, 0.18084058650084017, 0.3545008220427588, 1.0, 0.23135560820026604, 0.481172112184457, 1.0, 0.34235710020644544, 0.42370047404750827, 0.5828327687522985, 1.0, 0.2436646303377834, 0.504465813040631, 0.5828327687522985, 0.17916096746878363, 0.523904837808834, 1.0, 0.24449817019604644, 0.504715705416126, 0.6171281243853548, 1.0, 0.34235710020644544, 0.6919449239156963, 1.0, 0.33661129502923454, 0.5720965537695414, 0.7519895082414015, 1.0, 0.4219365074465843, 0.17916096746878363, 0.8001785798066001, 1.0, 0.44749213343806593, 0.6364430094830104, 0.664421020377775, 0.30046845665539346, 0.44749213343806593, 0.5510970571254601, 0.664421020377775, 0.30046845665539346, 0.8388529522648951, 1.0, 0.44749213343806593, 0.664421020377775, 0.41927286245868295, 0.664421020377775, 1.0, 0.5071253183393726, 0.7299000663335709, 1.0, 0.5826179297942315, 0.5324283468227903, 0.8698912569356808, 1.0, 0.5826179297942315, 0.894801198470618, 1.0, 0.6557620327029218, 0.6135852599890518, 0.4219365074465843, 0.6557620327029218, 0.7824505913645843, 1.0, 0.4219365074465843, 0.6135852599890518, 0.8246252693966903, 1.0, 0.7059087411929877, 0.858472761235489, 1.0, 0.751943276560686, 0.9147927925301361, 1.0, 0.4969501257908049, 0.6752711498464309, 0.45883267347064727, 0.42506117614997174, 0.930837143034934, 1.0, 0.5171420328220083, 0.5320582179864929, 0.8856372295191685, 1.0, 0.7931772590571862, 0.9074382049252451, 1.0, 0.5171420328220083, 0.82570974281056, 0.6752711498464309, 0.9437136141334582, 1.0, 0.82570974281056, 0.9540476882925552, 1.0, 0.8553681348924529, 0.924934683181067, 1.0, 0.8769536794703565, 0.9623413494912322, 1.0, 0.8971257624468975, 0.9389765664296081, 1.0, 0.9115357481340555, 0.968997467399762, 1.0, 0.9253866291140174, 0.9502459477463914, 1.0, 0.5489987406118437, 0.6144872595931434, 0.9350748013705943, 0.9592902442282223, 1.0, 0.9435388097308747, 0.9743393670205615, 1.0, 0.5729598731026244, 0.6144872595931434, 0.9514776240909287, 0.9786265343981297, 1.0, 0.5729598731026244, 0.7338459796787693, 0.9820672213125228, 1.0, 0.6346303589970521, 0.9581754237010727, 0.966548788113807, 1.0, 0.7004855887434475, 0.7837761015353628, 0.7078496947794611, 0.7770106013156287, 0.9848285612370652, 1.0, 0.9626310605619675, 0.9870446879491399, 1.0, 0.7449035269440776, 0.6144872595931434, 0.9888232511605434, 1.0, 0.9626310605619675, 0.6884986518805594, 0.990250645668142, 1.0, 0.7449035269440776, 0.818628352118585, 0.6911660957915999, 0.7480055481380024, 0.9913962080340222, 1.0, 0.9626310605619675, 0.9723741676162151, 1.0, 0.9666505533418982, 0.9923155846514428, 1.0, 0.7310091905562541, 0.7958503295704414, 0.9713949460963809, 0.9930534348024561, 1.0, 0.7310091905562541, 0.818628352118585, 0.9936456000098743, 1.0, 0.9713949460963809, 0.8527002926074374, 0.977049354111191, 1.0, 0.7684679035326363, 0.878781097042096, 0.9941208450611834, 1.0, 0.8031332670001545, 0.9713949460963809, 0.980801447644972, 1.0, 0.9743257854146452, 0.9838127084580689, 1.0, 0.8373875366961335, 0.9769072507576787, 0.9862294103880326, 1.0, 0.9791630489521059, 0.988168946210665, 1.0, 0.981121145430106, 0.9945022552757051, 1.0, 0.9831749036896212, 0.9010123586672167, 0.9948083578881171, 1.0, 0.8373875366961335, 0.7958503295704414, 0.9950540220202192, 1.0, 0.9831749036896212, 0.9897255300659735, 1.0],"final_QSA" => Dict{Int64,Any}(1 => [0.0 0.0; 0.9991954326136505 0.0; 0.9949020779167778 0.26888184398742754; 0.5613308982371393 0.8378342210570389; 0.32512743657977233 0.9225482112796386; 0.7995967754788154 0.9883608950739858; 0.6925867877590235 0.855550511405503]),"trialByTrial_Vs" => [0.0, 0.0, 0.0, 0.0, 0.0, 0.02740582007581638, 0.12051624046486566, 0.197445163350583, 0.09191500464290067, 0.2322724870326988, 0.3559057341706276, 0.07356049633890632, 0.3340297000275636, 0.48307903170048183, 0.18155727068713323, 0.044899729702436025, 0.18048655121840063, 0.0, 0.18155727068713323, 0.10959499157584784, 0.18048655121840063, 0.197445163350583, 0.18155727068713323, 0.3559057341706276, 0.2322724870326988, 0.48307903170048183, 0.3437138858956025, 0.42537962934859613, 0.5851425767257217, 0.2446302907058514, 0.5064650471601797, 0.5851425767257217, 0.17987099520464947, 0.5259811101747074, 0.24546713394222563, 0.5067159298770426, 0.6195738473075243, 0.3437138858956025, 0.694687151168724, 0.3379453096812715, 0.5743638133546428, 0.7549696964792472, 0.4236086720217931, 0.17987099520464947, 0.8033497447837451, 0.44926557678798623, 0.6389652786771058, 0.6670541684313135, 0.30165923465236594, 0.44926557678798623, 0.5532810942025165, 0.6670541684313135, 0.30165923465236594, 0.8421773865478523, 0.44926557678798623, 0.6670541684313135, 0.420934470818179, 0.6670541684313135, 0.5091350922687498, 0.7327927125322885, 0.5849268863454888, 0.5345383984648772, 0.8733386982413276, 0.5849268863454888, 0.8983473596572662, 0.658360864568618, 0.616016942286071, 0.4236086720217931, 0.658360864568618, 0.785551499054817, 0.4236086720217931, 0.616016942286071, 0.8278933183542263, 0.7087063080532163, 0.8618749502255029, 0.7549232815790724, 0.9184181818347553, 0.4989195747039169, 0.6779472977395512, 0.46065106019231084, 0.4267457240108713, 0.9345261172488296, 0.5191915037077337, 0.534166802781513, 0.8891470732410358, 0.7963206772991466, 0.9110344474728497, 0.5191915037077337, 0.8289820896138462, 0.6779472977395512, 0.9474536187238314, 0.8289820896138462, 0.9578286475583865, 0.8587580200260845, 0.9286002655241478, 0.8804291096619358, 0.9661551771299358, 0.9006811360469428, 0.9426977977609207, 0.9151482295386403, 0.9728376737100872, 0.9290540025511742, 0.9540118404423639, 0.5511744619103891, 0.616922516579146, 0.9387805697277452, 0.963091980118414, 0.9472781215588904, 0.9782007436613809, 0.5752305540840269, 0.616922516579146, 0.9552483980084004, 0.9825049013900807, 0.5752305540840269, 0.7367542638144662, 0.9859592239929508, 0.6371454445275481, 0.9619727414777324, 0.9703792901328804, 0.7032616632624066, 0.7868822623172634, 0.7106549537776587, 0.7800899499359805, 0.9887315073052315, 0.9664460363463778, 0.9909564166860649, 0.7478556329309284, 0.616922516579146, 0.9927420284707594, 0.9664460363463778, 0.6912272213108769, 0.9941750798449442, 0.7478556329309284, 0.8218726348637739, 0.6939052364930345, 0.7509699476568431, 0.9953251821564634, 0.9664460363463778, 0.9762277560311541, 0.9704814586638534, 0.9962482023292146, 0.7339062322936416, 0.7990043413821462, 0.975244653786358, 0.9969889766331812, 0.7339062322936416, 0.8218726348637739, 0.9975834886336952, 0.975244653786358, 0.8560796048911673, 0.9809214706247927, 0.7715133968303096, 0.8822637694202925, 0.9980606171151538, 0.8063161416141019, 0.975244653786358, 0.9846884339737695, 0.9781871082305884, 0.9877116286289718, 0.8407061634323183, 0.9807788041055208, 0.990137908121637, 0.9830435421896304, 0.9920851304635389, 0.9850093987441054, 0.9984435388856516, 0.9870712961945818, 0.9045831351262302, 0.998750854604623, 0.8407061634323183, 0.7990043413821462, 0.9989974923212618, 0.9870712961945818, 0.993647883172064],"RPE_QV" => [0.0, 0.0, 0.0, 0.0, 1.0, 0.12004051132768613, 0.07614952239298102, 0.8025548366494171, 0.13944060355736537, 0.12222833501006, 0.6440942658293725, 0.2591506456223461, 0.1471424121568934, 0.5169209682995182, 0.017316671193122697, 0.13487436391728377, 0.0, 1.0, 0.03884887714921957, 0.07017910204387195, 0.07614952239298102, 0.8025548366494171, 0.2336218563486709, 0.6440942658293725, 0.2488996251517582, 0.5169209682995182, 0.24321392282910764, 0.15745313940370237, 0.4148574232742783, 0.32290854235349775, 0.0763677215921188, -0.40598160925693805, 0.4677552575199283, 0.4740188898252926, 0.25924857147390035, 0.11041219450831219, 0.3804261526924757, 0.3482310380200938, 0.30531284883127596, 0.23415124408826987, 0.17762569488675872, 0.24503030352075283, -0.06546932323706778, 0.6506955920664103, 0.1966502552162549, 0.35844226716622024, 0.02545574170066911, 0.30046845665539346, 0.2676211382334165, 0.2502892125116345, 0.11113992617525847, 0.25603125411204214, 0.5371937176125292, 0.15782261345214765, 0.21515544358978872, 0.2213611450565986, 0.24348654955959598, 0.3329458315686865, 0.2207649740648211, 0.2672072874677115, 0.20483579938792618, 0.33535285847080365, 0.1266613017586724, 0.30987431212512917, 0.1016526403427338, 0.19581614072764392, 0.4219365074465843, 0.3371495470660093, 0.1240897267959663, 0.21444850094518297, 0.1899765879672587, 0.20860832711061938, 0.1721066816457737, 0.14976645318227266, 0.13812504977449713, 0.15986951095106372, 0.08158181816524468, 0.17635157514251398, 0.3006888813508889, -0.03558988404233909, 0.5040914190240627, 0.06547388275117039, 0.11614741943313289, 0.3514704267376555, 0.11085292675896419, 0.1111175276260985, 0.08896555252715033, 0.3065182391028263, 0.2654924966421475, 0.265766316393907, 0.05254638127616862, 0.12506559867870892, 0.04217135244161352, 0.0661766631549825, 0.07139973447585224, 0.08191223982929641, 0.033844822870064184, 0.03829543038266536, 0.057302202239079336, 0.053849237861121724, 0.027162326289912775, 0.021191945195217166, 0.04598815955763613, 0.06331279768275433, 0.711498057380161, 0.020509674500477137, 0.036908019881585985, 0.027061245461671102, 0.021799256338619122, 0.12513142405904576, 0.5822323088121157, 0.023378136389729298, 0.01749509860991927, 0.1586154255947424, 0.2453129574980566, 0.014040776007049227, 0.3210299791735246, 0.004576046636074582, 0.02962070986711962, 0.08051443827295623, -0.07056224014979406, 0.059243970969686255, 0.20473861130108473, 0.011268492694768484, 0.48895133019551557, 0.009043583313935066, 0.07646077388141803, 0.3719007345813974, 0.00725797152924057, 0.09277432020467036, 0.29902342435726514, 0.005824920155055757, 0.0707727191876566, 0.4232130579665381, 0.05410031164496787, 0.24042626037717907, 0.004674817843536627, 0.005928131269837267, 0.02377224396884592, 0.02183412598758938, 0.003751797670785373, 0.19737305552381101, 0.4830862842521639, 0.3425455993868085, 0.003011023366818799, 0.08472211982494338, 0.1717729651461004, 0.00241651136630483, 0.1341956081497172, 0.12096974922002368, 0.019078529375207265, 0.10726770021178633, 0.11185707564089087, 0.0019393828848461858, 0.16507880448227896, 0.005556793858613962, 0.015311566026230516, 0.005625600227480487, 0.012288371371028228, 0.35599163683614377, 0.005450606282511816, 0.009862091878362955, 0.005125404021034563, 0.007914869536461144, 0.009492856531599703, 0.001556461114348373, 0.14002915496121326, 0.09022522276188683, 0.001249145395377016, -0.04485583386187686, 0.19604968063807304, 0.0010025076787382181, 0.0026542338713917424, 0.006352116827936016],"StateValue_V3_record" => [0.0, 0.0, 0.0, 0.0, 0.0, 0.197445163350583, 0.02740582007581638, 0.02740582007581638, 0.13555159535281666, 0.3559057341706276, 0.09191500464290067, 0.11944687738998856, 0.2564058806048299, 0.48307903170048183, 0.07356049633890632, 0.12472853789621949, 0.3630822576316802, 0.5851425767257217, 0.18155727068713323, 0.18155727068713323, 0.03603449523694152, 0.18048655121840063, 0.197445163350583, 0.18155727068713323, 0.18155727068713323, 0.1116574089295313, 0.18048655121840063, 0.3559057341706276, 0.18155727068713323, 0.18155727068713323, 0.48307903170048183, 0.2322724870326988, 0.28141651417868657, 0.5851425767257217, 0.3437138858956025, 0.3437138858956025, 0.45646799017822226, 0.6670541684313135, 0.2446302907058514, 0.24531400057941824, 0.5215434844246475, 0.4696090050807305, 0.17987099520464947, 0.6195738473075243, 0.24546713394222563, 0.2966545104852952, 0.5285162836576327, 0.694687151168724, 0.3437138858956025, 0.412470420081223, 0.7549696964792472, 0.3379453096812715, 0.3841773403190222, 0.6094351476968197, 0.8033497447837451, 0.4236086720217931, 0.4236086720217931, 0.27795968520724657, 0.8421773865478523, 0.44926557678798623, 0.44926557678798623, 0.5128046748533539, 0.6670541684313135, 0.30165923465236594, 0.44926557678798623, 0.4570800450951358, 0.6670541684313135, 0.40772553597727873, 0.8733386982413276, 0.44926557678798623, 0.39425685783095993, 0.6670541684313135, 0.46900971236964323, 0.7327927125322885, 0.5091350922687498, 0.5527240686350656, 0.785551499054817, 0.5849268863454888, 0.5849268863454888, 0.6007521983857299, 0.8983473596572662, 0.5849268863454888, 0.6461100705211845, 0.9184181818347553, 0.658360864568618, 0.658360864568618, 0.616016942286071, 0.4236086720217931, 0.6828617809459767, 0.8278933183542263, 0.4236086720217931, 0.4611186304657749, 0.657205647508719, 0.8618749502255029, 0.7087063080532163, 0.7382769698662276, 0.8891470732410358, 0.7549232815790724, 0.786488743283583, 0.9345261172488296, 0.4989195747039169, 0.42441316666231566, 0.6779472977395512, 0.4536240097239429, 0.5262761365837045, 0.9474536187238314, 0.5191915037077337, 0.5191915037077337, 0.6035629386016285, 0.9110344474728497, 0.7963206772991466, 0.8182602956923946, 0.9286002655241478, 0.5191915037077337, 0.4972690838832068, 0.8289820896138462, 0.7304215714930289, 0.9578286475583865, 0.8289820896138462, 0.8536756871745024, 0.9661551771299358, 0.8587580200260845, 0.8718242820927165, 0.9426977977609207, 0.8804291096619358, 0.8966022852354434, 0.9728376737100872, 0.9006811360469428, 0.908242383554429, 0.9540118404423639, 0.9151482295386403, 0.9257805011044339, 0.9782007436613809, 0.9290540025511742, 0.9332382496319604, 0.963091980118414, 0.5511744619103891, 0.48935583553409767, 0.616922516579146, 0.9428301057597591, 0.9703792901328804, 0.9472781215588904, 0.9526212335895402, 0.9825049013900807, 0.5752305540840269, 0.5752305540840269, 0.616922516579146, 0.9598642979667028, 0.9859592239929508, 0.5752305540840269, 0.606548402700503, 0.7851901207796845, 0.9887315073052315, 0.6371454445275481, 0.7005312612058989, 0.962876259753292, 0.9762277560311541, 0.7032616632624066, 0.7191588496792909, 0.7729500892845043, 0.7223523893033057, 0.8205145984884946, 0.9909564166860649, 0.9664460363463778, 0.9664460363463778, 0.9927420284707594, 0.7478556329309284, 0.7478556329309284, 0.6903525178687718, 0.9941750798449442, 0.9664460363463778, 0.9664460363463778, 0.7502679501787478, 0.9953251821564634, 0.7478556329309284, 0.6429011898312681, 0.8218726348637739, 0.7045870813630926, 0.7984409499107851, 0.9962482023292146, 0.9664460363463778, 0.9676165171933145, 0.9809214706247927, 0.9704814586638534, 0.9747925012360902, 0.9969889766331812, 0.7339062322936416, 0.7339062322936416, 0.7990043413821462, 0.975244653786358, 0.9975834886336952, 0.7339062322936416, 0.7506342050818852, 0.8557883760262597, 0.9980606171151538, 0.975244653786358, 0.975244653786358, 0.879964496786394, 0.9846884339737695, 0.7715133968303096, 0.7926928854208671, 0.9043494079921267, 0.9984435388856516, 0.8063161416141019, 0.8389101531308244, 0.9763418158574776, 0.9877116286289718, 0.9781871082305884, 0.9792978557864483, 0.990137908121637, 0.8407061634323183, 0.8407061634323183, 0.981854999953331, 0.9920851304635389, 0.9830435421896304, 0.9840555284238013, 0.993647883172064, 0.9850093987441054, 0.9868837173526508, 0.998750854604623, 0.9870712961945818, 0.9870712961945818, 0.9223976689727937, 0.9989974923212618, 0.8407061634323183, 0.8318495959882334, 0.8377134026005602, 0.9991954326136505, 0.9870712961945818, 0.9875953618348894, 0.9949020779167778],"StateValue_V1_record" => [0.0, 0.0, 0.0, 0.0, 0.0, 0.0, 0.02740582007581638, 0.12051624046486566, 0.197445163350583, 0.0, 0.09191500464290067, 0.2322724870326988, 0.3559057341706276, 0.0, 0.07356049633890632, 0.3340297000275636, 0.48307903170048183, 0.0, 0.18155727068713323, 0.044899729702436025, 0.18048655121840063, 0.0, 0.0, 0.18155727068713323, 0.10959499157584784, 0.18048655121840063, 0.197445163350583, 0.0, 0.18155727068713323, 0.3559057341706276, 0.0, 0.2322724870326988, 0.48307903170048183, 0.0, 0.3437138858956025, 0.42537962934859613, 0.5851425767257217, 0.0, 0.2446302907058514, 0.5064650471601797, 0.5851425767257217, 0.17987099520464947, 0.5259811101747074, 0.0, 0.24546713394222563, 0.5067159298770426, 0.6195738473075243, 0.0, 0.3437138858956025, 0.694687151168724, 0.0, 0.3379453096812715, 0.5743638133546428, 0.7549696964792472, 0.0, 0.4236086720217931, 0.17987099520464947, 0.8033497447837451, 0.0, 0.44926557678798623, 0.6389652786771058, 0.6670541684313135, 0.30165923465236594, 0.44926557678798623, 0.5532810942025165, 0.6670541684313135, 0.30165923465236594, 0.8421773865478523, 0.0, 0.44926557678798623, 0.6670541684313135, 0.420934470818179, 0.6670541684313135, 0.0, 0.5091350922687498, 0.7327927125322885, 0.0, 0.5849268863454888, 0.5345383984648772, 0.8733386982413276, 0.0, 0.5849268863454888, 0.8983473596572662, 0.0, 0.658360864568618, 0.616016942286071, 0.4236086720217931, 0.658360864568618, 0.785551499054817, 0.0, 0.4236086720217931, 0.616016942286071, 0.8278933183542263, 0.0, 0.7087063080532163, 0.8618749502255029, 0.0, 0.7549232815790724, 0.9184181818347553, 0.0, 0.4989195747039169, 0.6779472977395512, 0.46065106019231084, 0.4267457240108713, 0.9345261172488296, 0.0, 0.5191915037077337, 0.534166802781513, 0.8891470732410358, 0.0, 0.7963206772991466, 0.9110344474728497, 0.0, 0.5191915037077337, 0.8289820896138462, 0.6779472977395512, 0.9474536187238314, 0.0, 0.8289820896138462, 0.9578286475583865, 0.0, 0.8587580200260845, 0.9286002655241478, 0.0, 0.8804291096619358, 0.9661551771299358, 0.0, 0.9006811360469428, 0.9426977977609207, 0.0, 0.9151482295386403, 0.9728376737100872, 0.0, 0.9290540025511742, 0.9540118404423639, 0.0, 0.5511744619103891, 0.616922516579146, 0.9387805697277452, 0.963091980118414, 0.0, 0.9472781215588904, 0.9782007436613809, 0.0, 0.5752305540840269, 0.616922516579146, 0.9552483980084004, 0.9825049013900807, 0.0, 0.5752305540840269, 0.7367542638144662, 0.9859592239929508, 0.0, 0.6371454445275481, 0.9619727414777324, 0.9703792901328804, 0.0, 0.7032616632624066, 0.7868822623172634, 0.7106549537776587, 0.7800899499359805, 0.9887315073052315, 0.0, 0.9664460363463778, 0.9909564166860649, 0.0, 0.7478556329309284, 0.616922516579146, 0.9927420284707594, 0.0, 0.9664460363463778, 0.6912272213108769, 0.9941750798449442, 0.0, 0.7478556329309284, 0.8218726348637739, 0.6939052364930345, 0.7509699476568431, 0.9953251821564634, 0.0, 0.9664460363463778, 0.9762277560311541, 0.0, 0.9704814586638534, 0.9962482023292146, 0.0, 0.7339062322936416, 0.7990043413821462, 0.975244653786358, 0.9969889766331812, 0.0, 0.7339062322936416, 0.8218726348637739, 0.9975834886336952, 0.0, 0.975244653786358, 0.8560796048911673, 0.9809214706247927, 0.0, 0.7715133968303096, 0.8822637694202925, 0.9980606171151538, 0.0, 0.8063161416141019, 0.975244653786358, 0.9846884339737695, 0.0, 0.9781871082305884, 0.9877116286289718, 0.0, 0.8407061634323183, 0.9807788041055208, 0.990137908121637, 0.0, 0.9830435421896304, 0.9920851304635389, 0.0, 0.9850093987441054, 0.9984435388856516, 0.0, 0.9870712961945818, 0.9045831351262302, 0.998750854604623, 0.0, 0.8407061634323183, 0.7990043413821462, 0.9989974923212618, 0.0, 0.9870712961945818, 0.993647883172064, 0.0])