DateTime of fitting: 2020-02-09T16:31:23.243
DATA_STATS
nr_subjects: 1
all_subject_ids: [9]
nr_puzzles: 1
nr_episodes: 49
nr_actions: 187
max_state_id: 7
max_action_id: 2
SUBJECT_SIGNALS
subject_id: 9
algorithm_name: Sarsa-Lambda (ReplTrc)
param_string: alpha=0.0873, gamma=0.9997,
                lambda=0.6519, temp=0.2284,
                reward_magnitude=1.0,
                action_cost=0.0,
                initQSA=nothing, use_replacing_trace=true
param_vector: [0.08733526453001661, 0.9996553665483351, 0.6518605301577843, 0.22835392149456363, 1.0, 0.0, 0.0]
LL: -102.924
RPE
[0.0, 0.0, 0.0, 0.0, 1.0, -0.037, 0.0, 0.0, 0.057, 0.03, 0.913, 0.024, -0.008, 0.008, -0.007, 0.007, 0.021, -0.028, -0.015, 0.022, 0.019, 0.068, 0.055, 0.833, 0.014, 0.123, 0.076, 0.76, 0.032, -0.029, 0.028, -0.027, -0.0, -0.022, 0.0, 0.084, 0.13, 0.092, -0.279, -0.017, 0.274, 0.709, -0.026, 1.0, 0.006, 0.281, 0.647, 0.329, 0.591, 0.027, -0.114, 0.069, 0.913, 0.035, 0.006, 0.833, 0.14, -0.146, 0.025, 0.107, -0.124, 0.159, 0.76, 0.405, 0.539, 0.184, 0.694, 0.128, 0.144, 0.633, 0.075, -0.098, 0.005, -0.092, 0.084, 0.086, -0.099, 0.144, 0.236, 0.492, 0.039, 0.244, 0.578, -0.148, 0.203, -0.09, 0.331, 0.527, 0.087, 0.271, 0.481, 0.135, -0.098, 0.36, 0.439, 0.133, 0.272, 0.401, 0.138, -0.116, 0.377, 0.366, 0.404, 0.334, -0.006, 0.384, 0.305, 0.372, 0.278, 0.197, -0.036, 0.384, 0.254, -0.331, 0.302, 0.382, 0.232, 0.244, 0.356, 0.211, 0.331, 0.193, 0.082, 0.503, 0.176, 0.324, 0.161, -0.143, 0.443, 0.147, 0.162, 0.44, 0.134, 0.307, 0.122, 0.368, 0.283, 0.112, 0.094, 0.524, 0.102, 0.104, 0.031, 0.45, 0.093, 0.12, 0.029, 0.414, 0.085, -0.094, 0.38, 0.077, 0.212, 0.428, 0.071, 0.208, 0.037, 0.355, 0.064, -0.038, 0.326, 0.059, 0.276, 0.054, 0.187, 0.078, 0.304, 0.049, -0.021, 0.279, 0.045, 0.225, 0.364, 0.041, 0.217, 0.074, 0.26, 0.037, 0.298, 0.253, 0.034, 0.001, 0.193, 0.076, 0.241, 0.031, 0.0]
SPE
Float64[]
action_selection_prob
[0.5, 0.5, 0.5, 0.5, 0.5, 0.523, 0.438, 0.5, 0.5, 0.56, 0.594, 0.471, 0.526, 0.468, 0.526, 0.468, 0.526, 0.53, 0.398, 0.473, 0.526, 0.528, 0.599, 0.675, 0.505, 0.544, 0.644, 0.741, 0.431, 0.556, 0.433, 0.555, 0.434, 0.463, 0.448, 0.207, 0.591, 0.692, 0.779, 0.466, 0.454, 0.771, 0.438, 0.391, 0.51, 0.523, 0.812, 0.497, 0.847, 0.554, 0.589, 0.126, 0.485, 0.576, 0.618, 0.572, 0.435, 0.701, 0.157, 0.353, 0.666, 0.159, 0.639, 0.388, 0.805, 0.458, 0.686, 0.448, 0.701, 0.74, 0.481, 0.691, 0.165, 0.505, 0.32, 0.502, 0.672, 0.216, 0.743, 0.834, 0.476, 0.516, 0.749, 0.518, 0.218, 0.575, 0.143, 0.788, 0.469, 0.683, 0.82, 0.393, 0.729, 0.177, 0.846, 0.425, 0.753, 0.866, 0.47, 0.789, 0.216, 0.883, 0.499, 0.897, 0.558, 0.259, 0.908, 0.593, 0.917, 0.514, 0.807, 0.304, 0.925, 0.643, 0.248, 0.631, 0.932, 0.447, 0.677, 0.937, 0.717, 0.942, 0.501, 0.703, 0.946, 0.751, 0.949, 0.78, 0.35, 0.952, 0.206, 0.825, 0.954, 0.76, 0.956, 0.453, 0.786, 0.958, 0.49, 0.75, 0.96, 0.536, 0.79, 0.398, 0.962, 0.568, 0.852, 0.446, 0.963, 0.808, 0.49, 0.964, 0.4, 0.868, 0.965, 0.449, 0.887, 0.531, 0.966, 0.819, 0.569, 0.967, 0.83, 0.967, 0.513, 0.898, 0.603, 0.968, 0.846, 0.633, 0.969, 0.451, 0.908, 0.969, 0.497, 0.92, 0.66, 0.97, 0.466, 0.855, 0.97, 0.512, 0.812, 0.927, 0.684, 0.97, 0.466]
results_dict
Dict{String,Any}("trialByTrial_Qsa" => [0.0, 0.0, 0.0, 0.0, 0.0, 0.037085113681239505, 0.0, 0.0, 0.0, 0.056910791713670535, 0.08733526453001661, 0.0, 0.02416599058522842, 0.015747426473732992, 0.023867056763434324, 0.0159934347185, 0.023626556469471354, 0.04506512987650905, 0.017216446793451416, 0.0018152276607343123, 0.023863673653295087, 0.04300920168190025, 0.11150576508613685, 0.16704308062950524, 0.02642034822741458, 0.040544649475718696, 0.1637553412033275, 0.23978959352483512, 0.020034340033537587, 0.051577757124908016, 0.021148725003395097, 0.05065032170289813, 0.022044356226115162, 0.02175420339861984, 0.0, 0.0, 0.08381531477789952, 0.21365277150071285, 0.3061827704728151, 0.02469355960321059, 0.007249118026442921, 0.2910083677186768, 0.025946959228555284, 0.0, 0.0650445148490861, 0.07148624491883843, 0.3529283394735344, 0.08059166639425039, 0.4094405141154904, 0.10561184981073628, 0.13288080252483625, 0.018672129576632446, 0.08733526453001661, 0.1260900306132282, 0.16065803175661408, 0.16704308062950524, 0.08303570935994825, 0.22300129609869798, 0.07660668662211091, 0.10124010677297449, 0.20861488166188866, 0.08027121200531048, 0.23978959352483512, 0.05584939541566274, 0.46101718303592465, 0.12189489416348305, 0.3061827704728151, 0.09519551138144156, 0.22291318326657256, 0.36677748174905506, 0.16035460450331188, 0.23507041401507367, 0.13745975081026274, 0.1429086517878501, 0.05082894147474068, 0.1396452474944175, 0.22681316968483042, 0.12785080614678768, 0.27150376516715485, 0.5080893899326157, 0.13800642511507566, 0.17746619673844383, 0.4220801378868646, 0.17679243164378863, 0.028870108330342495, 0.23170679285239493, 0.14151509457596895, 0.472552921921666, 0.1602821789634948, 0.2469913140650874, 0.5186176520112216, 0.16303707586929017, 0.29809411299086624, 0.20042957839041128, 0.560659306712902, 0.19323034644285006, 0.3263414845445806, 0.5990292423799316, 0.23522299380203424, 0.3729582753057137, 0.25687668860173574, 0.6340481295654814, 0.2622164089521828, 0.6660086329751345, 0.316469376812124, 0.310624582851939, 0.6951778573649929, 0.34912553114917094, 0.7217995798266277, 0.20114792731479386, 0.39783658379946973, 0.3615363903590705, 0.7460962871148309, 0.39748399874546114, 0.06645909021758252, 0.38575809790309973, 0.7682710350448105, 0.18836705664156764, 0.43232972138930764, 0.788509145498439, 0.47544912452022847, 0.806979755222012, 0.2377587380443355, 0.32014576275475565, 0.8238372293593462, 0.515364085795285, 0.8392224515335883, 0.5527730599443869, 0.409549435495458, 0.85326400125939, 0.26345251388422475, 0.42594243782939056, 0.8660792285254774, 0.5709293929802743, 0.8777752345282687, 0.23662859165900038, 0.6046573440390363, 0.8884497667528616, 0.28012673298603213, 0.3741365565883685, 0.8981920358818855, 0.32190820037750745, 0.42567201797057674, 0.4566265442358363, 0.9070834613594034, 0.35164939224817043, 0.47197737018699887, 0.5012279700385784, 0.9151983518407935, 0.6357641012964718, 0.5421807655380028, 0.9226045262153592, 0.2890225597834866, 0.5012032035952229, 0.9293638803917668, 0.33450661056935754, 0.5425887144535195, 0.5797820438442958, 0.9355329045831257, 0.6520769989747793, 0.6144923545324684, 0.9411631554148402, 0.6695306443214051, 0.9463016868007966, 0.3811886637386731, 0.5684380368093076, 0.6463423590051794, 0.9509914431888647, 0.696730047641711, 0.6757094595679661, 0.9552716184621995, 0.3695075308149258, 0.5943590336979436, 0.9591779834958029, 0.4113843185748043, 0.6285149364967746, 0.7026418698833619, 0.9627431851058457, 0.41441607959504445, 0.7124239958980515, 0.9659970188901725, 0.4560943362601716, 0.45742558509407694, 0.6511330456182607, 0.7274492246115799, 0.9689666782402084, 0.44506733245347246],"StateValue_V2_record" => [0.0, 0.0, 0.0, 0.0, 0.0, 1.0, 0.037072332910506156, 0.05689117835108527, 0.0, 0.0, 0.05689117835108527, 0.08730516587634957, 1.0, 0.026411242891610776, 0.02415766217648013, 0.04504959892524998, 0.02385883137728086, 0.04504959892524998, 0.023618413967764325, 0.04504959892524998, 0.11146733646943469, 0.026411242891610776, 0.023855449433074546, 0.04299437927227126, 0.11146733646943469, 0.16698551199605116, 1.0, 0.026411242891610776, 0.040530676433223334, 0.16369890563486003, 0.23970695400954534, 1.0, 0.08300709247682009, 0.05155998170444093, 0.08300709247682009, 0.05063286590770172, 0.08300709247682009, 0.05583014784574725, 0.0474458116865026, 0.30607724964778676, 0.08378642921666524, 0.21357913960861277, 0.30607724964778676, 0.05583014784574725, 0.049450978159663636, 0.29090807650044653, 1.0, 0.08300709247682009, 0.10120521604553039, 1.0, 0.06502209833342179, 0.07146160836750548, 0.35280670856171126, 1.0, 0.08300709247682009, 0.4092994072178593, 1.0, 0.10557545243439928, 0.13283500735520212, 0.46085830109285814, 0.10120521604553039, 1.0, 0.12604657577075745, 0.1606026636245921, 0.16698551199605116, 1.0, 0.14285940068591166, 0.22292444239229775, 0.46085830109285814, 0.23970695400954534, 0.20854298599515286, 0.46085830109285814, 0.23970695400954534, 1.0, 0.16029934094247153, 0.46085830109285814, 1.0, 0.16029934094247153, 0.30607724964778676, 1.0, 0.14285940068591166, 0.22283635992680179, 0.3666510779595269, 1.0, 0.17740503595050802, 0.23498940088690737, 0.5079142853324089, 0.14285940068591166, 0.22335628317686454, 0.1395971210707649, 0.22673500227927887, 0.42193467495206544, 0.27141019588742527, 0.5079142853324089, 1.0, 0.16022694036291824, 0.17740503595050802, 0.42193467495206544, 1.0, 0.176731503057843, 0.3200354298155016, 0.2316269389406, 0.5508606227406782, 0.4723900643770898, 1.0, 0.1883021390526573, 0.2469061925959899, 0.5184389190197146, 1.0, 0.2621260404060824, 0.2979913797877852, 0.5508606227406782, 0.5604660847608215, 1.0, 0.2621260404060824, 0.3262290163523406, 0.598822796864482, 1.0, 0.2621260404060824, 0.3728297414079681, 0.5508606227406782, 0.6338296153700675, 1.0, 0.263361719335015, 0.6657791041211136, 1.0, 0.316360310878447, 0.5508606227406782, 0.6949382758204882, 1.0, 0.3490052108123067, 0.7215508235460217, 1.0, 0.2010786050103081, 0.39769947600439637, 0.5508606227406782, 0.7458391573761282, 1.0, 0.3973470124629919, 0.3200354298155016, 0.3856251527583117, 0.7680062631461889, 1.0, 0.23654704153069434, 0.4321807261051679, 0.7882373988699565, 1.0, 0.475285268847354, 0.8067016430035462, 1.0, 0.2376767984297798, 0.3200354298155016, 0.823553307491382, 1.0, 0.5151864740915333, 0.8389332274034016, 1.0, 0.5525825558567509, 0.5508606227406782, 0.8529699379414545, 1.0, 0.5707326316129145, 0.4257956438168308, 0.8657807486515353, 1.0, 0.5707326316129145, 0.8774727238194072, 1.0, 0.28003019194313955, 0.6044489588914855, 0.8881435772431147, 1.0, 0.28892295294109943, 0.3740076166154774, 0.8978824888603015, 1.0, 0.3217972600432921, 0.42552531715374636, 0.5508606227406782, 0.906770850055167, 1.0, 0.3515282021043441, 0.4718147109968036, 0.5508606227406782, 0.9148829438738405, 1.0, 0.6355449957197973, 0.5508606227406782, 0.9222865658329679, 1.0, 0.3810572933737533, 0.5010304722051824, 0.9290435905098147, 1.0, 0.3810572933737533, 0.5424017202320229, 0.5795822315573124, 0.9352104886490731, 1.0, 0.6518522714278714, 0.6142805799113042, 0.9408387991080097, 1.0, 0.6692999016644572, 0.9459755595841581, 1.0, 0.3810572933737533, 0.5682421340466244, 0.6461196078070383, 0.9506636997252947, 1.0, 0.6964899311605136, 0.6754765874845926, 0.9549423999070514, 1.0, 0.4142732579511082, 0.5941541976926321, 0.9588474186765897, 1.0, 0.4142732579511082, 0.6282983292247868, 0.7023997159904597, 0.9624113915988958, 1.0, 0.44491394736246576, 0.7121784707572962, 0.9656641040032544, 1.0, 0.45593715089478143, 0.45726794093580614, 0.6509086433892561, 0.727198521274391, 0.9686327399093382, 1.0, 0.47618197287668435, 0.0],"final_QSA" => Dict{Int64,Any}(1 => [0.0 0.0; 0.5510505331879725 0.7502791816312439; 0.971676981605345 0.17208547419295614; 0.12318083525880097 0.4883466946583642; 0.07161198615456434 0.6726530631255402; 0.30762880761082345 0.7364759243046147; 0.4763461376903038 0.44506733245347246]),"trialByTrial_Vs" => [0.0, 0.0, 0.0, 0.0, 0.0, 0.037085113681239505, 0.056910791713670535, 0.0, 0.0, 0.056910791713670535, 0.08733526453001661, 0.02642034822741458, 0.02416599058522842, 0.04506512987650905, 0.023867056763434324, 0.04506512987650905, 0.023626556469471354, 0.04506512987650905, 0.11150576508613685, 0.02642034822741458, 0.023863673653295087, 0.04300920168190025, 0.11150576508613685, 0.16704308062950524, 0.02642034822741458, 0.040544649475718696, 0.1637553412033275, 0.23978959352483512, 0.08303570935994825, 0.051577757124908016, 0.08303570935994825, 0.05065032170289813, 0.08303570935994825, 0.05584939541566274, 0.04746216873753812, 0.3061827704728151, 0.08381531477789952, 0.21365277150071285, 0.3061827704728151, 0.05584939541566274, 0.049468026496382135, 0.2910083677186768, 0.08303570935994825, 0.10124010677297449, 0.0650445148490861, 0.07148624491883843, 0.3529283394735344, 0.08303570935994825, 0.4094405141154904, 0.10561184981073628, 0.13288080252483625, 0.46101718303592465, 0.10124010677297449, 0.1260900306132282, 0.16065803175661408, 0.16704308062950524, 0.1429086517878501, 0.22300129609869798, 0.46101718303592465, 0.23978959352483512, 0.20861488166188866, 0.46101718303592465, 0.23978959352483512, 0.16035460450331188, 0.46101718303592465, 0.16035460450331188, 0.3061827704728151, 0.1429086517878501, 0.22291318326657256, 0.36677748174905506, 0.17746619673844383, 0.23507041401507367, 0.5080893899326157, 0.1429086517878501, 0.2234332857613533, 0.1396452474944175, 0.22681316968483042, 0.4220801378868646, 0.27150376516715485, 0.5080893899326157, 0.1602821789634948, 0.17746619673844383, 0.4220801378868646, 0.17679243164378863, 0.32014576275475565, 0.23170679285239493, 0.5510505331879725, 0.472552921921666, 0.18836705664156764, 0.2469913140650874, 0.5186176520112216, 0.2622164089521828, 0.29809411299086624, 0.5510505331879725, 0.560659306712902, 0.2622164089521828, 0.3263414845445806, 0.5990292423799316, 0.2622164089521828, 0.3729582753057137, 0.5510505331879725, 0.6340481295654814, 0.26345251388422475, 0.6660086329751345, 0.316469376812124, 0.5510505331879725, 0.6951778573649929, 0.34912553114917094, 0.7217995798266277, 0.20114792731479386, 0.39783658379946973, 0.5510505331879725, 0.7460962871148309, 0.39748399874546114, 0.32014576275475565, 0.38575809790309973, 0.7682710350448105, 0.23662859165900038, 0.43232972138930764, 0.788509145498439, 0.47544912452022847, 0.806979755222012, 0.2377587380443355, 0.32014576275475565, 0.8238372293593462, 0.515364085795285, 0.8392224515335883, 0.5527730599443869, 0.5510505331879725, 0.85326400125939, 0.5709293929802743, 0.42594243782939056, 0.8660792285254774, 0.5709293929802743, 0.8777752345282687, 0.28012673298603213, 0.6046573440390363, 0.8884497667528616, 0.2890225597834866, 0.3741365565883685, 0.8981920358818855, 0.32190820037750745, 0.42567201797057674, 0.5510505331879725, 0.9070834613594034, 0.35164939224817043, 0.47197737018699887, 0.5510505331879725, 0.9151983518407935, 0.6357641012964718, 0.5510505331879725, 0.9226045262153592, 0.3811886637386731, 0.5012032035952229, 0.9293638803917668, 0.3811886637386731, 0.5425887144535195, 0.5797820438442958, 0.9355329045831257, 0.6520769989747793, 0.6144923545324684, 0.9411631554148402, 0.6695306443214051, 0.9463016868007966, 0.3811886637386731, 0.5684380368093076, 0.6463423590051794, 0.9509914431888647, 0.696730047641711, 0.6757094595679661, 0.9552716184621995, 0.41441607959504445, 0.5943590336979436, 0.9591779834958029, 0.41441607959504445, 0.6285149364967746, 0.7026418698833619, 0.9627431851058457, 0.44506733245347246, 0.7124239958980515, 0.9659970188901725, 0.4560943362601716, 0.45742558509407694, 0.6511330456182607, 0.7274492246115799, 0.9689666782402084, 0.4763461376903038],"RPE_QV" => [0.0, 0.0, 0.0, 0.0, 1.0, 0.019806064669845767, 0.0, 0.0, 0.05689117835108527, 0.030394374162679032, 0.9126647354699834, 0.02415766217648013, 0.020883608340021557, 0.007674777753564864, 0.021182542161815653, 0.007214535806004625, 0.021423042455778623, 0.06640220659292564, 0.00919479609815936, 0.02152034065292412, 0.018679453687160542, 0.06845813478753443, 0.05547974690991431, 0.8329569193704948, 0.014110328205808754, 0.12315425615914133, 0.07595161280621784, 0.7602104064751649, 0.03152564167090334, 0.03142933535191207, 0.027897045134113493, 0.03235677077392196, 0.033785791619632084, 0.02649808735847926, 0.30607724964778676, 0.08378642921666524, 0.12976382483071325, 0.09242447814707391, -0.25035262262706787, 0.024806437820211108, 0.27351897208358167, 0.7089916322813232, 0.0752582568169751, 1.0, 0.006417093518419376, 0.28132046364287283, 0.6470716605264656, 0.3287077408236089, 0.5905594858845096, 0.027223157544465845, 0.3279774985680219, 0.08253308646889794, 0.9126647354699834, 0.0345126330113639, 0.006327480239437078, 0.8329569193704948, 0.1398887330323495, 0.23785700499416015, 0.16310026738743444, 0.10730287922217838, 0.2522434194309695, 0.15943574200423485, 0.7602104064751649, 0.4050089056771954, 0.5389828169640754, 0.18418235548430373, 0.6938172295271849, 0.12764084854536023, 0.14373789469295434, 0.633222518250945, 0.07463479638359549, 0.27284387131733523, 0.005399649875648921, 0.08386189047320733, 0.08712992200969563, 0.08574003520352119, 0.195121505267235, 0.1435593897406376, 0.23641052016525405, 0.49191061006738435, 0.03939861083543236, 0.2444684782136216, 0.5779198621131354, 0.14324299817171296, 0.2027568306102575, 0.3191538298882832, 0.33087496980112086, 0.527447078078334, 0.08662401363249508, 0.2714476049546272, 0.48138234798877844, 0.13495430391849506, 0.2527665097498119, 0.3600365063704102, 0.439340693287098, 0.13299866990949052, 0.2724813123199014, 0.4009707576200684, 0.13760674760593386, 0.17790234743496447, 0.3769529267683318, 0.3659518704345186, 0.40356269516893084, 0.33399136702486554, 0.23439124592855415, 0.38431369296854917, 0.30482214263500707, 0.3724252923968508, 0.2782004201733723, 0.1965515486896025, 0.15302403894120842, 0.3843027670170577, 0.2539037128851691, -0.07744856892995955, 0.30198573805742035, 0.3822481652430892, 0.23172896495518946, 0.24381366946360025, 0.35590767748064883, 0.21149085450156102, 0.3312525184833177, 0.19302024477798796, 0.08227669177116609, 0.5034075447366264, 0.17616277064065378, 0.32356914160811656, 0.16077754846641168, -0.0019124372037087056, 0.44342050244599646, 0.14673599874061005, 0.16234312993260608, 0.43983831082214475, 0.13392077147452264, 0.3065433308391329, 0.12222476547173133, 0.3678203672324851, 0.2834862332040784, 0.11155023324713842, 0.09388088362944524, 0.5237459322719331, 0.10180796411811455, 0.10361711677623892, 0.1251886047701014, 0.4501443058193307, 0.09291653864059657, 0.12016531874863318, 0.07888325255367928, 0.41365497383526206, 0.08480164815920654, -0.08490347855579361, 0.3801058002949651, 0.07739547378464084, 0.21200791242169575, 0.4278403869145918, 0.07063611960823324, 0.2078951096626654, 0.03699351710379284, 0.3554284448047773, 0.06446709541687434, -0.037796419063475084, 0.3263464445755413, 0.05883684458515981, 0.27644491526275305, 0.053698313199203374, 0.18705347030795128, 0.07768157099773065, 0.3043213407201153, 0.04900855681113525, -0.021253460157118376, 0.2792329403390853, 0.044728381537800455, 0.2246466668777063, 0.3644883849786461, 0.040822016504197145, 0.2169140106499825, 0.0738847794936851, 0.2597695217155339, 0.03725681489415433, 0.2977623911622518, 0.2532401081052029, 0.03400298110982747, 0.001173604675634543, 0.1934830582951792, 0.07606547565613031, 0.24118351529775828, 0.031033321759791566, 0.04311106159790251],"StateValue_V3_record" => [0.0, 0.0, 0.0, 0.0, 0.0, 0.08733526453001661, 0.037085113681239505, 0.03384627546776271, 0.056910791713670535, 0.0, 0.004968606110716386, 0.05956529242139241, 0.16704308062950524, 0.02642034822741458, 0.02642034822741458, 0.02343027908525248, 0.04506512987650905, 0.023215971524905007, 0.04506512987650905, 0.025497543549384556, 0.0426324395807682, 0.11150576508613685, 0.02642034822741458, 0.025495048682339448, 0.048988010992801104, 0.1163511034585726, 0.23978959352483512, 0.02642034822741458, 0.027652677473874242, 0.05130035901537473, 0.17038859539923992, 0.3061827704728151, 0.08303570935994825, 0.08303570935994825, 0.049062678777843725, 0.08303570935994825, 0.048285865343830475, 0.08303570935994825, 0.05584939541566274, 0.04746216873753812, 0.3061827704728151, 0.0951482727459166, 0.2217246877487363, 0.28184772271135344, 0.05584939541566274, 0.049974109767258953, 0.3529283394735344, 0.08303570935994825, 0.08303570935994825, 0.10124010677297449, 0.0650445148490861, 0.06560495340903112, 0.09605544202879565, 0.4094405141154904, 0.08303570935994825, 0.10929944389214441, 0.46101718303592465, 0.10561184981073628, 0.10798939147622452, 0.12290579585532137, 0.46101718303592465, 0.16704308062950524, 0.1260900306132282, 0.12910420054690305, 0.16121064391713377, 0.23978959352483512, 0.1429086517878501, 0.1429086517878501, 0.21021357839616256, 0.46101718303592465, 0.23978959352483512, 0.19780431036436338, 0.46101718303592465, 0.3061827704728151, 0.16035460450331188, 0.16035460450331188, 0.5080893899326157, 0.16035460450331188, 0.16035460450331188, 0.36677748174905506, 0.1429086517878501, 0.1429086517878501, 0.2354665703225694, 0.4220801378868646, 0.17746619673844383, 0.17746619673844383, 0.22654142356969836, 0.5080893899326157, 0.13800642511507566, 0.2254629847846077, 0.14713337614972996, 0.21816641734958453, 0.4220801378868646, 0.2921507404834661, 0.5510505331879725, 0.1602821789634948, 0.1602821789634948, 0.19881691595248108, 0.472552921921666, 0.17679243164378863, 0.1638727274559222, 0.32014576275475565, 0.22382561761119152, 0.5510505331879725, 0.5186176520112216, 0.18836705664156764, 0.18836705664156764, 0.2706982624498392, 0.560659306712902, 0.2622164089521828, 0.2622164089521828, 0.28955852236586993, 0.5510505331879725, 0.5990292423799316, 0.2622164089521828, 0.2622164089521828, 0.35013871203552527, 0.6340481295654814, 0.2622164089521828, 0.2622164089521828, 0.36281252758137233, 0.5510505331879725, 0.6660086329751345, 0.26345251388422475, 0.2974616636892078, 0.6951778573649929, 0.316469376812124, 0.3159495708037481, 0.5510505331879725, 0.7217995798266277, 0.34912553114917094, 0.3816513925783187, 0.7460962871148309, 0.20114792731479386, 0.21831380881338475, 0.3946554150442602, 0.5510505331879725, 0.7682710350448105, 0.39748399874546114, 0.3685718504640148, 0.32014576275475565, 0.4191418425307184, 0.788509145498439, 0.23662859165900038, 0.23662859165900038, 0.46341301255034395, 0.806979755222012, 0.47544912452022847, 0.5043791508482033, 0.8238372293593462, 0.2377587380443355, 0.24494439468482493, 0.3641109938407351, 0.8392224515335883, 0.515364085795285, 0.5436230823713804, 0.85326400125939, 0.5527730599443869, 0.5402522599295734, 0.5510505331879725, 0.8660792285254774, 0.5709293929802743, 0.5709293929802743, 0.46435583305547823, 0.8777752345282687, 0.5709293929802743, 0.5977014358690224, 0.8884497667528616, 0.28012673298603213, 0.28012673298603213, 0.6294156892065325, 0.8981920358818855, 0.2890225597834866, 0.2890225597834866, 0.4198780461298579, 0.9070834613594034, 0.32190820037750745, 0.3309576286809979, 0.4283616958661444, 0.5510505331879725, 0.9151983518407935, 0.35164939224817043, 0.3621440621484161, 0.4745168927756198, 0.5510505331879725, 0.9226045262153592, 0.6357641012964718, 0.6275746570013176, 0.5753774061561572, 0.9293638803917668, 0.3811886637386731, 0.3811886637386731, 0.5385687569630334, 0.9355329045831257, 0.3811886637386731, 0.3811886637386731, 0.545819553055675, 0.6108234810928134, 0.9411631554148402, 0.6520769989747793, 0.6487760387175834, 0.6429939075979038, 0.9463016868007966, 0.6695306443214051, 0.6936740341238556, 0.9509914431888647, 0.3811886637386731, 0.39752502804927564, 0.5752223773615017, 0.6729203437991, 0.9552716184621995, 0.696730047641711, 0.6948738710767108, 0.7000963422779745, 0.9591779834958029, 0.41441607959504445, 0.41441607959504445, 0.6261917232181722, 0.9627431851058457, 0.41441607959504445, 0.43032856107518735, 0.6349676832585975, 0.7253289097792239, 0.9659970188901725, 0.44506733245347246, 0.44506733245347246, 0.7345407877290294, 0.9689666782402084, 0.4560943362601716, 0.4561968333349718, 0.47432347917236306, 0.6577762440562903, 0.748513050720389, 0.971676981605345, 0.4763461376903038, 0.4763461376903038],"StateValue_V1_record" => [0.0, 0.0, 0.0, 0.0, 0.0, 0.0, 0.037085113681239505, 0.056910791713670535, 0.0, 0.0, 0.056910791713670535, 0.08733526453001661, 0.0, 0.02642034822741458, 0.02416599058522842, 0.04506512987650905, 0.023867056763434324, 0.04506512987650905, 0.023626556469471354, 0.04506512987650905, 0.11150576508613685, 0.02642034822741458, 0.023863673653295087, 0.04300920168190025, 0.11150576508613685, 0.16704308062950524, 0.0, 0.02642034822741458, 0.040544649475718696, 0.1637553412033275, 0.23978959352483512, 0.0, 0.08303570935994825, 0.051577757124908016, 0.08303570935994825, 0.05065032170289813, 0.08303570935994825, 0.05584939541566274, 0.04746216873753812, 0.3061827704728151, 0.08381531477789952, 0.21365277150071285, 0.3061827704728151, 0.05584939541566274, 0.049468026496382135, 0.2910083677186768, 0.0, 0.08303570935994825, 0.10124010677297449, 0.0, 0.0650445148490861, 0.07148624491883843, 0.3529283394735344, 0.0, 0.08303570935994825, 0.4094405141154904, 0.0, 0.10561184981073628, 0.13288080252483625, 0.46101718303592465, 0.10124010677297449, 0.0, 0.1260900306132282, 0.16065803175661408, 0.16704308062950524, 0.0, 0.1429086517878501, 0.22300129609869798, 0.46101718303592465, 0.23978959352483512, 0.20861488166188866, 0.46101718303592465, 0.23978959352483512, 0.0, 0.16035460450331188, 0.46101718303592465, 0.0, 0.16035460450331188, 0.3061827704728151, 0.0, 0.1429086517878501, 0.22291318326657256, 0.36677748174905506, 0.0, 0.17746619673844383, 0.23507041401507367, 0.5080893899326157, 0.1429086517878501, 0.2234332857613533, 0.1396452474944175, 0.22681316968483042, 0.4220801378868646, 0.27150376516715485, 0.5080893899326157, 0.0, 0.1602821789634948, 0.17746619673844383, 0.4220801378868646, 0.0, 0.17679243164378863, 0.32014576275475565, 0.23170679285239493, 0.5510505331879725, 0.472552921921666, 0.0, 0.18836705664156764, 0.2469913140650874, 0.5186176520112216, 0.0, 0.2622164089521828, 0.29809411299086624, 0.5510505331879725, 0.560659306712902, 0.0, 0.2622164089521828, 0.3263414845445806, 0.5990292423799316, 0.0, 0.2622164089521828, 0.3729582753057137, 0.5510505331879725, 0.6340481295654814, 0.0, 0.26345251388422475, 0.6660086329751345, 0.0, 0.316469376812124, 0.5510505331879725, 0.6951778573649929, 0.0, 0.34912553114917094, 0.7217995798266277, 0.0, 0.20114792731479386, 0.39783658379946973, 0.5510505331879725, 0.7460962871148309, 0.0, 0.39748399874546114, 0.32014576275475565, 0.38575809790309973, 0.7682710350448105, 0.0, 0.23662859165900038, 0.43232972138930764, 0.788509145498439, 0.0, 0.47544912452022847, 0.806979755222012, 0.0, 0.2377587380443355, 0.32014576275475565, 0.8238372293593462, 0.0, 0.515364085795285, 0.8392224515335883, 0.0, 0.5527730599443869, 0.5510505331879725, 0.85326400125939, 0.0, 0.5709293929802743, 0.42594243782939056, 0.8660792285254774, 0.0, 0.5709293929802743, 0.8777752345282687, 0.0, 0.28012673298603213, 0.6046573440390363, 0.8884497667528616, 0.0, 0.2890225597834866, 0.3741365565883685, 0.8981920358818855, 0.0, 0.32190820037750745, 0.42567201797057674, 0.5510505331879725, 0.9070834613594034, 0.0, 0.35164939224817043, 0.47197737018699887, 0.5510505331879725, 0.9151983518407935, 0.0, 0.6357641012964718, 0.5510505331879725, 0.9226045262153592, 0.0, 0.3811886637386731, 0.5012032035952229, 0.9293638803917668, 0.0, 0.3811886637386731, 0.5425887144535195, 0.5797820438442958, 0.9355329045831257, 0.0, 0.6520769989747793, 0.6144923545324684, 0.9411631554148402, 0.0, 0.6695306443214051, 0.9463016868007966, 0.0, 0.3811886637386731, 0.5684380368093076, 0.6463423590051794, 0.9509914431888647, 0.0, 0.696730047641711, 0.6757094595679661, 0.9552716184621995, 0.0, 0.41441607959504445, 0.5943590336979436, 0.9591779834958029, 0.0, 0.41441607959504445, 0.6285149364967746, 0.7026418698833619, 0.9627431851058457, 0.0, 0.44506733245347246, 0.7124239958980515, 0.9659970188901725, 0.0, 0.4560943362601716, 0.45742558509407694, 0.6511330456182607, 0.7274492246115799, 0.9689666782402084, 0.0, 0.4763461376903038, 0.0])
POPULATION_SIGNALS
subject_id: 9
algorithm_name: Sarsa-Lambda (ReplTrc)
param_string: alpha=0.1974, gamma=0.9961,
                lambda=0.6128, temp=0.2507,
                reward_magnitude=1.0,
                action_cost=0.0,
                initQSA=nothing, use_replacing_trace=true
param_vector: [0.197445163350583, 0.9960525723724495, 0.6127972592361022, 0.2507274927826116, 1.0, 0.0, 0.0]
LL: -105.848
RPE
[0.0, 0.0, 0.0, 0.0, 1.0, -0.074, 0.0, 0.0, 0.12, 0.076, 0.803, 0.045, -0.018, 0.014, -0.013, 0.012, 0.038, -0.046, -0.027, 0.034, 0.026, 0.16, 0.122, 0.644, 0.035, 0.241, 0.147, 0.517, 0.068, -0.055, 0.051, -0.047, 0.004, -0.052, 0.0, 0.194, 0.228, 0.157, -0.515, -0.029, 0.445, 0.487, -0.058, 1.0, 0.033, 0.427, 0.391, 0.517, 0.314, 0.077, -0.245, 0.131, 0.803, 0.072, 0.017, 0.644, 0.259, -0.238, 0.051, 0.176, -0.199, 0.276, 0.517, 0.619, 0.252, 0.304, 0.415, 0.2, 0.259, 0.333, 0.121, -0.13, -0.017, -0.21, 0.167, 0.128, -0.125, 0.2, 0.298, 0.202, 0.088, 0.341, 0.267, -0.321, 0.43, -0.174, 0.467, 0.214, 0.118, 0.376, 0.172, 0.208, -0.112, 0.425, 0.138, 0.182, 0.303, 0.111, 0.174, -0.124, 0.373, 0.089, 0.399, 0.071, 0.003, 0.32, 0.057, 0.293, 0.046, 0.27, 0.003, 0.271, 0.037, -0.557, 0.444, 0.303, 0.03, 0.345, 0.245, 0.024, 0.199, 0.019, 0.098, 0.401, 0.015, 0.164, 0.012, -0.11, 0.24, 0.01, 0.186, 0.269, 0.008, 0.128, 0.006, 0.399, 0.103, 0.005, 0.11, 0.331, 0.004, 0.114, 0.065, 0.198, 0.003, 0.115, 0.058, 0.159, 0.003, -0.046, 0.128, 0.002, 0.224, 0.19, 0.002, 0.194, 0.046, 0.103, 0.001, -0.007, 0.083, 0.001, 0.071, 0.001, 0.164, 0.062, 0.067, 0.001, 0.0, 0.054, 0.001, 0.184, 0.112, 0.0, 0.156, 0.043, 0.043, 0.0, 0.2, 0.051, 0.0, -0.026, 0.152, 0.038, 0.035, 0.0, 0.0]
SPE
Float64[]
action_selection_prob
[0.5, 0.5, 0.5, 0.5, 0.5, 0.546, 0.382, 0.5, 0.5, 0.61, 0.687, 0.444, 0.545, 0.448, 0.543, 0.449, 0.542, 0.544, 0.312, 0.452, 0.543, 0.539, 0.681, 0.805, 0.504, 0.591, 0.752, 0.873, 0.375, 0.604, 0.381, 0.599, 0.386, 0.427, 0.413, 0.088, 0.685, 0.813, 0.883, 0.437, 0.438, 0.858, 0.395, 0.277, 0.52, 0.581, 0.897, 0.502, 0.922, 0.605, 0.701, 0.062, 0.457, 0.634, 0.722, 0.613, 0.362, 0.813, 0.097, 0.275, 0.782, 0.103, 0.699, 0.309, 0.845, 0.451, 0.761, 0.399, 0.801, 0.815, 0.439, 0.803, 0.13, 0.508, 0.225, 0.487, 0.748, 0.148, 0.853, 0.873, 0.47, 0.555, 0.8, 0.548, 0.11, 0.65, 0.111, 0.832, 0.45, 0.762, 0.854, 0.317, 0.824, 0.166, 0.87, 0.376, 0.845, 0.882, 0.453, 0.88, 0.23, 0.891, 0.496, 0.897, 0.582, 0.294, 0.902, 0.624, 0.906, 0.531, 0.891, 0.356, 0.909, 0.681, 0.16, 0.63, 0.912, 0.396, 0.687, 0.914, 0.729, 0.915, 0.493, 0.76, 0.916, 0.761, 0.917, 0.784, 0.41, 0.918, 0.21, 0.904, 0.918, 0.74, 0.919, 0.438, 0.759, 0.919, 0.471, 0.814, 0.92, 0.533, 0.851, 0.458, 0.92, 0.577, 0.921, 0.497, 0.92, 0.774, 0.528, 0.92, 0.383, 0.93, 0.92, 0.448, 0.939, 0.554, 0.92, 0.779, 0.574, 0.92, 0.785, 0.921, 0.501, 0.944, 0.59, 0.921, 0.794, 0.602, 0.921, 0.455, 0.948, 0.921, 0.505, 0.952, 0.612, 0.921, 0.456, 0.798, 0.921, 0.502, 0.868, 0.954, 0.621, 0.921, 0.481]
results_dict
Dict{String,Any}("trialByTrial_Qsa" => [0.0, 0.0, 0.0, 0.0, 0.0, 0.07356049633890632, 0.0, 0.0, 0.0, 0.12051624046486566, 0.197445163350583, 0.0, 0.044899729702436025, 0.02740582007581638, 0.04309402730902263, 0.028566071707017842, 0.04193364183803557, 0.07993812983764176, 0.03424400602064527, 0.0074606548816865854, 0.04343029350813288, 0.07138796341917594, 0.2322724870326988, 0.3559057341706276, 0.05610292302883272, 0.09191500464290067, 0.3340297000275636, 0.48307903170048183, 0.03709524703346792, 0.10585037201505211, 0.04390404827929191, 0.10100033311031928, 0.048196797827719656, 0.05232612222944058, 0.0, 0.0, 0.1952170506320932, 0.42537962934859613, 0.5851425767257217, 0.06226478252796567, 0.03272101014277588, 0.5127945227528626, 0.057681353059151244, 0.0, 0.14602069321606148, 0.17938197758503252, 0.6089908877932224, 0.16680868934697013, 0.686193745824456, 0.23271586744202513, 0.3108544794306022, 0.06603314281816766, 0.197445163350583, 0.26400921295659996, 0.33724390873978094, 0.3559057341706276, 0.16508319447093098, 0.42566057461892615, 0.18854681350069885, 0.24050148038392782, 0.41827502222854795, 0.20518259562902105, 0.48307903170048183, 0.1261555325461424, 0.7481532729405809, 0.278734487691026, 0.5851425767257217, 0.2036279538214276, 0.4050615063742964, 0.6670541684313135, 0.3276658335565514, 0.450210450294261, 0.32197276252527346, 0.30664268690900953, 0.0974475453919673, 0.28536036174716567, 0.4182174786381425, 0.29476869449278337, 0.4963961678823475, 0.7978791911041375, 0.29883302355251673, 0.38877427945175796, 0.7327927125322885, 0.3770555767026439, 0.05636751566320637, 0.4883307338761569, 0.31568190068412955, 0.785551499054817, 0.32918225622623803, 0.4486973319215919, 0.8278933183542263, 0.333559151455654, 0.5436641351752426, 0.4336876481697093, 0.8618749502255029, 0.3986085427424995, 0.5829658454174135, 0.8891470732410358, 0.47918585023810467, 0.656086424270449, 0.5342057259207228, 0.9110344474728497, 0.5260241601115065, 0.9286002655241478, 0.6133919410704617, 0.6186204676269654, 0.9426977977609207, 0.6567654263289129, 0.9540118404423639, 0.4103958895834905, 0.6831302350594681, 0.6887790758696201, 0.963091980118414, 0.7202540559161859, 0.16428320754436707, 0.6638204611873353, 0.9703792901328804, 0.37956273232327087, 0.727162481741267, 0.9762277560311541, 0.7784432845848568, 0.9809214706247927, 0.4789285593962985, 0.5796595052229577, 0.9846884339737695, 0.8199563650587995, 0.9877116286289718, 0.85378995586637, 0.7466382134934726, 0.990137908121637, 0.5301096137796388, 0.7190246978805636, 0.9920851304635389, 0.8616515230704832, 0.993647883172064, 0.48562273564366565, 0.887704649541768, 0.9949020779167778, 0.5478360557356021, 0.6607083339443534, 0.9959086379752481, 0.6098314450519229, 0.7266088766153441, 0.7951328787379801, 0.9967164576185517, 0.6548888490290725, 0.7731197982772744, 0.8345534602838827, 0.9973647771804253, 0.9087092185319342, 0.8662400078920741, 0.9978850891805013, 0.5771407201992257, 0.803939906960409, 0.9983026680927292, 0.6443683356861045, 0.8417423725503241, 0.8917098214420514, 0.9986377980684205, 0.9151949515604854, 0.9122080619174604, 0.9989067582513177, 0.9239480405248589, 0.999122613546968, 0.6964423332895814, 0.8634248854804493, 0.9286795051432731, 0.9992958492585085, 0.9381179190344712, 0.9419283706651105, 0.9994348804166857, 0.6959173653032436, 0.8836721010892811, 0.9995464605451259, 0.7458224866894136, 0.9058265447863267, 0.9525718989260716, 0.9996360097168794, 0.7410977375702097, 0.9446327133841312, 0.9997078778377881, 0.7867318371631074, 0.7635803494634772, 0.9195369628857626, 0.9611292299110697, 0.9997655559458244, 0.7850770539272032],"StateValue_V2_record" => [0.0, 0.0, 0.0, 0.0, 0.0, 1.0, 0.0732701216033618, 0.12004051132768613, 0.0, 0.0, 0.12004051132768613, 0.19666576285784668, 1.0, 0.05588146080048237, 0.044722491268939076, 0.07962257985542594, 0.04292391675504058, 0.07962257985542594, 0.0417681118217203, 0.07962257985542594, 0.23135560820026604, 0.05588146080048237, 0.043258855567666246, 0.07110616460010052, 0.23135560820026604, 0.3545008220427588, 1.0, 0.05588146080048237, 0.09155217681418686, 0.3327111419612524, 0.481172112184457, 1.0, 0.16443154050823214, 0.1054325353321734, 0.16443154050823214, 0.1006016416050078, 0.16443154050823214, 0.1256575427116014, 0.08793351408204644, 0.5828327687522985, 0.19444644545305914, 0.42370047404750827, 0.5828327687522985, 0.1256575427116014, 0.09534501541025482, 0.5107703034864914, 1.0, 0.16443154050823214, 0.2395521181957935, 1.0, 0.14544428709746632, 0.17867388021082872, 0.6065869403378209, 1.0, 0.1661502241181264, 0.6834850456743362, 1.0, 0.2317972383975151, 0.30962740387035, 0.7451999920413329, 0.2395521181957935, 1.0, 0.2629670556954472, 0.3359126628171984, 0.3545008220427588, 1.0, 0.30543223709491857, 0.42398031030671635, 0.7451999920413329, 0.481172112184457, 0.4166239118498887, 0.7451999920413329, 0.481172112184457, 1.0, 0.3263723963925659, 0.7451999920413329, 1.0, 0.3263723963925659, 0.5828327687522985, 1.0, 0.30543223709491857, 0.40346255539317727, 0.664421020377775, 1.0, 0.3872396211201691, 0.44843327712455744, 0.7947296207417254, 0.30543223709491857, 0.4056218880970097, 0.2976534018193211, 0.41656659540864177, 0.7299000663335709, 0.49443667993503854, 0.7947296207417254, 1.0, 0.3278828330935112, 0.3872396211201691, 0.7299000663335709, 1.0, 0.3755671771020459, 0.5773713412774684, 0.48640308364587215, 0.8344798638126752, 0.7824505913645843, 1.0, 0.3780644359073094, 0.4469261316771564, 0.8246252693966903, 1.0, 0.5239477178091233, 0.5415180603479435, 0.8344798638126752, 0.858472761235489, 1.0, 0.5239477178091233, 0.5806646299332945, 0.8856372295191685, 1.0, 0.5239477178091233, 0.6534965705932231, 0.8344798638126752, 0.9074382049252451, 1.0, 0.528017044444575, 0.924934683181067, 1.0, 0.6109706207757634, 0.8344798638126752, 0.9389765664296081, 1.0, 0.6541728923402022, 0.9502459477463914, 1.0, 0.4087758815107155, 0.6804336278963793, 0.8344798638126752, 0.9592902442282223, 1.0, 0.717410905157007, 0.5773713412774684, 0.6612000779591111, 0.966548788113807, 1.0, 0.4837057750404192, 0.7242920604711233, 0.9723741676162151, 1.0, 0.7753704360568053, 0.977049354111191, 1.0, 0.4837057750404192, 0.5773713412774684, 0.980801447644972, 1.0, 0.8167196466499805, 0.9838127084580689, 1.0, 0.8504196818064579, 0.8344798638126752, 0.9862294103880326, 1.0, 0.8582502160429938, 0.7161863999232586, 0.988168946210665, 1.0, 0.8582502160429938, 0.9897255300659735, 1.0, 0.5456735125538231, 0.8842004996830618, 0.9909747739677016, 1.0, 0.5748624989753268, 0.6581002356131885, 0.9919773607031884, 1.0, 0.6074241795575759, 0.7237406406613692, 0.8344798638126752, 0.9927819915369139, 1.0, 0.6523037226934404, 0.7700679638261484, 0.8344798638126752, 0.9934277519042375, 1.0, 0.9051221546572914, 0.8628205881528314, 0.9939460100103495, 1.0, 0.6936931775821583, 0.800766412360783, 0.9943619405600426, 1.0, 0.6936931775821583, 0.8384196554536391, 0.8881898614571329, 0.9946957476344089, 1.0, 0.9115822857241007, 0.9086071866117731, 0.9949636461164495, 1.0, 0.9203008225032699, 0.9951786493389422, 1.0, 0.6936931775821583, 0.8600165782331891, 0.9250136100075307, 0.9953512012150488, 1.0, 0.9344147664429743, 0.9382101765915734, 0.9954896835577912, 1.0, 0.7381723078862099, 0.8801838694237456, 0.9956008232317497, 1.0, 0.7428784064002074, 0.9022508600576685, 0.9488116902950227, 0.9956900189146286, 1.0, 0.7819780190747749, 0.9409038441134308, 0.9957616033413313, 1.0, 0.7836262701736161, 0.7605661712961503, 0.9159071572739135, 0.9573352418352724, 0.9958190537692104, 1.0, 0.8010930670421562, 0.0],"final_QSA" => Dict{Int64,Any}(1 => [0.0 0.0; 0.8377869672331331 0.9680068221653519; 0.9998118457903976 0.3850143056606266; 0.2905442692936309 0.8007741745248957; 0.15712291823331304 0.9311979832220798; 0.5998680498985631 0.9547630708784108; 0.8042678561976617 0.7850770539272032]),"trialByTrial_Vs" => [0.0, 0.0, 0.0, 0.0, 0.0, 0.07356049633890632, 0.12051624046486566, 0.0, 0.0, 0.12051624046486566, 0.197445163350583, 0.05610292302883272, 0.044899729702436025, 0.07993812983764176, 0.04309402730902263, 0.07993812983764176, 0.04193364183803557, 0.07993812983764176, 0.2322724870326988, 0.05610292302883272, 0.04343029350813288, 0.07138796341917594, 0.2322724870326988, 0.3559057341706276, 0.05610292302883272, 0.09191500464290067, 0.3340297000275636, 0.48307903170048183, 0.16508319447093098, 0.10585037201505211, 0.16508319447093098, 0.10100033311031928, 0.16508319447093098, 0.1261555325461424, 0.08828200089138052, 0.5851425767257217, 0.1952170506320932, 0.42537962934859613, 0.5851425767257217, 0.1261555325461424, 0.09572287452976215, 0.5127945227528626, 0.16508319447093098, 0.24050148038392782, 0.14602069321606148, 0.17938197758503252, 0.6089908877932224, 0.16680868934697013, 0.686193745824456, 0.23271586744202513, 0.3108544794306022, 0.7481532729405809, 0.24050148038392782, 0.26400921295659996, 0.33724390873978094, 0.3559057341706276, 0.30664268690900953, 0.42566057461892615, 0.7481532729405809, 0.48307903170048183, 0.41827502222854795, 0.7481532729405809, 0.48307903170048183, 0.3276658335565514, 0.7481532729405809, 0.3276658335565514, 0.5851425767257217, 0.30664268690900953, 0.4050615063742964, 0.6670541684313135, 0.38877427945175796, 0.450210450294261, 0.7978791911041375, 0.30664268690900953, 0.4072293966681684, 0.29883302355251673, 0.4182174786381425, 0.7327927125322885, 0.4963961678823475, 0.7978791911041375, 0.32918225622623803, 0.38877427945175796, 0.7327927125322885, 0.3770555767026439, 0.5796595052229577, 0.4883307338761569, 0.8377869672331331, 0.785551499054817, 0.37956273232327087, 0.4486973319215919, 0.8278933183542263, 0.5260241601115065, 0.5436641351752426, 0.8377869672331331, 0.8618749502255029, 0.5260241601115065, 0.5829658454174135, 0.8891470732410358, 0.5260241601115065, 0.656086424270449, 0.8377869672331331, 0.9110344474728497, 0.5301096137796388, 0.9286002655241478, 0.6133919410704617, 0.8377869672331331, 0.9426977977609207, 0.6567654263289129, 0.9540118404423639, 0.4103958895834905, 0.6831302350594681, 0.8377869672331331, 0.963091980118414, 0.7202540559161859, 0.5796595052229577, 0.6638204611873353, 0.9703792901328804, 0.48562273564366565, 0.727162481741267, 0.9762277560311541, 0.7784432845848568, 0.9809214706247927, 0.48562273564366565, 0.5796595052229577, 0.9846884339737695, 0.8199563650587995, 0.9877116286289718, 0.85378995586637, 0.8377869672331331, 0.990137908121637, 0.8616515230704832, 0.7190246978805636, 0.9920851304635389, 0.8616515230704832, 0.993647883172064, 0.5478360557356021, 0.887704649541768, 0.9949020779167778, 0.5771407201992257, 0.6607083339443534, 0.9959086379752481, 0.6098314450519229, 0.7266088766153441, 0.8377869672331331, 0.9967164576185517, 0.6548888490290725, 0.7731197982772744, 0.8377869672331331, 0.9973647771804253, 0.9087092185319342, 0.8662400078920741, 0.9978850891805013, 0.6964423332895814, 0.803939906960409, 0.9983026680927292, 0.6964423332895814, 0.8417423725503241, 0.8917098214420514, 0.9986377980684205, 0.9151949515604854, 0.9122080619174604, 0.9989067582513177, 0.9239480405248589, 0.999122613546968, 0.6964423332895814, 0.8634248854804493, 0.9286795051432731, 0.9992958492585085, 0.9381179190344712, 0.9419283706651105, 0.9994348804166857, 0.7410977375702097, 0.8836721010892811, 0.9995464605451259, 0.7458224866894136, 0.9058265447863267, 0.9525718989260716, 0.9996360097168794, 0.7850770539272032, 0.9446327133841312, 0.9997078778377881, 0.7867318371631074, 0.7635803494634772, 0.9195369628857626, 0.9611292299110697, 0.9997655559458244, 0.8042678561976617],"RPE_QV" => [0.0, 0.0, 0.0, 0.0, 1.0, 0.04648001498877981, 0.0, 0.0, 0.12004051132768613, 0.07614952239298102, 0.8025548366494171, 0.044722491268939076, 0.03472285015298991, 0.013854942318853432, 0.03652855254640331, 0.01178710946718604, 0.037688938017390365, 0.15141747836262429, 0.021637454779837098, 0.03426575093879572, 0.026491122114497626, 0.1599676447810901, 0.12222833501006, 0.6440942658293725, 0.035449253785354136, 0.24079613731835173, 0.1471424121568934, 0.5169209682995182, 0.06833728829870547, 0.05858116849318003, 0.05062102017944606, 0.06343120739791286, 0.07746074488388174, 0.039441333191389344, 0.5828327687522985, 0.19444644545305914, 0.22848342341541508, 0.15745313940370237, -0.4594850340141203, 0.0331908202057181, 0.4454137720982636, 0.48720547724713736, 0.18187076513664224, 1.0, 0.03265318699476724, 0.4272049627527884, 0.3910091122067776, 0.5166763563273661, 0.313806254175544, 0.07691153642832485, 0.43434551261073073, 0.17351897537762584, 0.8025548366494171, 0.07190344986059843, 0.01725691330297785, 0.6440942658293725, 0.25889711583578534, 0.31953941742240677, 0.29262529868375814, 0.17612243146596085, 0.32692496981278496, 0.2759895165554359, 0.5169209682995182, 0.6190444594951905, 0.25184672705941913, 0.3040982810612725, 0.4148574232742783, 0.19983460157174968, 0.25935951400347856, 0.3329458315686865, 0.12076744356800606, 0.3445191704474644, -0.01654052543035489, 0.11433513925339206, 0.20020585642735378, 0.12771978525131633, 0.31168258769542834, 0.19966798544225517, 0.29833345285937785, 0.20212080889586248, 0.08840659756765235, 0.3411257868818129, 0.2672072874677115, 0.20031576457482447, 0.4300355679826658, 0.34614912993651836, 0.46676869068045473, 0.21444850094518297, 0.11774387545091836, 0.37592793747509845, 0.1721066816457737, 0.20795890889228946, 0.29081572863743266, 0.4247851130657797, 0.13812504977449713, 0.18205608719079497, 0.302671384101755, 0.11085292675896419, 0.1743107203551184, 0.1783934395422262, 0.3732324790045223, 0.08896555252715033, 0.39891052306956043, 0.07139973447585224, 0.22108792274221356, 0.3203560988026427, 0.057302202239079336, 0.2934805214174785, 0.04598815955763613, 0.2700377383128888, 0.15134962875320712, 0.2705111683586022, 0.036908019881585985, -0.1428827146387175, 0.44365972961612177, 0.30272832692647167, 0.02962070986711962, 0.3447293281478524, 0.24521168587494813, 0.02377224396884592, 0.1986060695263342, 0.019078529375207265, 0.09844278188116984, 0.4011419424220143, 0.015311566026230516, 0.16385634339926936, 0.012288371371028228, -0.019310092053694716, 0.23959119689456, 0.009862091878362955, 0.18607678614361978, 0.2691442483301014, 0.007914869536461144, 0.12807400699549032, 0.006352116827936016, 0.39857776403939615, 0.10327012442593364, 0.005097922083222239, 0.11026417987758641, 0.3312690267588351, 0.00409136202475191, 0.11390919560944635, 0.10787098719733113, 0.19764911279893382, 0.0032835423814483455, 0.11517911479707588, 0.061360065535400854, 0.15887429162035482, 0.002635222819574734, -0.045888630379102846, 0.12770600211827543, 0.002114910819498661, 0.22362569216155737, 0.1904220335996336, 0.0016973319072708382, 0.19405131976753454, 0.04644748890680872, 0.10298592619235758, 0.001362201931579543, -0.006587764948712271, 0.0827555841989891, 0.0010932417486823054, 0.07123060881408327, 0.0008773864530320363, 0.16357424494360773, 0.06158872452708142, 0.0666716960717757, 0.0007041507414915493, 9.22575571021822e-5, 0.053561312892680735, 0.0005651195833142886, 0.18426650412050205, 0.11192872214246863, 0.00045353945487414116, 0.15642837336825488, 0.04298514550869592, 0.04311811998855697, 0.00036399028312061876, 0.19980610654322106, 0.05112888995720011, 0.0002921221622118608, -0.02616566586695701, 0.15232680781043628, 0.03779827894950982, 0.03468982385814068, 0.00023444405417560876, 0.012536122497744051],"StateValue_V3_record" => [0.0, 0.0, 0.0, 0.0, 0.0, 0.197445163350583, 0.07356049633890632, 0.059036332123121, 0.12051624046486566, 0.0, 0.023701418367782494, 0.13555159535281666, 0.3559057341706276, 0.05610292302883272, 0.05610292302883272, 0.04142428174889684, 0.07993812983764176, 0.04051310371910249, 0.07993812983764176, 0.04937514036138921, 0.07088935630126736, 0.2322724870326988, 0.05610292302883272, 0.048660837441370106, 0.10297280117378632, 0.2564058806048299, 0.48307903170048183, 0.05610292302883272, 0.06310220673313824, 0.13945903730991205, 0.3630822576316802, 0.5851425767257217, 0.16508319447093098, 0.16508319447093098, 0.09489967806979634, 0.16508319447093098, 0.09165837882249338, 0.16508319447093098, 0.1261555325461424, 0.08828200089138052, 0.5851425767257217, 0.24032999749125022, 0.45646799017822226, 0.4835471277487231, 0.1261555325461424, 0.12066580513331689, 0.6089908877932224, 0.16508319447093098, 0.16508319447093098, 0.24050148038392782, 0.14602069321606148, 0.15246790705616042, 0.26373153123993653, 0.686193745824456, 0.16680868934697013, 0.26882393692141093, 0.7481532729405809, 0.23271586744202513, 0.24790167831566004, 0.2624642243674026, 0.7481532729405809, 0.3559057341706276, 0.26400921295659996, 0.2782062013597963, 0.34065120280581423, 0.48307903170048183, 0.30664268690900953, 0.30664268690900953, 0.37869665584292034, 0.7481532729405809, 0.48307903170048183, 0.37892426835518345, 0.7481532729405809, 0.5851425767257217, 0.3276658335565514, 0.3276658335565514, 0.7978791911041375, 0.3276658335565514, 0.33877722246980047, 0.6670541684313135, 0.30664268690900953, 0.30664268690900953, 0.45627078798324106, 0.7327927125322885, 0.38877427945175796, 0.38877427945175796, 0.4246395933552523, 0.7978791911041375, 0.29883302355251673, 0.41471721318342303, 0.3105780156092132, 0.3936133704214003, 0.7327927125322885, 0.5553006652151108, 0.8377869672331331, 0.32918225622623803, 0.32918225622623803, 0.45612791616573367, 0.785551499054817, 0.3770555767026439, 0.32918225622623803, 0.5796595052229577, 0.45399601417532837, 0.8377869672331331, 0.8278933183542263, 0.37956273232327087, 0.37956273232327087, 0.5229224849444104, 0.8618749502255029, 0.5260241601115065, 0.5260241601115065, 0.5216117933670347, 0.8377869672331331, 0.8891470732410358, 0.5260241601115065, 0.5260241601115065, 0.6427268462929315, 0.9110344474728497, 0.5260241601115065, 0.5260241601115065, 0.631605309669499, 0.8377869672331331, 0.9286002655241478, 0.5301096137796388, 0.6047871135012424, 0.9426977977609207, 0.6133919410704617, 0.6139421352532082, 0.8377869672331331, 0.9540118404423639, 0.6567654263289129, 0.7147117358204012, 0.963091980118414, 0.4103958895834905, 0.4637135349355008, 0.6837087366048508, 0.8377869672331331, 0.9703792901328804, 0.7202540559161859, 0.6103522585283415, 0.5796595052229577, 0.7235927051481812, 0.9762277560311541, 0.48562273564366565, 0.48562273564366565, 0.775578343114318, 0.9809214706247927, 0.7784432845848568, 0.817657092424901, 0.9846884339737695, 0.48562273564366565, 0.49836561054551193, 0.6588630415712425, 0.9877116286289718, 0.8199563650587995, 0.8523090075472975, 0.990137908121637, 0.85378995586637, 0.8320514323987611, 0.8377869672331331, 0.9920851304635389, 0.8616515230704832, 0.8616515230704832, 0.7721659279569703, 0.993647883172064, 0.8616515230704832, 0.8869391163026715, 0.9949020779167778, 0.5478360557356021, 0.5643199873723344, 0.9080948361282815, 0.9959086379752481, 0.5771407201992257, 0.5771407201992257, 0.7261158010457403, 0.9967164576185517, 0.6098314450519229, 0.6323222647861635, 0.7395188824504044, 0.8377869672331331, 0.9973647771804253, 0.6548888490290725, 0.6776304081647567, 0.7845991263292336, 0.8659224207450718, 0.9978850891805013, 0.9087092185319342, 0.8996487304107977, 0.8914549403411669, 0.9983026680927292, 0.6964423332895814, 0.6964423332895814, 0.8415378164900388, 0.9986377980684205, 0.6964423332895814, 0.6964423332895814, 0.8509132045847534, 0.9120438944619125, 0.9989067582513177, 0.9151949515604854, 0.9138942292340716, 0.9285477517578027, 0.999122613546968, 0.9239480405248589, 0.938012179717717, 0.9992958492585085, 0.6964423332895814, 0.7287392768024202, 0.8755852812552529, 0.9418435090650253, 0.9994348804166857, 0.9381179190344712, 0.9381361348429036, 0.9525037928384775, 0.9995464605451259, 0.7410977375702097, 0.7410977375702097, 0.9057718859163228, 0.9996360097168794, 0.7458224866894136, 0.7767085124217747, 0.9143137538629398, 0.9610853631705824, 0.9997078778377881, 0.7850770539272032, 0.7850770539272032, 0.9547278654136646, 0.9997655559458244, 0.7867318371631074, 0.7850770539272032, 0.7936565409142816, 0.9270000502473195, 0.9679785678493433, 0.9998118457903976, 0.8042678561976617, 0.8042678561976617],"StateValue_V1_record" => [0.0, 0.0, 0.0, 0.0, 0.0, 0.0, 0.07356049633890632, 0.12051624046486566, 0.0, 0.0, 0.12051624046486566, 0.197445163350583, 0.0, 0.05610292302883272, 0.044899729702436025, 0.07993812983764176, 0.04309402730902263, 0.07993812983764176, 0.04193364183803557, 0.07993812983764176, 0.2322724870326988, 0.05610292302883272, 0.04343029350813288, 0.07138796341917594, 0.2322724870326988, 0.3559057341706276, 0.0, 0.05610292302883272, 0.09191500464290067, 0.3340297000275636, 0.48307903170048183, 0.0, 0.16508319447093098, 0.10585037201505211, 0.16508319447093098, 0.10100033311031928, 0.16508319447093098, 0.1261555325461424, 0.08828200089138052, 0.5851425767257217, 0.1952170506320932, 0.42537962934859613, 0.5851425767257217, 0.1261555325461424, 0.09572287452976215, 0.5127945227528626, 0.0, 0.16508319447093098, 0.24050148038392782, 0.0, 0.14602069321606148, 0.17938197758503252, 0.6089908877932224, 0.0, 0.16680868934697013, 0.686193745824456, 0.0, 0.23271586744202513, 0.3108544794306022, 0.7481532729405809, 0.24050148038392782, 0.0, 0.26400921295659996, 0.33724390873978094, 0.3559057341706276, 0.0, 0.30664268690900953, 0.42566057461892615, 0.7481532729405809, 0.48307903170048183, 0.41827502222854795, 0.7481532729405809, 0.48307903170048183, 0.0, 0.3276658335565514, 0.7481532729405809, 0.0, 0.3276658335565514, 0.5851425767257217, 0.0, 0.30664268690900953, 0.4050615063742964, 0.6670541684313135, 0.0, 0.38877427945175796, 0.450210450294261, 0.7978791911041375, 0.30664268690900953, 0.4072293966681684, 0.29883302355251673, 0.4182174786381425, 0.7327927125322885, 0.4963961678823475, 0.7978791911041375, 0.0, 0.32918225622623803, 0.38877427945175796, 0.7327927125322885, 0.0, 0.3770555767026439, 0.5796595052229577, 0.4883307338761569, 0.8377869672331331, 0.785551499054817, 0.0, 0.37956273232327087, 0.4486973319215919, 0.8278933183542263, 0.0, 0.5260241601115065, 0.5436641351752426, 0.8377869672331331, 0.8618749502255029, 0.0, 0.5260241601115065, 0.5829658454174135, 0.8891470732410358, 0.0, 0.5260241601115065, 0.656086424270449, 0.8377869672331331, 0.9110344474728497, 0.0, 0.5301096137796388, 0.9286002655241478, 0.0, 0.6133919410704617, 0.8377869672331331, 0.9426977977609207, 0.0, 0.6567654263289129, 0.9540118404423639, 0.0, 0.4103958895834905, 0.6831302350594681, 0.8377869672331331, 0.963091980118414, 0.0, 0.7202540559161859, 0.5796595052229577, 0.6638204611873353, 0.9703792901328804, 0.0, 0.48562273564366565, 0.727162481741267, 0.9762277560311541, 0.0, 0.7784432845848568, 0.9809214706247927, 0.0, 0.48562273564366565, 0.5796595052229577, 0.9846884339737695, 0.0, 0.8199563650587995, 0.9877116286289718, 0.0, 0.85378995586637, 0.8377869672331331, 0.990137908121637, 0.0, 0.8616515230704832, 0.7190246978805636, 0.9920851304635389, 0.0, 0.8616515230704832, 0.993647883172064, 0.0, 0.5478360557356021, 0.887704649541768, 0.9949020779167778, 0.0, 0.5771407201992257, 0.6607083339443534, 0.9959086379752481, 0.0, 0.6098314450519229, 0.7266088766153441, 0.8377869672331331, 0.9967164576185517, 0.0, 0.6548888490290725, 0.7731197982772744, 0.8377869672331331, 0.9973647771804253, 0.0, 0.9087092185319342, 0.8662400078920741, 0.9978850891805013, 0.0, 0.6964423332895814, 0.803939906960409, 0.9983026680927292, 0.0, 0.6964423332895814, 0.8417423725503241, 0.8917098214420514, 0.9986377980684205, 0.0, 0.9151949515604854, 0.9122080619174604, 0.9989067582513177, 0.0, 0.9239480405248589, 0.999122613546968, 0.0, 0.6964423332895814, 0.8634248854804493, 0.9286795051432731, 0.9992958492585085, 0.0, 0.9381179190344712, 0.9419283706651105, 0.9994348804166857, 0.0, 0.7410977375702097, 0.8836721010892811, 0.9995464605451259, 0.0, 0.7458224866894136, 0.9058265447863267, 0.9525718989260716, 0.9996360097168794, 0.0, 0.7850770539272032, 0.9446327133841312, 0.9997078778377881, 0.0, 0.7867318371631074, 0.7635803494634772, 0.9195369628857626, 0.9611292299110697, 0.9997655559458244, 0.0, 0.8042678561976617, 0.0])