DateTime of fitting: 2020-12-27T19:50:39.547
DATA_STATS
nr_subjects: 1
all_subject_ids: [10]
nr_puzzles: 1
nr_episodes: 59
nr_actions: 188
max_state_id: 7
max_action_id: 2
SUBJECT_SIGNALS
subject_id: 10
algorithm_name: hybrid_actorcritic_FWD
param_string: alpha=0.777,
                eta_critic=0.004,
                gamma=0.9059,
                lambda_actor=0.9374,
                lambda_critic=0.4395,
                eta_fwd=0.2428,
                w_MB=12.0852,
                w_MF=2.945
param_vector: [0.7770034628856838, 0.003956455323425725, 0.9059056773108531, 0.9374405012074493, 0.439518896388211, 0.24276184096225592, 12.085161113110525, 2.9449892779438707]
LL: -18.174
RPE
[0.0, 0.0, 1.0, 0.0, 0.001, 0.001, -0.002, 0.0, 1.0, 0.001, 0.001, 0.996, 0.003, 0.003, 0.992, 0.004, 0.005, 0.988, 0.005, 0.007, -0.014, 0.013, 0.984, 0.005, 0.011, 0.98, 0.006, 0.012, 0.977, 0.0, 0.007, 0.014, 0.973, 0.001, 0.996, 0.007, 0.016, 0.969, 0.008, -0.006, 0.992, 0.009, 0.017, 0.965, 0.012, -0.006, 0.988, 0.011, 0.017, 0.961, 0.014, -0.006, 0.984, 0.013, 0.017, -0.039, 0.015, 0.017, 0.957, 0.014, -0.005, 0.98, 0.015, 0.018, 0.954, 0.019, -0.005, 0.976, 0.019, 0.018, 0.95, -0.003, 0.046, 0.946, 0.018, -0.004, 0.973, 0.019, 0.022, 0.942, -0.003, 0.022, 0.023, 0.939, 0.023, -0.005, 0.969, 0.024, 0.024, 0.935, 0.024, -0.005, 0.965, 0.024, 0.024, 0.931, 0.025, -0.005, 0.961, 0.026, 0.024, 0.928, 0.027, -0.004, 0.957, 0.027, 0.025, 0.924, 0.033, -0.004, 0.954, 0.033, 0.025, 0.92, 0.031, -0.003, 0.95, 0.035, 0.025, 0.917, 0.036, -0.003, 0.946, 0.034, 0.025, 0.913, 0.038, -0.003, 0.942, 0.038, 0.026, 0.909, 0.037, -0.002, 0.939, 0.038, 0.026, 0.906, 0.039, -0.002, 0.935, 0.043, 0.026, 0.902, 0.041, -0.002, 0.931, 0.045, 0.026, 0.899, 0.042, -0.001, 0.927, 0.043, 0.027, 0.895, 0.048, -0.001, 0.924, 0.049, 0.027, 0.892, 0.049, -0.055, 0.046, 0.029, 0.888, 0.047, -0.002, 0.92, 0.047, 0.029, 0.885, 0.053, -0.002, 0.916, 0.054, 0.029, 0.881, -0.005, 0.054, 0.031, 0.878, 0.057, 0.913, 0.055, 0.032, 0.874]
SPE
[0.857, 0.857, 0.857, 0.857, 0.857, 0.649, 0.857, 0.857, 0.857, 0.491, 0.649, 0.649, 0.857, 0.491, 0.491, 0.649, 0.372, 0.372, 0.372, 0.282, 0.953, 0.857, 0.456, 0.491, 0.213, 0.345, 0.282, 0.162, 0.262, 0.938, 0.213, 0.122, 0.198, 0.953, 0.649, 0.64, 0.093, 0.15, 0.485, 0.988, 0.491, 0.367, 0.296, 0.114, 0.162, 0.809, 0.372, 0.278, 0.412, 0.086, 0.122, 0.707, 0.282, 0.21, 0.479, 0.995, 0.093, 0.363, 0.292, 0.159, 0.734, 0.213, 0.121, 0.451, 0.221, 0.07, 0.663, 0.162, 0.053, 0.501, 0.167, 0.993, 0.649, 0.127, 0.091, 0.623, 0.122, 0.069, 0.53, 0.096, 0.982, 0.273, 0.401, 0.073, 0.207, 0.697, 0.093, 0.157, 0.473, 0.055, 0.282, 0.643, 0.07, 0.214, 0.514, 0.042, 0.162, 0.611, 0.053, 0.123, 0.537, 0.032, 0.093, 0.593, 0.04, 0.07, 0.551, 0.024, 0.119, 0.583, 0.03, 0.09, 0.559, 0.018, 0.053, 0.577, 0.023, 0.068, 0.563, 0.014, 0.052, 0.574, 0.017, 0.04, 0.566, 0.01, 0.039, 0.572, 0.013, 0.03, 0.567, 0.008, 0.031, 0.571, 0.01, 0.023, 0.568, 0.006, 0.018, 0.57, 0.008, 0.022, 0.568, 0.005, 0.013, 0.57, 0.006, 0.017, 0.569, 0.003, 0.01, 0.569, 0.004, 0.008, 0.569, 0.003, 0.013, 0.569, 0.003, 0.01, 0.569, 0.002, 0.007, 1.0, 0.006, 0.569, 0.001, 0.004, 0.753, 0.002, 0.003, 0.569, 0.001, 0.006, 0.675, 0.002, 0.004, 0.569, 0.001, 0.998, 0.003, 0.431, 0.001, 1.0, 0.001, 0.002, 0.326, 0.0]
action_selection_prob
[0.5, 0.5, 0.5, 0.498, 0.499, 0.655, 0.272, 0.5, 0.547, 0.72, 0.49, 0.878, 0.386, 0.754, 0.939, 0.609, 0.858, 0.96, 0.822, 0.904, 0.969, 0.284, 0.952, 0.737, 0.906, 0.966, 0.85, 0.93, 0.973, 0.821, 0.882, 0.944, 0.977, 0.836, 0.777, 0.868, 0.949, 0.978, 0.89, 0.957, 0.894, 0.899, 0.952, 0.979, 0.89, 0.959, 0.932, 0.908, 0.959, 0.979, 0.903, 0.964, 0.95, 0.917, 0.965, 0.98, 0.905, 0.958, 0.968, 0.915, 0.964, 0.965, 0.924, 0.967, 0.973, 0.922, 0.97, 0.969, 0.93, 0.972, 0.977, 0.936, 0.599, 0.98, 0.934, 0.974, 0.97, 0.94, 0.975, 0.981, 0.945, 0.941, 0.976, 0.982, 0.946, 0.978, 0.973, 0.951, 0.979, 0.983, 0.943, 0.98, 0.975, 0.949, 0.98, 0.984, 0.954, 0.981, 0.976, 0.958, 0.982, 0.985, 0.961, 0.982, 0.978, 0.964, 0.983, 0.985, 0.956, 0.984, 0.979, 0.959, 0.984, 0.986, 0.966, 0.985, 0.98, 0.962, 0.985, 0.986, 0.964, 0.985, 0.981, 0.968, 0.986, 0.987, 0.967, 0.986, 0.982, 0.968, 0.986, 0.987, 0.97, 0.987, 0.983, 0.971, 0.987, 0.988, 0.973, 0.987, 0.983, 0.97, 0.988, 0.988, 0.974, 0.988, 0.984, 0.971, 0.988, 0.988, 0.975, 0.988, 0.984, 0.976, 0.989, 0.988, 0.973, 0.989, 0.985, 0.974, 0.989, 0.989, 0.975, 0.989, 0.97, 0.986, 0.99, 0.973, 0.987, 0.986, 0.975, 0.988, 0.99, 0.973, 0.989, 0.986, 0.975, 0.989, 0.99, 0.978, 0.976, 0.99, 0.99, 0.977, 0.986, 0.978, 0.99, 0.99]
results_dict
Dict{String,Any}("finalQSA_Hybrid_record" => [0.0 0.0; 11.346336467535117 15.970071351015577; 10.984685551688981 15.065871969215763; 10.686184077924901 14.997177310221101; 11.448637078179134 12.760068421920906; 14.92090978382987 10.326756816047489; 10.326756816047489 14.115344754248941],"final_PolicyParameters_MF" => [0.0 0.0; 0.40730052500867975 1.7286047843863357; 0.17245944640028327 1.707909896795664; 0.20237671009801264 0.9895581641444573; 0.3299441333971493 0.7364672296146153; 0.9701504618043462 0.0; 0.0 1.452382199342601],"final_Tsas" => [0.14285714285714285 0.14285714285714285; 0.10817687986253485 1.8670413896977494e-8; 0.10817687986253485 1.1189396236223185e-5; 0.10817687986253485 0.9989169886854599; 0.10817687986253485 0.0819156613575531; 0.9996309556521223 0.14285714285714285; 0.14285714285714285 3.4031155020423385e-5]

[0.14285714285714285 0.14285714285714285; 0.10817687986253485 1.8670413896977494e-8; 0.10817687986253485 0.5719763296430088; 0.10817687986253485 0.0001805018857566936; 0.10817687986253485 0.0819156613575531; 4.858521469481599e-6 0.14285714285714285; 0.14285714285714285 0.998168896584362]

[0.14285714285714285 0.14285714285714285; 0.10817687986253485 0.03465836675111105; 0.10817687986253485 1.1189396236223185e-5; 0.10817687986253485 0.0001805018857566936; 0.10817687986253485 0.0819156613575531; 4.858521469481599e-6 0.14285714285714285; 0.14285714285714285 3.4031155020423385e-5]

[0.14285714285714285 0.14285714285714285; 0.10817687986253485 0.2124282632289876; 0.35093872082479083 0.24284940033563818; 0.10817687986253485 0.0001805018857566936; 0.35093872082479083 0.0819156613575531; 4.858521469481599e-6 0.14285714285714285; 0.14285714285714285 3.4031155020423385e-5]

[0.14285714285714285 0.14285714285714285; 0.35093872082479083 1.8670413896977494e-8; 0.10817687986253485 1.1189396236223185e-5; 0.10817687986253485 0.0001805018857566936; 0.10817687986253485 0.0819156613575531; 3.801894994609567e-5 0.14285714285714285; 0.14285714285714285 0.0016609476405358178]

[0.14285714285714285 0.14285714285714285; 0.10817687986253485 0.7529132953382457; 0.10817687986253485 1.1189396236223185e-5; 0.10817687986253485 0.0001805018857566936; 0.10817687986253485 0.5085060318546814; 4.858521469481599e-6 0.14285714285714285; 0.14285714285714285 3.4031155020423385e-5]

[0.14285714285714285 0.14285714285714285; 0.10817687986253485 1.8670413896977494e-8; 0.10817687986253485 0.18512951243640813; 0.35093872082479083 0.0001805018857566936; 0.10817687986253485 0.0819156613575531; 0.00031159131205365777 0.14285714285714285; 0.14285714285714285 3.4031155020423385e-5],"finalQSA_MB_record" => [0.0 0.0; 0.8398120971990205 0.9016186805556229; 0.8669587509187151 0.8304847755561154; 0.8350050737577346 0.9998161992798256; 0.8669631638431261 0.8764061235582605; 0.9999189274610546 0.854538917641655; 0.854538917641655 0.8167533181273515])
POPULATION_SIGNALS
subject_id: 10
algorithm_name: hybrid_actorcritic_FWD
param_string: alpha=0.644,
                eta_critic=0.0002,
                gamma=0.972,
                lambda_actor=0.8563,
                lambda_critic=0.4629,
                eta_fwd=0.24,
                w_MB=12.1269,
                w_MF=2.8638
param_vector: [0.644030167544776, 0.00020351207271904898, 0.9720012726758733, 0.856341395594059, 0.4628830908282809, 0.24003847973901876, 12.126880916735841, 2.863789486249355]
LL: -21.009
RPE
[0.0, 0.0, 1.0, 0.0, 0.0, 0.0, -0.0, 0.0, 1.0, 0.0, 0.0, 1.0, 0.0, 0.0, 1.0, 0.0, 0.0, 0.999, 0.0, 0.0, -0.001, 0.001, 0.999, 0.0, 0.001, 0.999, 0.0, 0.001, 0.999, 0.0, 0.0, 0.001, 0.999, 0.0, 1.0, 0.0, 0.001, 0.998, 0.0, -0.0, 1.0, 0.001, 0.001, 0.998, 0.001, -0.0, 0.999, 0.001, 0.001, 0.998, 0.001, -0.0, 0.999, 0.001, 0.001, -0.002, 0.001, 0.001, 0.998, 0.001, -0.0, 0.999, 0.001, 0.001, 0.998, 0.001, -0.0, 0.999, 0.001, 0.001, 0.997, -0.0, 0.003, 0.997, 0.001, -0.0, 0.999, 0.001, 0.001, 0.997, -0.0, 0.001, 0.001, 0.997, 0.001, -0.0, 0.998, 0.001, 0.001, 0.997, 0.002, -0.0, 0.998, 0.002, 0.001, 0.996, 0.002, -0.0, 0.998, 0.002, 0.001, 0.996, 0.002, -0.0, 0.998, 0.002, 0.001, 0.996, 0.002, -0.0, 0.998, 0.002, 0.001, 0.996, 0.002, -0.0, 0.997, 0.002, 0.001, 0.996, 0.002, -0.0, 0.997, 0.002, 0.001, 0.995, 0.002, -0.0, 0.997, 0.002, 0.001, 0.995, 0.002, -0.0, 0.997, 0.002, 0.001, 0.995, 0.003, -0.0, 0.997, 0.003, 0.001, 0.995, 0.003, -0.0, 0.996, 0.003, 0.001, 0.995, 0.003, -0.0, 0.996, 0.003, 0.001, 0.994, 0.003, -0.0, 0.996, 0.003, 0.001, 0.994, 0.003, -0.003, 0.003, 0.002, 0.994, 0.003, -0.0, 0.996, 0.003, 0.002, 0.994, 0.004, -0.0, 0.996, 0.004, 0.002, 0.994, -0.0, 0.004, 0.002, 0.993, 0.003, 0.995, 0.004, 0.002, 0.993]
SPE
[0.857, 0.857, 0.857, 0.857, 0.857, 0.651, 0.857, 0.857, 0.857, 0.495, 0.651, 0.651, 0.857, 0.495, 0.495, 0.651, 0.376, 0.376, 0.376, 0.286, 0.952, 0.857, 0.457, 0.495, 0.217, 0.348, 0.286, 0.165, 0.264, 0.937, 0.217, 0.125, 0.201, 0.952, 0.651, 0.64, 0.095, 0.153, 0.486, 0.988, 0.495, 0.369, 0.295, 0.116, 0.165, 0.811, 0.376, 0.281, 0.41, 0.088, 0.125, 0.708, 0.286, 0.213, 0.477, 0.995, 0.095, 0.363, 0.291, 0.162, 0.733, 0.217, 0.123, 0.449, 0.221, 0.072, 0.664, 0.165, 0.055, 0.5, 0.168, 0.993, 0.651, 0.128, 0.094, 0.623, 0.125, 0.071, 0.529, 0.097, 0.982, 0.272, 0.402, 0.074, 0.207, 0.696, 0.095, 0.157, 0.472, 0.056, 0.281, 0.642, 0.072, 0.214, 0.513, 0.043, 0.162, 0.611, 0.055, 0.123, 0.536, 0.032, 0.094, 0.593, 0.042, 0.071, 0.55, 0.025, 0.119, 0.582, 0.032, 0.091, 0.557, 0.019, 0.054, 0.576, 0.024, 0.069, 0.562, 0.014, 0.052, 0.573, 0.018, 0.041, 0.565, 0.011, 0.04, 0.571, 0.014, 0.03, 0.566, 0.008, 0.031, 0.57, 0.011, 0.024, 0.567, 0.006, 0.018, 0.569, 0.008, 0.023, 0.568, 0.005, 0.014, 0.569, 0.006, 0.017, 0.568, 0.004, 0.01, 0.568, 0.005, 0.008, 0.568, 0.003, 0.013, 0.568, 0.004, 0.01, 0.568, 0.002, 0.008, 1.0, 0.006, 0.568, 0.002, 0.005, 0.751, 0.003, 0.003, 0.568, 0.001, 0.006, 0.674, 0.002, 0.004, 0.568, 0.001, 0.998, 0.003, 0.432, 0.001, 1.0, 0.002, 0.003, 0.328, 0.001]
action_selection_prob
[0.5, 0.5, 0.5, 0.497, 0.499, 0.638, 0.314, 0.5, 0.518, 0.708, 0.491, 0.773, 0.414, 0.694, 0.86, 0.59, 0.796, 0.897, 0.785, 0.851, 0.917, 0.32, 0.905, 0.705, 0.865, 0.925, 0.815, 0.893, 0.937, 0.778, 0.854, 0.909, 0.945, 0.809, 0.672, 0.849, 0.919, 0.949, 0.872, 0.929, 0.808, 0.887, 0.933, 0.953, 0.871, 0.94, 0.866, 0.898, 0.943, 0.956, 0.887, 0.948, 0.897, 0.908, 0.952, 0.959, 0.896, 0.949, 0.953, 0.909, 0.954, 0.92, 0.92, 0.957, 0.958, 0.908, 0.96, 0.931, 0.919, 0.963, 0.962, 0.926, 0.567, 0.965, 0.927, 0.965, 0.938, 0.934, 0.966, 0.968, 0.938, 0.932, 0.968, 0.97, 0.937, 0.97, 0.944, 0.942, 0.971, 0.971, 0.94, 0.972, 0.95, 0.945, 0.973, 0.973, 0.949, 0.974, 0.954, 0.952, 0.975, 0.974, 0.955, 0.976, 0.958, 0.958, 0.977, 0.975, 0.946, 0.978, 0.961, 0.95, 0.979, 0.977, 0.96, 0.979, 0.964, 0.953, 0.98, 0.978, 0.956, 0.981, 0.966, 0.962, 0.981, 0.978, 0.958, 0.982, 0.968, 0.96, 0.982, 0.979, 0.964, 0.983, 0.97, 0.965, 0.983, 0.98, 0.967, 0.984, 0.971, 0.962, 0.984, 0.981, 0.968, 0.984, 0.973, 0.964, 0.985, 0.981, 0.969, 0.985, 0.974, 0.971, 0.985, 0.982, 0.966, 0.986, 0.975, 0.967, 0.986, 0.983, 0.968, 0.986, 0.969, 0.985, 0.983, 0.971, 0.986, 0.977, 0.972, 0.986, 0.984, 0.968, 0.987, 0.978, 0.97, 0.987, 0.984, 0.974, 0.971, 0.987, 0.985, 0.974, 0.978, 0.972, 0.988, 0.985]
results_dict
Dict{String,Any}("finalQSA_Hybrid_record" => [0.0 0.0; 12.393979213362297 16.782216795774183; 11.996660361973397 15.747374388603813; 11.941724995680117 15.791374024989793; 12.39449071863318 13.3730916165874; 15.763951658438677 11.575782000342054; 11.575782000342054 15.12907909574806],"final_PolicyParameters_MF" => [0.0 0.0; 0.3058864918980952 1.7568681211891095; 0.12933440722061448 1.4871180183821555; 0.15504092889089074 1.279860895923493; 0.268230011043531 0.5964671721602067; 1.2797428064716696 0.0; 0.0 1.3005533866467687],"final_Tsas" => [0.14285714285714285 0.14285714285714285; 0.10856593146585447 2.2909906823755775e-8; 0.10856593146585447 1.2642019537074753e-5; 0.10856593146585447 0.9988195389035006; 0.10856593146585447 0.08250593032534027; 0.9995993456601215 0.14285714285714285; 0.14285714285714285 3.7900945626162436e-5]

[0.14285714285714285 0.14285714285714285; 0.10856593146585447 2.2909906823755775e-8; 0.10856593146585447 0.5760140463388717; 0.10856593146585447 0.00019674351608323058; 0.10856593146585447 0.08250593032534027; 5.548700270303271e-6 0.14285714285714285; 0.14285714285714285 0.9980565451900654]

[0.14285714285714285 0.14285714285714285; 0.10856593146585447 0.03514166793766806; 0.10856593146585447 1.2642019537074753e-5; 0.10856593146585447 0.00019674351608323058; 0.10856593146585447 0.08250593032534027; 5.548700270303271e-6 0.14285714285714285; 0.14285714285714285 3.7900945626162436e-5]

[0.14285714285714285 0.14285714285714285; 0.10856593146585447 0.21423279474655152; 0.34860441120487323 0.2401349204718901; 0.10856593146585447 0.00019674351608323058; 0.34860441120487323 0.08250593032534027; 5.548700270303271e-6 0.14285714285714285; 0.14285714285714285 3.7900945626162436e-5]

[0.14285714285714285 0.14285714285714285; 0.34860441120487323 2.2909906823755775e-8; 0.10856593146585447 1.2642019537074753e-5; 0.10856593146585447 0.00019674351608323058; 0.10856593146585447 0.08250593032534027; 4.23287370330471e-5 0.14285714285714285; 0.14285714285714285 0.0017539500818038157]

[0.14285714285714285 0.14285714285714285; 0.10856593146585447 0.7506254456761533; 0.10856593146585447 1.2642019537074753e-5; 0.10856593146585447 0.00019674351608323058; 0.10856593146585447 0.5049644180479584; 5.548700270303271e-6 0.14285714285714285; 0.14285714285714285 3.7900945626162436e-5]

[0.14285714285714285 0.14285714285714285; 0.10856593146585447 2.2909906823755775e-8; 0.10856593146585447 0.18380046511109008; 0.34860441120487323 0.00019674351608323058; 0.10856593146585447 0.08250593032534027; 0.000336130801764198 0.14285714285714285; 0.14285714285714285 3.7900945626162436e-5],"finalQSA_MB_record" => [0.0 0.0; 0.9498634259215137 0.9705512590114271; 0.9587367024482502 0.9473792535897468; 0.9481501663381076 0.9999374317371281; 0.9587385557224817 0.9619180618768755; 0.9999719858730088 0.9545713834700219; 0.9545713834700219 0.9433656292767957])