DateTime of fitting: 2020-02-09T16:34:11.797
DATA_STATS
nr_subjects: 1
all_subject_ids: [21]
nr_puzzles: 1
nr_episodes: 47
nr_actions: 198
max_state_id: 7
max_action_id: 2
SUBJECT_SIGNALS
subject_id: 21
algorithm_name: Sarsa-Lambda (ReplTrc)
param_string: alpha=0.5501, gamma=0.8747,
                lambda=0.9978, temp=0.3302,
                reward_magnitude=1.0,
                action_cost=0.0,
                initQSA=nothing, use_replacing_trace=true
param_vector: [0.5500973878357999, 0.8747182267949637, 0.9978269350494913, 0.3302000758754131, 1.0, 0.0, 0.0]
LL: -112.156
RPE
[0.0, 0.0, 0.0, 1.0, 0.0, 0.32, 0.001, 0.001, 0.001, 0.45, 0.001, 0.144, 0.001, 0.001, 0.001, 0.202, 0.607, 0.001, 0.001, 0.091, -0.368, 0.839, 0.041, -0.186, -0.481, 0.512, 0.056, 0.0, -0.394, 0.077, -0.0, 0.2, -0.574, -0.466, 0.261, 0.089, -0.258, -0.209, -0.001, 0.141, -0.161, 0.025, 0.324, -0.162, -0.131, -0.019, -0.037, 1.0, -0.124, -0.1, -0.023, 0.517, -0.247, -0.016, 0.45, 0.056, 0.233, -0.111, -0.144, -0.119, -0.05, 0.236, 0.105, -0.04, -0.03, 0.202, -0.018, 0.025, 0.047, -0.008, -0.05, 0.091, -0.156, -0.404, 0.428, -0.022, 0.041, 0.003, -0.012, 0.021, -0.451, -0.059, -0.046, 0.074, -0.203, 0.61, 0.01, -0.235, -0.02, -0.04, 0.196, -0.399, -0.009, -0.018, 0.049, -0.004, -0.085, -0.123, -0.104, -0.038, -0.307, 0.601, 0.004, -0.122, -0.318, 0.027, 0.109, -0.178, -0.055, 0.005, -0.158, 0.529, 0.018, 0.238, 0.008, 0.109, 0.002, -0.04, 0.005, -0.206, -0.018, 0.401, 0.001, -0.014, 0.177, 0.004, 0.021, 0.048, 0.002, 0.022, 0.001, -0.209, -0.245, 0.348, 0.01, 0.0, 0.184, 0.041, 0.081, 0.0, 0.004, 0.0, 0.002, 0.0, 0.05, 0.001, 0.0, -0.009, 0.036, 0.0, 0.0, 0.0, 0.0, 0.0, 0.0, 0.0, 0.0, 0.0, 0.0, 0.0, 0.01, 0.0, 0.0, 0.0, 0.0, -0.0, 0.0, 0.017, 0.236, 0.0, -0.291, 0.338, 0.0, 0.0, -0.01, 0.016, 0.0, -0.131, -0.093, 0.122, 0.106, 0.0, 0.227, 0.362, 0.0, 0.055, 0.048, 0.0, 0.226, 0.021, 0.0, -0.099, 0.163, 0.0, 0.011, -0.164, 0.073, 0.0]
SPE
Float64[]
action_selection_prob
[0.5, 0.5, 0.5, 0.5, 0.5, 0.5, 0.752, 0.781, 0.811, 0.841, 0.7, 0.725, 0.833, 0.863, 0.892, 0.918, 0.226, 0.891, 0.917, 0.94, 0.471, 0.098, 0.948, 0.863, 0.318, 0.049, 0.632, 0.679, 0.927, 0.77, 0.643, 0.88, 0.905, 0.804, 0.377, 0.767, 0.819, 0.699, 0.377, 0.333, 0.661, 0.377, 0.277, 0.566, 0.662, 0.408, 0.343, 0.407, 0.66, 0.455, 0.664, 0.609, 0.801, 0.606, 0.432, 0.702, 0.786, 0.822, 0.743, 0.383, 0.728, 0.642, 0.844, 0.799, 0.756, 0.582, 0.821, 0.798, 0.866, 0.831, 0.815, 0.661, 0.783, 0.306, 0.541, 0.823, 0.711, 0.835, 0.826, 0.875, 0.837, 0.173, 0.122, 0.27, 0.694, 0.134, 0.822, 0.595, 0.177, 0.509, 0.711, 0.697, 0.139, 0.491, 0.648, 0.453, 0.285, 0.799, 0.576, 0.202, 0.726, 0.479, 0.878, 0.793, 0.58, 0.122, 0.53, 0.247, 0.659, 0.431, 0.184, 0.456, 0.727, 0.675, 0.729, 0.758, 0.856, 0.727, 0.548, 0.268, 0.659, 0.47, 0.857, 0.77, 0.634, 0.703, 0.81, 0.79, 0.705, 0.804, 0.705, 0.826, 0.63, 0.143, 0.809, 0.705, 0.188, 0.787, 0.7, 0.705, 0.73, 0.768, 0.731, 0.706, 0.816, 0.732, 0.706, 0.829, 0.728, 0.768, 0.732, 0.706, 0.732, 0.768, 0.732, 0.706, 0.732, 0.768, 0.732, 0.706, 0.834, 0.732, 0.706, 0.732, 0.706, 0.732, 0.768, 0.268, 0.655, 0.768, 0.346, 0.262, 0.652, 0.706, 0.836, 0.74, 0.706, 0.348, 0.384, 0.273, 0.61, 0.768, 0.163, 0.255, 0.768, 0.349, 0.62, 0.706, 0.324, 0.639, 0.768, 0.386, 0.385, 0.768, 0.403, 0.647, 0.45, 0.768]
results_dict
Dict{String,Any}("trialByTrial_Qsa" => [0.0, 0.0, 0.0, 0.0, 0.0, 0.0, 0.3657714299123218, 0.41906981559223727, 0.4801345757994524, 0.5500973878357999, 0.27998369982099586, 0.3207815259954627, 0.5316475349569637, 0.6086145121596233, 0.6967235771932399, 0.7975876395678293, 0.0, 0.694343511266164, 0.7944263193667749, 0.9089341503072448, 0.3679465281137708, 0.0, 0.959029236344277, 0.6068686372318375, 0.48113737115287647, 0.0, 0.5854851769677738, 0.7331169936936097, 0.8384994661899691, 0.3990015608353257, 0.5766667046669318, 0.6589616386647398, 0.9815671464089282, 0.46579300733428136, 0.0, 0.39323863088634076, 0.5838573937593878, 0.2774340234610608, 0.0011650386878035435, 0.0, 0.22094224763318168, 0.000917934776611784, 0.031523753302491714, 0.4068876656527166, 0.221291945692969, 0.05480875395110136, 0.037005655519936315, 0.0, 0.5528907676267814, 0.49042677886102365, 0.4459324621298536, 0.48321154992714177, 0.6812660186815873, 0.4967835168827203, 0.5500973878357999, 0.6158231329905288, 0.7674955263759328, 0.7265946775587651, 0.70421397927637, 0.6406213900693396, 0.5469427348156491, 0.5471318110978104, 0.8953956299766698, 0.6766166247893117, 0.7272268645836488, 0.7975876395678293, 0.7249697347018692, 0.8081498280433151, 0.9529382206827132, 0.7469503216892381, 0.8447197208252573, 0.9089341503072448, 0.7579975328022905, 0.6885108910925847, 0.32493546411419116, 0.8611265988807631, 0.959029236344277, 0.756837523704303, 0.8685604773934053, 0.9788267825520576, 0.7613745179207896, 0.35435051861698225, 0.3374029609525574, 0.33352672597782396, 0.49241839619379746, 0.2564092033776693, 0.9904741141622501, 0.662645957660764, 0.48866570900145845, 0.5356088263680922, 0.567034811768008, 0.8719256997788668, 0.39457127827142374, 0.4371251730762507, 0.4725870958642129, 0.5965294214270656, 0.6774238887239621, 0.677535054927951, 0.6035022052323454, 0.5281484731552529, 0.5438591282344505, 0.2704139431959439, 0.9957142790784184, 0.6649449503627219, 0.6203596401914908, 0.34602034933997494, 0.4265419879457068, 0.6127311691022747, 0.43954267677863784, 0.421519353858298, 0.4902300975294958, 0.32937406944235653, 0.9815671464089282, 0.6293471918209564, 0.9917070110197366, 0.7643164857641197, 0.9980718429623736, 0.5448926131065823, 0.5771173949873806, 0.6651372191827032, 0.4388432405957087, 0.47324117829190665, 0.9991325171121092, 0.6215860330852462, 0.6940917468782557, 0.9962689625951305, 0.7003580068235608, 0.825046178967583, 0.9983213965254669, 0.8523688875179044, 0.9992447919120196, 0.7359365273751678, 0.6028356697582984, 0.40873336053580256, 0.8646624110014176, 0.9996602299084901, 0.3873296996095618, 0.6527386125603357, 0.7934500003479336, 0.9998471365482945, 0.8701937337262159, 0.9996097171827302, 0.8726822374509088, 0.9999312263337733, 0.7144807918746607, 0.8738021579585238, 0.9999690585479165, 0.7423428899977473, 0.8381552795909875, 0.9998244107410275, 0.8743060526790355, 0.9999860793598835, 0.8745327740276208, 0.9999210019337202, 0.8746347085072925, 0.9999937370676486, 0.8746806451504303, 0.9999644585636248, 0.8747012815515186, 0.9999971822903753, 0.7548407150569354, 0.8747106001393758, 0.9999987323050795, 0.8747147942171454, 0.9999994296607438, 0.8747166818728696, 0.9999840098149347, 0.5422351962371312, 0.6390015975666375, 0.9999928059739701, 0.6646036523755051, 0.42687337719150625, 0.8747175150105672, 0.9999997434028788, 0.7605019018456437, 0.8582682777370485, 0.9999998845562849, 0.6668195893767167, 0.612948547988663, 0.5505102502287333, 0.768668692052268, 0.9999967633888972, 0.22172157457994107, 0.513140909276243, 0.9999985438402103, 0.6684622089567831, 0.8270062607111102, 0.999999948061571, 0.5202721375462489, 0.8532524885680396, 0.9999993448699068, 0.7215901060582617, 0.712043645621354, 0.9999997052552597, 0.745372276489339, 0.8650607344096101, 0.8015305074840439, 0.9999998673935714],"StateValue_V2_record" => [0.0, 0.0, 0.0, 0.0, 1.0, 0.0, 0.0, 0.3199469365851645, 0.3665680059981342, 0.4199824647662491, 0.4811802116522723, 1.0, 0.2449068454389149, 0.2805934476073337, 0.4650417890574688, 0.5323662068779476, 0.6094368120087148, 0.6976644457963522, 1.0, 0.35591205740448634, 0.6073549249613279, 0.6948991813957548, 0.7950612682301401, 1.0, 0.35591205740448634, 0.6412707967569289, 0.8388803530595941, 1.0, 0.5308390582569089, 0.6412707967569289, 0.8585946737870102, 0.5121345558119866, 0.6412707967569289, 0.7334507662342133, 0.3490139377822989, 0.5044208773579536, 0.5764057560987248, 0.8585946737870102, 0.40743763342893613, 0.1454657382622027, 0.34397299791617925, 0.5107107041703406, 0.24267659705445144, 0.14598194719931776, 0.20110240591089332, 0.19326221107379044, 0.14591840556396768, 0.3043810913366763, 0.35591205740448634, 0.19356809834056124, 0.15513273533257335, 0.21988821369955602, 0.10903830579291592, 1.0, 0.4836236318698045, 0.4811802116522723, 0.39006525254453783, 0.4226739501191155, 1.0, 0.5959158038368226, 0.43454559698861905, 0.5603632063683776, 1.0, 0.5386717189087945, 0.6713423259046232, 1.0, 0.6355656079528613, 0.6159888032368517, 0.6976644457963522, 0.4784207791563327, 0.47858616762659373, 0.783218877733152, 1.0, 0.5918488942557, 0.6361185934662705, 0.6976644457963522, 1.0, 0.6341442408184342, 0.7069033845707035, 0.8335524306407307, 1.0, 0.6533710608919381, 0.7388917363390058, 0.7950612682301401, 1.0, 0.6630342578077769, 0.8388803530595941, 0.28422697299276384, 0.7532431316189591, 0.8388803530595941, 1.0, 0.6620195767065192, 0.7597456806497466, 0.8561976275733553, 1.0, 0.6659881682425434, 0.7626893020075283, 0.8663857608263158, 0.579628497077874, 0.43072734635985843, 0.7626893020075283, 0.8663857608263158, 1.0, 0.579628497077874, 0.8709694285898997, 0.46850680285642915, 0.49599568508072794, 0.7626893020075283, 0.8709694285898997, 0.39236148619132366, 0.4133805465005258, 0.5759164485496082, 0.8585946737870102, 0.5926522618380056, 0.5278943788276874, 0.8585946737870102, 0.4757234922754933, 0.26118655671415447, 0.8709694285898997, 1.0, 0.5816394678975453, 0.5426398844434626, 0.8730316326900289, 0.37310405134946745, 0.8585946737870102, 0.38447599083252193, 0.44885370625807064, 0.8585946737870102, 0.33880434802750187, 0.8585946737870102, 1.0, 0.5505014596680169, 0.8674641981793175, 1.0, 0.6685615611377489, 0.8730316326900289, 1.0, 0.4766275003302639, 0.5048151043958902, 0.8714546203720706, 0.3838641812548339, 0.44885370625807064, 0.8739594237014928, 1.0, 0.5437126326608421, 0.6071347020623666, 0.8714546203720706, 1.0, 0.6126159138503602, 0.7216829306904845, 0.8732499217402283, 1.0, 0.7455826018648573, 0.8740576325153843, 1.0, 0.6437370942592501, 0.5273113480997331, 0.8743768393010929, 0.7563359709274181, 0.8744210237030002, 1.0, 0.7611743197330844, 0.5709623617393816, 0.6940451773548078, 0.8745845143475461, 1.0, 0.7611743197330844, 0.8743768393010929, 1.0, 0.7633510592985204, 0.8746580692155916, 1.0, 0.6249693713476647, 0.7643306741790927, 0.8746911617428628, 1.0, 0.6493408564126784, 0.7331496999426655, 0.874564635669711, 1.0, 0.76477144007551, 0.8747060501573252, 1.0, 0.7649697573715211, 0.8746491257465072, 1.0, 0.7650589213188289, 0.8747127484938827, 1.0, 0.7650991029378592, 0.8746871380527599, 1.0, 0.7651171539740267, 0.8747157620929972, 1.0, 0.660272931787245, 0.7651253051126734, 0.8747171179191108, 1.0, 0.765128973748943, 0.8747177279088209, 1.0, 0.7651306249158109, 0.8747042398886373, 1.0, 0.7651313536765404, 0.5589463443426382, 0.8747119340492713, 1.0, 0.7651313536765404, 0.6723685153047638, 0.7651313536765404, 0.8747180023447848, 1.0, 0.665224875056619, 0.7507429060165185, 0.8747181258142419, 1.0, 0.7651316959384138, 0.6723685153047638, 0.7651316959384138, 0.6723685153047638, 0.874715395672239, 1.0, 0.6674377294365094, 0.7586582958802862, 0.8747169530654545, 1.0, 0.7651316959384138, 0.7233974499175557, 0.8747181813634731, 1.0, 0.6674377294365094, 0.7463555038086256, 0.8747176537407303, 1.0, 0.7651316959384138, 0.7586582958802862, 0.8747179689763671, 1.0, 0.7651316959384138, 0.7566843916727232, 0.7586582958802862, 0.8747181108017036, 1.0],"final_QSA" => Dict{Int64,Any}(1 => [0.0 0.0; 0.6649922756710132 0.8100136577725452; 0.8747179062929973 0.7035489947941991; 0.7114148455200463 0.9999999766327651; 0.8673173516231276 0.8417908805599825; 0.9999999403400214 0.6047764832765938; 0.7630316929396266 0.6549464492802091]),"trialByTrial_Vs" => [0.0, 0.0, 0.0, 0.0, 0.0, 0.0, 0.3657714299123218, 0.41906981559223727, 0.4801345757994524, 0.5500973878357999, 0.27998369982099586, 0.3207815259954627, 0.5316475349569637, 0.6086145121596233, 0.6967235771932399, 0.7975876395678293, 0.4068876656527166, 0.694343511266164, 0.7944263193667749, 0.9089341503072448, 0.4068876656527166, 0.7331169936936097, 0.959029236344277, 0.6068686372318375, 0.7331169936936097, 0.9815671464089282, 0.5854851769677738, 0.7331169936936097, 0.8384994661899691, 0.3990015608353257, 0.5766667046669318, 0.6589616386647398, 0.9815671464089282, 0.46579300733428136, 0.1663001110599931, 0.39323863088634076, 0.5838573937593878, 0.2774340234610608, 0.16689025417271466, 0.229905356662966, 0.22094224763318168, 0.16681761176810522, 0.34797616193725894, 0.4068876656527166, 0.221291945692969, 0.17735166660581875, 0.2513817672523456, 0.12465534894870184, 0.5528907676267814, 0.5500973878357999, 0.4459324621298536, 0.48321154992714177, 0.6812660186815873, 0.4967835168827203, 0.6406213900693396, 0.6158231329905288, 0.7674955263759328, 0.7265946775587651, 0.70421397927637, 0.7975876395678293, 0.5469427348156491, 0.5471318110978104, 0.8953956299766698, 0.6766166247893117, 0.7272268645836488, 0.7975876395678293, 0.7249697347018692, 0.8081498280433151, 0.9529382206827132, 0.7469503216892381, 0.8447197208252573, 0.9089341503072448, 0.7579975328022905, 0.959029236344277, 0.32493546411419116, 0.8611265988807631, 0.959029236344277, 0.756837523704303, 0.8685604773934053, 0.9788267825520576, 0.7613745179207896, 0.8719256997788668, 0.9904741141622501, 0.662645957660764, 0.49241839619379746, 0.8719256997788668, 0.9904741141622501, 0.662645957660764, 0.9957142790784184, 0.5356088263680922, 0.567034811768008, 0.8719256997788668, 0.9957142790784184, 0.44855757451055633, 0.4725870958642129, 0.6584022498991605, 0.9815671464089282, 0.677535054927951, 0.6035022052323454, 0.9815671464089282, 0.5438591282344505, 0.29859507749274017, 0.9957142790784184, 0.6649449503627219, 0.6203596401914908, 0.9980718429623736, 0.4265419879457068, 0.9815671464089282, 0.43954267677863784, 0.513140909276243, 0.9815671464089282, 0.3873296996095618, 0.9815671464089282, 0.6293471918209564, 0.9917070110197366, 0.7643164857641197, 0.9980718429623736, 0.5448926131065823, 0.5771173949873806, 0.9962689625951305, 0.4388432405957087, 0.513140909276243, 0.9991325171121092, 0.6215860330852462, 0.6940917468782557, 0.9962689625951305, 0.7003580068235608, 0.825046178967583, 0.9983213965254669, 0.8523688875179044, 0.9992447919120196, 0.7359365273751678, 0.6028356697582984, 0.9996097171827302, 0.8646624110014176, 0.9996602299084901, 0.8701937337262159, 0.6527386125603357, 0.7934500003479336, 0.9998471365482945, 0.8701937337262159, 0.9996097171827302, 0.8726822374509088, 0.9999312263337733, 0.7144807918746607, 0.8738021579585238, 0.9999690585479165, 0.7423428899977473, 0.8381552795909875, 0.9998244107410275, 0.8743060526790355, 0.9999860793598835, 0.8745327740276208, 0.9999210019337202, 0.8746347085072925, 0.9999937370676486, 0.8746806451504303, 0.9999644585636248, 0.8747012815515186, 0.9999971822903753, 0.7548407150569354, 0.8747106001393758, 0.9999987323050795, 0.8747147942171454, 0.9999994296607438, 0.8747166818728696, 0.9999840098149347, 0.8747175150105672, 0.6390015975666375, 0.9999928059739701, 0.8747175150105672, 0.768668692052268, 0.8747175150105672, 0.9999997434028788, 0.7605019018456437, 0.8582682777370485, 0.9999998845562849, 0.8747179062929973, 0.768668692052268, 0.8747179062929973, 0.768668692052268, 0.9999967633888972, 0.7630316929396266, 0.8673173516231276, 0.9999985438402103, 0.8747179062929973, 0.8270062607111102, 0.999999948061571, 0.7630316929396266, 0.8532524885680396, 0.9999993448699068, 0.8747179062929973, 0.8673173516231276, 0.9999997052552597, 0.8747179062929973, 0.8650607344096101, 0.8673173516231276, 0.9999998673935714],"RPE_QV" => [0.0, 0.0, 0.0, 1.0, 0.0, 0.3199469365851645, 0.000796576085812406, 0.0009126491740118481, 0.001045635852819915, 0.44990261216420013, 0.000609747786337822, 0.14426026306200607, 0.0007186719209838488, 0.0008222998490915456, 0.000940868603112377, 0.2024123604321707, 0.6073549249613279, 0.0005556701295907907, 0.0006349488633652367, 0.09106584969275522, 0.27332426864315806, 0.8388803530595941, 0.04097076365572305, 0.0344021595250914, 0.3774573026341337, 0.5121345558119866, 0.05578561978915508, 0.0003337725406036274, -0.39355973250527226, 0.07714165417302465, -0.00019095176168448802, 0.19963303512227037, -0.574129512979992, -0.19025212372627848, 0.2605960803288593, 0.08899757257508539, -0.2584806913432486, -0.09751300164428725, 0.20031011778225571, 0.1414215832842016, -0.057664570071600446, 0.29730224048337694, 0.3243883041019946, -0.16161222955222318, -0.05794576368051149, 0.1673639127282179, 0.08559773962757651, 1.0, -0.07171055597450904, -0.10036152631648582, -0.023258512010738086, 0.5167884500728582, -0.24672042169296826, 0.06357968948565723, 0.44990261216420013, 0.05551919291409435, 0.23250447362406723, -0.11060587432191338, -0.006549533480017744, -0.11869194229710978, -0.05002061140684183, 0.23608706663534162, 0.10460437002333023, -0.040498031323041195, -0.029562418787296596, 0.2024123604321707, -0.018066350131165754, 0.025402602597415558, 0.047061779317286834, -0.008058585350232295, -0.04965845259511714, 0.09106584969275522, 0.08088282025730353, -0.40428391809982084, 0.4283076675047679, -0.022246245821169075, 0.04097076365572305, 0.002908156945443552, -0.012362849820049981, 0.021173217447942427, 0.001314784086738685, 0.5120352422093335, 0.2422255361253166, 0.07363979390982356, 0.2702709058137308, 0.6099765574486464, 0.009525885837749937, 0.20832347092913572, -0.0201589061450293, -0.039613141287364206, 0.1956544902395203, -0.0009562711889671283, 4.4868497728833834e-5, -0.017989076619363664, 0.08758538403239746, 0.2620652523599446, -0.08477162688595652, -0.12339061679969565, 0.2550924685546647, -0.038362511524970666, -0.21729280098843373, 0.6005554853939558, 0.004285720921581637, -0.12230506591925938, 0.2526719924985381, 0.027083702009492505, 0.43205268584130335, -0.17842817315825416, 0.009311029479432797, 0.4370753199287122, -0.15142574950199394, 0.5292206043446537, 0.01843285359107183, 0.23811700635836108, 0.008292988980263427, 0.10871514692590922, 0.001928157037626388, -0.040077508710692156, 0.29433722538469, -0.2058243985614378, 0.010010465662361967, 0.40071824540958617, 0.0008674828878908469, -0.014451331022879543, 0.17736287349381485, 0.003731037404869464, 0.02132492386692375, 0.048203742772645275, 0.0016786034745330802, 0.02168874499747986, 0.0007552080879803524, -0.20862517927543467, 0.2715411695427945, 0.34760261039161555, 0.009758612701582625, 0.00033977009150987225, 0.18363266212981982, 0.041306564794472034, 0.08113451399961258, 0.0001528634517055094, 0.004183105574877, 0.00039028281726982694, 0.001975831764682856, 6.877366622670689e-5, 0.04984988230443199, 0.000889003784338982, 3.094145208348831e-5, -0.00919319005508179, 0.03640935607872353, 0.00017558925897254163, 0.0003999974782896709, 1.3920640116515948e-5, 0.0001163517188864649, 7.899806627975625e-5, 7.803998659017264e-5, 6.26293235139741e-6, 6.492902329569006e-6, 3.554143637518603e-5, 1.4480541478567588e-5, 2.8177096247361533e-6, 0.010284590055738008, 6.517779734926954e-6, 1.2676949204815102e-6, 2.9336916754774123e-6, 5.703392561562382e-7, -1.2441984232225423e-5, 1.5990185065262175e-5, 0.016711148105507, 0.23571033648263373, 7.194026029888612e-6, 0.007764862929258709, 0.33825797648503414, 4.873342176470175e-7, 2.565971212176166e-7, -0.009758995829125205, 0.016449848077193407, 1.1544371514293772e-7, 0.0055489259280471215, 0.15218314794975074, 0.12185826507603048, 0.10604670361997104, 3.236611102797049e-6, 0.5369367213003451, 0.3615760437892115, 1.4561597897477796e-6, 0.054935240960772624, 0.04771192065236296, 5.193842900208523e-8, 0.22608336626237668, 0.021465165172690703, 6.551300931745274e-7, 0.03706818982202453, 0.16267432335501308, 2.9474474028123865e-7, 0.011312115183384153, -0.10640243852932385, 0.07318760331765972, 1.3260642861556704e-7],"StateValue_V3_record" => [0.0, 0.0, 0.0, 0.0, 0.5500973878357999, 0.0, 0.0, 0.1760019740615653, 0.3662096243363397, 0.4195718615188717, 0.48070977735071607, 0.7975876395678293, 0.27998369982099586, 0.28031912048549895, 0.4001387198743776, 0.5320428745034078, 0.6090668571586263, 0.6972411465541087, 0.9089341503072448, 0.4068876656527166, 0.4068876656527166, 0.6946491839529503, 0.7947756030779214, 0.959029236344277, 0.4068876656527166, 0.4068876656527166, 0.7331169936936097, 0.9815671464089282, 0.6068686372318375, 0.5045455672162911, 0.7331169936936097, 0.9815671464089282, 0.6161727006925891, 0.7333006010963271, 0.6220032853814627, 0.4414369832892392, 0.5765616626016266, 0.7687792498112332, 0.6657400010391946, 0.20956149072751162, 0.2389147960196844, 0.44219596308362225, 0.44166784064547515, 0.1622361061616676, 0.1667018499977835, 0.27505443345764596, 0.13232751298114273, 0.16953555831126296, 0.4268703779295724, 0.31798520033371896, 0.14904719796476137, 0.1761970057522324, 0.24682281467203357, 0.5500973878357999, 0.5528907676267814, 0.4847306618490482, 0.5500973878357999, 0.433138015427799, 0.7674955263759328, 0.6812660186815873, 0.5455457591825384, 0.4882001794338462, 0.7975876395678293, 0.6158231329905288, 0.646364095987324, 0.8953956299766698, 0.7265946775587651, 0.6657506750149857, 0.6250820448615225, 0.7975876395678293, 0.5194265271427958, 0.6770026897557282, 0.9529382206827132, 0.6766166247893117, 0.6543387635460144, 0.710964655230649, 0.9089341503072448, 0.7249697347018692, 0.715031482686988, 0.8221237333763843, 0.9788267825520576, 0.7469503216892381, 0.7425173149384235, 0.8174027357687155, 0.959029236344277, 0.7579975328022905, 0.6723228863225941, 0.959029236344277, 0.5605463931986083, 0.848888997165385, 0.9815671464089282, 0.756837523704303, 0.758437293243408, 0.8617597060011895, 0.9904741141622501, 0.7613745179207896, 0.5130508419950338, 0.8719256997788668, 0.9904741141622501, 0.662645957660764, 0.3806722080483563, 0.8719256997788668, 0.9957142790784184, 0.662645957660764, 0.5356088263680922, 0.9957142790784184, 0.5138177408219426, 0.6746638357671131, 0.6523834207578586, 0.9957142790784184, 0.44418246579558823, 0.49965632216348554, 0.657133416474473, 0.9815671464089282, 0.6096581989429902, 0.5465343908147033, 0.9815671464089282, 0.37480148086277376, 0.6007779469616199, 0.9980718429623736, 0.6649449503627219, 0.597665253081452, 0.513140909276243, 0.9980718429623736, 0.486736468209061, 0.9815671464089282, 0.40908393427126744, 0.513140909276243, 0.9815671464089282, 0.6204969414812338, 0.9917070110197366, 0.6293471918209564, 0.7603347350179714, 0.9962689625951305, 0.7643164857641197, 0.8241204041062475, 0.9991325171121092, 0.5448926131065823, 0.522846080253864, 0.5796974914343579, 0.9962689625951305, 0.4288238124165558, 0.693675238349865, 0.9996097171827302, 0.6215860330852462, 0.6136363936388097, 0.7916586002862547, 0.9983213965254669, 0.7003580068235608, 0.7120887917385528, 0.851562931950724, 0.9992447919120196, 0.8523688875179044, 0.8642998094864548, 0.9996602299084901, 0.7359365273751678, 0.6211723612189757, 0.46789174746197554, 0.9996097171827302, 0.8700305983574594, 0.9998471365482945, 0.8701937337262159, 0.8701937337262159, 0.675461245954245, 0.8380818845624476, 0.9999312263337733, 0.8701937337262159, 0.8724948491759971, 0.9998244107410275, 0.8726822374509088, 0.8737691373434638, 0.9999690585479165, 0.7144807918746607, 0.7419030819142508, 0.8742911966180648, 0.9999860793598835, 0.7423428899977473, 0.7372857401625688, 0.8581839712626768, 0.9999210019337202, 0.8743060526790355, 0.8745260902469836, 0.9999937370676486, 0.8745327740276208, 0.8745967788042504, 0.9999644585636248, 0.8746347085072925, 0.8746776381000625, 0.9999971822903753, 0.8746806451504303, 0.8746842168790413, 0.9999840098149347, 0.8747012815515186, 0.8747092472595605, 0.9999987323050795, 0.7548407150569354, 0.760498241181559, 0.8747141855529825, 0.9999994296607438, 0.8747147942171454, 0.8747164080332728, 0.9999997434028788, 0.8747166818728696, 0.8747098375698439, 0.9999928059739701, 0.8747175150105672, 0.8747175150105672, 0.7686652379516318, 0.9999967633888972, 0.8747175150105672, 0.8747175150105672, 0.768668692052268, 0.8747177830918473, 0.9999998845562849, 0.7605019018456437, 0.7551335037321415, 0.8673172961946084, 0.999999948061571, 0.8747179062929973, 0.8747179062929973, 0.768668692052268, 0.8747179062929973, 0.8270047067022113, 0.9999985438402103, 0.7630316929396266, 0.7630316929396266, 0.8673173516231276, 0.9999993448699068, 0.8747179062929973, 0.8747179062929973, 0.853252463630604, 0.9999999766327651, 0.7630316929396266, 0.7630316929396266, 0.8650604198590007, 0.9999997052552597, 0.8747179062929973, 0.8747179062929973, 0.8673173516231276, 0.9999998673935714, 0.8747179062929973, 0.8747179062929973, 0.7748737033284904, 0.8673173516231276, 0.9999999403400214],"StateValue_V1_record" => [0.0, 0.0, 0.0, 0.0, 0.0, 0.0, 0.0, 0.3657714299123218, 0.41906981559223727, 0.4801345757994524, 0.5500973878357999, 0.0, 0.27998369982099586, 0.3207815259954627, 0.5316475349569637, 0.6086145121596233, 0.6967235771932399, 0.7975876395678293, 0.0, 0.4068876656527166, 0.694343511266164, 0.7944263193667749, 0.9089341503072448, 0.0, 0.4068876656527166, 0.7331169936936097, 0.959029236344277, 0.0, 0.6068686372318375, 0.7331169936936097, 0.9815671464089282, 0.5854851769677738, 0.7331169936936097, 0.8384994661899691, 0.3990015608353257, 0.5766667046669318, 0.6589616386647398, 0.9815671464089282, 0.46579300733428136, 0.1663001110599931, 0.39323863088634076, 0.5838573937593878, 0.2774340234610608, 0.16689025417271466, 0.229905356662966, 0.22094224763318168, 0.16681761176810522, 0.34797616193725894, 0.4068876656527166, 0.221291945692969, 0.17735166660581875, 0.2513817672523456, 0.12465534894870184, 0.0, 0.5528907676267814, 0.5500973878357999, 0.4459324621298536, 0.48321154992714177, 0.0, 0.6812660186815873, 0.4967835168827203, 0.6406213900693396, 0.0, 0.6158231329905288, 0.7674955263759328, 0.0, 0.7265946775587651, 0.70421397927637, 0.7975876395678293, 0.5469427348156491, 0.5471318110978104, 0.8953956299766698, 0.0, 0.6766166247893117, 0.7272268645836488, 0.7975876395678293, 0.0, 0.7249697347018692, 0.8081498280433151, 0.9529382206827132, 0.0, 0.7469503216892381, 0.8447197208252573, 0.9089341503072448, 0.0, 0.7579975328022905, 0.959029236344277, 0.32493546411419116, 0.8611265988807631, 0.959029236344277, 0.0, 0.756837523704303, 0.8685604773934053, 0.9788267825520576, 0.0, 0.7613745179207896, 0.8719256997788668, 0.9904741141622501, 0.662645957660764, 0.49241839619379746, 0.8719256997788668, 0.9904741141622501, 0.0, 0.662645957660764, 0.9957142790784184, 0.5356088263680922, 0.567034811768008, 0.8719256997788668, 0.9957142790784184, 0.44855757451055633, 0.4725870958642129, 0.6584022498991605, 0.9815671464089282, 0.677535054927951, 0.6035022052323454, 0.9815671464089282, 0.5438591282344505, 0.29859507749274017, 0.9957142790784184, 0.0, 0.6649449503627219, 0.6203596401914908, 0.9980718429623736, 0.4265419879457068, 0.9815671464089282, 0.43954267677863784, 0.513140909276243, 0.9815671464089282, 0.3873296996095618, 0.9815671464089282, 0.0, 0.6293471918209564, 0.9917070110197366, 0.0, 0.7643164857641197, 0.9980718429623736, 0.0, 0.5448926131065823, 0.5771173949873806, 0.9962689625951305, 0.4388432405957087, 0.513140909276243, 0.9991325171121092, 0.0, 0.6215860330852462, 0.6940917468782557, 0.9962689625951305, 0.0, 0.7003580068235608, 0.825046178967583, 0.9983213965254669, 0.0, 0.8523688875179044, 0.9992447919120196, 0.0, 0.7359365273751678, 0.6028356697582984, 0.9996097171827302, 0.8646624110014176, 0.9996602299084901, 0.0, 0.8701937337262159, 0.6527386125603357, 0.7934500003479336, 0.9998471365482945, 0.0, 0.8701937337262159, 0.9996097171827302, 0.0, 0.8726822374509088, 0.9999312263337733, 0.0, 0.7144807918746607, 0.8738021579585238, 0.9999690585479165, 0.0, 0.7423428899977473, 0.8381552795909875, 0.9998244107410275, 0.0, 0.8743060526790355, 0.9999860793598835, 0.0, 0.8745327740276208, 0.9999210019337202, 0.0, 0.8746347085072925, 0.9999937370676486, 0.0, 0.8746806451504303, 0.9999644585636248, 0.0, 0.8747012815515186, 0.9999971822903753, 0.0, 0.7548407150569354, 0.8747106001393758, 0.9999987323050795, 0.0, 0.8747147942171454, 0.9999994296607438, 0.0, 0.8747166818728696, 0.9999840098149347, 0.0, 0.8747175150105672, 0.6390015975666375, 0.9999928059739701, 0.0, 0.8747175150105672, 0.768668692052268, 0.8747175150105672, 0.9999997434028788, 0.0, 0.7605019018456437, 0.8582682777370485, 0.9999998845562849, 0.0, 0.8747179062929973, 0.768668692052268, 0.8747179062929973, 0.768668692052268, 0.9999967633888972, 0.0, 0.7630316929396266, 0.8673173516231276, 0.9999985438402103, 0.0, 0.8747179062929973, 0.8270062607111102, 0.999999948061571, 0.0, 0.7630316929396266, 0.8532524885680396, 0.9999993448699068, 0.0, 0.8747179062929973, 0.8673173516231276, 0.9999997052552597, 0.0, 0.8747179062929973, 0.8650607344096101, 0.8673173516231276, 0.9999998673935714, 0.0])
POPULATION_SIGNALS
subject_id: 21
algorithm_name: Sarsa-Lambda (ReplTrc)
param_string: alpha=0.1974, gamma=0.9961,
                lambda=0.6128, temp=0.2507,
                reward_magnitude=1.0,
                action_cost=0.0,
                initQSA=nothing, use_replacing_trace=true
param_vector: [0.197445163350583, 0.9960525723724495, 0.6127972592361022, 0.2507274927826116, 1.0, 0.0, 0.0]
LL: -126.458
RPE
[0.0, 0.0, 0.0, 1.0, 0.0, 0.045, 0.028, 0.046, 0.076, 0.803, 0.016, 0.056, 0.053, 0.08, 0.122, 0.644, 0.228, 0.104, 0.147, 0.517, -0.092, 0.583, 0.415, 0.009, -0.165, 0.174, 0.13, 0.119, -0.267, 0.14, 0.081, 0.269, -0.58, -0.088, 0.371, 0.178, -0.45, -0.047, -0.06, 0.091, -0.04, -0.005, 0.005, 0.033, -0.034, -0.043, -0.013, 1.0, 0.041, -0.004, 0.36, 0.518, -0.123, 0.066, 0.803, 0.442, 0.415, -0.056, -0.037, 0.075, -0.045, 0.425, 0.333, 0.009, -0.009, 0.644, 0.036, 0.29, 0.268, 0.064, -0.047, 0.517, -0.018, 0.056, 0.262, 0.001, 0.415, 0.122, 0.15, 0.215, -0.201, -0.298, 0.133, 0.296, -0.169, 0.487, 0.172, -0.167, 0.138, 0.114, 0.285, -0.482, 0.119, 0.094, 0.042, -0.134, 0.227, 0.062, -0.244, 0.176, -0.384, 0.694, 0.138, 0.029, -0.374, 0.082, 0.094, 0.132, 0.003, -0.119, -0.085, 0.331, 0.333, 0.291, 0.267, 0.357, 0.111, 0.005, -0.085, 0.065, 0.0, 0.366, 0.089, 0.032, 0.158, 0.214, -0.021, 0.212, 0.172, 0.184, 0.138, -0.349, -0.058, 0.464, 0.158, 0.111, 0.296, 0.045, 0.226, 0.089, 0.153, 0.072, 0.114, 0.071, 0.163, 0.097, 0.057, 0.01, 0.202, 0.057, 0.082, 0.046, 0.06, 0.046, 0.052, 0.037, 0.037, 0.037, 0.033, 0.03, 0.185, 0.028, 0.024, 0.025, 0.019, 0.007, 0.03, -0.042, 0.594, 0.024, -0.066, 0.541, 0.016, 0.015, -0.016, 0.2, 0.012, -0.011, 0.005, -0.04, 0.478, 0.019, 0.265, 0.525, 0.015, 0.005, 0.391, 0.01, 0.366, 0.31, 0.012, -0.078, 0.425, 0.01, 0.06, -0.093, 0.342, 0.008]
SPE
Float64[]
action_selection_prob
[0.5, 0.5, 0.5, 0.5, 0.5, 0.5, 0.545, 0.573, 0.618, 0.687, 0.525, 0.541, 0.596, 0.646, 0.716, 0.805, 0.444, 0.714, 0.791, 0.873, 0.535, 0.228, 0.912, 0.65, 0.364, 0.065, 0.615, 0.638, 0.845, 0.65, 0.639, 0.829, 0.92, 0.586, 0.325, 0.825, 0.891, 0.606, 0.374, 0.19, 0.597, 0.37, 0.152, 0.359, 0.59, 0.371, 0.197, 0.422, 0.383, 0.427, 0.432, 0.839, 0.564, 0.281, 0.493, 0.438, 0.887, 0.605, 0.377, 0.353, 0.596, 0.376, 0.916, 0.658, 0.497, 0.594, 0.7, 0.572, 0.934, 0.749, 0.657, 0.709, 0.574, 0.215, 0.648, 0.702, 0.755, 0.781, 0.743, 0.946, 0.818, 0.217, 0.046, 0.393, 0.785, 0.199, 0.94, 0.527, 0.054, 0.489, 0.719, 0.717, 0.063, 0.506, 0.728, 0.345, 0.201, 0.809, 0.651, 0.224, 0.807, 0.269, 0.927, 0.818, 0.637, 0.066, 0.472, 0.258, 0.802, 0.588, 0.271, 0.499, 0.71, 0.602, 0.743, 0.684, 0.924, 0.805, 0.594, 0.219, 0.802, 0.585, 0.93, 0.832, 0.663, 0.749, 0.854, 0.752, 0.78, 0.795, 0.802, 0.87, 0.4, 0.065, 0.828, 0.819, 0.149, 0.855, 0.711, 0.831, 0.804, 0.899, 0.827, 0.841, 0.875, 0.844, 0.848, 0.894, 0.755, 0.904, 0.857, 0.854, 0.867, 0.908, 0.875, 0.859, 0.881, 0.911, 0.886, 0.862, 0.905, 0.89, 0.865, 0.893, 0.867, 0.896, 0.913, 0.102, 0.459, 0.915, 0.128, 0.422, 0.847, 0.869, 0.919, 0.787, 0.87, 0.152, 0.53, 0.151, 0.473, 0.917, 0.075, 0.186, 0.918, 0.179, 0.534, 0.871, 0.115, 0.61, 0.919, 0.21, 0.259, 0.919, 0.235, 0.668, 0.329, 0.92]
results_dict
Dict{String,Any}("trialByTrial_Qsa" => [0.0, 0.0, 0.0, 0.0, 0.0, 0.0, 0.044899729702436025, 0.07356049633890632, 0.12051624046486566, 0.197445163350583, 0.025075677933643535, 0.04108219196547417, 0.09773901492897258, 0.15095133676602168, 0.2322724870326988, 0.3559057341706276, 0.0, 0.22893716457058533, 0.3340297000275636, 0.48307903170048183, 0.09156403235493059, 0.0, 0.5851425767257217, 0.15572873489931552, 0.16507456821432762, 0.0, 0.17424308910526437, 0.3051848478102065, 0.42537962934859613, 0.15493123061702582, 0.30677779175309394, 0.39563508048948076, 0.6670541684313135, 0.08758829569863029, 0.0, 0.38903983012116117, 0.5772949349862702, 0.10789881218304957, 0.05951900607395889, 0.0, 0.09824495828735309, 0.055833606733920536, 0.051348409981314624, 0.0565903831346838, 0.09169977407129752, 0.05643431089664305, 0.01299957504113204, 0.0, 0.08271906808407095, 0.12374821040950322, 0.11992847900964683, 0.48231834860587347, 0.2534937332337744, 0.13094911228851322, 0.197445163350583, 0.13996752306901528, 0.5845320868289863, 0.2961520845165413, 0.24064543877491057, 0.20442588160022862, 0.28606043958793015, 0.23909065181834724, 0.6665642168119629, 0.352974076555476, 0.36315814623382436, 0.3559057341706276, 0.4010383719380347, 0.4390726188674742, 0.7323994994904545, 0.4628928913564686, 0.5286679664643396, 0.48307903170048183, 0.2773596923131425, 0.2600787572384325, 0.31687795874129404, 0.5815875114744886, 0.5851425767257217, 0.5077687589326049, 0.6318304384830767, 0.7852359240262594, 0.5656841333620432, 0.3662163849461398, 0.06828768759978227, 0.20223326846167763, 0.5131466845996562, 0.3375293661141686, 0.8276400520887316, 0.3111681352809703, 0.14433291737954818, 0.2837498369630682, 0.3993574817196157, 0.6873901553921916, 0.18473553679512603, 0.3105613422139897, 0.41062766687863794, 0.4544264604308624, 0.3213902199191695, 0.5510558923282545, 0.616203968787782, 0.3558485790173176, 0.5468654846333596, 0.1638256901149393, 0.86167169015917, 0.5649757971599951, 0.5960028988161543, 0.2229285279409926, 0.3060114973647297, 0.40164619858636297, 0.539434451894952, 0.5449725416377358, 0.4193966999226375, 0.3330777264641705, 0.6670541684313135, 0.4386252371551688, 0.7327927125322885, 0.5283388610926347, 0.8889839458917027, 0.5435255267279212, 0.550608598950172, 0.46697752039221263, 0.5389831920989585, 0.541612270914803, 0.9109035288296526, 0.5896997697691526, 0.6245546567426743, 0.785551499054817, 0.6308988830079806, 0.612232851719285, 0.8278933183542263, 0.6749103575528578, 0.8618749502255029, 0.6649931794316072, 0.3176112280992123, 0.26107310350778345, 0.7278001780458454, 0.8891470732410358, 0.33455382999948874, 0.6334649814445052, 0.6815749724537299, 0.9110344474728497, 0.7723239184342876, 0.9284951961338423, 0.8110530023941023, 0.9286002655241478, 0.6761973844464207, 0.8421432170289428, 0.9426977977609207, 0.7241913892891264, 0.7368923692054106, 0.9426134738135472, 0.8681683395033525, 0.9540118404423639, 0.8899164863661092, 0.9539441658505539, 0.9073654134311319, 0.963091980118414, 0.922065735928946, 0.9630376675474386, 0.9338594149735333, 0.9703792901328804, 0.7546904888342594, 0.9438835501861286, 0.9762277560311541, 0.9523738262691098, 0.9809214706247927, 0.9595451625285499, 0.9703357013163532, 0.41916159912346485, 0.37873436323920795, 0.9761927736156263, 0.48417456067721537, 0.4194533461710118, 0.9644944518518029, 0.9846884339737695, 0.79649236060021, 0.7836923412928061, 0.9877116286289718, 0.5381832504844136, 0.5294089330868078, 0.5365821055878768, 0.49880794896213854, 0.9808933953180132, 0.18880797126454454, 0.4552980503348907, 0.9846659020005232, 0.5877729872340507, 0.5955315360355017, 0.990137908121637, 0.30552726183861273, 0.6738614838940621, 0.9876935454848638, 0.6366516169449844, 0.5608997310321755, 0.9901233954068713, 0.6732415276664802, 0.7365394253551009, 0.6460664561504451, 0.9920734832141107],"StateValue_V2_record" => [0.0, 0.0, 0.0, 0.0, 1.0, 0.0, 0.0, 0.044722491268939076, 0.0732701216033618, 0.12004051132768613, 0.19666576285784668, 1.0, 0.024976693509788712, 0.04092002298590933, 0.09735319724115238, 0.1503554672888558, 0.23135560820026604, 0.3545008220427588, 1.0, 0.05636699669284428, 0.22803345168218633, 0.3327111419612524, 0.481172112184457, 1.0, 0.0912025899639228, 0.3039801527104507, 0.5828327687522985, 1.0, 0.15511400698877048, 0.3039801527104507, 0.664421020377775, 0.1735552771214205, 0.3039801527104507, 0.42370047404750827, 0.15431965079691778, 0.3055668086224088, 0.39407333964232844, 0.664421020377775, 0.08724254724033945, 0.18305810375253165, 0.38750412354752334, 0.5750161050106604, 0.10747288943085832, 0.1880807583097374, 0.36245880867992947, 0.09785714342474204, 0.18803759065088696, 0.4795419194450889, 0.20142907090907408, 0.09133779584968835, 0.18803919069446287, 0.36425605548103324, 0.07853723203593374, 1.0, 0.20143496727054216, 0.19666576285784668, 0.1880626654624731, 0.4804144318313121, 1.0, 0.25249308506779644, 0.3647707722705417, 0.2036189252274135, 1.0, 0.20143496727054216, 0.5822246887202478, 1.0, 0.294983045596164, 0.3647707722705417, 0.3545008220427588, 0.2849312367055515, 0.3647707722705417, 0.6639330028069828, 1.0, 0.3515807369338718, 0.3647707722705417, 0.3545008220427588, 1.0, 0.39945530198893864, 0.43733941148125577, 0.7295084054717617, 1.0, 0.4610656551685313, 0.5265810879277173, 0.481172112184457, 1.0, 0.2762648350009367, 0.5828327687522985, 0.31562710593239685, 0.5792917368638558, 0.5828327687522985, 1.0, 0.5057643785051873, 0.6293363335542813, 0.782136262045613, 1.0, 0.5634511361855429, 0.6846767325018902, 0.8243730028814492, 0.3099398215869488, 0.5111210751998816, 0.6846767325018902, 0.8243730028814492, 1.0, 0.3099398215869488, 0.8582703035235576, 0.29361822020348394, 0.3977810469630067, 0.6846767325018902, 0.8582703035235576, 0.309335423791685, 0.4090067438817646, 0.6130159354146549, 0.664421020377775, 0.5488806390745534, 0.6137715482171829, 0.664421020377775, 0.5447067727107641, 0.4129626422386029, 0.8582703035235576, 1.0, 0.5627455960893883, 0.5936502205072672, 0.885474746103241, 0.3332332029680459, 0.664421020377775, 0.5373050734362893, 0.5428213019706186, 0.664421020377775, 0.3332332029680459, 0.664421020377775, 1.0, 0.4368937957758816, 0.7299000663335709, 1.0, 0.5262532816756491, 0.885474746103241, 1.0, 0.5413799990474365, 0.5484351113547092, 0.7824505913645843, 0.5368555949556817, 0.5394742956731735, 0.9073078030739172, 1.0, 0.5873719726060057, 0.622089272435733, 0.7824505913645843, 1.0, 0.6284084553270041, 0.6098161068459143, 0.8246252693966903, 1.0, 0.6722461977613337, 0.858472761235489, 1.0, 0.6623681669829862, 0.41779758444386783, 0.9248300285445756, 0.724927239515691, 0.8856372295191685, 1.0, 0.7692752256612421, 0.6309644242756655, 0.678884504577219, 0.9074382049252451, 1.0, 0.7692752256612421, 0.9248300285445756, 1.0, 0.807851429365044, 0.924934683181067, 1.0, 0.6735281442093796, 0.8388189176276885, 0.9389765664296081, 1.0, 0.7213326961914123, 0.7339835399086779, 0.9388925753449142, 1.0, 0.8647413078146323, 0.9502459477463914, 1.0, 0.8864036054416149, 0.9501785402951347, 1.0, 0.90378365412987, 0.9592902442282223, 1.0, 0.9184259481685224, 0.95923614605219, 1.0, 0.9301730725186186, 0.966548788113807, 1.0, 0.7517114027483854, 0.9401576381829334, 0.9723741676162151, 1.0, 0.9486143995155392, 0.977049354111191, 1.0, 0.9557574274441023, 0.9665053713609784, 1.0, 0.960687179805944, 0.41779758444386783, 0.9723393232912408, 1.0, 0.960687179805944, 0.4968389406835636, 0.960687179805944, 0.980801447644972, 1.0, 0.7933482646508438, 0.7805987724932871, 0.9838127084580689, 1.0, 0.9657322157885435, 0.5273191296380689, 0.9657322157885435, 0.5234359469345814, 0.9770213896296531, 1.0, 0.8151454616875125, 0.8214306995479986, 0.9807790046150594, 1.0, 0.9657322157885435, 0.5931807183970775, 0.9862294103880326, 1.0, 0.8151454616875125, 0.6712014644553965, 0.9837946966958635, 1.0, 0.9657322157885435, 0.8214306995479986, 0.9862149549611581, 1.0, 0.9657322157885435, 0.733631989278674, 0.8214306995479986, 0.9881573449379111, 1.0],"final_QSA" => Dict{Int64,Any}(1 => [0.0 0.0; 0.5615458604895546 0.75998301698037; 0.9695594816730533 0.699474791507725; 0.5107890049132415 0.9920851304635389; 0.8246860881966025 0.7145659215708494; 0.9936385356157018 0.37983518352534257; 0.8183759414886674 0.4159851190117536]),"trialByTrial_Vs" => [0.0, 0.0, 0.0, 0.0, 0.0, 0.0, 0.044899729702436025, 0.07356049633890632, 0.12051624046486566, 0.197445163350583, 0.025075677933643535, 0.04108219196547417, 0.09773901492897258, 0.15095133676602168, 0.2322724870326988, 0.3559057341706276, 0.0565903831346838, 0.22893716457058533, 0.3340297000275636, 0.48307903170048183, 0.09156403235493059, 0.3051848478102065, 0.5851425767257217, 0.15572873489931552, 0.3051848478102065, 0.6670541684313135, 0.17424308910526437, 0.3051848478102065, 0.42537962934859613, 0.15493123061702582, 0.30677779175309394, 0.39563508048948076, 0.6670541684313135, 0.08758829569863029, 0.1837835761183914, 0.38903983012116117, 0.5772949349862702, 0.10789881218304957, 0.18882613581505736, 0.36389525887836055, 0.09824495828735309, 0.18878279707968557, 0.48144237839062165, 0.20222734873250708, 0.09169977407129752, 0.1887844034643487, 0.3656996282971584, 0.0788484807070672, 0.20223326846167763, 0.197445163350583, 0.18880797126454454, 0.48231834860587347, 0.2534937332337744, 0.3662163849461398, 0.20442588160022862, 0.20223326846167763, 0.5845320868289863, 0.2961520845165413, 0.3662163849461398, 0.3559057341706276, 0.28606043958793015, 0.3662163849461398, 0.6665642168119629, 0.352974076555476, 0.3662163849461398, 0.3559057341706276, 0.4010383719380347, 0.4390726188674742, 0.7323994994904545, 0.4628928913564686, 0.5286679664643396, 0.48307903170048183, 0.2773596923131425, 0.5851425767257217, 0.31687795874129404, 0.5815875114744886, 0.5851425767257217, 0.5077687589326049, 0.6318304384830767, 0.7852359240262594, 0.5656841333620432, 0.6873901553921916, 0.8276400520887316, 0.3111681352809703, 0.5131466845996562, 0.6873901553921916, 0.8276400520887316, 0.3111681352809703, 0.86167169015917, 0.2947818502231553, 0.3993574817196157, 0.6873901553921916, 0.86167169015917, 0.3105613422139897, 0.41062766687863794, 0.6154453614376417, 0.6670541684313135, 0.5510558923282545, 0.616203968787782, 0.6670541684313135, 0.5468654846333596, 0.4145992427437712, 0.86167169015917, 0.5649757971599951, 0.5960028988161543, 0.8889839458917027, 0.33455382999948874, 0.6670541684313135, 0.539434451894952, 0.5449725416377358, 0.6670541684313135, 0.33455382999948874, 0.6670541684313135, 0.4386252371551688, 0.7327927125322885, 0.5283388610926347, 0.8889839458917027, 0.5435255267279212, 0.550608598950172, 0.785551499054817, 0.5389831920989585, 0.541612270914803, 0.9109035288296526, 0.5896997697691526, 0.6245546567426743, 0.785551499054817, 0.6308988830079806, 0.612232851719285, 0.8278933183542263, 0.6749103575528578, 0.8618749502255029, 0.6649931794316072, 0.4194533461710118, 0.9284951961338423, 0.7278001780458454, 0.8891470732410358, 0.7723239184342876, 0.6334649814445052, 0.6815749724537299, 0.9110344474728497, 0.7723239184342876, 0.9284951961338423, 0.8110530023941023, 0.9286002655241478, 0.6761973844464207, 0.8421432170289428, 0.9426977977609207, 0.7241913892891264, 0.7368923692054106, 0.9426134738135472, 0.8681683395033525, 0.9540118404423639, 0.8899164863661092, 0.9539441658505539, 0.9073654134311319, 0.963091980118414, 0.922065735928946, 0.9630376675474386, 0.9338594149735333, 0.9703792901328804, 0.7546904888342594, 0.9438835501861286, 0.9762277560311541, 0.9523738262691098, 0.9809214706247927, 0.9595451625285499, 0.9703357013163532, 0.9644944518518029, 0.4194533461710118, 0.9761927736156263, 0.9644944518518029, 0.49880794896213854, 0.9644944518518029, 0.9846884339737695, 0.79649236060021, 0.7836923412928061, 0.9877116286289718, 0.9695594816730533, 0.5294089330868078, 0.9695594816730533, 0.5255103610523636, 0.9808933953180132, 0.8183759414886674, 0.8246860881966025, 0.9846659020005232, 0.9695594816730533, 0.5955315360355017, 0.990137908121637, 0.8183759414886674, 0.6738614838940621, 0.9876935454848638, 0.9695594816730533, 0.8246860881966025, 0.9901233954068713, 0.9695594816730533, 0.7365394253551009, 0.8246860881966025, 0.9920734832141107],"RPE_QV" => [0.0, 0.0, 0.0, 1.0, 0.0, 0.044722491268939076, 0.028370391900925773, 0.04648001498877981, 0.07614952239298102, 0.8025548366494171, 0.01584434505226579, 0.05627100527567821, 0.052616452359883215, 0.08040427143424436, 0.12222833501006, 0.6440942658293725, 0.22803345168218633, 0.10377397739066707, 0.1471424121568934, 0.5169209682995182, 0.2124161203555201, 0.5828327687522985, 0.4148574232742783, 0.14825141781113518, 0.4993464521634473, 0.1735552771214205, 0.12973706360518633, 0.11851562623730177, -0.26661762625689855, 0.14035197195310725, 0.08133604591435317, 0.2687859398882942, -0.5798116211909741, 0.097860761606526, 0.37091584299755403, 0.17801500058030628, -0.44970989854421284, 0.08035826081991905, 0.30560164083544916, 0.09117662129506869, 0.08982685730554692, 0.42378641610973206, 0.1500802945784279, 0.03325994511020787, 0.09634347916955728, 0.307882512591816, 0.06649013743885747, 1.0, 0.11394669477377573, 0.06431445505296988, 0.3604859528216653, 0.5176816513941265, 0.11127703903676733, 0.07266981293890029, 0.8025548366494171, 0.4422571656512325, 0.4154679131710137, 0.06861868775400043, 0.11385538326784822, 0.07500940675126189, 0.07871033268261157, 0.42484235098863554, 0.3334357831880371, 0.011796695715065697, -0.008657324191065574, 0.6440942658293725, 0.03630103954322106, 0.2904357866042875, 0.26760050050954554, 0.06368819657124869, -0.047495854279882566, 0.5169209682995182, 0.305473076439156, 0.055548348693964356, 0.2624137781225618, 0.0012452572778098858, 0.4148574232742783, 0.12156757462167644, 0.1503058235625363, 0.2147640759737406, 0.11899259913984706, 0.45815661793530943, 0.24165213398716656, 0.2956649342956359, 0.17153004790223403, 0.4868436367672806, 0.1723599479112684, 0.5471021682425873, 0.13829683763777906, 0.11403120999993849, 0.2853192507822745, 0.17088014813136598, 0.11926601373845955, 0.09423114988957626, 0.20050970127471324, 0.20999455994691257, 0.22749041915538393, 0.062084255719765724, 0.0482170515899929, 0.1759652019487048, -0.13000073052345096, 0.6944446134086183, 0.13832830984083, 0.028674423347272104, 0.28947184728708664, 0.11030467502705332, 0.35840952301304524, 0.13205410962387087, 0.0032968537566484546, 0.11944847874003917, -0.08530514475248724, 0.33134329391360445, 0.3329458315686865, 0.29127482917840203, 0.2672072874677115, 0.3571358850106062, 0.11101605410829729, 0.004909584626788033, 0.23184199241441228, 0.06510763055537039, 0.00045757686190073255, 0.3656955321591142, 0.08909647117034736, 0.03238950266658036, 0.15789593462190998, 0.21444850094518297, -0.02108277616206633, 0.21239241767740535, 0.1721066816457737, 0.18356240368263121, 0.13812504977449713, -0.24719559498773935, 0.6072188004453634, 0.4638541360079076, 0.15783705147332305, 0.11085292675896419, 0.2964105942761767, 0.0454195231327138, 0.22586323247151519, 0.08896555252715033, 0.15250611011028803, 0.07150480386615765, 0.1138816807869647, 0.07139973447585224, 0.1626215331812677, 0.09683334940066535, 0.057302202239079336, 0.00979215061955152, 0.20200020613950365, 0.05738652618645279, 0.08207760824303889, 0.04598815955763613, 0.060262053929025505, 0.04605583414944614, 0.05192483079709043, 0.036908019881585985, 0.03717041012324396, 0.03696233245256142, 0.03268937314027365, 0.02962070986711962, 0.18546714934867403, 0.028490617430086518, 0.02377224396884592, 0.024675527842081157, 0.019078529375207265, 0.006960208832428427, 0.02966429868364684, -0.0013640146795970143, 0.5936049600520329, 0.023807226384373714, 0.01266438000634823, 0.5412338336349322, 0.016306995793169077, 0.015311566026230516, -0.015893588106922873, 0.20012036716526282, 0.012288371371028228, -0.010864120846344694, 0.4363232827017357, -0.008375368816401108, 0.4782134406675146, 0.019106604681986772, 0.6326227282834541, 0.5254809542801687, 0.015334097999476826, 0.005407731163026841, 0.3906978743525309, 0.009862091878362955, 0.3656742026167838, 0.3099332128018014, 0.012306454515136234, 0.18477908260301423, 0.4253152239289826, 0.009876604593128668, 0.06039046161219386, 0.08489127419289777, 0.34209088878746596, 0.007926516785889293],"StateValue_V3_record" => [0.0, 0.0, 0.0, 0.0, 0.197445163350583, 0.0, 0.0, 0.008830239594040697, 0.05050132636563437, 0.0827377504909035, 0.13555159535281666, 0.3559057341706276, 0.025075677933643535, 0.028204067230671155, 0.05219262979403197, 0.10812787896009789, 0.16682677127344067, 0.2564058806048299, 0.48307903170048183, 0.0565903831346838, 0.0565903831346838, 0.2494268344880253, 0.3630822576316802, 0.5851425767257217, 0.09156403235493059, 0.07348515702957326, 0.3051848478102065, 0.6670541684313135, 0.15572873489931552, 0.1574453652850409, 0.3051848478102065, 0.6670541684313135, 0.19985904482141537, 0.32858518499222716, 0.3727372685801581, 0.18264304864588352, 0.3228372006249439, 0.448705564297065, 0.5525731681726953, 0.07029441034681506, 0.18998822573779048, 0.42418803098959385, 0.48850189060783394, 0.09871096761862237, 0.18868794033128897, 0.36639402895669404, 0.09040216754292119, 0.18878032204551035, 0.4814936199556731, 0.20222883655908858, 0.08499274887998294, 0.18878124855279516, 0.36568838314109803, 0.197445163350583, 0.20223326846167763, 0.20223326846167763, 0.197445163350583, 0.1911046868501111, 0.5845320868289863, 0.2534937332337744, 0.22919582873086097, 0.3662163849461398, 0.3559057341706276, 0.20223326846167763, 0.22728906138398872, 0.6665642168119629, 0.2961520845165413, 0.2850050066074862, 0.3662163849461398, 0.3559057341706276, 0.2772459719156068, 0.3662163849461398, 0.7323994994904545, 0.352974076555476, 0.3547018262185754, 0.3662163849461398, 0.48307903170048183, 0.4010383719380347, 0.40820583662044196, 0.49641776019641276, 0.7852359240262594, 0.4628928913564686, 0.4754678177319828, 0.5192901397575727, 0.5851425767257217, 0.2773596923131425, 0.2737449497529237, 0.5851425767257217, 0.3686902900281469, 0.5818333815011193, 0.6670541684313135, 0.5077687589326049, 0.5317716885619159, 0.6615075963689256, 0.8276400520887316, 0.5656841333620432, 0.526014761962017, 0.6873901553921916, 0.8276400520887316, 0.3111681352809703, 0.4797044442135182, 0.6873901553921916, 0.86167169015917, 0.3111681352809703, 0.2837498369630682, 0.86167169015917, 0.3062647478485707, 0.45569238779738785, 0.592254167532387, 0.86167169015917, 0.32916682699665034, 0.41892134661894315, 0.6117646253719375, 0.6670541684313135, 0.563314128340343, 0.5680490262621765, 0.6670541684313135, 0.4711084440112979, 0.4189271469809623, 0.8889839458917027, 0.5649757971599951, 0.570637423361781, 0.5221674181122699, 0.8889839458917027, 0.33455382999948874, 0.6670541684313135, 0.5400853997234765, 0.5215662992862133, 0.6670541684313135, 0.39849985725606235, 0.7327927125322885, 0.4386252371551688, 0.49613604338221157, 0.785551499054817, 0.5283388610926347, 0.5988536142469089, 0.9109035288296526, 0.5435255267279212, 0.5444949004665409, 0.5337320844736198, 0.785551499054817, 0.539073538437202, 0.6138170849985377, 0.9284951961338423, 0.5896997697691526, 0.5960949204139997, 0.6557304453464903, 0.8278933183542263, 0.6308988830079806, 0.6267361908247776, 0.6541687073220256, 0.8618749502255029, 0.6749103575528578, 0.7111538663330006, 0.8891470732410358, 0.6649931794316072, 0.5961567469580591, 0.4194533461710118, 0.9284951961338423, 0.7589643404567701, 0.9110344474728497, 0.7723239184342876, 0.7723239184342876, 0.6424328466087496, 0.7261705752839589, 0.9286002655241478, 0.7723239184342876, 0.8024355122569754, 0.9426134738135472, 0.8110530023941023, 0.8335383894597235, 0.9426977977609207, 0.6761973844464207, 0.7083062196297184, 0.8612624935191412, 0.9540118404423639, 0.7241913892891264, 0.7261248020677573, 0.7767763329034763, 0.9539441658505539, 0.8681683395033525, 0.8843741662703245, 0.963091980118414, 0.8899164863661092, 0.9018149374479673, 0.9630376675474386, 0.9073654134311319, 0.9176177201298148, 0.9703792901328804, 0.922065735928946, 0.9294048536275381, 0.9703357013163532, 0.9338594149735333, 0.9403137735930428, 0.9762277560311541, 0.7546904888342594, 0.7913100804335753, 0.949508884798571, 0.9809214706247927, 0.9523738262691098, 0.9572458898946514, 0.9846884339737695, 0.9595451625285499, 0.960919422098423, 0.9761927736156263, 0.9644944518518029, 0.9644944518518029, 0.49593879154239784, 0.9808933953180132, 0.9644944518518029, 0.9644944518518029, 0.5263173488639232, 0.9677141892999425, 0.9877116286289718, 0.79649236060021, 0.7933542485002117, 0.8232051398775301, 0.990137908121637, 0.9695594816730533, 0.9695594816730533, 0.5303000578708066, 0.9695594816730533, 0.5932288798711802, 0.9846659020005232, 0.8183759414886674, 0.8183759414886674, 0.8246860881966025, 0.9876935454848638, 0.9695594816730533, 0.9695594816730533, 0.6726729416577627, 0.9920851304635389, 0.8183759414886674, 0.8183759414886674, 0.7350562977234848, 0.9901233954068713, 0.9695594816730533, 0.9695594816730533, 0.8246860881966025, 0.9920734832141107, 0.9695594816730533, 0.9695594816730533, 0.7181724306574113, 0.8246860881966025, 0.9936385356157018],"StateValue_V1_record" => [0.0, 0.0, 0.0, 0.0, 0.0, 0.0, 0.0, 0.044899729702436025, 0.07356049633890632, 0.12051624046486566, 0.197445163350583, 0.0, 0.025075677933643535, 0.04108219196547417, 0.09773901492897258, 0.15095133676602168, 0.2322724870326988, 0.3559057341706276, 0.0, 0.0565903831346838, 0.22893716457058533, 0.3340297000275636, 0.48307903170048183, 0.0, 0.09156403235493059, 0.3051848478102065, 0.5851425767257217, 0.0, 0.15572873489931552, 0.3051848478102065, 0.6670541684313135, 0.17424308910526437, 0.3051848478102065, 0.42537962934859613, 0.15493123061702582, 0.30677779175309394, 0.39563508048948076, 0.6670541684313135, 0.08758829569863029, 0.1837835761183914, 0.38903983012116117, 0.5772949349862702, 0.10789881218304957, 0.18882613581505736, 0.36389525887836055, 0.09824495828735309, 0.18878279707968557, 0.48144237839062165, 0.20222734873250708, 0.09169977407129752, 0.1887844034643487, 0.3656996282971584, 0.0788484807070672, 0.0, 0.20223326846167763, 0.197445163350583, 0.18880797126454454, 0.48231834860587347, 0.0, 0.2534937332337744, 0.3662163849461398, 0.20442588160022862, 0.0, 0.20223326846167763, 0.5845320868289863, 0.0, 0.2961520845165413, 0.3662163849461398, 0.3559057341706276, 0.28606043958793015, 0.3662163849461398, 0.6665642168119629, 0.0, 0.352974076555476, 0.3662163849461398, 0.3559057341706276, 0.0, 0.4010383719380347, 0.4390726188674742, 0.7323994994904545, 0.0, 0.4628928913564686, 0.5286679664643396, 0.48307903170048183, 0.0, 0.2773596923131425, 0.5851425767257217, 0.31687795874129404, 0.5815875114744886, 0.5851425767257217, 0.0, 0.5077687589326049, 0.6318304384830767, 0.7852359240262594, 0.0, 0.5656841333620432, 0.6873901553921916, 0.8276400520887316, 0.3111681352809703, 0.5131466845996562, 0.6873901553921916, 0.8276400520887316, 0.0, 0.3111681352809703, 0.86167169015917, 0.2947818502231553, 0.3993574817196157, 0.6873901553921916, 0.86167169015917, 0.3105613422139897, 0.41062766687863794, 0.6154453614376417, 0.6670541684313135, 0.5510558923282545, 0.616203968787782, 0.6670541684313135, 0.5468654846333596, 0.4145992427437712, 0.86167169015917, 0.0, 0.5649757971599951, 0.5960028988161543, 0.8889839458917027, 0.33455382999948874, 0.6670541684313135, 0.539434451894952, 0.5449725416377358, 0.6670541684313135, 0.33455382999948874, 0.6670541684313135, 0.0, 0.4386252371551688, 0.7327927125322885, 0.0, 0.5283388610926347, 0.8889839458917027, 0.0, 0.5435255267279212, 0.550608598950172, 0.785551499054817, 0.5389831920989585, 0.541612270914803, 0.9109035288296526, 0.0, 0.5896997697691526, 0.6245546567426743, 0.785551499054817, 0.0, 0.6308988830079806, 0.612232851719285, 0.8278933183542263, 0.0, 0.6749103575528578, 0.8618749502255029, 0.0, 0.6649931794316072, 0.4194533461710118, 0.9284951961338423, 0.7278001780458454, 0.8891470732410358, 0.0, 0.7723239184342876, 0.6334649814445052, 0.6815749724537299, 0.9110344474728497, 0.0, 0.7723239184342876, 0.9284951961338423, 0.0, 0.8110530023941023, 0.9286002655241478, 0.0, 0.6761973844464207, 0.8421432170289428, 0.9426977977609207, 0.0, 0.7241913892891264, 0.7368923692054106, 0.9426134738135472, 0.0, 0.8681683395033525, 0.9540118404423639, 0.0, 0.8899164863661092, 0.9539441658505539, 0.0, 0.9073654134311319, 0.963091980118414, 0.0, 0.922065735928946, 0.9630376675474386, 0.0, 0.9338594149735333, 0.9703792901328804, 0.0, 0.7546904888342594, 0.9438835501861286, 0.9762277560311541, 0.0, 0.9523738262691098, 0.9809214706247927, 0.0, 0.9595451625285499, 0.9703357013163532, 0.0, 0.9644944518518029, 0.4194533461710118, 0.9761927736156263, 0.0, 0.9644944518518029, 0.49880794896213854, 0.9644944518518029, 0.9846884339737695, 0.0, 0.79649236060021, 0.7836923412928061, 0.9877116286289718, 0.0, 0.9695594816730533, 0.5294089330868078, 0.9695594816730533, 0.5255103610523636, 0.9808933953180132, 0.0, 0.8183759414886674, 0.8246860881966025, 0.9846659020005232, 0.0, 0.9695594816730533, 0.5955315360355017, 0.990137908121637, 0.0, 0.8183759414886674, 0.6738614838940621, 0.9876935454848638, 0.0, 0.9695594816730533, 0.8246860881966025, 0.9901233954068713, 0.0, 0.9695594816730533, 0.7365394253551009, 0.8246860881966025, 0.9920734832141107, 0.0])