DateTime of fitting: 2021-01-04T20:01:11.776
DATA_STATS
nr_subjects: 1
all_subject_ids: [8]
nr_puzzles: 1
nr_episodes: 58
nr_actions: 185
max_state_id: 7
max_action_id: 2
SUBJECT_SIGNALS
subject_id: 8
algorithm_name: Actor-Critic (TD-Lambda, ReplTrc) modulated Actor
param_string: alpha(actor)=0.8821,
                surpriseprobability=0.0085,
                stochasticity=2.8036,
                eta(critic)=0.093,
                gamma=0.9441,
                lambda_actor=0.7682,
                lambda_critic=0.2862,
                temp=0.2387,
                nparticles=15,
                init_policy=nothing,
                init_Vs=nothing,
                use_replacing_trace=true
param_vector: [0.8821367914557177, 0.008492125601466758, 2.8036374205898027, 0.0930480865344646, 0.94410027256189, 0.7682359990254242, 0.2861672703055169, 0.23870782166181181, 15.0]
LL: -40.6
RPE
[0.0, 0.0, 0.0, 0.0, 1.0, -0.0, 0.0, 1.0, 0.017, 0.063, 0.907, 0.035, 0.114, 0.823, 0.016, 0.055, 0.155, -0.243, 0.02, 0.056, 0.126, 0.768, 0.09, 0.162, 0.696, 0.332, -0.326, 0.103, 0.165, 0.658, 0.34, 0.597, 0.019, 0.346, 0.541, 0.101, 0.292, 0.491, 0.391, 0.445, 0.073, 0.383, 0.404, 0.099, 0.37, -0.386, 0.311, 0.394, 0.38, 0.358, 0.122, 0.367, 0.324, 0.354, 0.294, 0.177, 0.339, 0.267, 0.093, 0.424, 0.242, -0.116, 0.276, 0.346, 0.219, 0.327, 0.199, 0.309, 0.18, -0.081, 0.341, 0.292, 0.164, 0.275, 0.148, 0.113, 0.479, 0.135, -0.07, 0.358, 0.27, 0.122, 0.13, 0.454, 0.111, 0.263, 0.1, 0.321, 0.245, 0.091, 0.112, 0.435, 0.083, 0.235, 0.075, -0.273, 0.579, 0.218, 0.068, 0.202, 0.062, 0.187, 0.056, -0.109, 0.473, 0.173, 0.051, 0.389, 0.16, 0.046, 0.148, 0.042, 0.137, 0.038, 0.39, -0.685, 0.341, 0.439, 0.034, 0.182, 0.031, 0.113, 0.403, -0.6, -0.249, 0.357, 0.325, 0.087, 0.159, 0.301, -0.543, 0.154, 0.241, 0.124, -0.238, 0.385, 0.228, -0.503, 0.178, -0.403, 0.32, 0.206, 0.157, 0.059, 0.142, 0.062, 0.129, 0.164, -0.363, 0.282, 0.247, 0.117, -0.179, 0.741, 0.075, 0.106, -0.469, 0.672, 0.101, 0.096, 0.153, -0.244, 0.61, 0.133, 0.257, 0.087, 0.264, 0.106, 0.079, 0.101, 0.072, 0.258, 0.096, 0.065, 0.084, -0.209, 0.553, 0.072, 0.263, 0.059, 0.221, 0.096, 0.054, 0.091, 0.049]
SPE
[0.857, 0.857, 0.857, 0.857, 0.857, 0.857, 0.857, 0.857, 0.816, 0.816, 0.816, 0.778, 0.778, 0.778, 0.818, 0.857, 0.743, 0.876, 0.78, 0.816, 0.712, 0.754, 0.743, 0.685, 0.723, 0.818, 0.89, 0.714, 0.658, 0.706, 0.78, 0.68, 0.886, 0.745, 0.657, 0.697, 0.633, 0.634, 0.713, 0.613, 0.857, 0.684, 0.594, 0.683, 0.61, 0.914, 0.589, 0.59, 0.657, 0.572, 0.832, 0.633, 0.556, 0.61, 0.541, 0.804, 0.588, 0.526, 0.681, 0.569, 0.513, 0.911, 0.857, 0.568, 0.5, 0.551, 0.487, 0.533, 0.475, 0.885, 0.816, 0.517, 0.464, 0.502, 0.453, 0.679, 0.55, 0.443, 0.862, 0.778, 0.487, 0.433, 0.669, 0.533, 0.424, 0.473, 0.415, 0.814, 0.46, 0.406, 0.66, 0.517, 0.398, 0.448, 0.39, 0.857, 0.87, 0.436, 0.383, 0.425, 0.375, 0.415, 0.368, 0.851, 0.743, 0.405, 0.361, 0.803, 0.395, 0.355, 0.386, 0.349, 0.378, 0.342, 0.783, 0.745, 0.788, 0.502, 0.337, 0.369, 0.331, 0.669, 0.487, 0.937, 0.816, 0.754, 0.474, 0.336, 0.653, 0.461, 0.924, 0.638, 0.448, 0.341, 0.937, 0.724, 0.437, 0.816, 0.632, 0.929, 0.695, 0.44, 0.336, 0.361, 0.33, 0.354, 0.325, 0.618, 0.908, 0.669, 0.443, 0.321, 0.858, 0.816, 0.346, 0.316, 0.943, 0.778, 0.352, 0.311, 0.614, 0.936, 0.743, 0.601, 0.445, 0.307, 0.806, 0.345, 0.302, 0.339, 0.298, 0.79, 0.332, 0.294, 0.604, 0.916, 0.712, 0.593, 0.448, 0.29, 0.785, 0.326, 0.286, 0.32, 0.283]
action_selection_prob
[0.5, 0.5, 0.5, 0.5, 0.5, 0.376, 0.5, 0.5, 0.724, 0.791, 0.756, 0.819, 0.868, 0.875, 0.667, 0.209, 0.903, 0.911, 0.679, 0.233, 0.903, 0.907, 0.867, 0.922, 0.927, 0.224, 0.938, 0.896, 0.935, 0.936, 0.471, 0.945, 0.915, 0.8, 0.951, 0.927, 0.944, 0.955, 0.873, 0.959, 0.937, 0.906, 0.961, 0.944, 0.95, 0.963, 0.951, 0.963, 0.924, 0.964, 0.948, 0.936, 0.966, 0.944, 0.967, 0.953, 0.95, 0.968, 0.957, 0.956, 0.969, 0.961, 0.138, 0.954, 0.97, 0.958, 0.971, 0.961, 0.971, 0.963, 0.551, 0.963, 0.972, 0.965, 0.972, 0.964, 0.96, 0.973, 0.967, 0.779, 0.967, 0.973, 0.968, 0.963, 0.974, 0.968, 0.974, 0.97, 0.969, 0.974, 0.972, 0.966, 0.974, 0.97, 0.974, 0.027, 0.589, 0.971, 0.975, 0.972, 0.975, 0.973, 0.975, 0.928, 0.854, 0.973, 0.975, 0.934, 0.974, 0.975, 0.974, 0.975, 0.975, 0.975, 0.942, 0.025, 0.821, 0.968, 0.975, 0.987, 0.976, 0.944, 0.969, 0.976, 0.055, 0.878, 0.969, 0.975, 0.893, 0.97, 0.975, 0.897, 0.97, 0.974, 0.91, 0.905, 0.971, 0.026, 0.909, 0.971, 0.912, 0.971, 0.994, 0.987, 0.993, 0.988, 0.993, 0.914, 0.972, 0.926, 0.971, 0.993, 0.918, 0.109, 0.988, 0.993, 0.988, 0.58, 0.988, 0.993, 0.926, 0.972, 0.796, 0.931, 0.973, 0.993, 0.937, 0.988, 0.993, 0.988, 0.993, 0.942, 0.988, 0.993, 0.946, 0.974, 0.86, 0.948, 0.974, 0.993, 0.951, 0.988, 0.993, 0.988, 0.993]
results_dict
Dict{String,Any}("Surprise" => [1.0000000000000002, 1.0000000000000002, 1.0000000000000002, 1.0000000000000002, 1.0000000000000002, 1.0000000000000002, 1.0000000000000002, 1.0000000000000002, 0.7746517971184679, 0.7746517971184679, 0.7746517971184679, 0.6431275793344058, 0.6431275793344058, 0.6431275793344058, 0.7864670596868651, 1.0000000000000002, 0.5569281150635276, 1.1528626438725698, 0.6489147240667601, 0.7746517971184679, 0.4960678800731554, 0.5798347177438954, 0.5569281150635276, 0.45356450764403394, 0.5155507231781471, 0.7864670596868651, 1.301913008216782, 0.4997083701123681, 0.4178026763896263, 0.4860001317256145, 0.6489147240667601, 0.4469794723771079, 1.251600603785028, 0.5602356286774495, 0.41591947448718886, 0.47183365901413216, 0.38945641097433736, 0.3906095879578093, 0.4981581653389625, 0.36958837025324837, 0.997789217955721, 0.45222343592367925, 0.35185094956977897, 0.45040824192093837, 0.36642790358391, 1.6542654648903354, 0.34734478648345984, 0.34802664683952234, 0.4168394630487053, 0.33403582716758096, 0.8496302405614862, 0.38873672684751226, 0.3218327511238752, 0.3658730293247387, 0.31109465643987744, 0.7278039633308597, 0.3469059162712232, 0.30157220996984335, 0.44813557017999367, 0.3312706963739565, 0.29306971514276897, 1.6086060754730596, 1.0000000000000002, 0.33091615553834114, 0.28543140351889645, 0.31816696108502374, 0.2785317319292758, 0.30620685884666093, 0.2722683814310161, 1.243244412134215, 0.7746517971184679, 0.29577900238834326, 0.26655711828823125, 0.2866059390969494, 0.2613279631306242, 0.445602962423532, 0.31754448422920284, 0.2565222952203977, 1.0383836329552065, 0.6431275793344058, 0.2784735362358135, 0.2520906356979184, 0.4320447204073985, 0.3056858313828591, 0.24799093090039848, 0.271213857490487, 0.24418720880940692, 0.7668913491001104, 0.26469332072838525, 0.24064851724905817, 0.42049244356368926, 0.29601990483260043, 0.23734807718445322, 0.25880432667149156, 0.23426260191130566, 1.0000000000000002, 1.1019084292483798, 0.25345922522584835, 0.231371745394009, 0.248585890768716, 0.2286576520299125, 0.24412442653316416, 0.22610458671956715, 0.9563842383908524, 0.5569281150635276, 0.24002467528452667, 0.22369862900616927, 0.7236199828159643, 0.23624431492509387, 0.22142741869568408, 0.23274738456449964, 0.21927994311997692, 0.22950313155615704, 0.21724635829756234, 0.6576157913497388, 0.5602356286774495, 0.6728669477232049, 0.2868128829464823, 0.21531783785102926, 0.22648510074347447, 0.2134864447800287, 0.43153874343225557, 0.27865301792467284, 2.2693918759481164, 0.7746517971184679, 0.5815432197822206, 0.27137084737407446, 0.21502558376958558, 0.41190014047490936, 0.26483168042122057, 1.879066017205512, 0.39476786409232056, 0.2589270978418252, 0.21673459380013244, 2.268870437635463, 0.5170650517367736, 0.25356883345120956, 0.7746517971184679, 0.38822357500876953, 2.0142087003817206, 0.46911204101740256, 0.25498592430458444, 0.21499698622538826, 0.2236704085142047, 0.213338917226639, 0.22103915931066603, 0.21175504943668857, 0.3743677557508638, 1.5597636802967736, 0.432052938901586, 0.25628340470427646, 0.21024051268909708, 1.0054308572152564, 0.7746517971184679, 0.21857397299198636, 0.2087908539783374, 2.525329259411444, 0.6431275793344058, 0.2203063266190938, 0.207401993718386, 0.36967416037723333, 2.217991294623616, 0.5569281150635276, 0.3581682010097057, 0.25747571762947286, 0.20607018739359137, 0.7363641262378249, 0.2180030593214235, 0.2047919918416953, 0.21598638588562225, 0.20356423552895692, 0.6814066097204801, 0.21392746037190566, 0.202383992276467, 0.3610563667954658, 1.7099728585030254, 0.4960678800731554, 0.35099910784097765, 0.258575231297947, 0.2012485579789391, 0.6632163358083035, 0.21198114294602613, 0.2001554299256499, 0.21013843310414976, 0.19916418096764468],"trialByTrial_Vs" => [0.0, 0.0, 0.0, 0.0, 0.0, 0.0004957466431727946, 0.0, 0.0, 0.006791780072492964, 0.02513885717188388, 0.0930480865344646, 0.016104406213456837, 0.05377343879211337, 0.17743822666120398, 0.007241398439112646, 0.02513885717188388, 0.08503555304060223, 0.2539760257267749, 0.010766581342360429, 0.03254340739024229, 0.09355307126636508, 0.23243872551489228, 0.027775846556952727, 0.12454247285065756, 0.3038588334036865, 0.016282197177658404, 0.36863343691334344, 0.044940852258423925, 0.15714723044816162, 0.3419990742254599, 0.04028078968150861, 0.4032248013066871, 0.06317288193350398, 0.08695696353452823, 0.4587535916363248, 0.0773115535138592, 0.18901161796387883, 0.5091155342782162, 0.13277210070503714, 0.5547913945231212, 0.09738750148175507, 0.18034655276782174, 0.5962172033714221, 0.11652771411206819, 0.2284888548030699, 0.6337884199732462, 0.2532115978910181, 0.6057360614045647, 0.2260920171968852, 0.6424215664804116, 0.13320301698997375, 0.27047833073537475, 0.6756935555054006, 0.31282099818296827, 0.7058696496164186, 0.15600911014900276, 0.35311603993243607, 0.7332379159113225, 0.18285008073150608, 0.29208660455710667, 0.7580596173957199, 0.2037870495073005, 0.0930480865344646, 0.3913779107445556, 0.7805717070524645, 0.4290477887550317, 0.8009890898427566, 0.46449288721475057, 0.8195066742323703, 0.20269831448543074, 0.12894870084092697, 0.49780108529902994, 0.8363012328272901, 0.5290631702270878, 0.8515330898807616, 0.20602022176219556, 0.33758366350079916, 0.8653476517810411, 0.22947193152085102, 0.16912656161974213, 0.5583715352330114, 0.8778767951301877, 0.23403854559261877, 0.3855751119241445, 0.8892401256647802, 0.586604770512494, 0.8995461200364702, 0.2582974273165262, 0.6135697944099567, 0.9088931613520395, 0.29492908489828523, 0.4305992939687963, 0.9173704783584364, 0.6386119074511358, 0.9250589972384421, 0.3168221682805833, 0.04609708574493143, 0.6623376248726964, 0.932032114148379, 0.6842929789721023, 0.9383563958726653, 0.7046020115986273, 0.9440922152838018, 0.30755534771814136, 0.21006855880089328, 0.7233810085988606, 0.9492943276740249, 0.3105462867767742, 0.7407388692314408, 0.9540123934604005, 0.7567774739861786, 0.95829145225321, 0.7715920479061293, 0.9621723528131801, 0.35105519134445023, 0.7852715170649441, 0.10592372169887536, 0.4731980564329765, 0.9656921430020146, 0.7331176808837088, 0.9688844234487751, 0.37328327453191185, 0.514863234065676, 0.9717796683082832, 0.38982540640897656, 0.1488933270224312, 0.5362047587018641, 0.9127132252939391, 0.3779672025356034, 0.5686327125485665, 0.9208350926601029, 0.3966232858647154, 0.584011218984847, 0.8758232698507715, 0.4178395342740045, 0.19084649802085404, 0.6095859865176562, 0.8873776769832638, 0.4060221069855772, 0.6193751803280494, 0.22908374015065616, 0.5899366383902913, 0.8429754012335914, 0.7507980159051929, 0.8575862396876478, 0.7598539579138788, 0.87083756758089, 0.4150487336577265, 0.6130352458463636, 0.2651252189917139, 0.586367418919335, 0.8828558847696253, 0.4235890736905362, 0.25875831665558147, 0.76889822434984, 0.8937559205405845, 0.7785381001219016, 0.32772943695036516, 0.7517866906248448, 0.9036417288398987, 0.4255399601035138, 0.6123079188802946, 0.3902829264755808, 0.43774468829849694, 0.6049465055539797, 0.9126076815931152, 0.45720130430417993, 0.7636386798166106, 0.9207393695986865, 0.775460020669814, 0.9281144195950441, 0.4849365327373878, 0.7866438820283341, 0.9348032353011447, 0.5117719258957296, 0.6310239287629237, 0.4470159334944215, 0.5180877362253662, 0.6254786323703412, 0.9408696695046109, 0.5318349207902114, 0.7972065478509671, 0.9463716336133574, 0.8075118074092416, 0.9513616504896037, 0.0, 0.0, 0.0, 0.0, 0.0, 0.0, 0.0, 0.0, 0.0, 0.0, 0.0, 0.0, 0.0, 0.0, 0.0, 0.0, 0.0, 0.0, 0.0, 0.0, 0.0, 0.0, 0.0, 0.0, 0.0, 0.0, 0.0, 0.0, 0.0, 0.0, 0.0, 0.0, 0.0, 0.0, 0.0, 0.0, 0.0, 0.0, 0.0, 0.0, 0.0, 0.0, 0.0, 0.0, 0.0, 0.0, 0.0, 0.0, 0.0, 0.0, 0.0, 0.0, 0.0, 0.0, 0.0, 0.0, 0.0, 0.0],"final_V" => Dict{Int64,Any}(1 => [0.0, 0.29835237532061915, 0.8171710955974175, 0.9558873558437406, 0.651417829436794, 0.49847004276681267, 0.5551648606620749]),"nparticles" => 15,"trial_by_trial_p_sa_max" => [0.5, 0.5, 0.5, 0.5, 0.5, 0.375905399236049, 0.5, 0.5, 0.7238660128871554, 0.7906304930205114, 0.7563957538074099, 0.8191537297800151, 0.8678980510173738, 0.8747979735522785, 0.6670359185029872, 0.2093695069794886, 0.9026785739538954, 0.9107258267092353, 0.6792440114639411, 0.23308607739438397, 0.903017162217451, 0.9066259301744622, 0.8671595935272425, 0.9223396104092326, 0.9266703723765476, 0.2236057147877482, 0.9384524974950376, 0.8962732930521372, 0.9349426985905813, 0.936295381693282, 0.47119128317209474, 0.9448991292738983, 0.9147990133545622, 0.8003936746804379, 0.9508717283937086, 0.9274097830907797, 0.9436888955337592, 0.9552482221510972, 0.8734024644273257, 0.958581747237506, 0.9370360538158924, 0.9058595703066097, 0.961195640857346, 0.9443038414651949, 0.9504150349339706, 0.9632919058679467, 0.9512115206389423, 0.9625408409199886, 0.9240168869258109, 0.9644537169249298, 0.9484119130386166, 0.9356707752768804, 0.9660245407281579, 0.9437498336128048, 0.9673319881632876, 0.9533660384201224, 0.9496707974976996, 0.968432442671101, 0.9574832956371349, 0.9559583764012733, 0.9693673904544704, 0.9607218298552503, 0.13800241642519123, 0.9541869930263183, 0.9701680491250853, 0.957770515900431, 0.9708583680104007, 0.9606404740443077, 0.971457032271428, 0.9625901477653673, 0.550833430908681, 0.9629844618879011, 0.9719788369647551, 0.9649295485776753, 0.9724356509184234, 0.9644409245088973, 0.9598745767076706, 0.9728371066892624, 0.9667517567455153, 0.7789062844199531, 0.9665649284317077, 0.9731911034345573, 0.9682103010819664, 0.9630348257298665, 0.9735041794112724, 0.9679655673920445, 0.9737817919694722, 0.970023623303744, 0.9691714977100209, 0.9740285308292265, 0.9717255457438219, 0.9655402017816483, 0.9742482825227134, 0.9702087616117936, 0.9744443586040138, 0.026957439873447755, 0.5894496261849999, 0.9711127986512624, 0.9746195966416011, 0.9718994880744719, 0.9747764405308336, 0.9725880345859192, 0.9749170049269003, 0.9282784982673297, 0.853517148126547, 0.9731937283234273, 0.9750431273643648, 0.9341004714075193, 0.9737288969982795, 0.9751564107411035, 0.9742035924090928, 0.975258258197544, 0.9746260940244701, 0.9753499019458932, 0.9415637135578774, 0.024996715861102088, 0.8213131462991065, 0.9675733244430338, 0.975432427249881, 0.9873683579864843, 0.9755067924896604, 0.944442614745318, 0.9692665492772728, 0.9755738460451092, 0.05455219993158817, 0.8776549375505464, 0.9691988386558811, 0.9745702702299619, 0.893120648456784, 0.9704877898716411, 0.9747723217028449, 0.8966449557810015, 0.9704663375266559, 0.9740838325769012, 0.9097516940143615, 0.9053289294825096, 0.9714830025609277, 0.025618290926685452, 0.9090288162095839, 0.9713609239407311, 0.9123703425645916, 0.9708721359796889, 0.99383243214353, 0.9874863577191616, 0.9931233934140898, 0.9875784296391595, 0.9931479845640243, 0.9138907579721192, 0.9718274694420544, 0.9256107753852093, 0.9713843602957543, 0.9931701328531569, 0.9182373858292118, 0.10916179667571489, 0.987665730081139, 0.9931900943260611, 0.9877496018265401, 0.5804721649362818, 0.987763674227603, 0.9932080957644615, 0.9259638694955933, 0.9723422627182691, 0.7959591995648717, 0.9313571708601132, 0.9728887582999275, 0.993224338465004, 0.9370384962586346, 0.9878566601038764, 0.993239001454124, 0.9879439270183521, 0.9932522442365102, 0.9420592200209595, 0.9880245889996213, 0.9932642091550169, 0.9461243969838764, 0.9737197387250534, 0.8604177890513014, 0.9483524559359827, 0.97419594494244, 0.9932750234252015, 0.951027326929467, 0.9880991400089901, 0.993284800896043, 0.9881686551632679, 0.9932936435791461],"final_Tsas" => Dict{Tuple{Int64,Int64},Float64}[Dict((1, 6) => 0.3168930369020104,(2, 3) => 0.11887155767086605,(2, 6) => 0.11867016303088887,(2, 2) => 0.13593089106001363,(2, 1) => 1.0,(2, 5) => 0.14285714285714285,(1, 7) => 0.050551913201102444,(1, 4) => 0.12964520378030578,(1, 3) => 0.049699282360976337,(2, 4) => 0.7209691592040474,(1, 1) => 1.0,(1, 2) => 0.10148744032805844,(2, 7) => 0.12964520378030578,(1, 5) => 0.05898849501766822), Dict((1, 6) => 0.11385116051633161,(2, 3) => 0.28677065397480406,(2, 6) => 0.11867016303088887,(2, 2) => 0.13593089106001363,(2, 1) => 0.0,(2, 5) => 0.14285714285714285,(1, 7) => 0.06858274444548919,(1, 4) => 0.12964520378030578,(1, 3) => 0.049699282360976337,(2, 4) => 0.03628273110513276,(1, 1) => 0.0,(1, 2) => 0.10148744032805844,(2, 7) => 0.22212877731816533,(1, 5) => 0.10106846911450328), Dict((1, 6) => 0.11385116051633161,(2, 3) => 0.11887155767086605,(2, 6) => 0.287979021814667,(2, 2) => 0.13593089106001363,(2, 1) => 0.0,(2, 5) => 0.14285714285714285,(1, 7) => 0.229622388577989,(1, 4) => 0.12964520378030578,(1, 3) => 0.049699282360976337,(2, 4) => 0.04662572405373108,(1, 1) => 0.0,(1, 2) => 0.13768593004100738,(2, 7) => 0.12964520378030578,(1, 5) => 0.05898849501766822), Dict((1, 6) => 0.11385116051633161,(2, 3) => 0.11887155767086605,(2, 6) => 0.11867016303088887,(2, 2) => 0.13593089106001363,(2, 1) => 0.0,(2, 5) => 0.14285714285714285,(1, 7) => 0.050551913201102444,(1, 4) => 0.12964520378030578,(1, 3) => 0.6855236590553154,(2, 4) => 0.03628273110513276,(1, 1) => 0.0,(1, 2) => 0.10148744032805844,(2, 7) => 0.12964520378030578,(1, 5) => 0.5619090817003207), Dict((1, 6) => 0.11385116051633161,(2, 3) => 0.11887155767086605,(2, 6) => 0.11867016303088887,(2, 2) => 0.13593089106001363,(2, 1) => 0.0,(2, 5) => 0.14285714285714285,(1, 7) => 0.4103477694559471,(1, 4) => 0.12964520378030578,(1, 3) => 0.049699282360976337,(2, 4) => 0.049224037580311686,(1, 1) => 0.0,(1, 2) => 0.3548768683187006,(2, 7) => 0.12964520378030578,(1, 5) => 0.05898849501766822), Dict((1, 6) => 0.11385116051633161,(2, 3) => 0.11887155767086605,(2, 6) => 0.11867016303088887,(2, 2) => 0.1844146536399188,(2, 1) => 0.0,(2, 5) => 0.14285714285714285,(1, 7) => 0.1397913579172678,(1, 4) => 0.12964520378030578,(1, 3) => 0.06597992913980283,(2, 4) => 0.03628273110513276,(1, 1) => 0.0,(1, 2) => 0.10148744032805844,(2, 7) => 0.12964520378030578,(1, 5) => 0.10106846911450328), Dict((1, 6) => 0.11385116051633161,(2, 3) => 0.11887155767086605,(2, 6) => 0.11867016303088887,(2, 2) => 0.13593089106001363,(2, 1) => 0.0,(2, 5) => 0.14285714285714285,(1, 7) => 0.050551913201102444,(1, 4) => 0.22212877731816533,(1, 3) => 0.049699282360976337,(2, 4) => 0.07433288584651124,(1, 1) => 0.0,(1, 2) => 0.10148744032805844,(2, 7) => 0.12964520378030578,(1, 5) => 0.05898849501766822)],"gamma_surprise" => [0.00849212560146676, 0.00849212560146676, 0.00849212560146676, 0.00849212560146676, 0.00849212560146676, 0.00849212560146676, 0.00849212560146676, 0.00849212560146676, 0.00659105356046603, 0.00659105356046603, 0.00659105356046603, 0.005478122208330995, 0.005478122208330995, 0.005478122208330995, 0.006690910004226034, 0.00849212560146676, 0.004747366048505968, 0.009777561838666635, 0.005527144302505556, 0.00659105356046603, 0.004230776160021604, 0.004941661575805206, 0.004747366048505968, 0.003869683642745029, 0.004396207510907914, 0.006690910004226034, 0.011027734963701793, 0.004261692210186697, 0.00356566176718915, 0.0041452680547100695, 0.005527144302505556, 0.0038137162517751697, 0.010606088308144497, 0.004775425314667229, 0.003549646968779621, 0.004024923503237297, 0.0033245499274521637, 0.0033343610670151414, 0.004248527676388499, 0.003155483853464388, 0.008473510446377846, 0.003858286144600804, 0.0030044997133323696, 0.003842858761344071, 0.003128584736527876, 0.013970607948264857, 0.0029661351504152, 0.00297194056143124, 0.003557470639968544, 0.002852808117363261, 0.007224391969157728, 0.0033184268133095276, 0.002748875141059985, 0.0031238619842844854, 0.0026574014140768785, 0.006194922374980314, 0.0029623985402340743, 0.0025762692898370822, 0.0038235425886448955, 0.0028292595377257344, 0.0025038160922066267, 0.013590245565031417, 0.00849212560146676, 0.002826240094460792, 0.0024387179729851594, 0.002717649562350674, 0.0023799076678135494, 0.002615758575482491, 0.002326515128716536, 0.010536023836045813, 0.00659105356046603, 0.002526904167349841, 0.002277823929926452, 0.0024487285988172326, 0.002233238759929329, 0.0038020162530739664, 0.0027123470458914295, 0.0021922608411258735, 0.008815210839496088, 0.005478122208330995, 0.0023794115992803737, 0.0021544691076832356, 0.0036867598178078158, 0.0026113193439729686, 0.0021195056256721905, 0.002317525174939566, 0.0020870641794947784, 0.0065254553720084174, 0.002261933152398226, 0.0020568812498241535, 0.003588534725158265, 0.0025289570443786484, 0.002028728817774724, 0.002211720137529515, 0.0020024085778328235, 0.00849212560146676, 0.009349453586026733, 0.0021661402941379436, 0.0019777472477588865, 0.0021245797694891618, 0.0019545927401625348, 0.0020865287000104097, 0.0019328110164486452, 0.00812474440402995, 0.004747366048505968, 0.0020515600604131645, 0.0019122834852627682, 0.006159528526760437, 0.0020193134788596906, 0.0018929048385222425, 0.0019894827077633136, 0.0018745812414670468, 0.0019618058209910456, 0.0018572288109261184, 0.005600840732479599, 0.004775425314667229, 0.00572998885715409, 0.002450492370841441, 0.001840772329617765, 0.001936057468950378, 0.0018251441548316877, 0.0036824580726915316, 0.0023809415256470486, 0.01906642789799083, 0.00659105356046603, 0.004956150178575089, 0.0023188635443845518, 0.001838278415099912, 0.003515464724936939, 0.00226311282746777, 0.015839024114441838, 0.003369737751067487, 0.0022127670080687, 0.0018528618668797515, 0.019062130512844822, 0.00440906356912905, 0.0021670750096593134, 0.00659105356046603, 0.003314060841862381, 0.01695885029449923, 0.0040017999572604795, 0.002179159499934579, 0.0018380343807790683, 0.0019120427041883637, 0.0018238852086048158, 0.0018895920178258919, 0.0018103688596375934, 0.0031961590284099507, 0.013183042389166068, 0.003686829689983521, 0.002190223734446398, 0.0017974438228353694, 0.008537851361442101, 0.00659105356046603, 0.0018685573183736535, 0.0017850721408286024, 0.02117117691146223, 0.005478122208330995, 0.0018833390676885281, 0.001773219037506267, 0.003156214003426065, 0.01864263365073826, 0.004747366048505968, 0.00305827854634594, 0.00220039093937798, 0.0017618525914868172, 0.006267328124088348, 0.0018636857558959295, 0.0017509434490093232, 0.0018464772557765438, 0.0017404645708007126, 0.005802288811374529, 0.001828907601788038, 0.0017303910083178449, 0.003082863601833196, 0.014434277451518878, 0.004230776160021604, 0.002997247531114382, 0.002209766633968697, 0.0017206997054620273, 0.005648270530178243, 0.0018122983099772023, 0.0017113693224450764, 0.0017965726649517674, 0.001702908376587564],"final_PolicyParameters" => Dict{Int64,Any}(1 => [0.0 0.0; 0.9532282855871451 0.3171866387645053; 1.3099527650856977 0.25213495381552475; -0.15103789396727826 1.042657821668951; 0.8738007485819338 0.0; 1.440437653337749 0.9384688652350011; 1.1448619839824867 0.42302886536388595]),"particlefilterseeds" => [1, 2, 3])
POPULATION_SIGNALS
subject_id: 8
algorithm_name: Actor-Critic (TD-Lambda, ReplTrc) modulated Actor
param_string: alpha(actor)=0.7972,
                surpriseprobability=0.0043,
                stochasticity=2.7816,
                eta(critic)=0.0,
                gamma=0.9966,
                lambda_actor=0.7939,
                lambda_critic=0.305,
                temp=0.392,
                nparticles=15,
                init_policy=nothing,
                init_Vs=nothing,
                use_replacing_trace=true
param_vector: [0.7972414808175023, 0.004336552046615557, 2.7816353998652787, 3.24411867293681e-5, 0.9966448663088217, 0.7939275473003868, 0.3049775441960644, 0.39196929107560724, 15.0]
LL: -43.859
RPE
[0.0, 0.0, 0.0, 0.0, 1.0, -0.0, 0.0, 1.0, 0.0, 0.0, 1.0, 0.0, 0.0, 1.0, 0.0, 0.0, 0.0, -0.0, 0.0, 0.0, 0.0, 1.0, 0.0, 0.0, 1.0, 0.0, -0.0, 0.0, 0.0, 1.0, 0.0, 1.0, -0.0, 0.0, 1.0, 0.0, 0.0, 1.0, 0.0, 1.0, 0.0, 0.0, 1.0, 0.0, 0.0, -0.0, 0.0, 1.0, 0.0, 1.0, 0.0, 0.0, 1.0, 0.0, 1.0, 0.0, 0.0, 1.0, 0.0, 0.0, 0.999, -0.0, 0.0, 0.0, 0.999, 0.0, 0.999, 0.001, 0.999, 0.0, 0.0, 0.001, 0.999, 0.001, 0.999, 0.0, 0.001, 0.999, 0.0, 0.0, 0.001, 0.999, 0.0, 0.001, 0.999, 0.001, 0.999, 0.0, 0.001, 0.999, 0.0, 0.001, 0.999, 0.001, 0.999, -0.0, 0.0, 0.001, 0.999, 0.001, 0.999, 0.001, 0.999, -0.0, 0.0, 0.001, 0.999, 0.0, 0.001, 0.999, 0.001, 0.999, 0.001, 0.999, 0.0, -0.0, 0.0, 0.001, 0.999, 0.001, 0.999, 0.0, 0.001, -0.001, -0.0, 0.0, 0.001, 0.999, 0.0, 0.001, -0.001, 0.0, 0.001, 0.999, -0.0, 0.0, 0.001, -0.001, 0.0, -0.0, 0.0, 0.001, 0.999, 0.001, 0.999, 0.001, 0.999, 0.0, -0.0, 0.0, 0.001, 0.999, -0.0, 1.0, 0.001, 0.999, -0.0, 1.0, 0.001, 0.999, 0.0, -0.0, 1.0, 0.0, 0.001, 0.999, 0.0, 0.001, 0.998, 0.001, 0.998, 0.0, 0.001, 0.998, 0.0, -0.0, 1.0, 0.0, 0.001, 0.998, 0.0, 0.001, 0.998, 0.001, 0.998]
SPE
[0.857, 0.857, 0.857, 0.857, 0.857, 0.857, 0.857, 0.857, 0.815, 0.815, 0.815, 0.777, 0.78, 0.777, 0.815, 0.857, 0.747, 0.876, 0.777, 0.815, 0.714, 0.754, 0.743, 0.684, 0.723, 0.815, 0.891, 0.711, 0.657, 0.705, 0.78, 0.68, 0.886, 0.745, 0.656, 0.694, 0.632, 0.633, 0.713, 0.612, 0.857, 0.683, 0.593, 0.68, 0.608, 0.914, 0.587, 0.586, 0.656, 0.568, 0.832, 0.631, 0.552, 0.608, 0.537, 0.804, 0.587, 0.522, 0.679, 0.567, 0.51, 0.912, 0.857, 0.567, 0.496, 0.548, 0.484, 0.531, 0.472, 0.884, 0.815, 0.514, 0.461, 0.499, 0.45, 0.678, 0.548, 0.44, 0.861, 0.777, 0.485, 0.43, 0.668, 0.531, 0.421, 0.472, 0.412, 0.814, 0.459, 0.403, 0.659, 0.514, 0.395, 0.447, 0.387, 0.857, 0.87, 0.435, 0.379, 0.424, 0.372, 0.413, 0.365, 0.85, 0.743, 0.403, 0.358, 0.803, 0.394, 0.351, 0.385, 0.345, 0.376, 0.339, 0.783, 0.743, 0.787, 0.499, 0.333, 0.368, 0.327, 0.668, 0.484, 0.939, 0.815, 0.754, 0.471, 0.333, 0.652, 0.458, 0.925, 0.637, 0.446, 0.337, 0.937, 0.723, 0.434, 0.821, 0.631, 0.929, 0.694, 0.437, 0.332, 0.36, 0.327, 0.352, 0.322, 0.617, 0.909, 0.668, 0.44, 0.317, 0.857, 0.815, 0.345, 0.312, 0.944, 0.777, 0.35, 0.308, 0.613, 0.936, 0.743, 0.6, 0.443, 0.303, 0.806, 0.343, 0.299, 0.337, 0.295, 0.791, 0.33, 0.29, 0.604, 0.917, 0.711, 0.593, 0.445, 0.286, 0.784, 0.324, 0.283, 0.318, 0.279]
action_selection_prob
[0.5, 0.5, 0.5, 0.5, 0.5, 0.402, 0.5, 0.5, 0.653, 0.69, 0.625, 0.745, 0.786, 0.781, 0.589, 0.31, 0.838, 0.848, 0.589, 0.31, 0.838, 0.848, 0.802, 0.87, 0.883, 0.316, 0.906, 0.839, 0.892, 0.906, 0.443, 0.921, 0.865, 0.66, 0.932, 0.884, 0.908, 0.94, 0.77, 0.947, 0.898, 0.829, 0.952, 0.909, 0.919, 0.956, 0.919, 0.956, 0.865, 0.96, 0.915, 0.888, 0.963, 0.905, 0.965, 0.923, 0.917, 0.968, 0.93, 0.928, 0.97, 0.935, 0.266, 0.927, 0.971, 0.934, 0.973, 0.941, 0.974, 0.939, 0.48, 0.946, 0.976, 0.95, 0.977, 0.943, 0.936, 0.978, 0.946, 0.641, 0.954, 0.979, 0.949, 0.942, 0.98, 0.957, 0.98, 0.952, 0.96, 0.981, 0.955, 0.947, 0.982, 0.962, 0.983, 0.043, 0.519, 0.964, 0.983, 0.966, 0.984, 0.968, 0.984, 0.895, 0.738, 0.969, 0.985, 0.905, 0.971, 0.985, 0.972, 0.986, 0.973, 0.986, 0.915, 0.026, 0.665, 0.951, 0.986, 0.935, 0.987, 0.92, 0.954, 0.987, 0.08, 0.753, 0.954, 0.987, 0.825, 0.957, 0.987, 0.825, 0.957, 0.987, 0.855, 0.807, 0.96, 0.012, 0.855, 0.96, 0.807, 0.96, 0.988, 0.941, 0.978, 0.946, 0.979, 0.869, 0.963, 0.842, 0.963, 0.98, 0.88, 0.202, 0.95, 0.981, 0.954, 0.561, 0.957, 0.981, 0.899, 0.965, 0.757, 0.91, 0.967, 0.982, 0.919, 0.96, 0.983, 0.962, 0.983, 0.926, 0.964, 0.984, 0.933, 0.968, 0.836, 0.938, 0.97, 0.984, 0.942, 0.966, 0.985, 0.968, 0.985]
results_dict
Dict{String,Any}("Surprise" => [1.0000000000000002, 1.0000000000000002, 1.0000000000000002, 1.0000000000000002, 1.0000000000000002, 1.0000000000000002, 1.0000000000000002, 1.0000000000000002, 0.773340693506996, 0.773340693506996, 0.773340693506996, 0.6414854812363958, 0.6488609017247907, 0.6414854812363958, 0.773340693506996, 1.0000000000000002, 0.5641462705099758, 1.154071748077475, 0.6414854812363958, 0.773340693506996, 0.49910836113874424, 0.5799507819832401, 0.5552420044528426, 0.45199768611850555, 0.5154982401767637, 0.773340693506996, 1.308143496154949, 0.4944329462714055, 0.41610822913767154, 0.4847006230559506, 0.6488609017247907, 0.4457341938236775, 1.2567862467957907, 0.5594514612088201, 0.4147352068254919, 0.46761099306594767, 0.38778518034560455, 0.38948671353747955, 0.497091077968736, 0.3685244445771674, 1.0000000000000002, 0.45105488948365596, 0.3508423720572517, 0.4468976863674649, 0.36483304287820834, 1.663359493615944, 0.3458418568622014, 0.34468168610388394, 0.41565010864945645, 0.33097888085986443, 0.8506189505151652, 0.38756405061409926, 0.3190132196341054, 0.3647344405765585, 0.30847414814562407, 0.7282034471656257, 0.3458089514163325, 0.2991209718753638, 0.4450241491677154, 0.3298603378567221, 0.2912774877128944, 1.6162869923098981, 1.0000000000000002, 0.3298633279284204, 0.28369703042812106, 0.3162441573307976, 0.27685167452822856, 0.304476297063539, 0.270639330405043, 1.2266593064930045, 0.773340693506996, 0.29420588880920445, 0.26497600025902696, 0.28516394183545246, 0.25979193556437513, 0.4434981542711999, 0.31622156426454423, 0.2550287350709065, 1.0298762098969667, 0.6414854812363958, 0.2771423066512186, 0.2506371250093126, 0.43010579716611413, 0.3044432892846361, 0.2465752412731172, 0.2704632569797792, 0.2428072858345071, 0.7682817670410611, 0.263966349790961, 0.23930246553061665, 0.4188090024340917, 0.2941677615748103, 0.2360341462748998, 0.2581002107082089, 0.2329791733062338, 1.0000000000000002, 1.1027144987183164, 0.2527770755087194, 0.23011732062671814, 0.24792476540308928, 0.2274308418442099, 0.24348336960774272, 0.2249041012652269, 0.9505824449392047, 0.5552420044528426, 0.23940274175048024, 0.22252326898432295, 0.7246263757237659, 0.2356405860647365, 0.2202760673746525, 0.23216097722432083, 0.21815155914146192, 0.2289332032415952, 0.2161399691960969, 0.6583779827563756, 0.5552420044528426, 0.6713616911333633, 0.28512378492084894, 0.2142325342144606, 0.22593085197417553, 0.2124213749845861, 0.4298831285857652, 0.27710192666438926, 2.352757362799947, 0.773340693506996, 0.5799507819832401, 0.26993782173161907, 0.214280876144145, 0.41046538636955326, 0.2635006340561422, 1.8967024838246616, 0.39350844643703536, 0.25768490102321023, 0.21562031090334163, 2.283931233978954, 0.5154982401767637, 0.25240465408585994, 0.7974403297896184, 0.3870851057938693, 2.0263081877189246, 0.46761099306594756, 0.25386836688115594, 0.21389096284001713, 0.22313108337960622, 0.21224082920015275, 0.22051404486089302, 0.21066459328069578, 0.37335026321923326, 1.5660279504066883, 0.43062997126062574, 0.25520887148764787, 0.20915740412265516, 1.0000000000000002, 0.773340693506996, 0.218062397894525, 0.20771482657704948, 2.536739776323397, 0.6414854812363958, 0.21981687002523687, 0.20633279766279028, 0.3686842170715385, 2.2317246163448408, 0.5552420044528426, 0.3572682208887388, 0.2564410781978424, 0.2050075883102636, 0.7371167022373389, 0.21752544267579155, 0.20373576973059004, 0.21536631686961144, 0.20251418377073166, 0.6819989452978285, 0.2133283490608944, 0.2013399167138285, 0.3606992890559319, 1.7171256980646052, 0.4944329462714055, 0.3506981049299624, 0.2575776168788475, 0.20021027606638162, 0.6604885600138549, 0.2114016138291059, 0.19912276994231562, 0.20957724175683334, 0.19807508871109572],"trialByTrial_Vs" => [0.0, 0.0, 0.0, 0.0, 0.0, 2.7690444092683574e-7, 0.0, 0.0, 2.9971834568972844e-6, 9.860638325553667e-6, 3.24411867293681e-5, 5.994712852295524e-6, 1.972168576904001e-5, 6.488132102813979e-5, 3.274078914715446e-6, 9.860638325553667e-6, 2.9583142293536855e-5, 9.732040293045717e-5, 3.274601371050528e-6, 9.861663705444908e-6, 2.9584439239324376e-5, 9.731753646874015e-5, 8.992588176977148e-6, 3.944630469943731e-5, 0.00012975556610173565, 4.186127673470537e-6, 0.00016219254340655467, 1.199125260799068e-5, 4.930857916871333e-5, 0.00016218837242408293, 4.466827677511512e-6, 0.0001946242975701759, 1.4990262905677423e-5, 1.4331694633458273e-5, 0.00022705917045636446, 1.7988833016652512e-5, 5.91712625036356e-5, 0.00025949299111678516, 2.419697042827311e-5, 0.0002919257595855735, 2.0988535006977813e-5, 3.406338384461671e-5, 0.00032435747589686374, 2.398801851509913e-5, 6.903581249287005e-5, 0.00035678814008478923, 6.90422690711928e-5, 0.00035678162330645514, 4.3930205978725756e-5, 0.00038921123561655994, 2.4268501595530562e-5, 5.379816539589979e-5, 0.00042163979587155623, 6.36665334097632e-5, 0.00045406730410557395, 2.7268986646158326e-5, 7.353530998341993e-5, 0.0004864937603527419, 3.0270260861404282e-5, 7.890868498324013e-5, 0.0005189191646471877, 3.327177993818954e-5, 3.24411867293681e-5, 8.340449507997589e-5, 0.000551343517023038, 9.327481729298419e-5, 0.0005837668175144184, 0.00010314554790783412, 0.000616189066155453, 3.418415072113442e-5, 3.544295787761481e-5, 0.00011301668688763977, 0.0006486102629802654, 0.0001228882341955172, 0.0006810304080229775, 3.5096963560364335e-5, 8.877842441521801e-5, 0.0007134495013177105, 3.809987655743936e-5, 3.84459614492203e-5, 0.00013276018979458442, 0.0007458675428985845, 3.901296662178667e-5, 9.865221508925838e-5, 0.000778284532799718, 0.00014263328213659236, 0.000810700471055229, 4.2016417307301276e-5, 0.00015250751109013158, 0.000843115357699234, 4.50214235961691e-5, 0.0001085271423994406, 0.0008755291927658486, 0.00016238214812969967, 0.0009079419762891872, 4.8025565483767364e-5, 1.2859856764734635e-5, 0.0001722579215889005, 0.0009403537083033631, 0.00018213410301313467, 0.0009727643888424885, 0.00019201069236553887, 0.0010051740179406745, 4.8938432144537715e-5, 4.1449975573292034e-5, 0.00020188768960925177, 0.0010375825956320311, 4.9852315900730735e-5, 0.00021176509470741397, 0.0010699901219506673, 0.00022164290762316806, 0.0011023965969306907, 0.0002315211283196586, 0.001134802020606208, 5.2859949241456146e-5, 0.0002413997567600321, 1.5866916926424376e-5, 0.00011840393460846519, 0.0011672063930113247, 0.00024230652083715676, 0.0011996097141801455, 5.314165426525673e-5, 0.00012828696088630344, 0.0012320119841467735, 5.31513869931131e-5, 1.8874218832689023e-5, 0.00012831100327704287, 0.0012319747246100432, 5.406452778181194e-5, 0.00013819516358019873, 0.0012643759446173243, 5.407467704088038e-5, 0.00013821987531232758, 0.0012643408628565437, 5.7081848163338816e-5, 2.1882088185910558e-5, 0.00014810444140586022, 0.0012967410328678902, 5.7084243718121135e-5, 0.00014812960910141602, 2.189378172227213e-5, 0.0001481267513043643, 0.0012967017564297436, 0.0002521862557258971, 0.0013291008766152992, 0.0002620685799913711, 0.0013614989457349468, 5.7363900340620024e-5, 0.00015801172330997304, 2.490244049041477e-5, 0.00015800870964878907, 0.0013938959638227844, 5.7643872367580073e-5, 4.445743817835498e-5, 0.00027195131170233396, 0.001426291930912909, 0.0002818351788145288, 7.689718265566962e-5, 0.00029168840208313785, 0.0014586868470394157, 6.75036396918927e-5, 0.00016789554520163402, 0.00010933587474917623, 7.050315295418529e-5, 0.00017775319375985617, 0.0014910807122363993, 7.351222825688515e-5, 0.0003015723568696607, 0.0015234735265379532, 0.00031145744687603814, 0.0015558652899781698, 7.652420962412288e-5, 0.00032134294409648113, 0.0015882560025911399, 7.953698004624525e-5, 0.00018764157268509368, 0.0001417735144930154, 8.25367682206963e-5, 0.00019749930958778614, 0.001620645664410954, 8.554678184421007e-5, 0.00033122884849416537, 0.0016530342754717008, 0.00034111588785954545, 0.0016854218358074683, 0.0, 0.0, 0.0, 0.0, 0.0, 0.0, 0.0, 0.0, 0.0, 0.0, 0.0, 0.0, 0.0, 0.0, 0.0, 0.0, 0.0, 0.0, 0.0, 0.0, 0.0, 0.0, 0.0, 0.0, 0.0, 0.0, 0.0, 0.0, 0.0, 0.0, 0.0, 0.0, 0.0, 0.0, 0.0, 0.0, 0.0, 0.0, 0.0, 0.0, 0.0, 0.0, 0.0, 0.0, 0.0, 0.0, 0.0, 0.0, 0.0, 0.0, 0.0, 0.0, 0.0, 0.0, 0.0, 0.0, 0.0, 0.0],"final_V" => Dict{Int64,Any}(1 => [0.0, 2.7911887591977382e-5, 0.00035100333428130073, 0.001717808345452343, 0.0002073899594708321, 0.00017421010192132655, 8.855992417614208e-5]),"nparticles" => 15,"trial_by_trial_p_sa_max" => [0.5, 0.5, 0.5, 0.5, 0.5, 0.4020539440890753, 0.5, 0.5, 0.6533841547117566, 0.6902276159023754, 0.6250215447292777, 0.7453290759582083, 0.7855039345052653, 0.7809127897021733, 0.5893356467791835, 0.3097723840976247, 0.8378421883842408, 0.8475240353263961, 0.5893392308487787, 0.3097776041258733, 0.8378425009212875, 0.8475223181893567, 0.8017474551914753, 0.870180871323291, 0.8833555182475177, 0.3156165505390884, 0.905617561236645, 0.8387756315520335, 0.8919677589114116, 0.9056167433419114, 0.4428961141805859, 0.9207635125491594, 0.8645984148487551, 0.6604858930681876, 0.9317294829919374, 0.883513409670036, 0.907583481422682, 0.9400329863766048, 0.7704561824450025, 0.946537546513298, 0.8979099713399714, 0.8291650356945052, 0.9517700874453602, 0.9092092765223805, 0.9193052316618111, 0.9560702226095799, 0.9193059605932183, 0.9560699993107935, 0.8646236799037136, 0.9596663078533596, 0.9150026707101643, 0.888130783655916, 0.9627185212252233, 0.9047859269680301, 0.965341375107575, 0.9230404848671314, 0.9171766959459258, 0.9676194774691272, 0.9297116139972451, 0.9284162419303257, 0.9696165844530124, 0.9353335381943526, 0.2664839858556945, 0.9267428397316796, 0.9713816453346668, 0.9343456084462076, 0.9729528745894851, 0.9405296485167522, 0.9743605307859614, 0.9391599688527615, 0.48013368128287515, 0.94565627486237, 0.9756288873425911, 0.949974168275272, 0.9767776423147625, 0.9425660798352866, 0.9356954537272089, 0.9778229477020525, 0.9463955156066083, 0.6414896582135697, 0.9536599578999223, 0.9787781728967888, 0.9490676686048904, 0.9416419108026212, 0.9796544790671117, 0.9568425671991951, 0.9804612569258975, 0.9521098598598378, 0.9596181012969207, 0.9812064643432525, 0.9548124154313508, 0.9465884850439741, 0.9818968895508754, 0.9620596665682389, 0.9825383583904873, 0.042771268366516735, 0.5188871331392733, 0.9642239943538248, 0.9831358990084617, 0.9661555996162354, 0.9836938738520048, 0.9678900091615266, 0.9842160862974914, 0.8951580447080627, 0.7384540315978447, 0.9694558824358612, 0.9847058674218113, 0.9046594339881944, 0.9708765918124292, 0.9851661471006931, 0.9721713862673826, 0.9855995126399693, 0.973356261043165, 0.9860082574176119, 0.9146216446199765, 0.025555383629297098, 0.6654772588274056, 0.9507668234433562, 0.9863944214671252, 0.9346508707443361, 0.9867598255179462, 0.9197859446486238, 0.9543426599664915, 0.9871060996912665, 0.080211493098014, 0.7527849755326026, 0.9543434983455381, 0.9871059055729758, 0.8254005757999996, 0.9574373620108816, 0.9874345184153092, 0.8254117615744065, 0.9574381485102132, 0.987434381265171, 0.8551556348557786, 0.8066104841598924, 0.9601409764598166, 0.0122533512324535, 0.8551617603708233, 0.9601416649889313, 0.8066259453891238, 0.9601415846004522, 0.987764425882257, 0.9407821207277507, 0.9780013883946544, 0.9458686802370718, 0.97894123040097, 0.868878154560565, 0.9625229259227907, 0.8421522270834462, 0.9625228500919839, 0.9798040189028182, 0.8803295689993456, 0.20249575487408095, 0.950155377164406, 0.9805988560557249, 0.953816451285525, 0.5611295593904776, 0.9569721542089813, 0.9813334648044929, 0.8991192126489977, 0.964636813551048, 0.7569085397395149, 0.9101622051165174, 0.9665224525617223, 0.982014440561501, 0.9190823802930451, 0.9597320243515579, 0.9826474497182848, 0.9621606422084092, 0.9832373876470202, 0.9264178776449531, 0.964314072150089, 0.9837885055186544, 0.9325520362456229, 0.9682209292259769, 0.8360284821452217, 0.9377462409985421, 0.9697534859718852, 0.9843045128886682, 0.9422138789680022, 0.9662364561885126, 0.9847886612854521, 0.9679630155934817, 0.9852438127825625],"final_Tsas" => Dict{Tuple{Int64,Int64},Float64}[Dict((1, 6) => 0.31798835376487855,(2, 3) => 0.11851145373218272,(2, 6) => 0.11851145373218272,(2, 2) => 0.13587878234940565,(2, 1) => 1.0,(2, 5) => 0.14285714285714285,(1, 7) => 0.05014535423596005,(1, 4) => 0.13022389038258364,(1, 3) => 0.04939232170097127,(2, 4) => 0.7249236475823594,(1, 1) => 1.0,(1, 2) => 0.1012555079081332,(2, 7) => 0.1295504348797314,(1, 5) => 0.05861664217116399), Dict((1, 6) => 0.11366860770585357,(2, 3) => 0.28893127760690396,(2, 6) => 0.11851145373218272,(2, 2) => 0.13587878234940565,(2, 1) => 0.0,(2, 5) => 0.14285714285714285,(1, 7) => 0.0681726464678567,(1, 4) => 0.13022389038258364,(1, 3) => 0.04939232170097127,(2, 4) => 0.03617257022804377,(1, 1) => 0.0,(1, 2) => 0.1012555079081332,(2, 7) => 0.2226973907216118,(1, 5) => 0.10076209529129818), Dict((1, 6) => 0.11366860770585357,(2, 3) => 0.11851145373218272,(2, 6) => 0.28893127760690396,(2, 2) => 0.13587878234940565,(2, 1) => 0.0,(2, 5) => 0.14285714285714285,(1, 7) => 0.23041827655492644,(1, 4) => 0.13022389038258364,(1, 3) => 0.04939232170097127,(2, 4) => 0.0491766361921869,(1, 1) => 0.0,(1, 2) => 0.13765693848851662,(2, 7) => 0.1295504348797314,(1, 5) => 0.05861664217116399), Dict((1, 6) => 0.11366860770585357,(2, 3) => 0.11851145373218272,(2, 6) => 0.11851145373218272,(2, 2) => 0.13587878234940565,(2, 1) => 0.0,(2, 5) => 0.14285714285714285,(1, 7) => 0.05014535423596005,(1, 4) => 0.13022389038258364,(1, 3) => 0.6873178283040655,(2, 4) => 0.03617257022804377,(1, 1) => 0.0,(1, 2) => 0.1012555079081332,(2, 7) => 0.1295504348797314,(1, 5) => 0.5640092407327473), Dict((1, 6) => 0.11366860770585357,(2, 3) => 0.11851145373218272,(2, 6) => 0.11851145373218272,(2, 2) => 0.13587878234940565,(2, 1) => 0.0,(2, 5) => 0.14285714285714285,(1, 7) => 0.4106911988738931,(1, 4) => 0.13022389038258364,(1, 3) => 0.04939232170097127,(2, 4) => 0.04547695965188213,(1, 1) => 0.0,(1, 2) => 0.3560655219708173,(2, 7) => 0.1295504348797314,(1, 5) => 0.05861664217116399), Dict((1, 6) => 0.11366860770585357,(2, 3) => 0.11851145373218272,(2, 6) => 0.11851145373218272,(2, 2) => 0.18472730590356617,(2, 1) => 0.0,(2, 5) => 0.14285714285714285,(1, 7) => 0.14028181539544327,(1, 4) => 0.13022389038258364,(1, 3) => 0.06572056319107829,(2, 4) => 0.03617257022804377,(1, 1) => 0.0,(1, 2) => 0.1012555079081332,(2, 7) => 0.1295504348797314,(1, 5) => 0.10076209529129818), Dict((1, 6) => 0.11366860770585357,(2, 3) => 0.11851145373218272,(2, 6) => 0.11851145373218272,(2, 2) => 0.13587878234940565,(2, 1) => 0.0,(2, 5) => 0.14285714285714285,(1, 7) => 0.05014535423596005,(1, 4) => 0.21865665770449771,(1, 3) => 0.04939232170097127,(2, 4) => 0.0719050458894404,(1, 1) => 0.0,(1, 2) => 0.1012555079081332,(2, 7) => 0.1295504348797314,(1, 5) => 0.05861664217116399)],"gamma_surprise" => [0.004336552046615559, 0.004336552046615559, 0.004336552046615559, 0.004336552046615559, 0.004336552046615559, 0.004336552046615559, 0.004336552046615559, 0.004336552046615559, 0.0033569317621218275, 0.0033569317621218275, 0.0033569317621218275, 0.0027861668771766786, 0.00281811030082648, 0.0027861668771766786, 0.0033569317621218275, 0.004336552046615559, 0.0024510824607697295, 0.00500135059790562, 0.0027861668771766786, 0.0033569317621218275, 0.002169121025296457, 0.002519576323337103, 0.0024124888571078833, 0.001964780675282721, 0.002240191741627144, 0.0033569317621218275, 0.005665261977492279, 0.002148845371999724, 0.0018090556610090773, 0.0021066370175304577, 0.00281811030082648, 0.001937606766972996, 0.005444056649283085, 0.002430734203607114, 0.0018030971267931338, 0.0020325119356422285, 0.001686127118772256, 0.0016935130187820937, 0.0021603728686500397, 0.0016025138007975893, 0.004336552046615559, 0.0019606904847686265, 0.0015257413299125454, 0.0019426546442822658, 0.0015864873543768266, 0.007192554246063929, 0.0015040278245284614, 0.001498989933839454, 0.0018070675536621806, 0.0014394834371650278, 0.0036911444693200073, 0.0016851672457896482, 0.001387514948927752, 0.00158605925939363, 0.0013417378527239363, 0.0031616186222396853, 0.001503884937608161, 0.0013011082490812069, 0.0019345261735326175, 0.001434625682503525, 0.0012670341033695633, 0.006990430315656466, 0.004336552046615559, 0.001434638668240472, 0.0012341004056344797, 0.001375487765345489, 0.0012043585284212334, 0.0013243718460819443, 0.001177365443692087, 0.005314248445630676, 0.0033569317621218275, 0.001279756115289464, 0.001152756593089542, 0.0012404736493404156, 0.0011302292300835245, 0.0019279054412688647, 0.0013753896331169032, 0.001109529837504018, 0.004465533232468495, 0.0027861668771766786, 0.0012056213103011702, 0.0010904445016011216, 0.0018697971465147113, 0.0013242284632129988, 0.0010727914619123508, 0.0011766003706569282, 0.0010564152834746468, 0.003335045116596662, 0.001148369234735424, 0.0010411822533073728, 0.001820776056911409, 0.001279590479156905, 0.0010269767110277792, 0.0011228776165927812, 0.0010136980995269225, 0.004336552046615559, 0.004779849743219105, 0.001099744524512173, 0.0010012585759617766, 0.0010786565938823622, 0.0009895810626030723, 0.0010593536986517823, 0.0009785976458116252, 0.004123133842080021, 0.0024124888571078833, 0.0010416180911468533, 0.0009682482526575341, 0.0031461370215855517, 0.0010252660992902559, 0.0009584795505570649, 0.0010101417043945349, 0.0009492440272552209, 0.0009961115201638957, 0.0009404992175695839, 0.0028593263709551955, 0.0024124888571078833, 0.0029155500326231917, 0.0012402991819434374, 0.0009322070502767345, 0.0009830608284090484, 0.0009243332939033149, 0.0018688309493596648, 0.0012054458614910236, 0.010143350790606243, 0.0033569317621218275, 0.002519576323337103, 0.0011743172460667436, 0.0009324172082191339, 0.0017845668412853797, 0.001146345489885985, 0.008193288640493266, 0.0017109698500837023, 0.0011210728170357473, 0.0009382401274727903, 0.009849546023694433, 0.002240191741627144, 0.0010981260286021535, 0.0034611818328487485, 0.001683088250851356, 0.008748255592126634, 0.002032511935642228, 0.001104487107153517, 0.000930722126950393, 0.0009708904205757982, 0.0009235483900595033, 0.0009595140600928479, 0.000916695817491287, 0.0016234646118493945, 0.006774532879499367, 0.001872071620415537, 0.001110312670131009, 0.0009101433328479199, 0.004336552046615559, 0.0033569317621218275, 0.0009488564275779811, 0.0009038716658211794, 0.01092787902166648, 0.0027861668771766786, 0.0009564833723245178, 0.0008978631626839714, 0.0016032074512447915, 0.009626570225387071, 0.0024124888571078833, 0.0015536426090194395, 0.00111566753233111, 0.0008921016201619424, 0.0032001931866453785, 0.0009465221821110108, 0.0008865721393867004, 0.000937135945463399, 0.0008812609971536576, 0.0029616080628336234, 0.0009282762498252763, 0.000876155532137993, 0.0015685397984287947, 0.007423319528374165, 0.002148845371999724, 0.0015251148986815128, 0.0011206065943025901, 0.0008712440440790828, 0.0028684662855084243, 0.0009198999731466802, 0.0008665157042406378, 0.0009119685799660077, 0.0008619604757017639],"final_PolicyParameters" => Dict{Int64,Any}(1 => [0.0 0.0; 1.0491000077810488 0.31404635753667653; 2.1996845126342253 0.843423585492379; 0.4397577315369025 2.098505606342924; 1.3784091668364256 0.0; 1.7031565010112084 0.9342055965132079; 1.8638744529493914 0.7408043242299769]),"particlefilterseeds" => [1, 2, 3])