DateTime of fitting: 2020-12-27T20:07:25.655
DATA_STATS
nr_subjects: 1
all_subject_ids: [18]
nr_puzzles: 1
nr_episodes: 62
nr_actions: 174
max_state_id: 7
max_action_id: 2
SUBJECT_SIGNALS
subject_id: 18
algorithm_name: hybrid_actorcritic_FWD
param_string: alpha=0.6118,
                eta_critic=0.0087,
                gamma=0.883,
                lambda_actor=0.8311,
                lambda_critic=0.4253,
                eta_fwd=0.2143,
                w_MB=12.1148,
                w_MF=2.8462
param_vector: [0.6117609455786912, 0.00874083479176821, 0.8829608344064415, 0.8310605685860541, 0.42529043123205923, 0.21428568908776993, 12.11483678296244, 2.8462444205553004]
LL: -43.755
RPE
[0.0, 0.0, 1.0, 0.003, -0.002, 0.002, 0.004, 0.991, 0.003, 0.009, 0.983, 0.005, 0.013, 0.974, 0.007, 0.017, 0.965, -0.0, 1.0, 0.001, 0.991, 0.005, 0.021, -0.04, 0.012, 0.983, 0.008, 0.022, -0.044, 0.006, 0.008, 0.021, 0.956, -0.003, 0.015, 0.974, 0.019, 0.965, 0.023, 0.957, 0.027, 0.949, 0.042, 0.94, 0.038, 0.932, 0.003, 0.002, 0.042, 0.924, -0.015, 0.045, 0.948, -0.014, 0.003, 0.031, 0.94, 0.005, 0.049, 0.916, -0.004, 0.032, 0.932, -0.002, 0.049, 0.908, 0.057, 0.9, 0.012, 0.061, 0.892, 0.064, 0.884, -0.017, 0.033, 0.026, 0.923, 0.01, 0.039, 0.915, 0.037, 0.907, 0.012, 0.05, 0.899, -0.011, 0.067, 0.877, 0.066, 0.869, 0.043, 0.892, 0.017, 0.057, 0.884, -0.013, 0.074, 0.861, 0.072, 0.854, 0.049, 0.876, 0.021, 0.064, 0.868, 0.03, 0.072, 0.846, 0.021, -0.031, 0.032, 0.075, 0.839, 0.078, 0.832, 0.036, 0.081, 0.824, 0.084, 0.817, 0.04, 0.087, 0.81, 0.09, 0.803, 0.017, 0.124, 0.796, 0.019, 0.063, 0.861, 0.042, 0.853, 0.095, 0.789, 0.042, 0.846, 0.02, 0.08, 0.838, 0.049, 0.095, 0.782, 0.097, 0.775, 0.045, 0.831, 0.02, 0.089, 0.824, 0.055, 0.097, 0.768, 0.02, 0.14, 0.762, 0.105, 0.755, 0.048, 0.817, 0.021, 0.094, 0.81, 0.059, 0.105, 0.748, 0.021, 0.151, 0.742, 0.023, 0.093, 0.802, 0.06, 0.795]
SPE
[0.857, 0.857, 0.857, 0.857, 0.857, 0.673, 0.673, 0.673, 0.529, 0.529, 0.529, 0.416, 0.416, 0.416, 0.327, 0.327, 0.327, 0.857, 0.857, 0.957, 0.673, 0.416, 0.257, 0.957, 0.673, 0.529, 0.673, 0.202, 0.966, 0.857, 0.529, 0.158, 0.541, 0.974, 0.529, 0.416, 0.416, 0.327, 0.327, 0.257, 0.257, 0.202, 0.847, 0.158, 0.202, 0.125, 0.584, 0.979, 0.158, 0.098, 0.857, 0.857, 0.425, 0.931, 0.459, 0.312, 0.334, 0.361, 0.987, 0.077, 0.541, 0.407, 0.262, 0.425, 0.824, 0.06, 0.125, 0.047, 0.91, 0.098, 0.037, 0.077, 0.029, 0.673, 0.673, 0.99, 0.206, 0.437, 0.466, 0.162, 0.778, 0.127, 0.343, 0.366, 0.1, 0.334, 0.782, 0.023, 0.42, 0.018, 0.694, 0.079, 0.27, 0.44, 0.062, 0.262, 0.697, 0.014, 0.474, 0.011, 0.643, 0.049, 0.212, 0.486, 0.038, 0.892, 0.507, 0.009, 0.345, 0.673, 0.765, 0.398, 0.007, 0.313, 0.005, 0.601, 0.246, 0.004, 0.193, 0.003, 0.472, 0.152, 0.003, 0.119, 0.002, 0.646, 0.645, 0.002, 0.508, 0.514, 0.03, 0.909, 0.024, 0.288, 0.001, 0.775, 0.018, 0.399, 0.404, 0.015, 0.695, 0.392, 0.001, 0.308, 0.001, 0.759, 0.011, 0.461, 0.318, 0.009, 0.643, 0.404, 0.001, 0.499, 0.761, 0.0, 0.318, 0.0, 0.751, 0.007, 0.392, 0.41, 0.006, 0.695, 0.41, 0.0, 0.456, 0.684, 0.0, 0.358, 0.468, 0.004, 0.678, 0.003]
action_selection_prob
[0.5, 0.5, 0.5, 0.498, 0.347, 0.569, 0.695, 0.862, 0.64, 0.723, 0.936, 0.709, 0.824, 0.96, 0.767, 0.877, 0.971, 0.455, 0.5, 0.799, 0.826, 0.838, 0.892, 0.969, 0.651, 0.92, 0.229, 0.865, 0.948, 0.5, 0.185, 0.828, 0.922, 0.827, 0.671, 0.951, 0.79, 0.964, 0.855, 0.971, 0.891, 0.975, 0.843, 0.978, 0.919, 0.981, 0.902, 0.863, 0.934, 0.982, 0.112, 0.429, 0.941, 0.063, 0.821, 0.889, 0.957, 0.829, 0.912, 0.98, 0.109, 0.93, 0.964, 0.221, 0.939, 0.98, 0.632, 0.981, 0.856, 0.737, 0.982, 0.801, 0.983, 0.128, 0.364, 0.844, 0.969, 0.82, 0.952, 0.974, 0.853, 0.977, 0.837, 0.957, 0.979, 0.133, 0.96, 0.982, 0.748, 0.982, 0.805, 0.98, 0.855, 0.963, 0.981, 0.164, 0.965, 0.982, 0.707, 0.983, 0.778, 0.982, 0.87, 0.967, 0.983, 0.882, 0.819, 0.983, 0.892, 0.031, 0.89, 0.85, 0.983, 0.873, 0.984, 0.9, 0.889, 0.984, 0.902, 0.985, 0.908, 0.912, 0.985, 0.921, 0.985, 0.915, 0.956, 0.986, 0.921, 0.959, 0.983, 0.926, 0.984, 0.931, 0.986, 0.936, 0.984, 0.925, 0.961, 0.985, 0.93, 0.94, 0.986, 0.944, 0.986, 0.947, 0.985, 0.934, 0.963, 0.986, 0.937, 0.95, 0.986, 0.941, 0.964, 0.987, 0.953, 0.987, 0.955, 0.986, 0.944, 0.966, 0.986, 0.946, 0.957, 0.987, 0.949, 0.967, 0.987, 0.951, 0.969, 0.987, 0.959, 0.987]
results_dict
Dict{String,Any}("finalQSA_Hybrid_record" => [0.0 0.0; 14.286583979729222 9.966607324164253; 14.329189737598998 9.966607336916885; 10.723838630957749 10.858458663336851; 10.448168840519598 13.920935868270853; 14.094538657184243 17.246469165603642; 10.976570128973297 13.989381021114767],"final_PolicyParameters_MF" => [0.0 0.0; 0.7728061919674724 0.0; 0.7781541011296336 0.0; 0.3365587872454181 0.2590013553906796; 0.372809042495415 1.1362822710543459; 1.6378789606356292 2.317341951843118; 0.493324645083393 1.5987783899532864],"final_Tsas" => [0.14285714285714285 0.14285714285714285; 0.9973139967134145 0.14285714285714285; 0.9998149383501496 0.14285714285714285; 0.08819242548175436 0.11224490155889001; 0.08819242548175436 0.0002123478518754382; 0.020750055719549652 3.084360830839413e-5; 0.08819242548175436 4.996154413797814e-5]

[0.14285714285714285 0.14285714285714285; 0.0001310923047191464 0.14285714285714285; 3.084360830839413e-5 0.14285714285714285; 0.08819242548175436 0.32653059064665996; 0.08819242548175436 0.6326158073939273; 0.020750055719549652 0.4675263476402215; 0.08819242548175436 4.996154413797814e-5]

[0.14285714285714285 0.14285714285714285; 0.0001310923047191464 0.14285714285714285; 3.084360830839413e-5 0.14285714285714285; 0.08819242548175436 0.11224490155889001; 0.08819242548175436 0.3635314708728691; 0.020750055719549652 0.5323194343182366; 0.08819242548175436 0.0010251501300650697]

[0.14285714285714285 0.14285714285714285; 0.0011947839863410959 0.14285714285714285; 3.084360830839413e-5 0.14285714285714285; 0.08819242548175436 0.11224490155889001; 0.08819242548175436 0.0002123478518754382; 0.020750055719549652 3.084360830839413e-5; 0.47084544710947385 4.996154413797814e-5]

[0.14285714285714285 0.14285714285714285; 0.0001310923047191464 0.14285714285714285; 3.084360830839413e-5 0.14285714285714285; 0.08819242548175436 0.11224490155889001; 0.08819242548175436 0.0002123478518754382; 0.7938316842063491 3.084360830839413e-5; 0.08819242548175436 0.7183819430647507]

[0.14285714285714285 0.14285714285714285; 0.0009668500813678076 0.14285714285714285; 3.084360830839413e-5 0.14285714285714285; 0.47084544710947385 0.11224490155889001; 0.08819242548175436 0.0030033303257019305; 0.020750055719549652 3.084360830839413e-5; 0.08819242548175436 0.2803930606286325]

[0.14285714285714285 0.14285714285714285; 0.0001310923047191464 0.14285714285714285; 3.084360830839413e-5 0.14285714285714285; 0.08819242548175436 0.11224490155889001; 0.47084544710947385 0.0002123478518754382; 0.10241803719590273 3.084360830839413e-5; 0.08819242548175436 4.996154413797814e-5],"finalQSA_MB_record" => [0.0 0.0; 0.9993737812549833 0.8226926545600266; 0.9999617184118093 0.822692654964454; 0.8060890875041017 0.8354887790632595; 0.7748538287187969 0.8822199946026381; 0.7786799350568536 0.8826713433033928; 0.7901877593145905 0.779194111607197])
POPULATION_SIGNALS
subject_id: 18
algorithm_name: hybrid_actorcritic_FWD
param_string: alpha=0.644,
                eta_critic=0.0002,
                gamma=0.972,
                lambda_actor=0.8563,
                lambda_critic=0.4629,
                eta_fwd=0.24,
                w_MB=12.1269,
                w_MF=2.8638
param_vector: [0.644030167544776, 0.00020351207271904898, 0.9720012726758733, 0.856341395594059, 0.4628830908282809, 0.24003847973901876, 12.126880916735841, 2.863789486249355]
LL: -44.918
RPE
[0.0, 0.0, 1.0, 0.0, -0.0, 0.0, 0.0, 1.0, 0.0, 0.0, 1.0, 0.0, 0.0, 0.999, 0.0, 0.0, 0.999, -0.0, 1.0, -0.0, 1.0, 0.0, 0.001, -0.001, 0.0, 1.0, 0.0, 0.001, -0.001, 0.0, 0.0, 0.001, 0.999, -0.0, 0.0, 0.999, 0.0, 0.999, 0.001, 0.999, 0.001, 0.999, 0.001, 0.999, 0.001, 0.998, 0.0, 0.0, 0.001, 0.998, -0.0, 0.001, 0.999, -0.0, 0.0, 0.001, 0.999, 0.0, 0.001, 0.998, -0.0, 0.001, 0.998, 0.0, 0.001, 0.998, 0.001, 0.998, 0.0, 0.002, 0.997, 0.002, 0.997, -0.001, 0.001, 0.001, 0.998, 0.0, 0.001, 0.998, 0.001, 0.998, 0.0, 0.001, 0.998, -0.0, 0.002, 0.997, 0.002, 0.997, 0.001, 0.997, 0.0, 0.002, 0.997, -0.0, 0.002, 0.997, 0.002, 0.996, 0.001, 0.997, 0.001, 0.002, 0.997, 0.001, 0.002, 0.996, 0.001, -0.001, 0.001, 0.002, 0.996, 0.002, 0.996, 0.001, 0.002, 0.996, 0.002, 0.995, 0.001, 0.002, 0.995, 0.003, 0.995, 0.001, 0.004, 0.995, 0.001, 0.002, 0.997, 0.001, 0.996, 0.003, 0.995, 0.001, 0.996, 0.001, 0.002, 0.996, 0.002, 0.003, 0.994, 0.003, 0.994, 0.001, 0.996, 0.001, 0.003, 0.995, 0.002, 0.003, 0.994, 0.001, 0.004, 0.994, 0.003, 0.994, 0.001, 0.995, 0.001, 0.003, 0.995, 0.002, 0.003, 0.993, 0.001, 0.005, 0.993, 0.001, 0.003, 0.995, 0.002, 0.995]
SPE
[0.857, 0.857, 0.857, 0.857, 0.857, 0.651, 0.651, 0.651, 0.495, 0.495, 0.495, 0.376, 0.376, 0.376, 0.286, 0.286, 0.286, 0.857, 0.857, 0.964, 0.651, 0.405, 0.217, 0.964, 0.651, 0.495, 0.651, 0.165, 0.972, 0.857, 0.495, 0.125, 0.548, 0.979, 0.495, 0.376, 0.376, 0.286, 0.286, 0.217, 0.217, 0.165, 0.845, 0.125, 0.165, 0.095, 0.6, 0.984, 0.125, 0.072, 0.857, 0.857, 0.416, 0.937, 0.456, 0.313, 0.316, 0.347, 0.991, 0.055, 0.526, 0.421, 0.24, 0.4, 0.812, 0.042, 0.095, 0.032, 0.915, 0.072, 0.024, 0.055, 0.018, 0.651, 0.651, 0.993, 0.183, 0.44, 0.483, 0.139, 0.755, 0.106, 0.335, 0.367, 0.08, 0.304, 0.779, 0.014, 0.447, 0.011, 0.676, 0.061, 0.254, 0.452, 0.046, 0.231, 0.69, 0.008, 0.498, 0.006, 0.63, 0.035, 0.193, 0.501, 0.027, 0.898, 0.528, 0.005, 0.352, 0.651, 0.759, 0.401, 0.004, 0.305, 0.003, 0.577, 0.232, 0.002, 0.176, 0.002, 0.438, 0.134, 0.001, 0.102, 0.001, 0.678, 0.639, 0.001, 0.516, 0.529, 0.02, 0.924, 0.015, 0.299, 0.001, 0.774, 0.012, 0.392, 0.402, 0.009, 0.707, 0.413, 0.0, 0.314, 0.0, 0.762, 0.007, 0.466, 0.306, 0.005, 0.649, 0.421, 0.0, 0.509, 0.774, 0.0, 0.32, 0.0, 0.757, 0.004, 0.387, 0.417, 0.003, 0.707, 0.425, 0.0, 0.464, 0.687, 0.0, 0.352, 0.481, 0.002, 0.677, 0.002]
action_selection_prob
[0.5, 0.5, 0.5, 0.498, 0.314, 0.639, 0.701, 0.782, 0.733, 0.661, 0.866, 0.796, 0.78, 0.9, 0.838, 0.841, 0.919, 0.393, 0.499, 0.864, 0.756, 0.886, 0.867, 0.925, 0.635, 0.853, 0.236, 0.87, 0.919, 0.5, 0.219, 0.858, 0.909, 0.889, 0.564, 0.895, 0.73, 0.917, 0.813, 0.93, 0.858, 0.939, 0.902, 0.946, 0.887, 0.951, 0.923, 0.885, 0.906, 0.956, 0.076, 0.373, 0.925, 0.084, 0.802, 0.903, 0.938, 0.835, 0.918, 0.957, 0.197, 0.93, 0.946, 0.41, 0.937, 0.96, 0.4, 0.962, 0.863, 0.628, 0.965, 0.75, 0.967, 0.117, 0.382, 0.816, 0.952, 0.757, 0.945, 0.957, 0.851, 0.961, 0.807, 0.95, 0.964, 0.124, 0.954, 0.968, 0.695, 0.97, 0.785, 0.966, 0.842, 0.957, 0.968, 0.165, 0.96, 0.971, 0.633, 0.973, 0.752, 0.97, 0.867, 0.962, 0.972, 0.885, 0.816, 0.974, 0.899, 0.035, 0.899, 0.855, 0.975, 0.881, 0.976, 0.91, 0.899, 0.977, 0.912, 0.978, 0.919, 0.922, 0.979, 0.93, 0.98, 0.926, 0.914, 0.98, 0.932, 0.924, 0.973, 0.937, 0.975, 0.942, 0.981, 0.947, 0.976, 0.938, 0.932, 0.977, 0.942, 0.951, 0.982, 0.954, 0.982, 0.957, 0.978, 0.946, 0.938, 0.979, 0.949, 0.96, 0.983, 0.952, 0.943, 0.983, 0.962, 0.984, 0.964, 0.979, 0.955, 0.948, 0.98, 0.957, 0.966, 0.984, 0.96, 0.952, 0.985, 0.962, 0.955, 0.981, 0.968, 0.982]
results_dict
Dict{String,Any}("finalQSA_Hybrid_record" => [0.0 0.0; 15.554056768785404 11.579856784340665; 15.774699358934287 11.57985678516833; 12.850280668286562 12.592711966981788; 13.149090429225009 16.27375395588691; 17.82342874706763 21.21871495840434; 13.58149427938843 16.850067896860253],"final_PolicyParameters_MF" => [0.0 0.0; 1.208989543567881 0.0; 1.2737860964490064 0.0; 0.46175625511252816 0.3363875432385743; 0.6125133718990536 1.5671158104894405; 2.2274232646430585 3.3108392677220864; 0.7396793681838456 1.8834480582947306],"final_Tsas" => [0.14285714285714285 0.14285714285714285; 0.9986933729897874 0.14285714285714285; 0.9999423553096807 0.14285714285714285; 0.08250593032534027 0.10856593146585447; 0.08250593032534027 8.635256397681854e-5; 0.015894057610385478 9.607448386564357e-6; 0.08250593032534027 1.663507848757041e-5]

[0.14285714285714285 0.14285714285714285; 4.987219038820114e-5 0.14285714285714285; 9.607448386564357e-6 0.14285714285714285; 0.08250593032534027 0.34860441120487323; 0.08250593032534027 0.6347156145370564; 0.015894057610385478 0.4853720596360447; 0.08250593032534027 1.663507848757041e-5]

[0.14285714285714285 0.14285714285714285; 4.987219038820114e-5 0.14285714285714285; 9.607448386564357e-6 0.14285714285714285; 0.08250593032534027 0.10856593146585447; 0.08250593032534027 0.36313657350688194; 0.015894057610385478 0.5145799031220226; 0.08250593032534027 0.0004923127472313984]

[0.14285714285714285 0.14285714285714285; 0.0006222675844272062 0.14285714285714285; 9.607448386564357e-6 0.14285714285714285; 0.08250593032534027 0.10856593146585447; 0.08250593032534027 8.635256397681854e-5; 0.015894057610385478 9.607448386564357e-6; 0.5049644180479584 1.663507848757041e-5]

[0.14285714285714285 0.14285714285714285; 4.987219038820114e-5 0.14285714285714285; 9.607448386564357e-6 0.14285714285714285; 0.08250593032534027 0.10856593146585447; 0.08250593032534027 8.635256397681854e-5; 0.8245698116423091 9.607448386564357e-6; 0.08250593032534027 0.7322522214850017]

[0.14285714285714285 0.14285714285714285; 0.00048487066423246676 0.14285714285714285; 9.607448386564357e-6 0.14285714285714285; 0.5049644180479584 0.10856593146585447; 0.08250593032534027 0.001802401700154472; 0.015894057610385478 9.607448386564357e-6; 0.08250593032534027 0.2671889254538167]

[0.14285714285714285 0.14285714285714285; 4.987219038820114e-5 0.14285714285714285; 9.607448386564357e-6 0.14285714285714285; 0.08250593032534027 0.10856593146585447; 0.5049644180479584 8.635256397681854e-5; 0.09595990030576354 9.607448386564357e-6; 0.08250593032534027 1.663507848757041e-5],"finalQSA_MB_record" => [0.0 0.0; 0.9999213607912247 0.9548940041297482; 0.9999969665253092 0.9548940041521508; 0.9506028515604579 0.9589820589611379; 0.939649004207234 0.9718945648270544; 0.9437473649796183 0.971961505308444; 0.9452806871489481 0.9447143209652307])