DateTime of fitting: 2021-01-04T20:38:02.87
DATA_STATS
nr_subjects: 1
all_subject_ids: [12]
nr_puzzles: 1
nr_episodes: 54
nr_actions: 187
max_state_id: 7
max_action_id: 2
SUBJECT_SIGNALS
subject_id: 12
algorithm_name: Actor-Critic (TD-Lambda, ReplTrc) modulated Actor
param_string: alpha(actor)=0.805,
                surpriseprobability=0.0137,
                stochasticity=2.8022,
                eta(critic)=0.0168,
                gamma=0.9984,
                lambda_actor=0.8301,
                lambda_critic=0.2861,
                temp=0.3746,
                nparticles=15,
                init_policy=nothing,
                init_Vs=nothing,
                use_replacing_trace=true
param_vector: [0.8050414245885145, 0.013662664485552697, 2.802169192973177, 0.016751587074770015, 0.9984172887192663, 0.8301404641567696, 0.2860858328848573, 0.3745737889153313, 15.0]
LL: -73.658
RPE
[0.0, 0.0, 0.0, 0.0, 0.0, 0.0, 0.0, 0.0, 0.0, 0.0, 0.0, 0.0, 0.0, 0.0, 0.0, 0.0, 0.0, 0.0, 1.0, -0.001, 1.0, 0.011, 0.983, 0.022, 0.967, 0.033, 0.951, 0.044, -0.061, 0.012, 0.005, 0.043, -0.059, -0.005, 0.063, 0.937, -0.005, 0.983, 0.052, 0.921, 0.001, 0.967, 0.058, 0.905, 0.008, 0.95, 0.063, 0.89, 0.013, 0.934, 0.006, 0.076, -0.081, 0.006, -0.0, 0.118, -0.124, 0.006, 0.001, 0.115, 0.877, 0.008, 0.005, 0.043, 0.08, 0.863, 0.089, 0.848, 0.015, 0.15, 0.834, 0.112, -0.111, 0.109, 0.821, 0.006, 0.065, 0.117, 0.808, 0.018, 0.057, 0.92, 0.015, 0.905, 0.12, -0.2, 0.022, 0.082, 0.89, 0.025, 0.169, -0.191, 0.023, 0.164, -0.191, 0.077, 0.111, 0.802, 0.119, 0.789, 0.025, 0.087, -0.028, 0.126, 0.776, 0.026, 0.087, 0.873, 0.03, 0.192, 0.763, 0.037, -0.037, 0.146, 0.75, 0.032, -0.032, 0.152, 0.737, 0.099, 0.158, 0.725, 0.164, 0.713, 0.014, 0.856, 0.031, 0.106, 0.842, -0.075, 0.241, -0.276, 0.037, 0.111, 0.828, 0.162, 0.705, 0.168, 0.693, 0.041, 0.252, 0.681, 0.045, 0.112, 0.814, 0.054, 0.801, 0.18, -0.299, 0.049, 0.245, 0.675, 0.061, 0.787, 0.18, 0.663, 0.185, 0.652, 0.057, 0.774, 0.053, 0.271, 0.641, 0.136, 0.196, 0.63, 0.2, 0.62, 0.145, 0.204, 0.61, 0.208, -0.356, 0.049, 0.3, 0.605, 0.211, 0.594, 0.152, 0.214, 0.585, 0.05, 0.136, 0.761, 0.217, 0.575, 0.038]
SPE
[0.857, 0.857, 0.857, 0.857, 0.857, 0.857, 0.857, 0.818, 0.818, 0.816, 0.857, 0.857, 0.816, 0.816, 0.816, 0.78, 0.778, 0.78, 0.857, 0.857, 0.857, 0.818, 0.816, 0.78, 0.778, 0.745, 0.743, 0.715, 0.881, 0.745, 0.748, 0.686, 0.845, 0.816, 0.78, 0.737, 0.89, 0.818, 0.674, 0.709, 0.862, 0.78, 0.661, 0.683, 0.837, 0.747, 0.65, 0.659, 0.818, 0.719, 0.78, 0.821, 0.885, 0.816, 0.778, 0.745, 0.905, 0.778, 0.743, 0.713, 0.648, 0.746, 0.712, 0.87, 0.64, 0.628, 0.621, 0.608, 0.745, 0.684, 0.59, 0.603, 0.919, 0.586, 0.585, 0.714, 0.886, 0.57, 0.569, 0.713, 0.792, 0.702, 0.82, 0.675, 0.566, 0.783, 0.684, 0.89, 0.65, 0.657, 0.67, 0.875, 0.695, 0.646, 0.758, 0.895, 0.551, 0.554, 0.538, 0.54, 0.646, 0.867, 0.718, 0.525, 0.526, 0.623, 0.838, 0.627, 0.602, 0.648, 0.513, 0.818, 0.688, 0.523, 0.501, 0.804, 0.66, 0.522, 0.489, 0.876, 0.511, 0.478, 0.5, 0.467, 0.799, 0.605, 0.596, 0.76, 0.585, 0.943, 0.627, 0.727, 0.577, 0.822, 0.566, 0.51, 0.457, 0.5, 0.447, 0.56, 0.885, 0.437, 0.544, 0.739, 0.549, 0.795, 0.532, 0.5, 0.698, 0.529, 0.62, 0.428, 0.784, 0.517, 0.5, 0.42, 0.491, 0.411, 0.778, 0.502, 0.514, 0.602, 0.403, 0.872, 0.492, 0.396, 0.483, 0.388, 0.85, 0.475, 0.381, 0.467, 0.932, 0.526, 0.585, 0.386, 0.46, 0.379, 0.832, 0.453, 0.373, 0.524, 0.814, 0.488, 0.446, 0.367, 0.79]
action_selection_prob
[0.5, 0.5, 0.5, 0.5, 0.5, 0.5, 0.5, 0.5, 0.5, 0.5, 0.5, 0.5, 0.5, 0.5, 0.5, 0.5, 0.5, 0.5, 0.5, 0.326, 0.451, 0.612, 0.725, 0.757, 0.824, 0.827, 0.871, 0.866, 0.897, 0.69, 0.388, 0.866, 0.897, 0.308, 0.53, 0.896, 0.881, 0.486, 0.901, 0.914, 0.915, 0.735, 0.926, 0.927, 0.934, 0.827, 0.941, 0.936, 0.946, 0.872, 0.475, 0.277, 0.898, 0.522, 0.499, 0.719, 0.943, 0.523, 0.503, 0.719, 0.942, 0.626, 0.68, 0.24, 0.951, 0.948, 0.954, 0.952, 0.287, 0.503, 0.956, 0.958, 0.959, 0.958, 0.959, 0.456, 0.761, 0.96, 0.962, 0.372, 0.288, 0.901, 0.963, 0.917, 0.965, 0.036, 0.602, 0.416, 0.928, 0.733, 0.664, 0.075, 0.821, 0.669, 0.068, 0.739, 0.966, 0.939, 0.968, 0.872, 0.809, 0.742, 0.063, 0.97, 0.894, 0.839, 0.8, 0.814, 0.869, 0.85, 0.91, 0.971, 0.139, 0.971, 0.921, 0.972, 0.327, 0.972, 0.93, 0.89, 0.973, 0.937, 0.975, 0.942, 0.976, 0.464, 0.906, 0.12, 0.698, 0.976, 0.619, 0.053, 0.917, 0.626, 0.799, 0.977, 0.906, 0.978, 0.918, 0.926, 0.24, 0.926, 0.933, 0.543, 0.85, 0.978, 0.881, 0.979, 0.067, 0.939, 0.281, 0.944, 0.979, 0.9, 0.98, 0.894, 0.981, 0.907, 0.981, 0.915, 0.944, 0.574, 0.918, 0.949, 0.982, 0.926, 0.982, 0.932, 0.952, 0.983, 0.938, 0.983, 0.942, 0.956, 0.737, 0.942, 0.983, 0.946, 0.959, 0.984, 0.949, 0.961, 0.815, 0.925, 0.984, 0.952, 0.985]
results_dict
Dict{String,Any}("Surprise" => [1.0000000000000002, 1.0000000000000002, 1.0000000000000002, 1.0000000000000002, 1.0000000000000002, 1.0000000000000002, 1.0000000000000002, 0.7863833446654169, 0.7863833446654169, 0.7745647777255804, 1.0000000000000002, 1.0000000000000002, 0.7745647777255804, 0.7745647777255804, 0.7745647777255804, 0.65038220603637, 0.6430184682384452, 0.6503822060363701, 1.0000000000000002, 1.0000000000000002, 1.0000000000000002, 0.7863833446654173, 0.7745647777255804, 0.6488121188126708, 0.6430184682384452, 0.5601288863999992, 0.5568159965857686, 0.501836370801856, 1.2003850691739995, 0.561033392655652, 0.5661897777379853, 0.4547124427746767, 0.9221462986301765, 0.7745647777255804, 0.6488121188126708, 0.5423535001675829, 1.297516714951282, 0.7863833446654169, 0.4376305075826458, 0.49030077028944963, 1.03163631793922, 0.6488121188126708, 0.42166682858799703, 0.45031646057210034, 0.8764536350987235, 0.565334282578504, 0.40777305147765935, 0.4186219017597888, 0.7830706513091767, 0.5091788626061118, 0.6488121188126708, 0.7985681632431807, 1.2434589715681865, 0.7745647777255804, 0.6430184682384452, 0.5601288863999992, 1.5071310018848794, 0.6430184682384452, 0.5568159965857686, 0.49805348952929696, 0.4062021399941958, 0.5618372896932463, 0.4959591078514726, 1.09628398148467, 0.3973164219115908, 0.38371999929277617, 0.37702855196027163, 0.364783754538343, 0.5601288863999992, 0.45212320674866424, 0.3486140518301652, 0.35975081280959503, 1.7624695859581008, 0.3448566568760232, 0.3443408228315891, 0.49914038079612755, 1.2549045632493872, 0.331882762954609, 0.33153254037123886, 0.49805348952929696, 0.685867448874173, 0.47898072877947995, 0.7947005687437261, 0.43917546468995894, 0.3289478806563708, 0.6579165541727691, 0.45212320674866424, 1.3042208448678831, 0.40789146149034583, 0.4167444353515089, 0.43307463458985224, 1.14692376688926, 0.46901213747219156, 0.40329470509170234, 0.5909021156161152, 1.3553285871940723, 0.31836923264168554, 0.320257687960893, 0.3089305423381559, 0.31025608235181107, 0.40329468247166605, 1.0740500058660738, 0.5057656327749227, 0.30045650600439805, 0.30132332153865815, 0.37906902938921117, 0.8801101831762296, 0.3826373325085422, 0.35897369893543285, 0.4056377843529498, 0.29329657999713743, 0.7864499281876216, 0.45743316806307766, 0.29978392653640146, 0.2860445386554736, 0.7283982818201583, 0.420584999205387, 0.2991648809463253, 0.2794601091294659, 1.1493133632794594, 0.29225098565798885, 0.27345508685250824, 0.2859232658127275, 0.26795616128154676, 0.7121099010017411, 0.3618118811441495, 0.3532288139326353, 0.5946636818513431, 0.3443375011890423, 2.5195519396256687, 0.38327493593905826, 0.5229776624887849, 0.33793919599224215, 0.8023491298040043, 0.32946152130036377, 0.29143596781973047, 0.26290189735997377, 0.285640361295177, 0.2582404229677783, 0.32472369683212404, 1.2472476165274546, 0.2539276368311802, 0.31318668681704465, 0.5471911768872252, 0.31664188522481096, 0.69813329616745, 0.30547805946211104, 0.2856619364299137, 0.47311038455129384, 0.30302722655584075, 0.3756229914695194, 0.24992580509967663, 0.6626818443804672, 0.2956675372530549, 0.2856789826461747, 0.24620245162723178, 0.2806917015431487, 0.2427294726300534, 0.6439207234673604, 0.28697749529730704, 0.29401231491361496, 0.3587018624422706, 0.23948242449411244, 1.1183605007432373, 0.2809622489668961, 0.23643994645536545, 0.2764501450308852, 0.23358328925391902, 0.950219728412564, 0.2722236593042511, 0.23089592773249407, 0.26825645944173027, 2.0858528223011508, 0.3011809611568971, 0.34407690388693735, 0.23265758624191107, 0.2645253590191729, 0.23013964820634572, 0.8525314588152971, 0.2610098605625681, 0.22775919183806592, 0.30039805065989356, 0.7684602140815645, 0.27922576990634224, 0.25769177611504, 0.2255052467453723, 0.6803350155688526],"trialByTrial_Vs" => [0.0, 0.0, 0.0, 0.0, 0.0, 0.0, 0.0, 0.0, 0.0, 0.0, 0.0, 0.0, 0.0, 0.0, 0.0, 0.0, 0.0, 0.0, 0.0, 0.0013666989106478754, 2.1199809585280901e-7, 0.006128613834114631, 0.016751795521561304, 0.011010777511423236, 0.03322276343499314, 0.016007824959687996, 0.049417816495217384, 0.021114537196294577, 0.06534157671392277, 0.004784806767959518, 0.016751587074770015, 0.021582079612505783, 0.06440738392224178, 0.0050429645838678695, 6.055366093394334e-8, 0.06347555671124726, 0.022135750374883082, 0.016990048647702927, 0.026752613916641754, 0.07916382747064932, 0.032034509210000034, 0.03345702544314637, 0.03668217293709404, 0.09458929479637268, 0.04198191656225281, 0.04964815424294272, 0.046656271835986744, 0.10975636106302017, 0.05197003230155711, 0.06556805593881046, 7.422043845415778e-7, 0.005541334765151737, 0.0812212740151981, 0.0003445235168342367, 0.00654125894371327, 0.006428892646884524, 0.1246693548984331, 0.0005604681752831703, 0.006936949981253817, 0.007821729540422935, 0.12266750651505849, 0.001170352866689264, 0.008698979897809819, 0.013939444478199737, 0.05666715866769874, 0.13736421817319658, 0.06214286608652333, 0.15181473658628059, 0.0015070854503077557, 0.01621774205578079, 0.16602318588189224, 0.06769938976937147, 0.179993621101931, 0.06904686901092648, 0.17866275197351725, 0.0036084103322107635, 0.009437153487859784, 0.07479960425107246, 0.19242145440158484, 0.0044935764589447355, 0.022713237136408188, 0.07993113761886779, 0.0806289625506532, 0.09534375128182991, 0.0852015361151075, 0.20594967672789283, 0.006328810890379385, 0.02807196028996222, 0.11049817920496714, 0.008301536781510507, 0.03370589497558338, 0.20316901831312734, 0.012195152458623352, 0.03565736429678425, 0.20030570453257834, 0.009295825393493325, 0.08642455085750705, 0.19762557708428113, 0.09211878022303127, 0.21106662209632213, 0.012212022639661757, 0.03773035828148639, 0.1253987464091816, 0.09788064312589281, 0.224282508272468, 0.013154901825751108, 0.03953829655033063, 0.1265984616702388, 0.015205101556108297, 0.045172393583202235, 0.23727700738056395, 0.10370378689524391, 0.1412293235908079, 0.1041513021407886, 0.2500538280053576, 0.11017711886800684, 0.14232958512633523, 0.11055982744054536, 0.26261661660691626, 0.017665702853866913, 0.11662829425313716, 0.27496895856131404, 0.12274259488122424, 0.2871143791838854, 0.12889949083962654, 0.1435303588965037, 0.021066837449238852, 0.05203364197815896, 0.15787758466634594, 0.1332388174254044, 0.05783190323608296, 0.299056344735338, 0.02324037600679146, 0.06059581767749661, 0.1719844716344233, 0.13280232545179602, 0.29508850886241633, 0.1388859181980889, 0.30689689508621354, 0.02552700051819531, 0.06641908890595573, 0.31850747209997027, 0.028345424183858523, 0.07389433490239297, 0.18585504585710094, 0.1450085963996148, 0.19949326594791036, 0.14974628197451842, 0.32992355352189273, 0.03075347548810896, 0.07966045322654038, 0.3254793712773986, 0.15156159632233004, 0.2129030242073237, 0.156349624847559, 0.3367786623231739, 0.16253655453712348, 0.3478886723111127, 0.16875249982512908, 0.22608814773360286, 0.03366463132331173, 0.08699153214843122, 0.35881257199933697, 0.03672983918039402, 0.1734099873337919, 0.36955347903073793, 0.17970246895049197, 0.38011445882274036, 0.040812191640897534, 0.18601564243599508, 0.3904985254421622, 0.19234704877807543, 0.40070864246541854, 0.045048106922673505, 0.09460341074016682, 0.3953956439232968, 0.19437665995952969, 0.4055237264399009, 0.04813632207769883, 0.2007474109058968, 0.41548214750032775, 0.05251065531994058, 0.10251773804831447, 0.23905239951503995, 0.207130347873208, 0.4252737492032336, 0.21352327485853925, 0.0, 0.0, 0.0, 0.0, 0.0, 0.0, 0.0, 0.0, 0.0, 0.0, 0.0, 0.0, 0.0, 0.0, 0.0, 0.0, 0.0, 0.0, 0.0, 0.0, 0.0, 0.0, 0.0, 0.0, 0.0, 0.0, 0.0, 0.0, 0.0, 0.0, 0.0, 0.0, 0.0, 0.0, 0.0, 0.0, 0.0, 0.0, 0.0, 0.0, 0.0, 0.0, 0.0, 0.0, 0.0, 0.0, 0.0, 0.0, 0.0, 0.0, 0.0, 0.0, 0.0],"final_V" => Dict{Int64,Any}(1 => [0.0, 0.013178817655749287, 0.21415778609262276, 0.4349013260376117, 0.10843955956892293, 0.2517994795039011, 0.055037103168236984]),"nparticles" => 15,"trial_by_trial_p_sa_max" => [0.5, 0.5, 0.5, 0.5, 0.5, 0.5, 0.5, 0.5, 0.5, 0.5, 0.5, 0.5, 0.5, 0.5, 0.5, 0.5, 0.5, 0.5, 0.5, 0.3256106412748565, 0.45124730277217234, 0.6117829273164823, 0.7246443666496576, 0.7569961597906939, 0.8239445984004522, 0.8267157730068366, 0.870553867929743, 0.8659953326713358, 0.8973646499728, 0.6903935605021257, 0.38783253738089046, 0.8661720399933729, 0.8969102984208301, 0.30796189626075365, 0.5296100779187056, 0.8965071478503892, 0.8809241166427528, 0.4858339228011034, 0.9008009552252829, 0.9141772542245661, 0.915199353265363, 0.7345576985717055, 0.9257915735617425, 0.9265201751738368, 0.93412532792104, 0.8269759096770496, 0.9406742371992207, 0.9356259731572619, 0.9460915454063692, 0.8715778553697794, 0.4746106065978022, 0.2767073806268897, 0.8976209742778123, 0.5217636720917364, 0.4986735586214011, 0.7192136724407645, 0.9426187953372087, 0.5234244559727237, 0.503271995938267, 0.7186553406484588, 0.9422784032830945, 0.6255710416953612, 0.6801636880864586, 0.23973607849468537, 0.9505315325799445, 0.94788994083537, 0.9543397634847713, 0.9524367333769491, 0.2873149339701032, 0.5034934259473675, 0.9561949938070269, 0.9575945224255753, 0.9593530255148297, 0.9576759545628066, 0.9592912159914849, 0.4561602221676607, 0.7605383393042258, 0.9604796669755218, 0.961993581069689, 0.3724322300612676, 0.2876966556236467, 0.9008610872428843, 0.9629278511050064, 0.9169459922979665, 0.9650285024943555, 0.035677679720035986, 0.6017195061516104, 0.4158856846657968, 0.9283784887385522, 0.7327283691549741, 0.6641948698078743, 0.07507379615320395, 0.8209278464194142, 0.6687287263834504, 0.06761968963895804, 0.7384856207638898, 0.9661128463840674, 0.9385557637301931, 0.9679063954254005, 0.8721792975740077, 0.8085110515668634, 0.7420912586165989, 0.06308100624074434, 0.9695137413650897, 0.8943678140326392, 0.8391402384662928, 0.7995685304061928, 0.8138993647335508, 0.8689614666333982, 0.8495069446004321, 0.9098261633758948, 0.9709618837340782, 0.13907141908688422, 0.9709730908204179, 0.9211966688664475, 0.9722862912455172, 0.32750099304740926, 0.9722949699379401, 0.9299040427815771, 0.8900878729750173, 0.9734875848153776, 0.9367819280173322, 0.9745765034575414, 0.9423498020546237, 0.9755745242081084, 0.4638110822603799, 0.9057313933665206, 0.11962034551353978, 0.6978398406057278, 0.9764595301759053, 0.6185835266131056, 0.05305209274149459, 0.9170590865017112, 0.6258921550370636, 0.7991995997325488, 0.9768432405005397, 0.9062082446784171, 0.9776651006578849, 0.9175683174852202, 0.9259994572085923, 0.24007523378349355, 0.9263615772641579, 0.9333944662700292, 0.5426235042449782, 0.8503056178683669, 0.9784266753003841, 0.8805628080239424, 0.9791145059328746, 0.06663528307475061, 0.939309704676204, 0.28084942315035305, 0.9437081080827049, 0.9794981000972022, 0.900462609124799, 0.9801168506600686, 0.894062714515132, 0.9807130520400619, 0.907493328865481, 0.9812713701957866, 0.9145150557954577, 0.9443944137370475, 0.5738308660060646, 0.9177837079876514, 0.9487182314233278, 0.9817786327589285, 0.925911519280514, 0.982273006374136, 0.9324888993888385, 0.9524808859327474, 0.9827384322560022, 0.9379179251732076, 0.983177322154259, 0.9424732588868224, 0.9557375398921489, 0.7368863657729359, 0.9417992166195744, 0.9834197039856101, 0.9457956485367734, 0.9585096233459354, 0.9838218289406159, 0.9492272046676615, 0.9610138584896737, 0.8147234285547525, 0.9249553335434473, 0.984202435681017, 0.9522049534072607, 0.9845631607521486],"final_Tsas" => Dict{Tuple{Int64,Int64},Float64}[Dict((1, 6) => 0.5246935765500986,(2, 3) => 0.12390653772727418,(2, 6) => 0.10585560284910239,(2, 2) => 0.11891662685543464,(2, 1) => 1.0,(2, 5) => 0.10584209298869314,(1, 7) => 0.065788617797711,(1, 4) => 0.10563612652693015,(1, 3) => 0.04223338713949938,(2, 4) => 0.6395596297828252,(1, 1) => 1.0,(1, 2) => 0.10528460581140633,(2, 7) => 0.1140912440973931,(1, 5) => 0.07454615450073644), Dict((1, 6) => 0.07477055429481545,(2, 3) => 0.25656077363635504,(2, 6) => 0.10585560284910239,(2, 2) => 0.11891662685543464,(2, 1) => 0.0,(2, 5) => 0.10584209298869314,(1, 7) => 0.065788617797711,(1, 4) => 0.14333410950091585,(1, 3) => 0.04223338713949938,(2, 4) => 0.07935150776891677,(1, 1) => 0.0,(1, 2) => 0.10528460581140633,(2, 7) => 0.3154525354156414,(1, 5) => 0.07454615450073644), Dict((1, 6) => 0.07477055429481545,(2, 3) => 0.12390653772727418,(2, 6) => 0.36486638290538564,(2, 2) => 0.11891662685543464,(2, 1) => 0.0,(2, 5) => 0.14361357847005043,(1, 7) => 0.1831773500032555,(1, 4) => 0.10563612652693015,(1, 3) => 0.04223338713949938,(2, 4) => 0.06282741114087027,(1, 1) => 0.0,(1, 2) => 0.14285714285714282,(2, 7) => 0.1140912440973931,(1, 5) => 0.07454615450073644), Dict((1, 6) => 0.07477055429481545,(2, 3) => 0.12390653772727418,(2, 6) => 0.10585560284910239,(2, 2) => 0.11891662685543464,(2, 1) => 0.0,(2, 5) => 0.14361357847005043,(1, 7) => 0.065788617797711,(1, 4) => 0.10563612652693015,(1, 3) => 0.5527173103313512,(2, 4) => 0.0463033145128238,(1, 1) => 0.0,(1, 2) => 0.10528460581140633,(2, 7) => 0.1140912440973931,(1, 5) => 0.419707988311061), Dict((1, 6) => 0.07477055429481545,(2, 3) => 0.12390653772727418,(2, 6) => 0.10585560284910239,(2, 2) => 0.11891662685543464,(2, 1) => 0.0,(2, 5) => 0.10584209298869314,(1, 7) => 0.48787956100818963,(1, 4) => 0.10563612652693015,(1, 3) => 0.056403319322958445,(2, 4) => 0.0463033145128238,(1, 1) => 0.0,(1, 2) => 0.33071982808582556,(2, 7) => 0.1140912440973931,(1, 5) => 0.07454615450073644), Dict((1, 6) => 0.07477055429481545,(2, 3) => 0.12390653772727418,(2, 6) => 0.10585560284910239,(2, 2) => 0.28650023886739184,(2, 1) => 0.0,(2, 5) => 0.28940447110512657,(1, 7) => 0.065788617797711,(1, 4) => 0.10563612652693015,(1, 3) => 0.22194582178769295,(2, 4) => 0.0463033145128238,(1, 1) => 0.0,(1, 2) => 0.10528460581140633,(2, 7) => 0.1140912440973931,(1, 5) => 0.2075612391852572), Dict((1, 6) => 0.10145365197582375,(2, 3) => 0.12390653772727418,(2, 6) => 0.10585560284910239,(2, 2) => 0.11891662685543464,(2, 1) => 0.0,(2, 5) => 0.10584209298869314,(1, 7) => 0.065788617797711,(1, 4) => 0.32848525786443344,(1, 3) => 0.04223338713949938,(2, 4) => 0.07935150776891677,(1, 1) => 0.0,(1, 2) => 0.10528460581140633,(2, 7) => 0.1140912440973931,(1, 5) => 0.07454615450073644)],"gamma_surprise" => [0.0136626644855527, 0.0136626644855527, 0.0136626644855527, 0.0136626644855527, 0.0136626644855527, 0.0136626644855527, 0.0136626644855527, 0.01077554099486182, 0.01077554099486182, 0.01061531433477861, 0.0136626644855527, 0.0136626644855527, 0.01061531433477861, 0.01061531433477861, 0.01061531433477861, 0.00892860322225619, 0.008828404533810156, 0.00892860322225619, 0.0136626644855527, 0.0136626644855527, 0.0136626644855527, 0.010775540994861825, 0.01061531433477861, 0.008907240678959387, 0.008828404533810156, 0.007699123322989345, 0.00765393528873758, 0.006903408231583924, 0.01635567997162184, 0.00771146013242568, 0.007781783627312675, 0.006259215202934981, 0.012612391146514393, 0.01061531433477861, 0.008907240678959387, 0.0074566176793462655, 0.017655767124035632, 0.01077554099486182, 0.006025495481552473, 0.00674579159936138, 0.014088811186121514, 0.008907240678959387, 0.005806976648248723, 0.006199078672809501, 0.011994939081189624, 0.007770116955368736, 0.005616713453135154, 0.005765285253372724, 0.010730635387608541, 0.0070037062886731515, 0.008907240678959387, 0.010940678676908738, 0.01693263972030955, 0.01061531433477861, 0.008828404533810156, 0.007699123322989345, 0.020449733901354298, 0.008828404533810156, 0.00765393528873758, 0.006851726360875413, 0.005595196603998022, 0.0077224244476139835, 0.006823110523566251, 0.014958482400121079, 0.005473470969501408, 0.005287155598989711, 0.005195435294009673, 0.0050275508873909615, 0.007699123322989345, 0.0062237956333193525, 0.0048057665502555975, 0.004958529438839543, 0.02383176638292036, 0.004754215801676291, 0.004747138239160577, 0.006866576062258837, 0.017085835587665493, 0.0045761753648589564, 0.004571368385721084, 0.006851726360875413, 0.00941116851344493, 0.006591071611377599, 0.010888268146116275, 0.0060466385302027255, 0.004535891209989266, 0.009031102446996668, 0.0062237956333193525, 0.01774537375218218, 0.005618335282959078, 0.005739577082283029, 0.005963142206118609, 0.015638642074509403, 0.006454783046671196, 0.005555370873504564, 0.008118675608098704, 0.01842793699882841, 0.004390661769066371, 0.004416590619163356, 0.004261046511894946, 0.004279251308334298, 0.005555370563645332, 0.014659553501736946, 0.006957084266287953, 0.004144649451904753, 0.004156557043909717, 0.005223406104676687, 0.012044379008617741, 0.005272316529303447, 0.004947871294242065, 0.005587466370641066, 0.004046281442366342, 0.010776443533891346, 0.0062964307654903105, 0.004135409917483271, 0.0039466280770452, 0.009988928282891074, 0.005792164549581922, 0.004126905651115323, 0.0038561313732973085, 0.01567071432590754, 0.004031914718856999, 0.003773583731051118, 0.003944961446122379, 0.0036979811128055986, 0.009767738547925899, 0.004986795959035634, 0.004869072907295467, 0.008169935256882211, 0.004747092663841748, 0.03372365174377518, 0.005281055598329096, 0.007192142377057993, 0.004659295577692488, 0.010991909926822512, 0.004542941669928101, 0.004020715885747659, 0.0036284818558048357, 0.003941073518406531, 0.003564375102244238, 0.0044779043956984085, 0.016983354902278234, 0.0035050563237724627, 0.004319497491337515, 0.007522628766523886, 0.004366943778370212, 0.009577863005586166, 0.004213627430145143, 0.0039413700243354334, 0.006510817978549998, 0.004179963046091405, 0.00517616699299739, 0.003450008146465059, 0.009095919745456685, 0.004078857443015026, 0.003941604289453825, 0.0033987851830232104, 0.0038730596865880385, 0.003351001927596105, 0.00884068264760385, 0.0039594493463198915, 0.004056115577275893, 0.004944142993105656, 0.003306323014928014, 0.015255114946965041, 0.0038767783004501925, 0.0032644553218321936, 0.003814756810591812, 0.00322514151673097, 0.012991369171691778, 0.0037566543031242097, 0.003188154756603197, 0.003702110093223158, 0.028081697247985454, 0.0041546014347447055, 0.004743517068883692, 0.0032124011681922207, 0.003650806515393489, 0.003177745416710086, 0.011671366909287507, 0.003602462684564783, 0.0031449796841504806, 0.004143846430673978, 0.010532533222032625, 0.0038529103011438765, 0.0035568293141610106, 0.003113953327483002, 0.009335963647336198],"final_PolicyParameters" => Dict{Int64,Any}(1 => [0.0 0.0; 1.0457719139742954 0.41258268189885156; 1.8299597306573767 0.2727351150639834; 1.078674492178873 2.2214655103822727; 3.0511410766629212 2.382578651094776; 2.600097263227372 1.6134538473725988; 1.9496129437640244 0.727687642765701]),"particlefilterseeds" => [1, 2, 3])
POPULATION_SIGNALS
subject_id: 12
algorithm_name: Actor-Critic (TD-Lambda, ReplTrc) modulated Actor
param_string: alpha(actor)=0.7972,
                surpriseprobability=0.0043,
                stochasticity=2.7816,
                eta(critic)=0.0,
                gamma=0.9966,
                lambda_actor=0.7939,
                lambda_critic=0.305,
                temp=0.392,
                nparticles=15,
                init_policy=nothing,
                init_Vs=nothing,
                use_replacing_trace=true
param_vector: [0.7972414808175023, 0.004336552046615557, 2.7816353998652787, 3.24411867293681e-5, 0.9966448663088217, 0.7939275473003868, 0.3049775441960644, 0.39196929107560724, 15.0]
LL: -73.857
RPE
[0.0, 0.0, 0.0, 0.0, 0.0, 0.0, 0.0, 0.0, 0.0, 0.0, 0.0, 0.0, 0.0, 0.0, 0.0, 0.0, 0.0, 0.0, 1.0, -0.0, 1.0, 0.0, 1.0, 0.0, 1.0, 0.0, 1.0, 0.0, -0.0, 0.0, 0.0, 0.0, -0.0, -0.0, 0.0, 1.0, -0.0, 1.0, 0.0, 1.0, 0.0, 1.0, 0.0, 1.0, 0.0, 1.0, 0.0, 1.0, 0.0, 1.0, 0.0, 0.0, -0.0, 0.0, -0.0, 0.0, -0.0, 0.0, -0.0, 0.0, 1.0, 0.0, 0.0, 0.0, 0.0, 1.0, 0.0, 1.0, 0.0, 0.0, 1.0, 0.0, -0.0, 0.0, 1.0, 0.0, 0.0, 0.0, 1.0, 0.0, 0.0, 1.0, 0.0, 1.0, 0.0, -0.0, 0.0, 0.0, 1.0, 0.0, 0.0, -0.0, 0.0, 0.0, -0.0, 0.0, 0.0, 1.0, 0.0, 1.0, 0.0, 0.0, -0.0, 0.0, 0.999, 0.0, 0.0, 1.0, 0.0, 0.0, 0.999, 0.0, -0.0, 0.0, 0.999, 0.0, -0.0, 0.0, 0.999, 0.0, 0.0, 0.999, 0.0, 0.999, 0.0, 1.0, 0.0, 0.0, 1.0, -0.0, 0.001, -0.001, 0.0, 0.0, 1.0, 0.0, 0.999, 0.0, 0.999, 0.0, 0.001, 0.999, 0.0, 0.0, 1.0, 0.0, 1.0, 0.001, -0.001, 0.0, 0.001, 0.999, 0.0, 1.0, 0.001, 0.999, 0.001, 0.999, 0.0, 1.0, 0.0, 0.001, 0.999, 0.0, 0.001, 0.999, 0.001, 0.999, 0.0, 0.001, 0.999, 0.001, -0.001, 0.0, 0.001, 0.999, 0.001, 0.999, 0.0, 0.001, 0.999, 0.0, 0.0, 0.999, 0.001, 0.999, 0.0]
SPE
[0.857, 0.857, 0.857, 0.857, 0.857, 0.857, 0.857, 0.815, 0.815, 0.815, 0.857, 0.857, 0.815, 0.815, 0.815, 0.777, 0.777, 0.777, 0.857, 0.857, 0.857, 0.815, 0.815, 0.777, 0.777, 0.743, 0.743, 0.711, 0.881, 0.743, 0.743, 0.682, 0.845, 0.815, 0.777, 0.734, 0.891, 0.815, 0.667, 0.706, 0.865, 0.777, 0.656, 0.68, 0.839, 0.743, 0.646, 0.656, 0.818, 0.711, 0.777, 0.815, 0.886, 0.815, 0.777, 0.743, 0.906, 0.777, 0.743, 0.711, 0.646, 0.743, 0.711, 0.87, 0.637, 0.626, 0.618, 0.606, 0.743, 0.682, 0.588, 0.6, 0.919, 0.583, 0.583, 0.711, 0.886, 0.567, 0.567, 0.711, 0.787, 0.694, 0.82, 0.668, 0.563, 0.777, 0.682, 0.891, 0.644, 0.655, 0.668, 0.876, 0.694, 0.644, 0.753, 0.895, 0.549, 0.552, 0.535, 0.538, 0.643, 0.867, 0.711, 0.522, 0.524, 0.62, 0.838, 0.621, 0.599, 0.646, 0.511, 0.817, 0.682, 0.522, 0.499, 0.803, 0.655, 0.521, 0.487, 0.878, 0.51, 0.476, 0.499, 0.465, 0.799, 0.6, 0.593, 0.753, 0.581, 0.944, 0.626, 0.722, 0.575, 0.822, 0.562, 0.509, 0.455, 0.499, 0.445, 0.558, 0.886, 0.436, 0.541, 0.733, 0.545, 0.796, 0.529, 0.499, 0.694, 0.526, 0.618, 0.427, 0.785, 0.513, 0.499, 0.418, 0.49, 0.41, 0.779, 0.499, 0.512, 0.6, 0.402, 0.874, 0.49, 0.394, 0.482, 0.387, 0.851, 0.474, 0.38, 0.466, 0.932, 0.524, 0.583, 0.384, 0.459, 0.377, 0.833, 0.452, 0.371, 0.522, 0.814, 0.485, 0.444, 0.365, 0.791]
action_selection_prob
[0.5, 0.5, 0.5, 0.5, 0.5, 0.5, 0.5, 0.5, 0.5, 0.5, 0.5, 0.5, 0.5, 0.5, 0.5, 0.5, 0.5, 0.5, 0.5, 0.347, 0.469, 0.602, 0.721, 0.741, 0.82, 0.813, 0.868, 0.854, 0.896, 0.682, 0.375, 0.854, 0.896, 0.318, 0.52, 0.896, 0.868, 0.529, 0.89, 0.914, 0.906, 0.745, 0.918, 0.927, 0.928, 0.83, 0.935, 0.936, 0.941, 0.874, 0.48, 0.299, 0.899, 0.52, 0.486, 0.701, 0.943, 0.52, 0.486, 0.701, 0.943, 0.613, 0.645, 0.239, 0.946, 0.949, 0.95, 0.954, 0.317, 0.547, 0.958, 0.954, 0.961, 0.954, 0.961, 0.475, 0.722, 0.957, 0.964, 0.395, 0.285, 0.902, 0.96, 0.918, 0.962, 0.033, 0.585, 0.443, 0.93, 0.705, 0.66, 0.084, 0.787, 0.66, 0.084, 0.705, 0.963, 0.916, 0.965, 0.838, 0.776, 0.718, 0.061, 0.967, 0.878, 0.806, 0.772, 0.823, 0.842, 0.83, 0.902, 0.969, 0.131, 0.969, 0.918, 0.97, 0.312, 0.97, 0.93, 0.867, 0.972, 0.939, 0.973, 0.945, 0.974, 0.479, 0.885, 0.135, 0.726, 0.975, 0.615, 0.049, 0.899, 0.615, 0.822, 0.975, 0.881, 0.976, 0.904, 0.91, 0.252, 0.92, 0.919, 0.529, 0.869, 0.977, 0.896, 0.978, 0.069, 0.926, 0.295, 0.931, 0.978, 0.914, 0.979, 0.859, 0.98, 0.89, 0.98, 0.927, 0.933, 0.565, 0.91, 0.938, 0.981, 0.924, 0.982, 0.934, 0.942, 0.982, 0.942, 0.983, 0.948, 0.946, 0.723, 0.948, 0.983, 0.953, 0.949, 0.983, 0.957, 0.952, 0.803, 0.936, 0.984, 0.961, 0.984]
results_dict
Dict{String,Any}("Surprise" => [1.0000000000000002, 1.0000000000000002, 1.0000000000000002, 1.0000000000000002, 1.0000000000000002, 1.0000000000000002, 1.0000000000000002, 0.773340693506996, 0.773340693506996, 0.773340693506996, 1.0000000000000002, 1.0000000000000002, 0.773340693506996, 0.773340693506996, 0.773340693506996, 0.6414854812363958, 0.6414854812363958, 0.6414854812363958, 1.0000000000000002, 1.0000000000000002, 1.0000000000000002, 0.773340693506996, 0.773340693506996, 0.6414854812363958, 0.6414854812363958, 0.5552420044528426, 0.5552420044528426, 0.4944329462714055, 1.2054289974366323, 0.5552420044528426, 0.5552420044528426, 0.44925275144753235, 0.9244468978356655, 0.773340693506996, 0.6414854812363958, 0.5365635340821219, 1.308143496154949, 0.773340693506996, 0.4295058215200784, 0.4859692346843635, 1.0550284723129488, 0.6414854812363958, 0.415003751413116, 0.446897686367465, 0.8894536688282311, 0.5552420044528426, 0.4031193061470119, 0.415814893860753, 0.783038689375666, 0.4944329462714055, 0.6414854812363958, 0.773340693506996, 1.2567862467957907, 0.773340693506996, 0.6414854812363958, 0.5552420044528426, 1.5135724935915824, 0.6414854812363958, 0.5552420044528426, 0.4944329462714055, 0.40374802243342794, 0.5552420044528426, 0.4944329462714055, 1.1027144987183164, 0.39321937627903353, 0.3816041628823791, 0.37361789263085243, 0.362925252668139, 0.5552420044528426, 0.44925275144753235, 0.34695703819824025, 0.35686102182079277, 1.770358740387374, 0.34237143675066567, 0.34281387332999363, 0.4944329462714055, 1.2567862467957907, 0.329718139138682, 0.3301436572588152, 0.4944329462714055, 0.6692836333652711, 0.46761099306594767, 0.793977978615463, 0.43062997126062574, 0.3271344283639866, 0.6414854812363958, 0.44925275144753235, 1.308143496154949, 0.4012102662072718, 0.4143622561537865, 0.4306299712606256, 1.154071748077475, 0.46761099306594767, 0.40121026620727174, 0.5782353152557839, 1.3595007455141077, 0.316762604882632, 0.3189834508820769, 0.3074952633416713, 0.30907849534428283, 0.4002023818259218, 1.075553102164335, 0.4944329462714055, 0.2991649026019934, 0.30022828880218705, 0.37630267665259964, 0.8804951604121323, 0.3772479345415808, 0.35646022273455963, 0.40374802243342806, 0.29227287243928557, 0.782253799146508, 0.44925275144753235, 0.29908197848154877, 0.28508307593351523, 0.7251494364111241, 0.4143622561537865, 0.29848487440507876, 0.2785534499221803, 1.171774376630645, 0.29161528834162925, 0.27259705984380006, 0.2853269578577602, 0.2671415932703198, 0.7093362560605179, 0.35735334574051164, 0.351090537016182, 0.5781614219273961, 0.34057175276175783, 2.5316668960565867, 0.381604162882379, 0.513978069455272, 0.3359628678813712, 0.802329779756819, 0.3262255156013591, 0.2907291934442529, 0.2621264097116977, 0.284958131757861, 0.25750027700115674, 0.3228820809023201, 1.252920912929344, 0.25321961480736865, 0.31145907507695, 0.534918692743395, 0.31382036774161076, 0.7002679550269005, 0.3029873190395781, 0.28501887362410194, 0.46623620964322365, 0.3013974938624606, 0.3741020026213296, 0.24924711749532213, 0.6644692620031429, 0.29344533029015496, 0.28507019866385436, 0.24555066407423967, 0.2801022828192711, 0.2421024477544079, 0.6457390146789485, 0.2849765823911762, 0.29246764645998236, 0.3573227994966811, 0.2388782751720212, 1.133867210082802, 0.2803127345509729, 0.23585699791215797, 0.27582471558327254, 0.23302004807971027, 0.9586351405586195, 0.2716203675284216, 0.23035105635816283, 0.26767359713935257, 2.0955199813828513, 0.29985646955401046, 0.3428138733299936, 0.23194279374255106, 0.26396141890073876, 0.22945309057806842, 0.8578204291647595, 0.2604635053717476, 0.22709876492670708, 0.2991765889670182, 0.7682817670410611, 0.27740964604573676, 0.2571618134639307, 0.22486906731891462, 0.6823528669012264],"trialByTrial_Vs" => [0.0, 0.0, 0.0, 0.0, 0.0, 0.0, 0.0, 0.0, 0.0, 0.0, 0.0, 0.0, 0.0, 0.0, 0.0, 0.0, 0.0, 0.0, 0.0, 2.9971834568972844e-6, 7.184084073639352e-10, 1.2857724566406623e-5, 3.244190511446944e-5, 2.2718674797001922e-5, 6.488203938993587e-5, 3.25800341117609e-5, 9.732112126894875e-5, 4.244180247376323e-5, 0.00012975915078564907, 9.860638325553667e-6, 3.24411867293681e-5, 4.244351476076733e-5, 0.00012975559034488057, 9.861615690340753e-6, 2.1836332727741655e-10, 0.0001297519901164574, 4.272210734947218e-5, 3.252618601305831e-5, 5.258209063798445e-5, 0.00016218896753728563, 6.244466780056906e-5, 6.496631755435238e-5, 7.230474025084496e-5, 0.00019462489266407242, 8.216740647777538e-5, 9.740539669928159e-5, 9.202756806038387e-5, 0.0002270597655309554, 0.0001018903233222331, 0.00012984342348198693, 2.3635408298917358e-9, 9.863772417565898e-6, 0.00016228039793660828, 3.6935677543829395e-9, 1.2859365480064566e-5, 9.867134828605078e-6, 0.0002594935861720712, 4.588560388870837e-9, 1.2860954163231533e-5, 9.872681688499604e-6, 0.00025948551194453776, 9.164903862676607e-7, 1.58597146316987e-5, 1.973883080680333e-5, 0.00011175057400774588, 0.0002919182806559593, 0.00012161414691322263, 0.00032434999720987493, 1.1942725349995491e-6, 2.2739879048603023e-5, 0.00035678066164041786, 0.00013147812862861983, 0.00038921027398172025, 0.00013148390173036068, 0.00038920442719105546, 4.194365196430331e-6, 1.677201985526118e-5, 0.00014134902056699638, 0.00042163298766692515, 5.107453660236811e-6, 3.260779713487463e-5, 0.0001622777714028077, 0.00015121454817422692, 0.0001947136936486917, 0.00016107465646885314, 0.0004540604961218091, 8.106312595439146e-6, 4.247102428281873e-5, 0.0002271485636347654, 1.1105738979203677e-5, 5.233538921320301e-5, 0.00045495771651470486, 1.9774715471042635e-5, 5.2344206493329006e-5, 0.0004549451180229064, 1.110982457168132e-5, 0.0001613568258550344, 0.00045493306978874973, 0.00017122245266660107, 0.00048735949794945145, 1.4113380928589643e-5, 5.263033414284344e-5, 0.0002595823813951653, 0.00018108848813091908, 0.0005197848741583422, 1.4393487221602967e-5, 5.3547782859355616e-5, 0.00026257876338202563, 1.7393200557012923e-5, 6.341258462350387e-5, 0.0005522091984495486, 0.00019095493218279085, 0.0002950114317446997, 0.00019095724344059102, 0.0005846324708571961, 0.00020082482457431969, 0.00029800732910539824, 0.00020082697995872742, 0.0006170546914154091, 2.0395016540422474e-5, 0.00021069496948903044, 0.0006494758601583107, 0.00022056336744894606, 0.0006818959771200232, 0.00023043217380158904, 0.0003010035725190452, 2.3400709194895375e-5, 7.328357485114903e-5, 0.000333434994335311, 0.000240292100697114, 8.314932862302444e-5, 0.0007143150423346675, 2.6401057796561743e-5, 8.316311178357567e-5, 0.00036586536403776575, 0.0002403753966443416, 0.0007152047968085445, 0.00025024430877717874, 0.0007476227814455496, 2.9401752579374075e-5, 9.302927381721348e-5, 0.0007800397144046617, 3.240540069554862e-5, 0.00010290442298420477, 0.00039829468166054126, 0.00026011362923814593, 0.0004307229472377683, 0.00026997550824740953, 0.0008124555957199984, 3.540656582099908e-5, 0.00011277067332830248, 0.0008124332314431327, 0.0002702629002702392, 0.0004631501608035764, 0.0002801251787198472, 0.0008448480618743344, 0.00028999571462764485, 0.0008772618407299692, 0.00029986665871638426, 0.0004955763223920941, 3.841068399600477e-5, 0.0001226459099308515, 0.0009096745680441516, 4.141559084218881e-5, 0.00030972870545603793, 0.0009420862438509948, 0.00031960046609792866, 0.0009744968681846109, 4.442482565858583e-5, 0.00032947263481014177, 0.001006906441079111, 0.00033934521155581145, 0.001039314962568605, 4.743484927757065e-5, 0.00013252301141506454, 0.0010392863215537393, 0.00033963571737966866, 0.0010716937926014845, 5.044057059419414e-5, 0.0003495094203050578, 0.00110410021231241, 5.3451513185511624e-5, 0.00014240270498379627, 0.0005280014320374488, 0.00035938353114327445, 0.0011365055807206225, 0.0003692580498574607, 0.0, 0.0, 0.0, 0.0, 0.0, 0.0, 0.0, 0.0, 0.0, 0.0, 0.0, 0.0, 0.0, 0.0, 0.0, 0.0, 0.0, 0.0, 0.0, 0.0, 0.0, 0.0, 0.0, 0.0, 0.0, 0.0, 0.0, 0.0, 0.0, 0.0, 0.0, 0.0, 0.0, 0.0, 0.0, 0.0, 0.0, 0.0, 0.0, 0.0, 0.0, 0.0, 0.0, 0.0, 0.0, 0.0, 0.0, 0.0, 0.0, 0.0, 0.0, 0.0, 0.0],"final_V" => Dict{Int64,Any}(1 => [0.0, 1.9862736093958818e-5, 0.00036926419055683296, 0.0011689098978602274, 0.00015227058868843852, 0.0005604254897737668, 5.645376908903433e-5]),"nparticles" => 15,"trial_by_trial_p_sa_max" => [0.5, 0.5, 0.5, 0.5, 0.5, 0.5, 0.5, 0.5, 0.5, 0.5, 0.5, 0.5, 0.5, 0.5, 0.5, 0.5, 0.5, 0.5, 0.5, 0.34661584528824335, 0.46926059889766836, 0.6018095146495803, 0.7214514509015365, 0.7410970289400247, 0.8199903133542843, 0.8126268891526797, 0.867765653106084, 0.8542059122944922, 0.8956320483678811, 0.6820041415444427, 0.3749784552707223, 0.8542063259542665, 0.8956310076370084, 0.317992307888639, 0.5196141341449855, 0.8956300853300893, 0.8680634085507152, 0.5293467570381948, 0.8904690780782876, 0.9138302099697483, 0.9064827543428761, 0.7448885193671684, 0.918451160385377, 0.9266389071356471, 0.9277381826607721, 0.8304633343099068, 0.9351387777015077, 0.936138272627396, 0.941178251909372, 0.8735651581168873, 0.48038272628137507, 0.2994691459798455, 0.899294475796642, 0.5196097498015634, 0.4862754319802475, 0.7005218394534813, 0.9434623229895326, 0.5196140559996985, 0.48628542073877595, 0.7005223773039821, 0.9434615465483851, 0.6130660154141803, 0.645241187199822, 0.23903408707391227, 0.9461938274501761, 0.9492797520713046, 0.950428113660401, 0.9540130032348012, 0.31685963630494685, 0.5474786608522578, 0.9579386755292927, 0.9540482092726383, 0.9612470793160217, 0.9540484276811207, 0.9612469219700218, 0.4749075340239089, 0.7221358698479547, 0.9571784757510897, 0.9640728656529434, 0.39461451864761676, 0.2854270733107959, 0.9021020407456802, 0.9599112664421265, 0.9182994626944948, 0.9623163819342313, 0.03348524715516161, 0.5845356826711121, 0.44276198911717884, 0.9299077434041376, 0.7046599464659722, 0.6604430712879669, 0.08383110917397955, 0.7872538412701238, 0.6604551378070096, 0.08380867072365267, 0.7046752279052283, 0.9633886974750847, 0.9162117001192907, 0.9654076792619173, 0.8376214848824314, 0.7764790704097821, 0.7182375245773681, 0.061367998030015636, 0.9672164426132357, 0.8776410440424683, 0.8058537345421554, 0.7719445092042118, 0.8226156067708021, 0.8415921939916429, 0.8300150753137326, 0.9019140036461456, 0.9688461093222994, 0.1307604485396336, 0.9688461476345269, 0.9181739601816176, 0.9703220510385313, 0.3123777686572352, 0.9703220833455211, 0.929817967335486, 0.8666439145951209, 0.9716648982681284, 0.9385643485518981, 0.9728918127508107, 0.9453738546176715, 0.9740171798951363, 0.47868181423793527, 0.8850602844279195, 0.1348245123853287, 0.7257198247732782, 0.9750525510085826, 0.6150723700863453, 0.049174801434905636, 0.8991122193172251, 0.6150945873567167, 0.8219843068874512, 0.9754317868459655, 0.8814881171591534, 0.976360218655861, 0.9044067144884198, 0.9101681449502826, 0.25212024373790315, 0.9199173052194964, 0.9190841628344134, 0.5287261159953129, 0.8688986522618455, 0.9772212014048717, 0.8963598661000408, 0.978021572748865, 0.06889550895601114, 0.9264139547795016, 0.2947514819418883, 0.9311383874468004, 0.97839453967185, 0.9143407447464741, 0.9791160709303722, 0.8590894164003143, 0.9797912537566972, 0.890297380150703, 0.9804242312829844, 0.9270158447058139, 0.9325463034283116, 0.5649847666226141, 0.9102310752723209, 0.9377481241405391, 0.9810186544162319, 0.9240483886723712, 0.9815782765289804, 0.9341848697921576, 0.9422145130049591, 0.9821059019723125, 0.9419365817460358, 0.9826041948597112, 0.948055737483193, 0.9460897894791797, 0.7232889792906451, 0.9480539090464444, 0.9828393297480903, 0.9530069907657887, 0.94948281126716, 0.9832981979947318, 0.9570979524851569, 0.9524782202158077, 0.803094531575274, 0.9364277723089706, 0.9837332021486559, 0.9605337601482817, 0.9841461543526715],"final_Tsas" => Dict{Tuple{Int64,Int64},Float64}[Dict((1, 6) => 0.5279122254882055,(2, 3) => 0.12378532192224903,(2, 6) => 0.10508059177497552,(2, 2) => 0.11851145373218272,(2, 1) => 1.0,(2, 5) => 0.1054026902862857,(1, 7) => 0.06556378134939571,(1, 4) => 0.10538950750498631,(1, 3) => 0.0419518334338653,(2, 4) => 0.6413214303837138,(1, 1) => 1.0,(1, 2) => 0.10508059177497553,(2, 7) => 0.11366860770585357,(1, 5) => 0.07423346476447817), Dict((1, 6) => 0.07423346476447822,(2, 3) => 0.2572880684665058,(2, 6) => 0.10508059177497552,(2, 2) => 0.11851145373218272,(2, 1) => 0.0,(2, 5) => 0.1054026902862857,(1, 7) => 0.06556378134939571,(1, 4) => 0.14033731586563875,(1, 3) => 0.0419518334338653,(2, 4) => 0.079072613173648,(1, 1) => 0.0,(1, 2) => 0.10508059177497553,(2, 7) => 0.31798835376487855,(1, 5) => 0.07423346476447817), Dict((1, 6) => 0.07423346476447822,(2, 3) => 0.12378532192224903,(2, 6) => 0.3695164493501464,(2, 2) => 0.11851145373218272,(2, 1) => 0.0,(2, 5) => 0.1402297838596122,(1, 7) => 0.18235320297465515,(1, 4) => 0.10538950750498631,(1, 3) => 0.0419518334338653,(2, 4) => 0.0625358832557049,(1, 1) => 0.0,(1, 2) => 0.1428571428571428,(2, 7) => 0.11366860770585357,(1, 5) => 0.07423346476447817), Dict((1, 6) => 0.07423346476447822,(2, 3) => 0.12378532192224903,(2, 6) => 0.10508059177497552,(2, 2) => 0.11851145373218272,(2, 1) => 0.0,(2, 5) => 0.143295036023398,(1, 7) => 0.06556378134939571,(1, 4) => 0.10538950750498631,(1, 3) => 0.5538015998940842,(2, 4) => 0.04599915333776179,(1, 1) => 0.0,(1, 2) => 0.10508059177497553,(2, 7) => 0.11366860770585357,(1, 5) => 0.4211642817885048), Dict((1, 6) => 0.07423346476447822,(2, 3) => 0.12378532192224903,(2, 6) => 0.10508059177497552,(2, 2) => 0.11851145373218272,(2, 1) => 0.0,(2, 5) => 0.1054026902862857,(1, 7) => 0.4898278902783662,(1, 4) => 0.10538950750498631,(1, 3) => 0.057033548829023534,(2, 4) => 0.04599915333776179,(1, 1) => 0.0,(1, 2) => 0.3317398982679792,(2, 7) => 0.11366860770585357,(1, 5) => 0.07423346476447817), Dict((1, 6) => 0.07423346476447822,(2, 3) => 0.12378532192224903,(2, 6) => 0.10508059177497552,(2, 2) => 0.28893127760690396,(2, 1) => 0.0,(2, 5) => 0.29486441897184706,(1, 7) => 0.06556378134939571,(1, 4) => 0.10538950750498631,(1, 3) => 0.2213575175414311,(2, 4) => 0.04599915333776179,(1, 1) => 0.0,(1, 2) => 0.10508059177497553,(2, 7) => 0.11366860770585357,(1, 5) => 0.20766839438910378), Dict((1, 6) => 0.10092045068940332,(2, 3) => 0.12378532192224903,(2, 6) => 0.10508059177497552,(2, 2) => 0.11851145373218272,(2, 1) => 0.0,(2, 5) => 0.1054026902862857,(1, 7) => 0.06556378134939571,(1, 4) => 0.3327151466094295,(1, 3) => 0.0419518334338653,(2, 4) => 0.079072613173648,(1, 1) => 0.0,(1, 2) => 0.10508059177497553,(2, 7) => 0.11366860770585357,(1, 5) => 0.07423346476447817)],"gamma_surprise" => [0.004336552046615559, 0.004336552046615559, 0.004336552046615559, 0.004336552046615559, 0.004336552046615559, 0.004336552046615559, 0.004336552046615559, 0.0033569317621218275, 0.0033569317621218275, 0.0033569317621218275, 0.004336552046615559, 0.004336552046615559, 0.0033569317621218275, 0.0033569317621218275, 0.0033569317621218275, 0.0027861668771766786, 0.0027861668771766786, 0.0027861668771766786, 0.004336552046615559, 0.004336552046615559, 0.004336552046615559, 0.0033569317621218275, 0.0033569317621218275, 0.0027861668771766786, 0.0027861668771766786, 0.0024124888571078833, 0.0024124888571078833, 0.002148845371999724, 0.005222752877997482, 0.0024124888571078833, 0.0024124888571078833, 0.0019528720692374697, 0.004010225997081208, 0.0033569317621218275, 0.0027861668771766786, 0.0023315213885290844, 0.005665261977492279, 0.0033569317621218275, 0.0018671937450278724, 0.002112139093223771, 0.004574094347174203, 0.0027861668771766786, 0.001804262541064406, 0.0019426546442822662, 0.003859012099423343, 0.0024124888571078833, 0.0017526845080343227, 0.0018077826736261778, 0.003398885920446969, 0.002148845371999724, 0.0027861668771766786, 0.0033569317621218275, 0.005444056649283085, 0.0033569317621218275, 0.0027861668771766786, 0.0024124888571078833, 0.0065491001721172115, 0.0027861668771766786, 0.0024124888571078833, 0.002148845371999724, 0.0017554132459439958, 0.0024124888571078833, 0.002148845371999724, 0.004779849743219105, 0.0017097151255134645, 0.0016592960572943058, 0.0016246264725542137, 0.0015782043647339671, 0.0024124888571078833, 0.0019528720692374697, 0.001508870306582282, 0.0015518745815134402, 0.007651690809474339, 0.0014889578249597177, 0.0014908790928889173, 0.002148845371999724, 0.005444056649283085, 0.0014340081199501887, 0.001435856123480582, 0.002148845371999724, 0.00290655179575318, 0.0020325119356422285, 0.003446205755262402, 0.001872071620415537, 0.0014227870487479055, 0.0027861668771766786, 0.0019528720692374697, 0.005665261977492279, 0.001744398851618148, 0.0018014786125220737, 0.0018720716204155363, 0.00500135059790562, 0.0020325119356422285, 0.0017443988516181476, 0.0025121422593119102, 0.005886368928296463, 0.0013777396196698365, 0.0013873856524581438, 0.0013374857941969112, 0.0013443629848670076, 0.0017400243545593838, 0.004662664331280309, 0.002148845371999724, 0.0013012990890947766, 0.0013059185360056074, 0.0016362817872325114, 0.003820292914534625, 0.0016403853218769466, 0.0015501343361284787, 0.0017554132459439964, 0.0012713584436549372, 0.0033954905658404575, 0.0019528720692374697, 0.0013009388573351588, 0.0012401223159261583, 0.0031484008634421203, 0.0018014786125220737, 0.0012983449620096862, 0.0012117526110752878, 0.005077678165399048, 0.001268501645523823, 0.0011858720772053967, 0.0012411818948872206, 0.0011621668807533043, 0.003079955810895708, 0.0015540122138859667, 0.0015268189005160297, 0.002511822036251981, 0.0014811426735735554, 0.01090626418176817, 0.0016592960572943056, 0.0022336003177118894, 0.0014611279725562955, 0.003482329926744583, 0.001418839575272249, 0.0012646520827775665, 0.0011403738176993471, 0.0012395794776955463, 0.0011202704995484651, 0.0014043185294340106, 0.005427403947039181, 0.0011016677369306666, 0.001354703489884235, 0.0023243906975284993, 0.0013649600062770205, 0.003040700747368874, 0.0013179038164225093, 0.0012398433796840178, 0.002026548429552303, 0.001310997620398484, 0.0016267281344482856, 0.0010844035673539614, 0.0028857043721242626, 0.0012764520107678527, 0.001240066368773492, 0.0010683385274130512, 0.001218482075232787, 0.0010533518770780236, 0.0028045894556967266, 0.0012396596392055155, 0.0012722046137451802, 0.0015538795847246923, 0.0010393385596425607, 0.0049142213562559985, 0.0012193964518253044, 0.0010262067353660424, 0.0011998964181529907, 0.0010138757663543311, 0.004157917031504394, 0.0011816282179880377, 0.0010022745592122354, 0.0011644786035322333, 0.009044363687141482, 0.0013043033240437928, 0.0014908790928889171, 0.0010091933373848549, 0.001148347807837124, 0.0009983713441447904, 0.003722277979339846, 0.001133147595251907, 0.0009881375806751577, 0.0013013498559655181, 0.003335045116596662, 0.0012067828836341157, 0.00111879964093706, 0.000978445356048846, 0.0029631404276350298],"final_PolicyParameters" => Dict{Int64,Any}(1 => [0.0 0.0; 0.9415721699483125 0.37613012831164333; 1.8669304897290007 0.24849351871204794; 1.531341374491712 2.8140172694102796; 2.892558796840405 2.217475263235603; 2.69959867933704 1.594590170009612; 1.7771296405448194 0.5782804597327109]),"particlefilterseeds" => [1, 2, 3])