DateTime of fitting: 2021-01-04T22:35:46.872
DATA_STATS
nr_subjects: 1
all_subject_ids: [21]
nr_puzzles: 1
nr_episodes: 47
nr_actions: 198
max_state_id: 7
max_action_id: 2
SUBJECT_SIGNALS
subject_id: 21
algorithm_name: Actor-Critic (TD-Lambda, ReplTrc) modulated Actor
param_string: alpha(actor)=0.8035,
                surpriseprobability=0.02,
                stochasticity=2.7546,
                eta(critic)=0.0018,
                gamma=0.9939,
                lambda_actor=0.9069,
                lambda_critic=0.2389,
                temp=0.3779,
                nparticles=15,
                init_policy=nothing,
                init_Vs=nothing,
                use_replacing_trace=true
param_vector: [0.803533678598442, 0.02000255251902165, 2.7545817273427633, 0.0018021989878072105, 0.9938683011489412, 0.9068812100076636, 0.23885637742806776, 0.3778905077868041, 15.0]
LL: -113.88
RPE
[0.0, 0.0, 0.0, 1.0, 0.0, 0.0, 0.0, 0.0, 0.001, 0.998, 0.0, 0.0, 0.0, 0.001, 0.003, 0.996, 0.0, 0.001, 0.004, 0.995, 0.0, 0.007, 0.993, 0.001, 0.008, -0.009, 0.001, 0.001, -0.002, 0.001, 0.001, 0.007, -0.009, 0.0, 0.002, 0.007, -0.009, 0.0, 0.002, -0.002, 0.0, 0.009, -0.009, -0.0, 0.0, 0.002, -0.002, 1.0, 0.002, -0.002, 0.009, 0.991, 0.002, -0.0, 0.998, 0.01, 0.989, 0.002, 0.001, -0.003, 0.002, 0.01, 0.988, 0.002, 0.001, 0.996, 0.002, 0.011, 0.986, 0.003, 0.002, 0.994, 0.007, -0.006, 0.003, 0.003, 0.993, 0.004, 0.011, 0.984, 0.004, 0.013, -0.017, 0.001, 0.004, 0.012, 0.982, 0.019, -0.019, 0.0, 0.005, 0.014, -0.019, 0.0, 0.005, 0.003, -0.008, 0.004, 0.003, -0.008, -0.0, 0.018, 0.981, 0.004, 0.015, -0.021, 0.008, -0.008, 0.004, 0.003, -0.008, 0.008, 0.991, 0.01, 0.989, 0.02, 0.979, 0.004, 0.007, -0.011, 0.004, 0.017, 0.977, 0.004, 0.006, 0.987, 0.0, 0.012, 0.986, 0.014, 0.984, -0.0, 0.023, -0.022, 0.015, 0.982, -0.001, 0.005, 0.013, 0.98, 0.021, 0.975, 0.018, 0.978, 0.002, 0.019, 0.977, 0.005, 0.019, 0.973, 0.02, 0.975, 0.023, 0.972, 0.021, 0.973, 0.024, 0.97, 0.022, 0.971, 0.005, 0.023, 0.97, 0.024, 0.968, 0.024, 0.968, -0.007, 0.032, 0.966, -0.007, 0.006, 0.025, 0.966, 0.005, 0.028, 0.964, -0.007, 0.007, -0.007, 0.033, 0.965, 0.005, 0.029, 0.963, -0.006, 0.034, 0.963, 0.0, 0.035, 0.961, -0.001, 0.032, 0.959, -0.006, 0.005, 0.033, 0.958]
SPE
[0.857, 0.857, 0.857, 0.857, 0.857, 0.857, 0.818, 0.821, 0.815, 0.815, 0.815, 0.818, 0.779, 0.781, 0.779, 0.782, 0.857, 0.745, 0.746, 0.748, 0.815, 0.857, 0.717, 0.746, 0.815, 0.857, 0.777, 0.712, 0.881, 0.713, 0.683, 0.725, 0.886, 0.779, 0.857, 0.698, 0.85, 0.743, 0.815, 0.857, 0.711, 0.871, 0.818, 0.777, 0.682, 0.786, 0.815, 0.857, 0.742, 0.656, 0.84, 0.711, 0.767, 0.777, 0.818, 0.882, 0.684, 0.736, 0.742, 0.631, 0.709, 0.882, 0.66, 0.683, 0.722, 0.779, 0.658, 0.851, 0.637, 0.636, 0.705, 0.743, 0.722, 0.899, 0.657, 0.679, 0.711, 0.615, 0.832, 0.615, 0.594, 0.67, 0.779, 0.876, 0.576, 0.645, 0.596, 0.851, 0.746, 0.755, 0.632, 0.803, 0.713, 0.724, 0.609, 0.902, 0.622, 0.559, 0.678, 0.6, 0.919, 0.777, 0.577, 0.554, 0.784, 0.683, 0.705, 0.58, 0.538, 0.667, 0.912, 0.679, 0.682, 0.655, 0.655, 0.838, 0.559, 0.524, 0.647, 0.575, 0.51, 0.773, 0.543, 0.496, 0.64, 0.63, 0.931, 0.645, 0.606, 0.624, 0.585, 0.91, 0.742, 0.656, 0.605, 0.566, 0.851, 0.508, 0.622, 0.547, 0.827, 0.527, 0.599, 0.53, 0.914, 0.582, 0.513, 0.508, 0.765, 0.513, 0.566, 0.498, 0.819, 0.499, 0.562, 0.483, 0.804, 0.486, 0.558, 0.469, 0.895, 0.544, 0.456, 0.531, 0.444, 0.8, 0.473, 0.707, 0.71, 0.461, 0.68, 0.902, 0.53, 0.433, 0.507, 0.616, 0.422, 0.658, 0.871, 0.635, 0.681, 0.45, 0.886, 0.635, 0.44, 0.614, 0.891, 0.411, 0.696, 0.667, 0.429, 0.912, 0.614, 0.42, 0.607, 0.899, 0.594, 0.41]
action_selection_prob
[0.5, 0.5, 0.5, 0.5, 0.5, 0.5, 0.682, 0.7, 0.719, 0.739, 0.651, 0.666, 0.777, 0.795, 0.813, 0.83, 0.258, 0.846, 0.861, 0.875, 0.521, 0.123, 0.901, 0.831, 0.425, 0.082, 0.712, 0.575, 0.89, 0.831, 0.575, 0.89, 0.918, 0.76, 0.169, 0.89, 0.918, 0.76, 0.169, 0.11, 0.76, 0.169, 0.081, 0.288, 0.76, 0.169, 0.11, 0.24, 0.502, 0.484, 0.441, 0.795, 0.695, 0.381, 0.306, 0.685, 0.856, 0.793, 0.664, 0.347, 0.793, 0.664, 0.889, 0.845, 0.789, 0.408, 0.877, 0.848, 0.91, 0.898, 0.881, 0.704, 0.798, 0.185, 0.585, 0.903, 0.816, 0.913, 0.918, 0.924, 0.924, 0.071, 0.066, 0.16, 0.924, 0.071, 0.935, 0.588, 0.179, 0.412, 0.742, 0.692, 0.178, 0.412, 0.742, 0.308, 0.349, 0.933, 0.692, 0.348, 0.933, 0.258, 0.825, 0.94, 0.63, 0.213, 0.512, 0.592, 0.94, 0.63, 0.592, 0.513, 0.409, 0.726, 0.543, 0.817, 0.631, 0.944, 0.75, 0.245, 0.944, 0.75, 0.786, 0.949, 0.828, 0.493, 0.953, 0.864, 0.737, 0.891, 0.829, 0.957, 0.53, 0.149, 0.91, 0.874, 0.077, 0.959, 0.87, 0.9, 0.742, 0.58, 0.825, 0.917, 0.962, 0.868, 0.929, 0.964, 0.895, 0.766, 0.894, 0.938, 0.912, 0.841, 0.924, 0.945, 0.934, 0.88, 0.941, 0.951, 0.966, 0.947, 0.955, 0.952, 0.959, 0.956, 0.904, 0.041, 0.7, 0.92, 0.179, 0.194, 0.821, 0.962, 0.968, 0.912, 0.965, 0.355, 0.491, 0.354, 0.508, 0.931, 0.03, 0.075, 0.939, 0.623, 0.546, 0.967, 0.142, 0.741, 0.946, 0.759, 0.32, 0.951, 0.826, 0.824, 0.631, 0.956]
results_dict
Dict{String,Any}("Surprise" => [1.0000000000000002, 1.0000000000000002, 1.0000000000000002, 1.0000000000000002, 1.0000000000000002, 1.0000000000000002, 0.7836340158460153, 0.7959349623787033, 0.7717074978283975, 0.7717074978283975, 0.7717074978283975, 0.7836340158460153, 0.6452480188775486, 0.6513410444553217, 0.646836222024166, 0.6543997588193998, 1.0000000000000002, 0.5599641077293291, 0.562522380518717, 0.5670429955987252, 0.7717074978283975, 1.0000000000000002, 0.5052305440798609, 0.5616608391691739, 0.7717074978283975, 1.0000000000000002, 0.6394455258961773, 0.4967214203406185, 1.2015813174488834, 0.49780722973262614, 0.4502616173057317, 0.5201076211840806, 1.2479820522458558, 0.6452480188775486, 1.0000000000000002, 0.4724362742285697, 0.9533834669404819, 0.5564539725969094, 0.7717074978283975, 1.0000000000000002, 0.4944898727186867, 1.10372329231629, 0.7836340158460153, 0.6394455258961772, 0.44874091458961357, 0.6674010801297631, 0.7717074978283975, 1.0000000000000002, 0.5531510901634276, 0.4158011239307227, 0.8950429135748773, 0.49469690243210074, 0.6132642906007834, 0.6394455258961772, 0.7836340158460153, 1.2074465846325806, 0.4527857857695136, 0.5409518671616937, 0.5531510901634276, 0.3873306428232044, 0.4913455956998724, 1.2074465846325806, 0.4198947887975696, 0.4500871227306306, 0.5135576978195986, 0.6452480188775486, 0.4176416101091216, 0.9619512496380666, 0.3933738163029482, 0.39258625296835636, 0.4841759181032362, 0.5564539725969094, 0.5135576978195986, 1.410182296732461, 0.4169934187114051, 0.4451884729143853, 0.4944898727186865, 0.3706135275736146, 0.8497689691234074, 0.3715238770116233, 0.352242676778453, 0.43333115111856974, 0.6452480188775486, 1.1519763414153146, 0.33717217102207103, 0.402692281900058, 0.35320380810494784, 0.9619512496380666, 0.5616608391691738, 0.5835207634148253, 0.3882287098625198, 0.7269256662109835, 0.49780722973262626, 0.5170553305301355, 0.36496514911547573, 1.4612779471533257, 0.37772912619794025, 0.32358316224546485, 0.4434849611895949, 0.3574920416286429, 1.765059047047023, 0.6394455258961773, 0.33761783547367935, 0.3203566862091555, 0.6616053550049381, 0.4510052330173608, 0.4841759181032362, 0.340478608506056, 0.3094839330970148, 0.4288148717825666, 1.6181612382827117, 0.4451884729143853, 0.4487409145896139, 0.41419469598904707, 0.413558834951189, 0.8798151752987258, 0.32419363449347394, 0.29988185151243024, 0.4044875298525471, 0.3364526042549236, 0.29133627387859545, 0.6302917022541628, 0.3125087891745933, 0.28367948815434957, 0.39657507976944917, 0.38565278287546423, 2.0731031296326368, 0.40224812163291845, 0.36297278153425716, 0.38018089841795755, 0.34417415386809, 1.592584579640678, 0.5531510901634281, 0.4151855920578073, 0.36157395695690975, 0.3293907452760243, 0.9598024550967719, 0.29027433730311697, 0.3779756468271663, 0.31568099763374863, 0.826225423952444, 0.302244578596068, 0.35605872772301567, 0.3038547359327441, 1.6669700630788584, 0.3416088714813593, 0.2935477253210648, 0.29010854189333773, 0.6073235186910504, 0.2931559089237916, 0.3289933839956287, 0.28448418121587526, 0.7885033468780859, 0.2850511587074819, 0.3258276287593561, 0.2764514013861436, 0.7289549258682239, 0.2777783155451187, 0.32306017793078873, 0.26928267111081017, 1.3668716038367803, 0.3134303180753135, 0.26284545088196265, 0.30477553765221277, 0.2570330326636666, 0.7154227036596171, 0.2712152220060463, 0.486771970081524, 0.49240803250740733, 0.26526257419264065, 0.447039615190042, 1.460645565322057, 0.30391559158146786, 0.25175853026822187, 0.28991862548032576, 0.3716730728558425, 0.24695047504194215, 0.4175537387980405, 1.109529089496484, 0.3915510777114532, 0.44733134082489606, 0.25983880588561614, 1.2545134185770392, 0.391531399340597, 0.2548762903522985, 0.3700705384347833, 1.311169876948872, 0.24254953731638848, 0.4697928759719584, 0.42887048682363227, 0.2503184795863525, 1.617127016523387, 0.3699732579278521, 0.2461177213404378, 0.3633597890710128, 1.414893169265162, 0.3518893693951232, 0.24223357347056118],"trialByTrial_Vs" => [0.0, 0.0, 0.0, 0.0, 0.0, 0.0, 2.411014283711791e-5, 0.00010156266838138758, 0.00042782722932970977, 0.0018021989878072105, 1.3899358278097274e-6, 5.8550292507567535e-6, 4.859222202120177e-5, 0.00020410883250254275, 0.0008573404049771249, 0.0036011500544227675, 2.8167737702942137e-6, 0.0003076379672335396, 0.0012885320605716265, 0.005396859053246956, 2.817291117990426e-5, 0.0004121495401061813, 0.007189331827131067, 7.344720417428089e-5, 0.0008490353625679724, 0.00897857420839641, 0.00013257346294422062, 0.0008598756072263257, 0.0017213947511785458, 7.741160723961294e-5, 0.000860784688362835, 0.0017188500399178866, 0.00896299406400931, 1.1831881712160713e-5, 7.969102848910596e-5, 0.0017280231243014914, 0.008947230038746729, 1.3166161744721162e-5, 8.480187386374083e-5, 0.0017371590151632722, 1.3821655137965775e-5, 8.703061065371646e-5, 0.008931297285340558, 0.00013410216914375926, 1.681662046424969e-5, 9.909703771242124e-5, 0.0017347649943406224, 1.7484634930925247e-5, 0.00013977264732733204, 0.001819652111946761, 0.00020285188740402265, 0.008916787632226118, 0.0006424699830342051, 0.002159489981512215, 0.0019210977977398168, 0.00016686238838900077, 0.010702916794388038, 0.0007464406176710124, 0.002586044453570682, 0.003719834585040462, 0.000749900609740032, 0.002586959152275247, 0.012485826996381818, 0.0008576792617307151, 0.0030271463592953683, 0.0037400601935457583, 0.0009630336320415332, 0.0034546169719351844, 0.014265524039414213, 0.0010721873868784538, 0.0038956667856495757, 0.0055355188486578225, 0.0006089804120409836, 0.007327741729998994, 0.0008644964414265406, 0.004324019938534913, 0.007317852332018558, 0.0011789203276771547, 0.004754030470452658, 0.016042013714237052, 0.0012900314750666116, 0.005195160408540771, 0.017815301801166077, 0.0006243419852452995, 0.001300634154522094, 0.00521051251692676, 0.01778529367550524, 0.0006521527996669699, 0.0195554400250526, 0.0006779295285160878, 0.0009727643748832297, 0.005653195895773567, 0.01952235288256195, 0.0006813797651359949, 0.0009851124811310823, 0.005670054621927317, 0.009106863093760083, 0.0014127121830906028, 0.005673281464085525, 0.009095130647479839, 0.0014209868581452475, 0.0009942675334941812, 0.019489034352861135, 0.0015276515871913018, 0.005682071670894864, 0.02125611022268428, 0.000684094152286707, 0.009106607338223409, 0.0015397517091148712, 0.005701791931256707, 0.009095058018769057, 0.0006963827561545227, 0.00908347720912339, 0.0011353322807358737, 0.010869305963498548, 0.0015759317708126772, 0.021222023571406356, 0.0015536361371251087, 0.005728948109438279, 0.012651916299100174, 0.0015628991268827757, 0.005736957374328735, 0.022985976249813956, 0.0016769049130654706, 0.0061857827340005, 0.012658980468226262, 0.0017879756422581844, 0.002029851292503057, 0.014438365454246965, 0.002473704455850804, 0.01621454363444694, 0.0018937562127713532, 0.0014468727087717766, 0.02474674993448999, 0.0029191792088750956, 0.017987520788128396, 0.0033662682651212895, 0.0019066008083370883, 0.006619720208606305, 0.01975730268417808, 0.0033905713956740233, 0.024813515317909797, 0.003846116932567984, 0.021523895081086063, 0.002020146485883542, 0.004296356676691672, 0.02328730372696447, 0.0021314624946883022, 0.0070625529348168166, 0.026570995413527133, 0.004748189091625423, 0.025047534359566186, 0.005201606974406587, 0.028325308180295054, 0.005658676366532723, 0.026804592706303518, 0.006112848804992277, 0.03007645932637041, 0.006570663339525328, 0.028558484484266844, 0.0022474118420364162, 0.007025583313858505, 0.0303092154002432, 0.00748207024047744, 0.03205679115073486, 0.00794011699391826, 0.03182445454962281, 0.008397021506545877, 0.0015044398122872568, 0.03356929953765317, 0.008496366516155396, 0.001975321480010046, 0.008487355052694212, 0.03380121742197787, 0.002364311666320769, 0.007513876840200524, 0.03554249988996054, 0.008945968296211101, 0.002095829737404937, 0.008936501772029868, 0.0021051271126686154, 0.03531099996781222, 0.002483360221535412, 0.007976618412500037, 0.037049561507218984, 0.009036262389261203, 0.002577300719496788, 0.03728064422044193, 0.0026033128402783443, 0.0030513086333282466, 0.03878498981277918, 0.009137119157880891, 0.008440580641484494, 0.04051729053120369, 0.009246835208721438, 0.003526513196840941, 0.008908434346762749, 0.042246469299026874, 0.0, 0.0, 0.0, 0.0, 0.0, 0.0, 0.0, 0.0, 0.0, 0.0, 0.0, 0.0, 0.0, 0.0, 0.0, 0.0, 0.0, 0.0, 0.0, 0.0, 0.0, 0.0, 0.0, 0.0, 0.0, 0.0, 0.0, 0.0, 0.0, 0.0, 0.0, 0.0, 0.0, 0.0, 0.0, 0.0, 0.0, 0.0, 0.0, 0.0, 0.0, 0.0, 0.0, 0.0, 0.0, 0.0, 0.0],"final_V" => Dict{Int64,Any}(1 => [0.0, 0.00364753814453178, 0.009265217408306596, 0.03901565606897026, 0.009377802312669093, 0.04397253174262495, 0.00271689615740256]),"nparticles" => 15,"trial_by_trial_p_sa_max" => [0.5, 0.5, 0.5, 0.5, 0.5, 0.5, 0.6819805894806309, 0.6998139212039957, 0.7189136450592405, 0.7392149044521877, 0.6508445114986904, 0.6661747305102822, 0.7773762059715983, 0.7952643389323873, 0.8129456448453749, 0.8301670737438341, 0.2575460384531792, 0.846318739055413, 0.8609031778317953, 0.8745578904897027, 0.5211845856501851, 0.12254826574824668, 0.9006183300892152, 0.8309842019047293, 0.42464544529707565, 0.08228078343838732, 0.7117692577701292, 0.5751411547996008, 0.8895444564224232, 0.831034987655353, 0.575141194582695, 0.8895391783596436, 0.9182622386084145, 0.7601378008157129, 0.16891666446415396, 0.8895501468632432, 0.9183873881722482, 0.7602178393239191, 0.16912017286222059, 0.11043975564286744, 0.7602322546670495, 0.16915501648739123, 0.0814962129407383, 0.28804389048046414, 0.7602972901321091, 0.16933181099528916, 0.11041412400929937, 0.23968854281040972, 0.5016073883586031, 0.483959867052325, 0.44069165589663983, 0.7947946549664198, 0.694977183747443, 0.38106692737467146, 0.3063831606373933, 0.6846700839408666, 0.8559657357996645, 0.7928028410328847, 0.6637207116027272, 0.34711134496486107, 0.7928315520635263, 0.6637053157573076, 0.8891782829187054, 0.8451498834358032, 0.788807259766304, 0.40794093325768704, 0.8766378583315536, 0.8476182661550202, 0.9099546895043873, 0.897749576139294, 0.8813227571760744, 0.7037899964364258, 0.7981139613501572, 0.1847156540716745, 0.5853100698085288, 0.902827952747527, 0.8155049911201206, 0.9126989282494198, 0.9177874292309683, 0.9241625278587341, 0.923916414555659, 0.07119802800318499, 0.06551284189234359, 0.16037117614522994, 0.9239359032733426, 0.07125748025206563, 0.9349962948544372, 0.5879248704690053, 0.17914476723623485, 0.41173482983643755, 0.7415251143317725, 0.691561102538518, 0.17793198079289668, 0.4119680941386032, 0.7417232145019695, 0.30838954433450094, 0.3488097832489282, 0.9326173996393362, 0.6916539404740593, 0.3484479529259206, 0.9326264781812871, 0.2580791044324599, 0.8245452049892787, 0.9395367253880339, 0.6302408738741521, 0.21274229217322532, 0.512426202646999, 0.59177230217031, 0.9395539904567536, 0.6303854536708288, 0.5915332278005208, 0.5129154960696668, 0.4086127903773726, 0.7264807347839902, 0.5429497428690829, 0.8170619986472366, 0.6313623460206484, 0.944158152168653, 0.7504535013858364, 0.24500254590049042, 0.9441661667102473, 0.7504731061446538, 0.7858725645663355, 0.9490121833256465, 0.8284033361412343, 0.49349767389517457, 0.9530776709049628, 0.863529216808042, 0.736728768624629, 0.8913226785592614, 0.8287343752417123, 0.9565450492405574, 0.5298474697271011, 0.1490299043430846, 0.9097765750723458, 0.873518362206477, 0.07710041174131013, 0.9589999425212594, 0.8697580846301529, 0.8997775910013319, 0.7421213478488069, 0.5801434255576751, 0.8245508754586978, 0.9170022628643839, 0.9616796658573682, 0.8677211785374408, 0.9291625824760953, 0.9640323222505204, 0.895247056368811, 0.7664936639218533, 0.8940072313918117, 0.9382033766295518, 0.9116332294265654, 0.841448853016425, 0.9242522272841545, 0.9451876885581035, 0.9337271228494501, 0.8802416398318319, 0.9410987726385751, 0.9507451666436006, 0.9661145383164464, 0.946996847396512, 0.955272349405992, 0.9518226663261943, 0.9590313505669322, 0.9558437670061956, 0.9038104005362144, 0.04075701366788862, 0.7003525614200544, 0.9196212959932224, 0.17918231281737876, 0.19449340087554642, 0.8210287227012472, 0.9622023488956128, 0.9679709522883867, 0.9124560115018726, 0.9649132735889374, 0.3546339631508214, 0.49142255017024133, 0.35437435862748035, 0.5084381510930168, 0.9309567516505848, 0.03036365142741239, 0.07515149554935131, 0.9394792392166939, 0.6228000343778577, 0.5457212066067708, 0.9672574592818709, 0.14243025032733708, 0.7407488382131224, 0.9461194320237145, 0.7585506815564134, 0.3195263662759102, 0.9514385440679872, 0.8259458541977667, 0.8241046616409472, 0.6305994362522566, 0.9557949793471202],"final_Tsas" => Dict{Tuple{Int64,Int64},Float64}[Dict((1, 6) => 0.5986516867623585,(2, 3) => 0.0830108791937658,(2, 6) => 0.10512245543136627,(2, 2) => 0.09739674371951125,(2, 1) => 1.0,(2, 5) => 0.08555596870278108,(1, 7) => 0.05872168420982637,(1, 4) => 0.08296295871676758,(1, 3) => 0.06100823822908319,(2, 4) => 0.5989665339591981,(1, 1) => 1.0,(1, 2) => 0.09134082481837522,(2, 7) => 0.10515898528834838,(1, 5) => 0.07023570354776623), Dict((1, 6) => 0.059670614218157295,(2, 3) => 0.41152802711290926,(2, 6) => 0.10512245543136627,(2, 2) => 0.09739674371951125,(2, 1) => 0.0,(2, 5) => 0.08555596870278108,(1, 7) => 0.0997581208156745,(1, 4) => 0.11308112798118022,(1, 3) => 0.06100823822908319,(2, 4) => 0.06683891100680037,(1, 1) => 0.0,(1, 2) => 0.09134082481837522,(2, 7) => 0.3308700616722916,(1, 5) => 0.07023570354776623), Dict((1, 6) => 0.059670614218157295,(2, 3) => 0.0830108791937658,(2, 6) => 0.3692652674118023,(2, 2) => 0.09739674371951125,(2, 1) => 0.0,(2, 5) => 0.08555596870278108,(1, 7) => 0.1215902702522987,(1, 4) => 0.11308112798118022,(1, 3) => 0.06100823822908319,(2, 4) => 0.06683891100680037,(1, 1) => 0.0,(1, 2) => 0.1576600223297071,(2, 7) => 0.10515898528834838,(1, 5) => 0.07023570354776623), Dict((1, 6) => 0.102995242146855,(2, 3) => 0.0830108791937658,(2, 6) => 0.10512245543136627,(2, 2) => 0.13275483193766913,(2, 1) => 0.0,(2, 5) => 0.11661548233184793,(1, 7) => 0.05872168420982637,(1, 4) => 0.08296295871676758,(1, 3) => 0.4818185975102992,(2, 4) => 0.06683891100680037,(1, 1) => 0.0,(1, 2) => 0.09134082481837522,(2, 7) => 0.10515898528834838,(1, 5) => 0.40010135766533333), Dict((1, 6) => 0.059670614218157295,(2, 3) => 0.11314644510193118,(2, 6) => 0.10512245543136627,(2, 2) => 0.13275483193766913,(2, 1) => 0.0,(2, 5) => 0.08555596870278108,(1, 7) => 0.5036789994047298,(1, 4) => 0.08296295871676758,(1, 3) => 0.06100823822908319,(2, 4) => 0.06683891100680037,(1, 1) => 0.0,(1, 2) => 0.385635853578417,(2, 7) => 0.14333501188596584,(1, 5) => 0.07023570354776623), Dict((1, 6) => 0.059670614218157295,(2, 3) => 0.0830108791937658,(2, 6) => 0.10512245543136627,(2, 2) => 0.3449033612466166,(2, 1) => 0.0,(2, 5) => 0.42454516052518004,(1, 7) => 0.09880755689781803,(1, 4) => 0.08296295871676758,(1, 3) => 0.21314021134428524,(2, 4) => 0.06683891100680037,(1, 1) => 0.0,(1, 2) => 0.09134082481837522,(2, 7) => 0.10515898528834838,(1, 5) => 0.2487201245958355), Dict((1, 6) => 0.059670614218157295,(2, 3) => 0.14328201101009652,(2, 6) => 0.10512245543136627,(2, 2) => 0.09739674371951125,(2, 1) => 0.0,(2, 5) => 0.11661548233184793,(1, 7) => 0.05872168420982637,(1, 4) => 0.44198590917056907,(1, 3) => 0.06100823822908319,(2, 4) => 0.06683891100680037,(1, 1) => 0.0,(1, 2) => 0.09134082481837522,(2, 7) => 0.10515898528834838,(1, 5) => 0.07023570354776623)],"gamma_surprise" => [0.020002552519021652, 0.020002552519021652, 0.020002552519021652, 0.020002552519021652, 0.020002552519021652, 0.020002552519021652, 0.015742813438525433, 0.015985982817182543, 0.015506931112944537, 0.015506931112944537, 0.015506931112944537, 0.015742813438525433, 0.012998846486864089, 0.013119983117967492, 0.013030424729134332, 0.013180782805997411, 0.020002552519021652, 0.01130017380725988, 0.011351214178147998, 0.011441392565269104, 0.015506931112944537, 0.020002552519021652, 0.01020691477597686, 0.011334026064125771, 0.015506931112944537, 0.020002552519021652, 0.012883458342671439, 0.010036734662464977, 0.0239381713287211, 0.010058453806201772, 0.009106518480716539, 0.010504311657554301, 0.02483961524458469, 0.012998846486864089, 0.020002552519021652, 0.009550716479696056, 0.01908790137521533, 0.011230134153411904, 0.015506931112944537, 0.020002552519021652, 0.009992094642916494, 0.022031573541187906, 0.015742813438525433, 0.012883458342671437, 0.009076041489011779, 0.013439133390898273, 0.015506931112944537, 0.020002552519021652, 0.011164220864197362, 0.00841542196890857, 0.01794080799068738, 0.009996236247799306, 0.0123624836621923, 0.012883458342671437, 0.015742813438525433, 0.024052210010716467, 0.009157102179606578, 0.010920693407620112, 0.011164220864197362, 0.007843726003073426, 0.00992918949388417, 0.024052210010716467, 0.00849756983891215, 0.00910302146261697, 0.010373398903227044, 0.012998846486864089, 0.008452356822805413, 0.019256135699786424, 0.007965129880453536, 0.007949309870024193, 0.009785721329088629, 0.011230134153411904, 0.010373398903227044, 0.027977697038617865, 0.008439349239726595, 0.009004838324729748, 0.009992094642916489, 0.007507733934420923, 0.017048780087735384, 0.007526036621590972, 0.007138241407089429, 0.008767102668952866, 0.012998846486864089, 0.02297263242565459, 0.006834923168394477, 0.00815227427386537, 0.007157579440923544, 0.019256135699786424, 0.01133402606412577, 0.011769956074859636, 0.007861769532822202, 0.014620227182463301, 0.010058453806201774, 0.01044331009676035, 0.007394157502408887, 0.028962063557822857, 0.007650775937468925, 0.006561263507818706, 0.008970690453511333, 0.007243849841268036, 0.034773542121042174, 0.012883458342671439, 0.006843895543568493, 0.006496265579774113, 0.01332398265667963, 0.0091214208885139, 0.009785721329088629, 0.0069014864250994575, 0.006277169416155795, 0.008676522657936243, 0.03197202734506532, 0.009004838324729748, 0.009076041489011786, 0.008383181943761439, 0.008370420022920742, 0.017640958172042594, 0.0065735606219844474, 0.006083598104991608, 0.008188320444563987, 0.006820436090779301, 0.005911261747219149, 0.012701370907109042, 0.00633813280238781, 0.005756798645275833, 0.008029429383890436, 0.007810013491800739, 0.04059596978618787, 0.008143355727195732, 0.007354089183073384, 0.007700053372862863, 0.006975872414679477, 0.03148258716162414, 0.01116422086419737, 0.008403068868866477, 0.007325955619026198, 0.006678236861985475, 0.019213948058202958, 0.005889841784065509, 0.007655730903058293, 0.0064020579148469535, 0.01658426325765698, 0.006131236040642488, 0.0072150161944128325, 0.006163697847382919, 0.032904671597865046, 0.00692423816898294, 0.005955865223076342, 0.005886497497674453, 0.012244192983527897, 0.005947962843822376, 0.00667023429309401, 0.005773034266080214, 0.015839086433455562, 0.005784473379664096, 0.006606473665407863, 0.005610939790312345, 0.014660442144026613, 0.005637719402451886, 0.0065507284742358785, 0.005466236440635547, 0.027141744915941006, 0.006356703942442499, 0.005336262987094743, 0.006182260848772365, 0.005218875676941026, 0.014392204550779249, 0.005505249808391691, 0.00983767418677279, 0.009950445749907152, 0.005385070934067245, 0.009041942867245098, 0.028949892797878584, 0.006164924694785327, 0.005112328105752228, 0.005882666634923141, 0.0075290361579669176, 0.0050151831118740355, 0.008450593484967739, 0.022144897483706443, 0.00792851524046932, 0.009047790001317488, 0.0052755443929130615, 0.02496636880401926, 0.007928119932360896, 0.005175311167889198, 0.00749681674974034, 0.026064513791858115, 0.004926247146685789, 0.00949778539826294, 0.008677638192501533, 0.005083234399428396, 0.031952245862642475, 0.007494860830258584, 0.0049983557010128115, 0.007361872508840454, 0.028068536321988802, 0.007131132646882984, 0.004919861407227653],"final_PolicyParameters" => Dict{Int64,Any}(1 => [0.0 0.0; 1.9824373090347098 2.6804152626493996; 3.305651974006704 3.995290605343068; 2.830413956125215 4.135187319693185; 2.6926850189599976 3.1595018440661415; 3.140475658494245 1.9450179032205517; 1.9317497945644546 1.810819288957389]),"particlefilterseeds" => [1, 2, 3])
POPULATION_SIGNALS
subject_id: 21
algorithm_name: Actor-Critic (TD-Lambda, ReplTrc) modulated Actor
param_string: alpha(actor)=0.7972,
                surpriseprobability=0.0043,
                stochasticity=2.7816,
                eta(critic)=0.0,
                gamma=0.9966,
                lambda_actor=0.7939,
                lambda_critic=0.305,
                temp=0.392,
                nparticles=15,
                init_policy=nothing,
                init_Vs=nothing,
                use_replacing_trace=true
param_vector: [0.7972414808175023, 0.004336552046615557, 2.7816353998652787, 3.24411867293681e-5, 0.9966448663088217, 0.7939275473003868, 0.3049775441960644, 0.39196929107560724, 15.0]
LL: -115.653
RPE
[0.0, 0.0, 0.0, 1.0, 0.0, 0.0, 0.0, 0.0, 0.0, 1.0, 0.0, 0.0, 0.0, 0.0, 0.0, 1.0, 0.0, 0.0, 0.0, 1.0, 0.0, 0.0, 1.0, 0.0, 0.0, -0.0, 0.0, 0.0, -0.0, 0.0, 0.0, 0.0, -0.0, 0.0, 0.0, 0.0, -0.0, 0.0, 0.0, -0.0, 0.0, 0.0, -0.0, -0.0, 0.0, 0.0, -0.0, 1.0, 0.0, -0.0, 0.0, 1.0, 0.0, -0.0, 1.0, 0.0, 1.0, 0.0, 0.0, -0.0, 0.0, 0.0, 1.0, 0.0, 0.0, 1.0, 0.0, 0.0, 1.0, 0.0, 0.0, 1.0, 0.0, -0.0, 0.0, 0.0, 1.0, 0.0, 0.0, 1.0, 0.0, 0.0, -0.0, 0.0, 0.0, 0.0, 1.0, 0.0, -0.0, 0.0, 0.0, 0.0, -0.0, 0.0, 0.0, 0.0, -0.0, 0.0, 0.0, -0.0, -0.0, 0.0, 1.0, 0.0, 0.0, -0.0, 0.0, -0.0, 0.0, 0.0, -0.0, 0.0, 1.0, 0.0, 1.0, 0.0, 1.0, 0.0, 0.0, -0.0, 0.0, 0.0, 1.0, 0.0, 0.0, 1.0, -0.0, 0.0, 1.0, 0.0, 1.0, -0.0, 0.0, -0.0, 0.0, 1.0, -0.0, 0.0, 0.0, 1.0, 0.0, 1.0, 0.0, 1.0, 0.0, 0.0, 1.0, 0.0, 0.0, 1.0, 0.0, 1.0, 0.0, 0.999, 0.0, 1.0, 0.0, 0.999, 0.0, 0.999, 0.0, 0.0, 0.999, 0.0, 0.999, 0.0, 0.999, -0.0, 0.001, 0.999, -0.0, 0.0, 0.0, 0.999, 0.0, 0.0, 0.999, -0.0, 0.0, -0.0, 0.001, 0.999, 0.0, 0.001, 0.999, -0.0, 0.001, 0.999, 0.0, 0.001, 0.999, -0.0, 0.001, 0.999, -0.0, 0.0, 0.001, 0.999]
SPE
[0.857, 0.857, 0.857, 0.857, 0.857, 0.857, 0.815, 0.821, 0.815, 0.815, 0.815, 0.815, 0.777, 0.781, 0.777, 0.78, 0.857, 0.746, 0.743, 0.745, 0.815, 0.857, 0.713, 0.745, 0.815, 0.857, 0.777, 0.714, 0.881, 0.713, 0.684, 0.723, 0.886, 0.777, 0.857, 0.694, 0.851, 0.743, 0.815, 0.857, 0.711, 0.87, 0.818, 0.777, 0.682, 0.787, 0.815, 0.857, 0.743, 0.655, 0.838, 0.707, 0.766, 0.777, 0.815, 0.881, 0.681, 0.736, 0.743, 0.63, 0.709, 0.881, 0.657, 0.683, 0.723, 0.777, 0.659, 0.852, 0.635, 0.636, 0.706, 0.743, 0.723, 0.899, 0.657, 0.68, 0.711, 0.615, 0.832, 0.614, 0.596, 0.668, 0.779, 0.876, 0.578, 0.644, 0.595, 0.852, 0.744, 0.756, 0.632, 0.804, 0.712, 0.725, 0.609, 0.902, 0.621, 0.561, 0.679, 0.6, 0.919, 0.777, 0.576, 0.557, 0.785, 0.683, 0.706, 0.581, 0.542, 0.668, 0.912, 0.68, 0.682, 0.656, 0.655, 0.838, 0.559, 0.527, 0.648, 0.576, 0.514, 0.774, 0.543, 0.501, 0.64, 0.63, 0.931, 0.646, 0.608, 0.626, 0.586, 0.909, 0.743, 0.656, 0.606, 0.566, 0.851, 0.512, 0.622, 0.548, 0.827, 0.527, 0.6, 0.53, 0.913, 0.583, 0.514, 0.512, 0.766, 0.513, 0.567, 0.499, 0.819, 0.499, 0.564, 0.484, 0.803, 0.486, 0.561, 0.471, 0.895, 0.547, 0.458, 0.534, 0.445, 0.798, 0.474, 0.708, 0.711, 0.462, 0.682, 0.902, 0.533, 0.434, 0.511, 0.616, 0.423, 0.659, 0.871, 0.637, 0.682, 0.451, 0.886, 0.634, 0.44, 0.615, 0.891, 0.412, 0.696, 0.668, 0.43, 0.911, 0.613, 0.42, 0.608, 0.899, 0.594, 0.411]
action_selection_prob
[0.5, 0.5, 0.5, 0.5, 0.5, 0.5, 0.623, 0.653, 0.69, 0.734, 0.578, 0.598, 0.707, 0.745, 0.786, 0.825, 0.359, 0.802, 0.838, 0.871, 0.516, 0.161, 0.897, 0.764, 0.425, 0.085, 0.664, 0.575, 0.87, 0.764, 0.575, 0.87, 0.915, 0.672, 0.236, 0.87, 0.915, 0.672, 0.236, 0.13, 0.672, 0.236, 0.085, 0.336, 0.672, 0.236, 0.13, 0.328, 0.461, 0.422, 0.447, 0.86, 0.663, 0.372, 0.397, 0.595, 0.891, 0.751, 0.619, 0.309, 0.751, 0.619, 0.911, 0.805, 0.75, 0.527, 0.841, 0.817, 0.924, 0.866, 0.857, 0.744, 0.738, 0.17, 0.578, 0.883, 0.83, 0.885, 0.901, 0.934, 0.899, 0.086, 0.058, 0.224, 0.899, 0.086, 0.942, 0.614, 0.104, 0.386, 0.7, 0.711, 0.104, 0.386, 0.7, 0.289, 0.25, 0.91, 0.711, 0.25, 0.91, 0.299, 0.896, 0.919, 0.7, 0.1, 0.583, 0.415, 0.919, 0.7, 0.415, 0.583, 0.585, 0.732, 0.609, 0.808, 0.863, 0.924, 0.76, 0.225, 0.924, 0.76, 0.893, 0.93, 0.823, 0.612, 0.936, 0.851, 0.776, 0.879, 0.845, 0.94, 0.546, 0.088, 0.898, 0.882, 0.088, 0.943, 0.861, 0.905, 0.806, 0.764, 0.85, 0.92, 0.947, 0.878, 0.931, 0.95, 0.885, 0.84, 0.898, 0.94, 0.912, 0.879, 0.923, 0.946, 0.931, 0.903, 0.938, 0.952, 0.953, 0.943, 0.956, 0.948, 0.96, 0.952, 0.919, 0.045, 0.655, 0.93, 0.136, 0.232, 0.864, 0.963, 0.956, 0.903, 0.965, 0.232, 0.446, 0.232, 0.554, 0.939, 0.042, 0.084, 0.946, 0.445, 0.593, 0.968, 0.129, 0.737, 0.951, 0.619, 0.286, 0.955, 0.725, 0.811, 0.558, 0.959]
results_dict
Dict{String,Any}("Surprise" => [1.0000000000000002, 1.0000000000000002, 1.0000000000000002, 1.0000000000000002, 1.0000000000000002, 1.0000000000000002, 0.773340693506996, 0.7974403297896184, 0.773340693506996, 0.773340693506996, 0.773340693506996, 0.773340693506996, 0.6414854812363958, 0.6533400096612024, 0.6414854812363958, 0.6488609017247907, 1.0000000000000002, 0.5620390341449141, 0.5552420044528426, 0.5594514612088201, 0.773340693506996, 1.0000000000000002, 0.497091077968736, 0.5602635864972367, 0.773340693506996, 1.0000000000000002, 0.6414854812363958, 0.4987392264771713, 1.2054289974366323, 0.49760718912223634, 0.45217954609470373, 0.5154982401767637, 1.2544493946894333, 0.6414854812363958, 1.0000000000000002, 0.46761099306594756, 0.9604380021196114, 0.5552420044528426, 0.773340693506996, 1.0000000000000002, 0.4944329462714055, 1.1027144987183164, 0.785205637862483, 0.6414854812363958, 0.44925275144753235, 0.6713616911333633, 0.773340693506996, 1.0000000000000002, 0.5552420044528426, 0.4143622561537865, 0.8840476181956087, 0.48814436620587104, 0.6104961888562858, 0.6414854812363958, 0.773340693506996, 1.2054289974366323, 0.448448070532446, 0.540241880375957, 0.5552420044528426, 0.38660563855379065, 0.4916060770458397, 1.2054289974366323, 0.4169658584177687, 0.45093774423431154, 0.5154982401767637, 0.6414854812363958, 0.4188274849666454, 0.9622234489178327, 0.39138046550716143, 0.3928162986074015, 0.4859692346843635, 0.5552420044528426, 0.5154982401767637, 1.4108579948732656, 0.41645787056123806, 0.44689768636746485, 0.4944329462714055, 0.37130912712932157, 0.850618950515165, 0.37017337344635504, 0.35322466997082713, 0.43062997126062574, 0.647267870951337, 1.1504995636756816, 0.33883661000589876, 0.4012102662072718, 0.3523072500311777, 0.9622234489178327, 0.558536880436043, 0.5854945686697552, 0.38816760535422207, 0.7282034471656257, 0.49651113153898113, 0.5189975685244711, 0.36519980731663476, 1.4622152442324239, 0.37724793454158057, 0.3253617332491763, 0.4450241491677154, 0.35735334574051164, 1.7628164565738322, 0.6414854812363958, 0.33704901124731734, 0.3228070492480694, 0.6629552975142704, 0.450660473743081, 0.4859692346843635, 0.3405717527617578, 0.3119387917473808, 0.4302481103252759, 1.6162869923098977, 0.44689768636746485, 0.44925275144753235, 0.415814893860753, 0.4143622561537865, 0.8804951604121317, 0.3238657313425345, 0.3023132692222411, 0.40585498002424664, 0.33659127689979984, 0.2937282028349203, 0.6328351676316879, 0.31236060728624326, 0.2860230697942633, 0.3964555025277108, 0.38660563855379065, 2.071764026200968, 0.4037480224334283, 0.36399789059565696, 0.381604162882379, 0.34522793716957806, 1.5615867976645137, 0.5552420044528426, 0.41536756727996704, 0.36292525266813896, 0.3293950028085676, 0.9600927935339862, 0.2929449329720544, 0.3780543220935624, 0.31585975430291857, 0.8270385572872163, 0.3022320574209906, 0.35732279949668105, 0.30415586587881666, 1.637150179334259, 0.3428138733299936, 0.29393520629983216, 0.2926080761714097, 0.6095748374358576, 0.29324674697541936, 0.3301436572588152, 0.2849326234261808, 0.7893470609464189, 0.28522129989270156, 0.3274961577460509, 0.2769426114068074, 0.7246263757237659, 0.278009597099823, 0.3251464373130202, 0.26980343179358673, 1.3545271351957475, 0.31544071730648776, 0.2633860509061952, 0.3067162832058307, 0.25758627116172733, 0.7071811280768936, 0.2714937652824276, 0.4885671708171338, 0.4944329462714055, 0.2655776621063019, 0.44875068217224223, 1.45939070555548, 0.30570567951235605, 0.2523190299193507, 0.2923012409448544, 0.371807378918376, 0.24751419983841388, 0.4191815420091082, 1.1111836477554038, 0.39309056584117286, 0.44925275144753235, 0.2601820861264889, 1.2539966775329345, 0.39049797848750456, 0.25524120091613206, 0.3715268659855792, 1.308143496154949, 0.24311344878737948, 0.46998191824751095, 0.4306299712606256, 0.2506998287032427, 1.6111345693965407, 0.3694787543114455, 0.2465113763404953, 0.3647159249331141, 1.4108579948732654, 0.3517485027149484, 0.24263622762861958],"trialByTrial_Vs" => [0.0, 0.0, 0.0, 0.0, 0.0, 0.0, 9.110068108896351e-7, 2.9971834568972844e-6, 9.860638325553667e-6, 3.24411867293681e-5, 8.4191186609059e-8, 2.769863284280027e-7, 1.8221861230946056e-6, 5.994712852295524e-6, 1.972168576904001e-5, 6.488132102813979e-5, 1.684107583220335e-7, 8.992588176977148e-6, 2.9583142293536855e-5, 9.732040293045717e-5, 1.080018297288466e-6, 1.199080942172429e-5, 0.00012975843247046124, 2.733537939402046e-6, 2.1853974644261557e-5, 0.00016219540968229185, 4.078322469277435e-6, 2.1857003628561452e-5, 3.944500786212398e-5, 2.735078266227289e-6, 2.185726492985849e-5, 3.9444056798167756e-5, 0.000162190483054447, 5.540455650165035e-7, 2.7360879539436305e-6, 3.944646716274668e-5, 0.00016218548169331525, 5.546957294141349e-7, 2.737997044208288e-6, 3.9448877345278905e-5, 5.55010370200758e-7, 2.738806675965555e-6, 0.00016218034775557466, 4.078987413633609e-6, 5.561706357262559e-7, 2.742393799785234e-6, 3.9447969312010875e-5, 5.564853259896181e-7, 4.355873007137877e-6, 3.299765400231335e-5, 5.740378555375068e-6, 0.00016225937888364168, 1.5604476900950996e-5, 4.930734040756844e-5, 3.5995004264016254e-5, 5.267856100817831e-6, 0.00019469530172620082, 1.8602508009289517e-5, 5.916718801356198e-5, 6.843502327272971e-5, 1.8603757118229403e-5, 5.916711022272149e-5, 0.00022713017230893028, 2.160321801240411e-5, 6.903093309897971e-5, 6.934510371498907e-5, 2.460172553075237e-5, 7.889089028177919e-5, 0.00025956399066596667, 2.7601656609586227e-5, 8.875480213836749e-5, 0.00010178404080689878, 1.5132698666036304e-5, 0.000134221925541193, 2.1858570097252527e-5, 9.86148484136371e-5, 0.0001342191369273304, 3.060063433039111e-5, 0.00010847530368577325, 0.0002919967568314454, 3.360125713751106e-5, 0.00011833898460839948, 0.0003244284708395007, 1.5412567116428645e-5, 3.360510482842652e-5, 0.00011834271850282103, 0.00032441906212645757, 1.6325310945283814e-5, 0.00035684972431645264, 1.633296090022695e-5, 2.4858177245347548e-5, 0.0001282068078932066, 0.00035683927478145916, 1.63346210173566e-5, 2.4862745672338502e-5, 0.0001282109470937183, 0.00016665596942861479, 3.660607335663977e-5, 0.00012821116583738818, 0.00016665275905189059, 3.6609014582731284e-5, 2.4866150172261906e-5, 0.00035682862468193385, 3.960800645645021e-5, 0.00012848818278105674, 0.0003892582354672583, 1.6336648719658437e-5, 0.00016756009279338214, 3.9612418239331426e-5, 0.0001284932816863385, 0.0001675569252749168, 1.6340531681117494e-5, 0.00016755350335695784, 2.620440506511436e-5, 0.00019998925445183636, 3.606868738797645e-5, 0.00038925509443846467, 3.989220920106452e-5, 0.00012940434477772675, 0.00023242395329245693, 3.989552970318868e-5, 0.00012940602876792718, 0.00042168365327062874, 4.2897207122926984e-5, 0.00013927194495852723, 0.00023333007588841303, 4.589772235243362e-5, 4.593690282772552e-5, 0.0002657636931132197, 5.5802023068651866e-5, 0.0002981962581529936, 4.8896264377878565e-5, 3.473400035757854e-5, 0.00045411116008186035, 6.566755208836819e-5, 0.0003306277710418689, 7.553348984996958e-5, 4.9175809820918e-5, 0.00014913330846128123, 0.00036305823181397874, 7.644492371759725e-5, 0.00045709734560597803, 8.631335383530326e-5, 0.00039548764050345494, 5.217722905819088e-5, 9.61800793343756e-5, 0.0004279159971444283, 5.517780397918361e-5, 0.00015899726726240597, 0.0004895237035550038, 0.00010604721346559151, 0.00046034330177102857, 0.00011591475619205396, 0.0005219490095544965, 0.00012578336318894322, 0.0004927695544173843, 0.00013565099432443476, 0.0005543732636385825, 0.00014551968968257392, 0.000525194755117623, 5.8180113970709005e-5, 0.0001553874091977209, 0.0005576189039058711, 0.00016525553721820677, 0.0005900420008162538, 0.00017512407370714165, 0.0005867964658413871, 0.00018499221711634067, 3.565521996470536e-5, 0.0006192186161970346, 0.00018798842993267013, 4.552861648999368e-5, 0.0001879852018915853, 0.0006224640458828952, 6.118271055956297e-5, 0.000168863747959634, 0.0006548850391399185, 0.00019785372958182034, 4.8532798907552725e-5, 0.0001978503459573851, 4.8536147439078305e-5, 0.0006516397147396484, 6.41861769407144e-5, 0.0001787336245274867, 0.0006840597615033504, 0.000200846652592934, 5.840985464911926e-5, 0.0006873049806214456, 6.718996695297648e-5, 6.828404300367478e-5, 0.0007164787565222615, 0.0002038433274631108, 0.00018860383651055258, 0.0007488966998305017, 0.00020684325149250598, 7.815856661229536e-5, 0.00019847518528870738, 0.0007813135914621896, 0.0, 0.0, 0.0, 0.0, 0.0, 0.0, 0.0, 0.0, 0.0, 0.0, 0.0, 0.0, 0.0, 0.0, 0.0, 0.0, 0.0, 0.0, 0.0, 0.0, 0.0, 0.0, 0.0, 0.0, 0.0, 0.0, 0.0, 0.0, 0.0, 0.0, 0.0, 0.0, 0.0, 0.0, 0.0, 0.0, 0.0, 0.0, 0.0, 0.0, 0.0, 0.0, 0.0, 0.0, 0.0, 0.0, 0.0],"final_V" => Dict{Int64,Any}(1 => [0.0, 8.116301124991308e-5, 0.00020775228217950303, 0.0007197238703615974, 0.0002083469422913828, 0.000813729431451443, 7.019139896220258e-5]),"nparticles" => 15,"trial_by_trial_p_sa_max" => [0.5, 0.5, 0.5, 0.5, 0.5, 0.5, 0.6228400779802354, 0.6533841547117566, 0.6902276159023754, 0.7335160141443056, 0.577953317843701, 0.5980412125737025, 0.7069004725236756, 0.7453290758629242, 0.7855039345052653, 0.825301781459475, 0.35895850790872114, 0.8017458087029133, 0.8378406904748978, 0.8706783035947876, 0.5161162414511008, 0.1612323893613909, 0.8974600797023958, 0.7640257646049341, 0.4250380538547003, 0.08491405796991493, 0.6635968001124428, 0.5749545724469826, 0.8701823125236475, 0.7640287857093155, 0.5749546014163842, 0.8701819969525533, 0.9151015419738107, 0.671921923703651, 0.2359685892375608, 0.8701824182100805, 0.9151026539576305, 0.6719259826427318, 0.23597700183514853, 0.12981716412791894, 0.6719269781771601, 0.23597893543449544, 0.08489760048673135, 0.33639859763310537, 0.6719309348365017, 0.23598782443829275, 0.1298156924325472, 0.32806807110120484, 0.46068452783695196, 0.4219816003065903, 0.4469069437198288, 0.8601091162479264, 0.662640947163343, 0.3718794258917466, 0.39655317992602496, 0.5950077294443653, 0.8909085934216667, 0.7508666487808436, 0.6185163491682536, 0.30931251950241306, 0.7508681862289807, 0.6185154012242308, 0.9106375834562209, 0.805327719858325, 0.7495223485597701, 0.5271459755983395, 0.8411934762688178, 0.817278051236616, 0.9243386708856888, 0.8663449574966962, 0.8571180981462038, 0.74415494260844, 0.737929439945149, 0.16984573224259483, 0.5775821915626356, 0.8829759628402762, 0.8301612713470434, 0.8848112796369499, 0.901038544228714, 0.9344031122199051, 0.8989170968143153, 0.08566111053881538, 0.057892818849827034, 0.22378384568600512, 0.8989182562077797, 0.08566311102610477, 0.9421217940820261, 0.6136660026150059, 0.10362107074637567, 0.38632112760155374, 0.700489670134661, 0.7106813273383019, 0.10359458501729109, 0.38633247817774574, 0.7004990698746072, 0.28931697805181417, 0.2503279949468606, 0.9100122119561829, 0.7106850656779857, 0.2503181960312875, 0.9100128053159946, 0.2994922514136622, 0.8964478216718814, 0.9189532834765651, 0.7003054387287916, 0.10033521187089306, 0.582868317082222, 0.4151279223841869, 0.9189543186217183, 0.7003092214480439, 0.4151181202777311, 0.5828816434497904, 0.5848909031851112, 0.7319629020674822, 0.6087740640138456, 0.8077092380453899, 0.8628832827392308, 0.923629400328331, 0.7595305452697019, 0.22508473065013543, 0.9236299400870871, 0.759531039739005, 0.8926224025953658, 0.9302046912525876, 0.8229631881829548, 0.612246574789582, 0.9357495968395817, 0.8512232877744361, 0.7762421910834647, 0.8790297631165613, 0.8452926761111782, 0.9404889693306341, 0.5455199993184906, 0.08820091358454238, 0.8982248757399164, 0.8820747921059653, 0.0877678102849813, 0.943086196769763, 0.8606796045097992, 0.9047915228120775, 0.8058587101532216, 0.764431091682857, 0.8500954244437842, 0.9201896851010672, 0.9468483125172903, 0.8782826419087778, 0.9313079849006078, 0.950148977244286, 0.8854232414542752, 0.8396183879784603, 0.8976965043242787, 0.93971048792618, 0.9118400066817006, 0.8787878847616244, 0.9225851285703347, 0.9462828957452052, 0.931017227860519, 0.9026554868018688, 0.9378061581653052, 0.9515639090323544, 0.953067467477428, 0.9433872572515678, 0.9558998518559371, 0.9480551087620558, 0.9595234484194975, 0.9520159968511599, 0.9186920981089197, 0.04458168311308761, 0.6547468365424987, 0.9302003137172842, 0.13588927936684891, 0.23236223867635258, 0.8641170811765979, 0.9625968450644632, 0.9556663862677198, 0.902819607725877, 0.9652364674735724, 0.2317075982061195, 0.44560898457477316, 0.2316986537464676, 0.5543826966052434, 0.9388580733910425, 0.04200491463659139, 0.08431110755499292, 0.9456065760715141, 0.4448216748680669, 0.5930951618205307, 0.9675280682239196, 0.12915439212377772, 0.7371092240908297, 0.9510141479678562, 0.6188150407848915, 0.2863322351022038, 0.9554440840471095, 0.7249945542775028, 0.8105600792838851, 0.5582322904514715, 0.9591393928639211],"final_Tsas" => Dict{Tuple{Int64,Int64},Float64}[Dict((1, 6) => 0.5976273995563991,(2, 3) => 0.08335009253004409,(2, 6) => 0.10519947654123518,(2, 2) => 0.09769912016758821,(2, 1) => 1.0,(2, 5) => 0.08566403989987982,(1, 7) => 0.0587608924100364,(1, 4) => 0.08310472306320889,(1, 3) => 0.06117323143431926,(2, 4) => 0.5975589644215119,(1, 1) => 1.0,(1, 2) => 0.09146255041038846,(2, 7) => 0.10528488443743171,(1, 5) => 0.07047208944617775), Dict((1, 6) => 0.05988577335202006,(2, 3) => 0.4100061836100738,(2, 6) => 0.10519947654123518,(2, 2) => 0.09769912016758821,(2, 1) => 0.0,(2, 5) => 0.08566403989987982,(1, 7) => 0.1010100616670011,(1, 4) => 0.1129809329601759,(1, 3) => 0.06117323143431926,(2, 4) => 0.0670735059297479,(1, 1) => 0.0,(1, 2) => 0.09146255041038846,(2, 7) => 0.33044069892878625,(1, 5) => 0.07047208944617775), Dict((1, 6) => 0.05988577335202006,(2, 3) => 0.08335009253004409,(2, 6) => 0.36880314075258924,(2, 2) => 0.09769912016758821,(2, 1) => 0.0,(2, 5) => 0.08566403989987982,(1, 7) => 0.12213464629548347,(1, 4) => 0.1129809329601759,(1, 3) => 0.06117323143431926,(2, 4) => 0.0670735059297479,(1, 1) => 0.0,(1, 2) => 0.15722426052870092,(2, 7) => 0.10528488443743171,(1, 5) => 0.07047208944617775), Dict((1, 6) => 0.10294373368350025,(2, 3) => 0.08335009253004409,(2, 6) => 0.10519947654123518,(2, 2) => 0.13282202670390855,(2, 1) => 0.0,(2, 5) => 0.11646032610763685,(1, 7) => 0.0587608924100364,(1, 4) => 0.08310472306320889,(1, 3) => 0.47901785525107066,(2, 4) => 0.0670735059297479,(1, 1) => 0.0,(1, 2) => 0.09146255041038846,(2, 7) => 0.10528488443743171,(1, 5) => 0.39982408246606865), Dict((1, 6) => 0.05988577335202006,(2, 3) => 0.11331451293326474,(2, 6) => 0.10519947654123518,(2, 2) => 0.13282202670390855,(2, 1) => 0.0,(2, 5) => 0.08566403989987982,(1, 7) => 0.4995625531404048,(1, 4) => 0.08310472306320889,(1, 3) => 0.06117323143431926,(2, 4) => 0.0670735059297479,(1, 1) => 0.0,(1, 2) => 0.3854629874193568,(2, 7) => 0.14313487888405507,(1, 5) => 0.07047208944617775), Dict((1, 6) => 0.05988577335202006,(2, 3) => 0.08335009253004409,(2, 6) => 0.10519947654123518,(2, 2) => 0.34355946592183045,(2, 1) => 0.0,(2, 5) => 0.4244231881852071,(1, 7) => 0.1010100616670011,(1, 4) => 0.08310472306320889,(1, 3) => 0.21511598757733283,(2, 4) => 0.0670735059297479,(1, 1) => 0.0,(1, 2) => 0.09146255041038846,(2, 7) => 0.10528488443743171,(1, 5) => 0.24781547030304207), Dict((1, 6) => 0.05988577335202006,(2, 3) => 0.14327893333648542,(2, 6) => 0.10519947654123518,(2, 2) => 0.09769912016758821,(2, 1) => 0.0,(2, 5) => 0.11646032610763685,(1, 7) => 0.0587608924100364,(1, 4) => 0.4416192418268131,(1, 3) => 0.06117323143431926,(2, 4) => 0.0670735059297479,(1, 1) => 0.0,(1, 2) => 0.09146255041038846,(2, 7) => 0.10528488443743171,(1, 5) => 0.07047208944617775)],"gamma_surprise" => [0.004336552046615559, 0.004336552046615559, 0.004336552046615559, 0.004336552046615559, 0.004336552046615559, 0.004336552046615559, 0.0033569317621218275, 0.0034611818328487485, 0.0033569317621218275, 0.0033569317621218275, 0.0033569317621218275, 0.0033569317621218275, 0.0027861668771766786, 0.002837508608517909, 0.0027861668771766786, 0.00281811030082648, 0.004336552046615559, 0.002441949373002832, 0.0024124888571078833, 0.002430734203607114, 0.0033569317621218275, 0.004336552046615559, 0.0021603728686500397, 0.002434254178952904, 0.0033569317621218275, 0.004336552046615559, 0.0027861668771766786, 0.002167520246208797, 0.005222752877997482, 0.00216261105253095, 0.0019655696453379687, 0.002240191741627144, 0.0054339890468448875, 0.0027861668771766786, 0.004336552046615559, 0.002032511935642228, 0.004165704063020965, 0.0024124888571078833, 0.0033569317621218275, 0.004336552046615559, 0.002148845371999724, 0.004779849743219105, 0.00340825979717903, 0.0027861668771766786, 0.0019528720692374697, 0.0029155500326231917, 0.0033569317621218275, 0.004336552046615559, 0.0024124888571078833, 0.0018014786125220737, 0.003835647200046288, 0.0021215726810001655, 0.002651927878027199, 0.0027861668771766786, 0.0033569317621218275, 0.005222752877997482, 0.0019493809931214632, 0.002347467330247767, 0.0024124888571078833, 0.0016810069795292926, 0.0021365858205329748, 0.005222752877997482, 0.0018127774969957234, 0.001960182264249399, 0.002240191741627144, 0.0027861668771766786, 0.001820856263583396, 0.004173415755591343, 0.0017017331605383259, 0.001707965539932423, 0.002112139093223771, 0.0024124888571078833, 0.002240191741627144, 0.006107377567308616, 0.001810572995989116, 0.0019426546442822656, 0.002148845371999724, 0.001614603330085068, 0.0036911444693200064, 0.0016096725601665296, 0.0015360855396138844, 0.001872071620415537, 0.002811210954682266, 0.004985947163106348, 0.001473607677506576, 0.001744398851618148, 0.0015321020228040295, 0.004173415755591343, 0.0024267701281497486, 0.00254359985278674, 0.0016877871328636067, 0.0031616186222396853, 0.0021578578427196163, 0.0022553644147404518, 0.001588079707656048, 0.0063282879600834036, 0.0016403853218769457, 0.0014150880774902654, 0.0019345261735326175, 0.0015540122138859667, 0.007619340585215983, 0.0027861668771766786, 0.001465844768125597, 0.0014039926506931215, 0.0028791483497237337, 0.0019589793576406827, 0.002112139093223771, 0.0014811426735735552, 0.0013567872053993676, 0.0018704146667374538, 0.006990430315656463, 0.0019426546442822656, 0.0019528720692374697, 0.0018077826736261778, 0.0018014786125220737, 0.0038202929145346224, 0.001408590716874727, 0.0013149757576066898, 0.0017645576991632797, 0.0014638569702810909, 0.0012776809002916097, 0.0027486992010576122, 0.0013586194121799214, 0.0012442062377070698, 0.0017237615255837177, 0.0016810069795292926, 0.008942748773582148, 0.0017554132459439973, 0.001582861418252554, 0.0016592960572943056, 0.0015013619644094057, 0.006755450534375778, 0.0024124888571078833, 0.001805841403782996, 0.0015782043647339667, 0.0014326047507516348, 0.004164213026105556, 0.001274278116098784, 0.0016438859687281345, 0.0013738181210067933, 0.003589187841180209, 0.0013146229740205588, 0.001553879584724692, 0.0013229799196472782, 0.007080024605630304, 0.0014908790928889171, 0.0012785801881583614, 0.001272814691248863, 0.002647936227126032, 0.001275589299024813, 0.001435856123480582, 0.0012394686529482138, 0.003426174448465949, 0.0012407228494295615, 0.00142435805677931, 0.0012047536449041028, 0.0031461370215855517, 0.0012093896244681612, 0.0014141530201629837, 0.0011737332923750026, 0.005864960481269694, 0.0013719980385855381, 0.001145847573179261, 0.0013341020513484992, 0.0011206442030766831, 0.003070626924908682, 0.0011810781115943348, 0.0021234063721300048, 0.002148845371999724, 0.0011553710499847766, 0.0019506938645391365, 0.006316140913779078, 0.001329712145262853, 0.0010977539161753308, 0.0012714816869817782, 0.0016167664289278064, 0.0010768722527738938, 0.001822392724617268, 0.004816383484840934, 0.0017091560158631937, 0.0019528720692374697, 0.0011319246654536198, 0.005432038631835119, 0.0016979025973922594, 0.0011104531664753528, 0.0016155486176943517, 0.005665261977492279, 0.0010577459400455318, 0.002042796316679631, 0.0018720716204155363, 0.0010907170083999812, 0.006968301404368748, 0.0016066569112215374, 0.0010725138984711668, 0.0015859788712285112, 0.006107377567308615, 0.0015296758780050062, 0.001055671822529609],"final_PolicyParameters" => Dict{Int64,Any}(1 => [0.0 0.0; 1.501358433922652 2.165634646530834; 2.5079882063601397 2.9964504106129617; 2.189758788668901 3.546206438705188; 2.3726662362767272 2.742757286315224; 2.4498090123396072 1.1801970880518706; 1.6891109993732654 1.375282428196459]),"particlefilterseeds" => [1, 2, 3])