DateTime of fitting: 2020-02-09T16:06:01.803
DATA_STATS
nr_subjects: 1
all_subject_ids: [3]
nr_puzzles: 1
nr_episodes: 58
nr_actions: 192
max_state_id: 7
max_action_id: 2
SUBJECT_SIGNALS
subject_id: 3
algorithm_name: Forward Learner
param_string: eta=0.2139, gamma=0.9859,
                temp=0.0102,
                initTsas=nothing, initR=nothing
param_vector: [0.21390035215321218, 0.9859066580151612, 0.01016561688913128]
LL: -91.84
RPE
Float64[]
SPE
[0.857, 0.857, 0.857, 0.857, 0.674, 0.674, 0.53, 0.53, 0.416, 0.416, 0.674, 0.674, 0.327, 0.945, 0.857, 0.857, 0.471, 0.53, 0.53, 0.257, 0.798, 0.674, 0.674, 0.505, 0.931, 0.53, 0.397, 0.202, 0.312, 0.159, 0.245, 0.125, 0.193, 0.984, 0.416, 0.291, 0.152, 0.541, 0.327, 0.229, 0.994, 0.425, 0.257, 0.18, 0.308, 0.141, 0.242, 0.111, 0.19, 0.966, 0.53, 0.416, 0.149, 0.477, 0.966, 0.117, 0.087, 0.092, 0.897, 0.327, 0.073, 0.069, 0.057, 0.509, 0.974, 0.257, 0.045, 0.4, 0.765, 0.202, 0.035, 0.314, 0.602, 0.159, 0.028, 0.054, 0.022, 0.042, 0.017, 0.033, 0.013, 0.857, 0.125, 0.011, 0.026, 1.0, 0.098, 0.22, 0.408, 0.473, 0.077, 0.173, 0.321, 0.372, 0.061, 0.136, 0.252, 0.292, 0.048, 0.107, 0.198, 0.23, 0.038, 0.084, 0.021, 0.066, 0.156, 0.884, 0.016, 0.052, 0.983, 0.416, 0.029, 0.041, 0.013, 0.032, 0.31, 0.356, 0.023, 0.025, 0.244, 0.28, 0.018, 0.02, 0.01, 1.0, 0.008, 0.226, 0.192, 0.811, 0.006, 0.178, 0.151, 0.387, 0.014, 0.14, 0.118, 0.304, 0.011, 0.11, 0.093, 0.239, 0.009, 0.086, 0.073, 0.188, 0.007, 0.068, 0.058, 0.862, 0.005, 0.053, 0.004, 0.042, 1.0, 0.033, 0.003, 0.026, 0.002, 0.02, 0.002, 0.016, 0.001, 1.0, 0.249, 0.677, 0.001, 0.224, 1.0, 0.196, 0.532, 0.215, 0.176, 0.984, 0.327, 0.005, 0.138, 0.169, 0.109, 0.773, 0.257, 0.004, 0.085, 0.133, 0.067, 0.104, 0.053, 0.608, 0.202, 0.003, 0.042, 0.0]
action_selection_prob
[0.5, 0.5, 0.5, 0.5, 0.523, 0.825, 0.591, 0.909, 0.677, 0.94, 0.422, 0.468, 0.71, 0.942, 0.5, 0.5, 0.891, 0.371, 0.447, 0.69, 0.924, 0.446, 0.53, 0.871, 0.328, 0.6, 0.913, 0.737, 0.932, 0.764, 0.939, 0.78, 0.942, 0.79, 0.485, 0.683, 0.947, 0.335, 0.439, 0.721, 0.949, 0.334, 0.389, 0.668, 0.92, 0.74, 0.936, 0.767, 0.942, 0.273, 0.442, 0.673, 0.94, 0.263, 0.471, 0.942, 0.775, 0.942, 0.274, 0.706, 0.94, 0.778, 0.941, 0.302, 0.558, 0.724, 0.941, 0.282, 0.532, 0.743, 0.942, 0.264, 0.517, 0.758, 0.942, 0.783, 0.942, 0.787, 0.942, 0.789, 0.942, 0.252, 0.767, 0.941, 0.79, 0.941, 0.772, 0.912, 0.277, 0.488, 0.755, 0.932, 0.261, 0.493, 0.766, 0.934, 0.251, 0.493, 0.773, 0.935, 0.242, 0.494, 0.778, 0.936, 0.786, 0.938, 0.235, 0.497, 0.784, 0.938, 0.229, 0.491, 0.784, 0.938, 0.79, 0.939, 0.224, 0.499, 0.787, 0.939, 0.221, 0.498, 0.789, 0.939, 0.791, 0.939, 0.699, 0.91, 0.218, 0.463, 0.767, 0.93, 0.211, 0.476, 0.774, 0.932, 0.211, 0.481, 0.779, 0.934, 0.21, 0.484, 0.782, 0.935, 0.209, 0.487, 0.785, 0.936, 0.209, 0.489, 0.786, 0.937, 0.791, 0.938, 0.208, 0.938, 0.792, 0.938, 0.792, 0.939, 0.793, 0.939, 0.793, 0.939, 0.33, 0.394, 0.733, 0.916, 0.775, 0.299, 0.409, 0.669, 0.933, 0.268, 0.494, 0.786, 0.936, 0.718, 0.94, 0.254, 0.499, 0.793, 0.938, 0.738, 0.941, 0.752, 0.941, 0.244, 0.5, 0.795, 0.94, 0.0]
results_dict
Dict{String,Any}("QSA_record" => [0.0, 0.0, 0.0, 0.0, 0.9217021560532505, 0.9398200778141362, 0.9398222468757089, 0.9616048549409001, 0.9502737921430395, 0.9732326025940734, 0.947021552723453, 0.9502889742713485, 0.9626071834921253, 0.98241891876597, 0.953391912305931, 0.9520959875965199, 0.9719038892036618, 0.9460789184113902, 0.9499003766264291, 0.9612962420749643, 0.9788437065231971, 0.9503694775714915, 0.9524810502502399, 0.9688017460047708, 0.9430155915792342, 0.954617460634105, 0.9760969660177111, 0.9644621392349009, 0.982137105056025, 0.9697793100815799, 0.9869091747264522, 0.9738816411032697, 0.9903413220784171, 0.9768683582862131, 0.9636111008535363, 0.9713318694219915, 0.9927753833245533, 0.9571581127910471, 0.9618954159852587, 0.9743747302463749, 0.9944647234795841, 0.9553785310209384, 0.9564685154564926, 0.9661472355212586, 0.9834149969172404, 0.9694252768752656, 0.9870170648068973, 0.97314024028977, 0.9902052960485263, 0.9535525411375928, 0.9616648293057996, 0.9716808541148231, 0.9927841959978774, 0.9551215657011985, 0.9646972064997383, 0.9945047111609333, 0.9795899677534943, 0.995782399047452, 0.9583156394072602, 0.9771733203624313, 0.9967856038934941, 0.9818125249167716, 0.9975074027726425, 0.961266129985586, 0.9722965684452021, 0.9797973071245113, 0.9980702833705575, 0.9605829509889079, 0.9715016176385629, 0.9810792095899975, 0.9984944594069172, 0.959970313961257, 0.9711636788686344, 0.9821084378160273, 0.9988249658245939, 0.9836551874521976, 0.9990809953822604, 0.9841451944586439, 0.9992818003846754, 0.9845280379231734, 0.9994381735278801, 0.9602365671933197, 0.9834027097660393, 0.9995606561908229, 0.9849277625280057, 0.9996560463364302, 0.9839622370922778, 0.9921542890619344, 0.957219799551695, 0.9666613277521162, 0.9786836890107875, 0.9939093951656315, 0.9572861278186225, 0.9678760546630996, 0.9804337391222033, 0.9954375168698264, 0.9577757976451022, 0.968851766077387, 0.9817349039862985, 0.9965439033872945, 0.9580586694917639, 0.9695785193486145, 0.982702802285515, 0.9973595355326488, 0.9833583647422434, 0.9979601244156209, 0.9586324808397608, 0.970594905963461, 0.9839585661860225, 0.9984219009185369, 0.9586376025207508, 0.9707006062057514, 0.984228425880075, 0.9987771740240988, 0.9846477146251363, 0.9990467962542279, 0.95880860420559, 0.9714145532172416, 0.984803149063654, 0.9992580144927983, 0.9587560488244792, 0.9715255134426243, 0.9850434386326186, 0.9994210503976262, 0.9852131397422133, 0.9995467419249168, 0.9793734176711992, 0.992209726110534, 0.9543357325981807, 0.965954854414072, 0.9797910811997207, 0.9939480407641303, 0.954770159509488, 0.9674457895389071, 0.9811813265764517, 0.9954511133153832, 0.9557123959379598, 0.9685597230494056, 0.9823131465637069, 0.9965407533360889, 0.956391580719185, 0.9693756410853921, 0.9831509974056282, 0.9973486024163046, 0.9568886654891001, 0.9699843684036902, 0.9837807507990014, 0.997955852953721, 0.9572584418062272, 0.9704443918535722, 0.9842290212901785, 0.9984169922578466, 0.9845879030019852, 0.9987703727687426, 0.9577619715159196, 0.9990429021324588, 0.9850919028183065, 0.9992530005506003, 0.985270541424878, 0.9994163557645347, 0.9854092780839377, 0.9995433779586379, 0.9855173020801845, 0.9996423841362293, 0.9620862798124226, 0.9630884161383455, 0.975548758465513, 0.9892724104345653, 0.9774833310041507, 0.9563847791509456, 0.9612683430374238, 0.9718628979520292, 0.9914543992172545, 0.9552384962324205, 0.9656345178081173, 0.9793086465913176, 0.9934996827838645, 0.9761275327331056, 0.9949524952037989, 0.9569583842796234, 0.9681818463345307, 0.9820225764877542, 0.9961753760140778, 0.9792227802151192, 0.9970164446447286, 0.9806832950776029, 0.9976926330602868, 0.9586028567221566, 0.9702205278630521, 0.9840889288364606, 0.9982214264033347, 0.0],"final_Tsas" => Dict{Int64,Any}(1 => [0.14285714285714285 0.14285714285714285; 0.14285714285714285 0.00044295988864502506; 0.9673650899249979 0.14285714285714285; 0.0003482106124741066 0.14285714285714285; 0.14285714285714285 0.02649995717156632; 0.14285714285714285 1.1981975498039054e-5; 5.077650642730461e-5 0.14285714285714285]

[0.14285714285714285 0.14285714285714285; 0.14285714285714285 0.00044295988864502506; 7.606494098309862e-5 0.14285714285714285; 0.4140273855060772 0.14285714285714285; 0.14285714285714285 0.8410002569706021; 0.14285714285714285 1.1981975498039054e-5; 0.002649972054541134 0.14285714285714285]

[0.14285714285714285 0.14285714285714285; 0.14285714285714285 0.9973422406681298; 3.715274172651159e-8 0.14285714285714285; 0.003158870725978534 0.14285714285714285; 0.14285714285714285 0.02649995717156632; 0.14285714285714285 0.9180478505952071; 0.06426030904893212 0.14285714285714285]

[0.14285714285714285 0.14285714285714285; 0.14285714285714285 0.00044295988864502506; 3.715274172651159e-8 0.14285714285714285; 0.0003482106124741066 0.14285714285714285; 0.14285714285714285 0.02649995717156632; 0.14285714285714285 0.00021107770719287837; 0.41088878363967246 0.14285714285714285]

[0.14285714285714285 0.14285714285714285; 0.14285714285714285 0.00044295988864502506; 5.223552143633832e-7 0.14285714285714285; 0.0003482106124741066 0.14285714285714285; 0.14285714285714285 0.02649995717156632; 0.14285714285714285 1.1981975498039054e-5; 0.5220486057375725 0.14285714285714285]

[0.14285714285714285 0.14285714285714285; 0.14285714285714285 0.00044295988864502506; 0.0013653781648039563 0.14285714285714285; 0.581420901318048 0.14285714285714285; 0.14285714285714285 0.02649995717156632; 0.14285714285714285 1.1981975498039054e-5; 5.077650642730461e-5 0.14285714285714285]

[0.14285714285714285 0.14285714285714285; 0.14285714285714285 0.00044295988864502506; 0.0311928703085173 0.14285714285714285; 0.0003482106124741066 0.14285714285714285; 0.14285714285714285 0.02649995717156632; 0.14285714285714285 0.08169314379560787; 5.077650642730461e-5 0.14285714285714285]),"final_Reward" => Dict{Int64,Any}(1 => [1.0, 0.0, 0.0, 0.0, 0.0, 0.0, 0.0]),"final_Qsa" => [0.0 0.0; 0.9703502788343547 0.9841103516350771; 0.9986025684922895 0.9704042926288872; 0.9690152186015683 0.9704042926288872; 0.9704139379494848 0.9702749271360029; 0.9704241246763199 0.9822467896421604; 0.9585581057697927 0.970472970860751])
POPULATION_SIGNALS
subject_id: 3
algorithm_name: Forward Learner
param_string: eta=0.1692, gamma=0.9856,
                temp=0.0118,
                initTsas=nothing, initR=nothing
param_vector: [0.16921432907904174, 0.9855564353951695, 0.011831814925089175]
LL: -92.521
RPE
Float64[]
SPE
[0.857, 0.857, 0.857, 0.857, 0.712, 0.712, 0.592, 0.592, 0.491, 0.491, 0.712, 0.712, 0.408, 0.932, 0.857, 0.857, 0.508, 0.592, 0.592, 0.339, 0.812, 0.712, 0.712, 0.52, 0.918, 0.592, 0.432, 0.282, 0.359, 0.234, 0.298, 0.195, 0.248, 0.973, 0.491, 0.303, 0.206, 0.578, 0.408, 0.252, 0.987, 0.48, 0.339, 0.209, 0.311, 0.174, 0.259, 0.145, 0.215, 0.953, 0.592, 0.491, 0.179, 0.5, 0.953, 0.148, 0.12, 0.123, 0.887, 0.408, 0.102, 0.1, 0.085, 0.515, 0.961, 0.339, 0.071, 0.428, 0.798, 0.282, 0.059, 0.355, 0.663, 0.234, 0.049, 0.083, 0.041, 0.069, 0.034, 0.057, 0.028, 0.849, 0.195, 0.023, 0.048, 0.999, 0.162, 0.185, 0.414, 0.551, 0.134, 0.154, 0.344, 0.458, 0.112, 0.128, 0.286, 0.38, 0.093, 0.106, 0.238, 0.316, 0.077, 0.088, 0.039, 0.073, 0.197, 0.837, 0.033, 0.061, 0.973, 0.491, 0.064, 0.051, 0.027, 0.042, 0.305, 0.387, 0.053, 0.035, 0.254, 0.322, 0.044, 0.029, 0.023, 1.0, 0.019, 0.189, 0.211, 0.79, 0.016, 0.157, 0.175, 0.391, 0.037, 0.131, 0.146, 0.325, 0.03, 0.109, 0.121, 0.27, 0.025, 0.09, 0.1, 0.224, 0.021, 0.075, 0.083, 0.836, 0.013, 0.062, 0.011, 0.052, 0.999, 0.043, 0.009, 0.036, 0.007, 0.03, 0.006, 0.025, 0.005, 1.0, 0.227, 0.695, 0.004, 0.186, 1.0, 0.188, 0.577, 0.172, 0.155, 0.975, 0.408, 0.017, 0.129, 0.143, 0.107, 0.81, 0.339, 0.015, 0.089, 0.119, 0.074, 0.099, 0.061, 0.673, 0.282, 0.012, 0.051, 0.0]
action_selection_prob
[0.5, 0.5, 0.5, 0.5, 0.506, 0.746, 0.544, 0.849, 0.604, 0.897, 0.444, 0.467, 0.64, 0.907, 0.5, 0.5, 0.857, 0.408, 0.45, 0.636, 0.892, 0.459, 0.522, 0.844, 0.374, 0.567, 0.883, 0.678, 0.904, 0.707, 0.914, 0.727, 0.919, 0.741, 0.478, 0.661, 0.923, 0.368, 0.45, 0.69, 0.926, 0.362, 0.419, 0.652, 0.899, 0.704, 0.914, 0.728, 0.92, 0.318, 0.45, 0.629, 0.919, 0.307, 0.47, 0.921, 0.741, 0.923, 0.308, 0.661, 0.921, 0.747, 0.922, 0.324, 0.537, 0.68, 0.922, 0.308, 0.517, 0.699, 0.922, 0.293, 0.506, 0.714, 0.922, 0.751, 0.923, 0.756, 0.923, 0.76, 0.923, 0.284, 0.726, 0.922, 0.761, 0.922, 0.732, 0.897, 0.305, 0.489, 0.721, 0.912, 0.292, 0.49, 0.731, 0.913, 0.283, 0.49, 0.738, 0.915, 0.276, 0.49, 0.744, 0.915, 0.754, 0.917, 0.269, 0.492, 0.754, 0.917, 0.263, 0.49, 0.75, 0.917, 0.759, 0.918, 0.259, 0.496, 0.754, 0.917, 0.255, 0.495, 0.756, 0.918, 0.761, 0.918, 0.695, 0.894, 0.252, 0.471, 0.743, 0.909, 0.246, 0.479, 0.744, 0.911, 0.244, 0.482, 0.748, 0.912, 0.242, 0.484, 0.752, 0.913, 0.241, 0.486, 0.754, 0.914, 0.24, 0.488, 0.756, 0.915, 0.761, 0.916, 0.239, 0.916, 0.762, 0.917, 0.763, 0.917, 0.764, 0.917, 0.764, 0.917, 0.33, 0.425, 0.721, 0.898, 0.747, 0.309, 0.436, 0.674, 0.911, 0.288, 0.492, 0.755, 0.913, 0.704, 0.917, 0.279, 0.495, 0.761, 0.916, 0.717, 0.918, 0.727, 0.918, 0.272, 0.497, 0.764, 0.917, 0.0]
results_dict
Dict{String,Any}("QSA_record" => [0.0, 0.0, 0.0, 0.0, 0.9198849580909187, 0.9348865606040255, 0.9337747321694501, 0.9538692439306424, 0.9424196723848839, 0.9652093512930142, 0.9418431761849709, 0.944249038701878, 0.9546386108001296, 0.9753985026256388, 0.9482262133299559, 0.9473982861746415, 0.9674754666266474, 0.9428491148820146, 0.9454694268328685, 0.955472630419933, 0.9741423290837361, 0.9466754879274561, 0.9487223290753661, 0.9662915221222935, 0.9410673097589543, 0.9505206209228694, 0.972738220693811, 0.95923988917367, 0.9783603008953158, 0.9643771850817101, 0.9831119068031022, 0.9686987492187089, 0.9867850466452991, 0.9720969802086036, 0.9594182005305774, 0.9680919102613101, 0.9896237270493566, 0.9545069819044962, 0.9588098936014877, 0.971060739680706, 0.9916343926683199, 0.9531366605759682, 0.954941792888122, 0.9646951953429009, 0.982790515105162, 0.9673445242383727, 0.9857689410780939, 0.9705684524782466, 0.9885729043144065, 0.952086888346075, 0.9592471360109394, 0.9681231511539846, 0.9910380461285369, 0.9534937576316335, 0.9619721544493771, 0.9927761735500611, 0.9768538975967354, 0.9941202618053153, 0.9560386206191392, 0.9735990434422507, 0.9952699126650971, 0.9793898513370987, 0.996129117719774, 0.9587363038276132, 0.9693911806954627, 0.9766070835533018, 0.9968473856666773, 0.9583334784131196, 0.9688883797827499, 0.9781065828286407, 0.997408240076447, 0.9579333013938963, 0.9687335711280507, 0.9793726753536132, 0.9978707368907658, 0.9818270448189502, 0.998241812842576, 0.982469690076011, 0.9985502240439144, 0.9830047552068082, 0.9988037745964502, 0.9587007656114876, 0.9811924025011529, 0.999014428445625, 0.9836310629700973, 0.9991857352881192, 0.9819856184016719, 0.9931435017641401, 0.956703205308019, 0.966018277148661, 0.9778252333284746, 0.9943419861825178, 0.9566140351357177, 0.9668180468943754, 0.9792661931303503, 0.9954694361540979, 0.956930325653207, 0.9675746501090317, 0.9804372224817798, 0.9963493028680317, 0.9571303994308055, 0.968202458620599, 0.981374511037737, 0.9970422616267951, 0.9822281684263982, 0.9975769464502138, 0.9576327038519792, 0.9691711420012558, 0.9828516503499294, 0.998015763462682, 0.9576221303643206, 0.9693723815290459, 0.9828989108309254, 0.9983765661470048, 0.9835990723938068, 0.9986620955065415, 0.9578230795005356, 0.9701186388081694, 0.9835944368470798, 0.9989018037816345, 0.9577833560130624, 0.9702848102628155, 0.9839353600559978, 0.9990963351665807, 0.9842944177546881, 0.9992527102106031, 0.9796233215416796, 0.9934493455419455, 0.9542634041070917, 0.9658788495744, 0.9798873919006504, 0.9945943457388484, 0.9544301051346636, 0.9668753643478866, 0.9806855432081228, 0.9956498129679103, 0.955041818328093, 0.9676956185544546, 0.9815948392072459, 0.9964732461240354, 0.9555142638619192, 0.9683516661844194, 0.9823207359709706, 0.9971276811262132, 0.9558831310223267, 0.9688815044692829, 0.9829049424510379, 0.9976521115377545, 0.9561742136728156, 0.9693121353887806, 0.983366598734738, 0.9980748626094362, 0.9837367751653979, 0.9984191260513642, 0.9566296604249476, 0.9987000981404079, 0.9842876835419595, 0.998928062656742, 0.984509545479332, 0.9991158178081653, 0.9846916273058302, 0.9992697753435887, 0.98484133381771, 0.999396304623469, 0.9604573505282215, 0.9637828512463299, 0.9769385969397989, 0.9911913940868966, 0.9782146228820582, 0.9558486620686547, 0.9622895248282738, 0.9735947366938593, 0.9925554137893705, 0.9548101536495778, 0.965441629380426, 0.9792585988772998, 0.9939555954012764, 0.9765557727768206, 0.9950260125381645, 0.9560188453338372, 0.9672901222455692, 0.9813244196555736, 0.9959801279457551, 0.978891630019741, 0.9966826680381143, 0.9800451359293589, 0.9972812701885598, 0.9573750484914175, 0.9690350977399479, 0.9831592964347745, 0.9977797714453129, 0.0],"final_Tsas" => Dict{Int64,Any}(1 => [0.14285714285714285 0.14285714285714285; 0.14285714285714285 0.0016696978851905241; 0.957741101789382 0.14285714285714285; 0.0013871610777833148 0.14285714285714285; 0.14285714285714285 0.03902338527006356; 0.14285714285714285 0.0001035077475168318; 0.00031480300803212694 0.14285714285714285]

[0.14285714285714285 0.14285714285714285; 0.14285714285714285 0.0016696978851905241; 0.0003740940452434514 0.14285714285714285; 0.4665243575674638 0.14285714285714285; 0.14285714285714285 0.7658596883796185; 0.14285714285714285 0.0001035077475168318; 0.007226916729628805 0.14285714285714285]

[0.14285714285714285 0.14285714285714285; 0.14285714285714285 0.9899818126888569; 1.2097866699078214e-6 0.14285714285714285; 0.007402208964511205 0.14285714285714285; 0.14285714285714285 0.03902338527006356; 0.14285714285714285 0.9179854321099676; 0.06728508432378155 0.14285714285714285]

[0.14285714285714285 0.14285714285714285; 0.14285714285714285 0.0016696978851905241; 1.2097866699078214e-6 0.14285714285714285; 0.0013871610777833148 0.14285714285714285; 0.14285714285714285 0.03902338527006356; 0.14285714285714285 0.0008862487071014804; 0.48364950924052247 0.14285714285714285]

[0.14285714285714285 0.14285714285714285; 0.14285714285714285 0.0016696978851905241; 1.007645224182291e-5 0.14285714285714285; 0.0013871610777833148 0.14285714285714285; 0.14285714285714285 0.03902338527006356; 0.14285714285714285 0.0001035077475168318; 0.4408940806819707 0.14285714285714285]

[0.14285714285714285 0.14285714285714285; 0.14285714285714285 0.0016696978851905241; 0.0034503121313710686 0.14285714285714285; 0.5205247891568917 0.14285714285714285; 0.14285714285714285 0.03902338527006356; 0.14285714285714285 0.0001035077475168318; 0.00031480300803212694 0.14285714285714285]

[0.14285714285714285 0.14285714285714285; 0.14285714285714285 0.0016696978851905241; 0.03842199600842184 0.14285714285714285; 0.0013871610777833148 0.14285714285714285; 0.14285714285714285 0.03902338527006356; 0.14285714285714285 0.08071428819286353; 0.00031480300803212694 0.14285714285714285]),"final_Reward" => Dict{Int64,Any}(1 => [1.0, 0.0, 0.0, 0.0, 0.0, 0.0, 0.0]),"final_Qsa" => [0.0 0.0; 0.9693103674859673 0.983203967647619; 0.9981564667703112 0.9693638012289105; 0.9680043339476251 0.9693638012289105; 0.9693734812297108 0.9691069890039848; 0.9693836901655862 0.9814149069005719; 0.9573926241501759 0.9694319718972104])