DateTime of fitting: 2021-01-04T21:06:48.261
DATA_STATS
nr_subjects: 1
all_subject_ids: [14]
nr_puzzles: 1
nr_episodes: 43
nr_actions: 193
max_state_id: 7
max_action_id: 2
SUBJECT_SIGNALS
subject_id: 14
algorithm_name: Actor-Critic (TD-Lambda, ReplTrc) modulated Actor
param_string: alpha(actor)=0.8023,
                surpriseprobability=0.0083,
                stochasticity=2.8086,
                eta(critic)=0.0115,
                gamma=0.9867,
                lambda_actor=0.8008,
                lambda_critic=0.2297,
                temp=0.4344,
                nparticles=15,
                init_policy=nothing,
                init_Vs=nothing,
                use_replacing_trace=true
param_vector: [0.8023170349389578, 0.008331612457845652, 2.808565396869986, 0.011517338335808796, 0.9867261494875146, 0.8007962019551735, 0.22969480464082204, 0.4344405051394784, 15.0]
LL: -104.258
RPE
[0.0, 0.0, 0.0, 0.0, 0.0, 0.0, 0.0, 0.0, 0.0, 0.0, 0.0, 0.0, 0.0, 0.0, 0.0, 0.0, 0.0, 0.0, 0.0, 0.0, 0.0, 0.0, 0.0, 0.0, 0.0, 0.0, 1.0, 0.002, 0.009, 0.988, 0.004, 0.017, 0.977, 0.0, 0.002, 0.006, 0.026, 0.966, 0.008, 0.034, 0.955, 0.01, 0.042, -0.056, 0.014, 0.041, 0.944, 0.016, 0.049, 0.933, 0.018, 0.056, -0.077, 0.0, 0.075, 0.924, 0.018, 0.065, 0.913, 0.02, 0.073, -0.097, 0.999, 0.021, 0.073, 0.901, 0.023, 0.08, 0.891, -0.002, 0.027, 0.087, 0.88, 0.03, 0.094, 0.87, 0.006, -0.009, 0.002, -0.002, 0.134, 0.86, 0.006, -0.005, -0.002, 0.006, -0.005, -0.002, 0.006, 0.988, 0.029, 0.11, 0.85, 0.031, -0.031, 0.031, -0.035, 0.034, -0.034, 0.033, -0.033, 0.001, 0.002, -0.002, 0.149, 0.84, 0.028, -0.017, 0.977, 0.005, -0.0, -0.0, -0.0, 0.03, -0.035, 0.005, 0.155, 0.831, 0.008, -0.004, 0.029, -0.008, 0.965, 0.008, -0.003, 0.003, -0.003, 0.031, 0.132, 0.821, 0.171, 0.812, 0.027, 0.954, 0.035, 0.943, 0.171, 0.802, 0.039, 0.156, 0.793, 0.018, 0.039, 0.932, 0.041, 0.025, 0.922, 0.043, -0.043, 0.076, 0.911, 0.039, 0.158, 0.784, 0.191, 0.775, 0.042, 0.172, 0.766, -0.019, 0.223, -0.145, 0.9, 0.073, 0.89, 0.023, -0.044, 0.221, 0.757, 0.079, 0.88, 0.206, 0.748, 0.016, 0.194, 0.739, 0.029, 0.019, 0.198, 0.731, 0.03, 0.022, 0.202, 0.722, 0.025, 0.052, 0.87, 0.059, -0.059, 0.031, 0.026, 0.204, 0.714]
SPE
[0.857, 0.857, 0.857, 0.857, 0.816, 0.816, 0.816, 0.816, 0.857, 0.778, 0.778, 0.778, 0.778, 0.744, 0.744, 0.744, 0.744, 0.712, 0.712, 0.712, 0.712, 0.683, 0.683, 0.683, 0.683, 0.857, 0.857, 0.657, 0.816, 0.816, 0.632, 0.778, 0.781, 0.657, 0.657, 0.609, 0.744, 0.746, 0.588, 0.714, 0.714, 0.568, 0.685, 0.886, 0.818, 0.658, 0.697, 0.78, 0.633, 0.671, 0.745, 0.61, 0.898, 0.857, 0.857, 0.659, 0.713, 0.589, 0.636, 0.684, 0.569, 0.876, 0.857, 0.55, 0.55, 0.628, 0.532, 0.533, 0.608, 0.857, 0.658, 0.517, 0.59, 0.633, 0.501, 0.573, 0.864, 0.816, 0.864, 0.632, 0.824, 0.557, 0.914, 0.778, 0.632, 0.824, 0.744, 0.609, 0.889, 0.816, 0.542, 0.487, 0.542, 0.527, 0.921, 0.513, 0.657, 0.61, 0.632, 0.898, 0.611, 0.623, 0.588, 0.925, 0.788, 0.528, 0.511, 0.923, 0.781, 0.602, 0.568, 0.905, 0.55, 0.51, 0.589, 0.902, 0.754, 0.514, 0.582, 0.532, 0.498, 0.9, 0.746, 0.564, 0.516, 0.888, 0.502, 0.498, 0.513, 0.501, 0.876, 0.489, 0.797, 0.714, 0.764, 0.685, 0.851, 0.477, 0.602, 0.5, 0.466, 0.908, 0.747, 0.658, 0.596, 0.883, 0.633, 0.578, 0.569, 0.917, 0.61, 0.573, 0.5, 0.455, 0.826, 0.445, 0.557, 0.489, 0.435, 0.87, 0.724, 0.857, 0.589, 0.729, 0.569, 0.498, 0.908, 0.696, 0.426, 0.704, 0.55, 0.81, 0.417, 0.488, 0.477, 0.408, 0.896, 0.477, 0.467, 0.4, 0.872, 0.467, 0.456, 0.392, 0.458, 0.876, 0.533, 0.566, 0.565, 0.853, 0.449, 0.458, 0.384]
action_selection_prob
[0.5, 0.5, 0.5, 0.5, 0.5, 0.5, 0.5, 0.5, 0.5, 0.5, 0.5, 0.5, 0.5, 0.5, 0.5, 0.5, 0.5, 0.5, 0.5, 0.5, 0.5, 0.5, 0.5, 0.5, 0.5, 0.5, 0.5, 0.639, 0.609, 0.714, 0.728, 0.733, 0.808, 0.585, 0.611, 0.786, 0.802, 0.856, 0.825, 0.843, 0.885, 0.852, 0.871, 0.904, 0.344, 0.871, 0.903, 0.531, 0.891, 0.917, 0.662, 0.905, 0.927, 0.5, 0.308, 0.927, 0.706, 0.911, 0.935, 0.773, 0.921, 0.941, 0.358, 0.863, 0.927, 0.945, 0.881, 0.934, 0.95, 0.105, 0.808, 0.94, 0.954, 0.841, 0.944, 0.957, 0.213, 0.357, 0.554, 0.135, 0.554, 0.96, 0.7, 0.469, 0.292, 0.3, 0.468, 0.292, 0.699, 0.532, 0.686, 0.948, 0.962, 0.76, 0.952, 0.761, 0.048, 0.697, 0.047, 0.302, 0.047, 0.303, 0.48, 0.762, 0.52, 0.964, 0.809, 0.926, 0.623, 0.401, 0.423, 0.841, 0.423, 0.841, 0.068, 0.598, 0.577, 0.966, 0.331, 0.353, 0.856, 0.859, 0.765, 0.446, 0.495, 0.875, 0.494, 0.875, 0.881, 0.968, 0.109, 0.969, 0.318, 0.831, 0.554, 0.869, 0.702, 0.97, 0.488, 0.898, 0.972, 0.639, 0.785, 0.893, 0.729, 0.911, 0.909, 0.787, 0.08, 0.788, 0.921, 0.835, 0.811, 0.973, 0.833, 0.974, 0.861, 0.849, 0.975, 0.136, 0.389, 0.024, 0.93, 0.738, 0.937, 0.196, 0.125, 0.575, 0.935, 0.662, 0.943, 0.76, 0.941, 0.182, 0.725, 0.945, 0.88, 0.365, 0.796, 0.949, 0.892, 0.546, 0.84, 0.952, 0.671, 0.868, 0.948, 0.901, 0.113, 0.902, 0.747, 0.89, 0.955]
results_dict
Dict{String,Any}("Surprise" => [1.0000000000000002, 1.0000000000000002, 1.0000000000000002, 1.0000000000000002, 0.7749433795078621, 0.7749433795078621, 0.7749433795078621, 0.7749433795078621, 1.0000000000000002, 0.6434933139514781, 0.6434933139514781, 0.6434933139514781, 0.6434933139514781, 0.5573040164419573, 0.5573040164419573, 0.5573040164419573, 0.5573040164419573, 0.4964326214524425, 0.4964326214524425, 0.4964326214524425, 0.4964326214524425, 0.45115215562743616, 0.45115215562743616, 0.45115215562743616, 0.45115215562743616, 1.0000000000000002, 1.0000000000000002, 0.41615269784060477, 0.7749433795078621, 0.7749433795078621, 0.3882897490886218, 0.6434933139514781, 0.6508533976297078, 0.41615269784060477, 0.41615269784060477, 0.36558251670211545, 0.5573040164419573, 0.5615194879759606, 0.34672117611081815, 0.5000739853746651, 0.4991007065909138, 0.3308049492003874, 0.4536284919321364, 1.2520035036397656, 0.7867475626837305, 0.4179264479519823, 0.47144019633884726, 0.6492801263713389, 0.38961213663375155, 0.43379479984676433, 0.5606130938525803, 0.3666002388145335, 1.4048937622331403, 1.0000000000000002, 1.0000000000000002, 0.418576066809573, 0.49852462381749996, 0.34752491870765695, 0.3929045346498915, 0.4525715407761501, 0.3314534229236917, 1.1486836844110548, 1.0000000000000002, 0.3171939910058564, 0.3177266854962418, 0.38377383459991066, 0.3054212876091072, 0.3058656313081011, 0.3648752781935067, 1.0000000000000002, 0.4171675378019303, 0.29551356549750024, 0.3487305789032981, 0.38904524874795726, 0.2863993896167328, 0.3347778451020728, 1.0508648091357777, 0.7749433795078621, 1.0508648091357777, 0.3882897490886218, 0.8124528162565517, 0.32259850803337214, 1.661242518765116, 0.6434933139514781, 0.3882897490886218, 0.8124528162565517, 0.5573040164419573, 0.36558251670211545, 1.283094448846888, 0.7749433795078621, 0.31210433951629196, 0.2783133488730124, 0.3118743109625021, 0.30200903909108956, 1.8120339586048284, 0.29304766927125003, 0.41615269784060477, 0.36616326617575784, 0.3882897490886218, 1.4069184730862248, 0.3670133825587393, 0.37879954760415474, 0.34672117611081815, 1.9088683261420087, 0.6732022044555216, 0.3023589267557455, 0.2920957974945959, 1.8628507988872078, 0.6508533976297078, 0.35881893210876586, 0.3308049492003874, 1.5074166187781324, 0.3171939910058564, 0.29182117999230806, 0.3478522580540944, 1.4564363520015078, 0.5818982377507375, 0.2938587051014521, 0.34195820004704747, 0.3054212876091072, 0.28463597727111517, 1.43512920720589, 0.5615194879759607, 0.3275395365966769, 0.2951379924035758, 1.2760943136253406, 0.28666491671071687, 0.2846971947063271, 0.29353267323891563, 0.2862192945850636, 1.1525944274073343, 0.2793161477544117, 0.7029110949595648, 0.4991007065909138, 0.6064924590595173, 0.45296396327130506, 0.9598955451689417, 0.27304765403128306, 0.3593206166197759, 0.28589298296268995, 0.26733008883712533, 1.5581936004618577, 0.5638093745852522, 0.41744898394803437, 0.3535514701786309, 1.2196833387360275, 0.3892552906316122, 0.33824558095853985, 0.3317182527304881, 1.7108669267983336, 0.36632505113561215, 0.3346869820402975, 0.28594687402948044, 0.2620938418556063, 0.8198454320131746, 0.2572805616055806, 0.32252185922376747, 0.27936089484171356, 0.25284096659393607, 1.102213687168021, 0.5174145955585908, 1.0000000000000002, 0.3473072241815115, 0.5275906530127284, 0.33127753308162877, 0.28473728011919824, 1.5565012224790475, 0.4694470837731882, 0.2487331482228652, 0.4833476304415493, 0.3175820230445662, 0.7526960646173376, 0.24492124115793815, 0.27875728378849746, 0.273354401327986, 0.24137437153003038, 1.37422330554841, 0.27325955056014234, 0.2678540793508972, 0.23806581749578906, 1.1181274928529417, 0.26818801985368085, 0.26279849023535784, 0.2349723337473784, 0.2634949956941535, 1.1558937944947318, 0.305744834612318, 0.328844100881067, 0.3283589812310767, 0.9748251583535917, 0.2591396427504852, 0.26372559766621156, 0.23207360378031158],"trialByTrial_Vs" => [0.0, 0.0, 0.0, 0.0, 0.0, 0.0, 0.0, 0.0, 0.0, 0.0, 0.0, 0.0, 0.0, 0.0, 0.0, 0.0, 0.0, 0.0, 0.0, 0.0, 0.0, 0.0, 0.0, 0.0, 0.0, 0.0, 0.0, 0.0005916266719052684, 0.0026103571688222134, 0.011517338335808796, 0.0012221420437269232, 0.00529147392251504, 0.0229020275892761, 3.0390886219035794e-5, 0.0001340897418523126, 0.001891454471230851, 0.008041374075436538, 0.034155595524763174, 0.0025994590971586745, 0.010858117576548074, 0.045279552310852234, 0.003346038284821165, 0.013739799939204624, 0.05627539072300299, 7.245556289276184e-5, 0.014082554519017009, 0.05568829741476811, 0.0008968628231994431, 0.017017944557485613, 0.06656425478790588, 0.0017592057141926183, 0.02001501055969423, 0.07731495008025138, 0.0, 0.00031450706605045027, 0.07646972671339955, 0.0020762420137206005, 0.020499634002490413, 0.08710633733420328, 0.002996237814982957, 0.023636427689934562, 0.09762044251174097, 0.0007459875949716549, 0.0035490757671147615, 0.024811885012516976, 0.09911300246696697, 0.004513680524031615, 0.028004120614215422, 0.10948882281988585, 0.005515707224921478, 0.003496756889247514, 0.031250421145442915, 0.1197451413392886, 0.004559263655595188, 0.034549117790905304, 0.12988333436822355, 0.005732732479220506, 0.012254734139254845, 0.0035901608067640993, 0.005658525294297875, 0.003607653351423777, 0.13990476239793054, 0.005794141678022006, 0.012202523153902724, 0.007401200479887522, 0.005852332296412216, 0.012145475496973007, 0.007395608494216454, 0.005909341656373187, 0.012089148674984658, 0.0085574281279376, 0.037898573004265856, 0.14981077025041142, 0.009679500672433755, 0.041383898209815834, 0.009956153232291522, 0.04110101585517312, 0.0064942070624875205, 0.04078932752258266, 0.006793212184542468, 0.040484072891696754, 0.007086871483135937, 0.007977775616167445, 0.010233245351653132, 0.007996087035132701, 0.15960268725889812, 0.01109374483032015, 0.04011265504738354, 0.02346725219531176, 0.007145648131396915, 0.01191152872638912, 0.011955312282279845, 0.011909674847171975, 0.011952670800750563, 0.04246645590974442, 0.007198948351466147, 0.011966222859495135, 0.1692818274462419, 0.008148277668734966, 0.015920671331175265, 0.012254072017668226, 0.04227433185912829, 0.034714310247775396, 0.008271054459770888, 0.0160781568685947, 0.013143514201825277, 0.01604935935615301, 0.013166487476946027, 0.04470169384873826, 0.17884948970124834, 0.014352646309232352, 0.1883069579529811, 0.018446157462694804, 0.04583183212736633, 0.021245280516379493, 0.05682130974601426, 0.0241083681279502, 0.1976555013430585, 0.008354707623991375, 0.04836287311424383, 0.2068963743959654, 0.009683982979821142, 0.02817135743247039, 0.06768421783279442, 0.010544981843429519, 0.05222741062153733, 0.07842201413182834, 0.011627958086573666, 0.05492276132216366, 0.012006047346595872, 0.0890361395979053, 0.01525755823059426, 0.05516485562473858, 0.2160308171874037, 0.03104977007543841, 0.2250600555107039, 0.01658499984187775, 0.05903101623963541, 0.23398530104132, 0.0352727151605169, 0.016283071933765686, 0.24280775149942985, 0.09952801858985072, 0.035669607158289166, 0.10989905906166754, 0.03883121293727781, 0.06300982435300935, 0.01901019636811299, 0.24349288804435404, 0.0392168774431613, 0.12015065275147607, 0.04242737160426429, 0.2522058364061928, 0.046756913930845696, 0.0635252723667405, 0.26081843479384587, 0.017966620772755976, 0.04788361700531472, 0.06768721859459313, 0.26933183897191787, 0.018568371999776387, 0.04905066884351125, 0.07187575748592943, 0.27774719139368154, 0.05025764298732638, 0.07608972440899636, 0.13028417536827785, 0.019185503792675362, 0.0789642514041575, 0.01970695745468289, 0.05119502692754216, 0.0783763913422441, 0.2860656213543887, 0.0, 0.0, 0.0, 0.0, 0.0, 0.0, 0.0, 0.0, 0.0, 0.0, 0.0, 0.0, 0.0, 0.0, 0.0, 0.0, 0.0, 0.0, 0.0, 0.0, 0.0, 0.0, 0.0, 0.0, 0.0, 0.0, 0.0, 0.0, 0.0, 0.0, 0.0, 0.0, 0.0, 0.0, 0.0, 0.0, 0.0, 0.0, 0.0, 0.0, 0.0, 0.0, 0.0],"final_V" => Dict{Int64,Any}(1 => [0.0, 0.2942882451428156, 0.14030098677656835, 0.023533168188346526, 0.08258830864798053, 0.05245053976585867, 0.020346346337655166]),"nparticles" => 15,"trial_by_trial_p_sa_max" => [0.5, 0.5, 0.5, 0.5, 0.5, 0.5, 0.5, 0.5, 0.5, 0.5, 0.5, 0.5, 0.5, 0.5, 0.5, 0.5, 0.5, 0.5, 0.5, 0.5, 0.5, 0.5, 0.5, 0.5, 0.5, 0.5, 0.5, 0.6391590230354164, 0.6086121382923196, 0.7141604116420177, 0.7283410737990377, 0.7327584120161998, 0.8075372486106105, 0.585102475148561, 0.6110554683526839, 0.7857401027561584, 0.8015670292970046, 0.8556321942105625, 0.8245221954557999, 0.8434104831823287, 0.8845007169248849, 0.8520656778037665, 0.8711089304155826, 0.9036569886006239, 0.34421890177805553, 0.8712758850964702, 0.903356663455106, 0.5305206562275862, 0.8907700171064158, 0.9170518281270309, 0.6620917167428663, 0.9052222809051553, 0.9272640183836544, 0.5, 0.3082065139977252, 0.9269947627709282, 0.7061591872734483, 0.9109386123668803, 0.9349586015758083, 0.7725681067311566, 0.920862387438997, 0.9412962969846211, 0.3577400862423025, 0.8627724511184928, 0.92717253610023, 0.945278700873678, 0.8808451353921216, 0.9339651319040857, 0.9497868124099984, 0.10513976790705688, 0.8077715210013203, 0.9396034825537793, 0.953570167875916, 0.8407892571234998, 0.9443563640380496, 0.9567900169009181, 0.21345967385339742, 0.3566019770125817, 0.5537044395818977, 0.13543438116454468, 0.5537710553095082, 0.9595631469113771, 0.6995772251160675, 0.4689063663138984, 0.2922473572242474, 0.30027143531462624, 0.468331646515481, 0.2922955348152567, 0.6994497110348584, 0.5322400260981711, 0.6857277714748375, 0.9484155483465355, 0.9619762010334364, 0.7603283003425277, 0.9519301637041387, 0.7608582668136936, 0.0480980694677246, 0.697103197301258, 0.04747447783263659, 0.30209585175002934, 0.04684969518838625, 0.30335871987701407, 0.48020461787913254, 0.7616965138014556, 0.5197245083555527, 0.9640948036830207, 0.808920303776499, 0.9255129112884172, 0.6228261143919568, 0.4006488534825256, 0.4225804543992738, 0.8405542420398221, 0.422509384829111, 0.8405427354431371, 0.06767400636318521, 0.597992983614445, 0.5765214039133681, 0.9659695634175308, 0.33144319348394996, 0.35322491758422914, 0.855850506206822, 0.8590914879633695, 0.7645978252110696, 0.4462481976785721, 0.4946291766699195, 0.8751279514073146, 0.4943955019355214, 0.8751343354931622, 0.8811370122453378, 0.9676401314409094, 0.10947243321509689, 0.9691380123223743, 0.3176497131927019, 0.8314181113529306, 0.5535580243411664, 0.8689285456443936, 0.7017691458639561, 0.9704885523745571, 0.48820975726990923, 0.8979060282605836, 0.9717123731557038, 0.6394468881148144, 0.7854118394806207, 0.8927306286000316, 0.729349744727982, 0.9106301739188752, 0.9091230384442391, 0.7872186922083638, 0.07978698448274307, 0.7877835197504289, 0.9210806625753046, 0.835091308347079, 0.810628564839317, 0.9728264226114851, 0.8325251789263258, 0.9738447577121772, 0.8606512689570938, 0.848820295633353, 0.9747791352947339, 0.13572355849880102, 0.38900299698382357, 0.024360536233124886, 0.9301806374354576, 0.7383017097128675, 0.9373340264139128, 0.1960549372248884, 0.12544314251670216, 0.5754341478206023, 0.9352613725685098, 0.6616295109906108, 0.9431028813707113, 0.7600981299093993, 0.9405154943973051, 0.18163079578386693, 0.7251038517706399, 0.9449390086790604, 0.8796451977421446, 0.3648656780372337, 0.7964098312628339, 0.9487134134932345, 0.8915043768010209, 0.5461191710478921, 0.8395572942155262, 0.951971086226184, 0.6713173408966128, 0.8680088105983063, 0.947852376547102, 0.9013273727260499, 0.1127247483131644, 0.9015182470256453, 0.7470358053854287, 0.8903163748481201, 0.9548108044425224],"final_Tsas" => Dict{Tuple{Int64,Int64},Float64}[Dict((1, 6) => 0.05459801966704078,(2, 3) => 0.11870542725443209,(2, 6) => 0.08887050029806222,(2, 2) => 0.1359424557899387,(2, 1) => 1.0,(2, 5) => 0.05781325094634839,(1, 7) => 0.08599415271608603,(1, 4) => 0.08118788620868768,(1, 3) => 0.48358715108768674,(2, 4) => 0.10534770610845319,(1, 1) => 1.0,(1, 2) => 0.6228734523886283,(2, 7) => 0.06911558799779081,(1, 5) => 0.08614853685595879), Dict((1, 6) => 0.05459801966704078,(2, 3) => 0.11870542725443209,(2, 6) => 0.21544116929099955,(2, 2) => 0.1359424557899387,(2, 1) => 0.0,(2, 5) => 0.5511392539193646,(1, 7) => 0.08599415271608603,(1, 4) => 0.08118788620868768,(1, 3) => 0.08606880815205215,(2, 4) => 0.330404326600591,(1, 1) => 0.0,(1, 2) => 0.05335568163290973,(2, 7) => 0.06911558799779081,(1, 5) => 0.08614853685595879), Dict((1, 6) => 0.09006248652033412,(2, 3) => 0.11870542725443209,(2, 6) => 0.3085636619704553,(2, 2) => 0.184345265260368,(2, 1) => 0.0,(2, 5) => 0.13920987152455958,(1, 7) => 0.08599415271608603,(1, 4) => 0.08118788620868768,(1, 3) => 0.08606880815205215,(2, 4) => 0.10534770610845319,(1, 1) => 0.0,(1, 2) => 0.09135065350885188,(2, 7) => 0.09372444634049379,(1, 5) => 0.08614853685595879), Dict((1, 6) => 0.13151196652536248,(2, 3) => 0.28776743647340747,(2, 6) => 0.08887050029806222,(2, 2) => 0.1359424557899387,(2, 1) => 0.0,(2, 5) => 0.05781325094634839,(1, 7) => 0.4534165505506068,(1, 4) => 0.08118788620868768,(1, 3) => 0.08606880815205215,(2, 4) => 0.10534770610845319,(1, 1) => 0.0,(1, 2) => 0.05335568163290973,(2, 7) => 0.09372444634049379,(1, 5) => 0.11682203904749307), Dict((1, 6) => 0.5600334682861403,(2, 3) => 0.11870542725443209,(2, 6) => 0.08887050029806222,(2, 2) => 0.1359424557899387,(2, 1) => 0.0,(2, 5) => 0.05781325094634839,(1, 7) => 0.11661268586896274,(1, 4) => 0.08118788620868768,(1, 3) => 0.08606880815205215,(2, 4) => 0.10534770610845319,(1, 1) => 0.0,(1, 2) => 0.05335568163290973,(2, 7) => 0.437653321957037,(1, 5) => 0.08614853685595879), Dict((1, 6) => 0.05459801966704078,(2, 3) => 0.11870542725443209,(2, 6) => 0.08887050029806222,(2, 2) => 0.1359424557899387,(2, 1) => 0.0,(2, 5) => 0.07839787077068239,(1, 7) => 0.08599415271608603,(1, 4) => 0.5128726827478736,(1, 3) => 0.08606880815205215,(2, 4) => 0.10534770610845319,(1, 1) => 0.0,(1, 2) => 0.05335568163290973,(2, 7) => 0.16755102136860267,(1, 5) => 0.08614853685595879), Dict((1, 6) => 0.05459801966704078,(2, 3) => 0.11870542725443209,(2, 6) => 0.12051316754629651,(2, 2) => 0.1359424557899387,(2, 1) => 0.0,(2, 5) => 0.05781325094634839,(1, 7) => 0.08599415271608603,(1, 4) => 0.08118788620868768,(1, 3) => 0.08606880815205215,(2, 4) => 0.14285714285714282,(1, 1) => 0.0,(1, 2) => 0.0723531675708808,(2, 7) => 0.06911558799779081,(1, 5) => 0.4524352766727126)],"gamma_surprise" => [0.008331612457845652, 0.008331612457845652, 0.008331612457845652, 0.008331612457845652, 0.0064686571939511425, 0.0064686571939511425, 0.0064686571939511425, 0.0064686571939511425, 0.008331612457845652, 0.005377309000490193, 0.005377309000490193, 0.005377309000490193, 0.005377309000490193, 0.004660430484574099, 0.004660430484574099, 0.004660430484574099, 0.004660430484574099, 0.004153510383501833, 0.004153510383501833, 0.004153510383501833, 0.004153510383501833, 0.0037760921875054578, 0.0037760921875054578, 0.0037760921875054578, 0.0037760921875054578, 0.008331612457845652, 0.008331612457845652, 0.0034841713681615675, 0.0064686571939511425, 0.0064686571939511425, 0.003251651860951986, 0.005377309000490193, 0.005438478560875801, 0.0034841713681615675, 0.0034841713681615675, 0.0030620771347381996, 0.004660430484574099, 0.004695516656142598, 0.0029045555770430597, 0.004183849172337362, 0.004175740276609069, 0.002771591572130554, 0.0037967401467764853, 0.010409352558086723, 0.006566542811801051, 0.0034989698437643308, 0.0039452308447599374, 0.005425403756027958, 0.003262689789583763, 0.0036313406532993554, 0.00468797277416717, 0.003070575283583814, 0.01166567716704257, 0.008331612457845652, 0.008331612457845652, 0.0035043895326535646, 0.004170940566831135, 0.0029112690944196806, 0.0032901702737197654, 0.0037879272787051453, 0.002777009608285283, 0.009558546408391141, 0.008331612457845652, 0.0026578576269608435, 0.0026623093403824794, 0.003213955817020577, 0.0025594633182510957, 0.002563177421983512, 0.003056171490281084, 0.008331612457845652, 0.0034926382766251336, 0.0024766411688010503, 0.0029213395877048976, 0.00325795802357418, 0.0024004404058231526, 0.0028047844268828024, 0.00875168949289622, 0.0064686571939511425, 0.00875168949289622, 0.003251651860951986, 0.006779635663701759, 0.002703021185637349, 0.013764994531133138, 0.005377309000490193, 0.003251651860951986, 0.006779635663701759, 0.004660430484574099, 0.0030620771347381996, 0.01066509065730795, 0.0064686571939511425, 0.0026153215434599835, 0.002332825811169798, 0.002613399024804881, 0.0025309406800639194, 0.01499571044110062, 0.0024560257334033764, 0.0034841713681615675, 0.003066926507147485, 0.003251651860951986, 0.011682293150709278, 0.0030740250611926076, 0.003172430264452003, 0.0029045555770430597, 0.015784426106304896, 0.005624173105148808, 0.0025338654305115177, 0.0024480676478168574, 0.015409771027436235, 0.005438478560875801, 0.0030055963977478773, 0.002771591572130554, 0.012506339297391417, 0.0026578576269608435, 0.0024457716956676127, 0.0029140032752087495, 0.012088492520982538, 0.004865097990092355, 0.0024628062655590497, 0.002864769439138121, 0.0025594633182510957, 0.0023856957246884557, 0.011913749133965462, 0.004695516656142599, 0.002744307962812426, 0.0024735013500476947, 0.010607522681557902, 0.002402660559132775, 0.0023862075984100047, 0.0024600805406780127, 0.0023989345705127544, 0.009590776782966898, 0.0023412116043703465, 0.0058709146974924, 0.004175740276609069, 0.005069681343071206, 0.0037911993191335892, 0.008000150810955169, 0.002288789714754031, 0.003009786039612079, 0.0023962061573843895, 0.002240970302290671, 0.012922168693900093, 0.004714574781264575, 0.0034949863837013605, 0.002961604914963788, 0.01014336333495281, 0.0032597112309376815, 0.002833754951232715, 0.002779222259989012, 0.014170353903057969, 0.003068277435003197, 0.0028040253064844003, 0.0023966567617140513, 0.002197172420021546, 0.006840902459254303, 0.0021569089940690254, 0.0027023806883542897, 0.0023415857935847736, 0.002119768590356321, 0.009175403469311177, 0.0043283007521141845, 0.008331612457845652, 0.0029094507401172965, 0.004413050321499029, 0.002775540044113234, 0.002386542775014076, 0.01290831489592442, 0.003928617078305968, 0.0020854012740783782, 0.004044474772293164, 0.002661100404124541, 0.006284119964526322, 0.0020535075283333354, 0.00233653818451165, 0.0022913550960443015, 0.002023829486367801, 0.011413908773909963, 0.0022905618438930657, 0.0022453529387001557, 0.001996143932632387, 0.0093066454183755, 0.0022481459840743606, 0.0022030665803433338, 0.001970256669738021, 0.002208892559280202, 0.009617966873813376, 0.0025621677300643165, 0.002755208210757378, 0.0027511548358292465, 0.008123569328053281, 0.0021724607230244317, 0.002210821434027031, 0.0019459979500191834],"final_PolicyParameters" => Dict{Int64,Any}(1 => [0.0 0.0; 1.7943472106482605 0.44309335328236493; 1.9573783373587572 0.6610751912554845; 1.5191020586399002 1.9294660850115173; 1.7900628362647821 2.498068055746651; 3.6190781041373286 3.0204163137436986; 1.359911845020057 2.3637477499810653]),"particlefilterseeds" => [1, 2, 3])
POPULATION_SIGNALS
subject_id: 14
algorithm_name: Actor-Critic (TD-Lambda, ReplTrc) modulated Actor
param_string: alpha(actor)=0.7972,
                surpriseprobability=0.0043,
                stochasticity=2.7816,
                eta(critic)=0.0,
                gamma=0.9966,
                lambda_actor=0.7939,
                lambda_critic=0.305,
                temp=0.392,
                nparticles=15,
                init_policy=nothing,
                init_Vs=nothing,
                use_replacing_trace=true
param_vector: [0.7972414808175023, 0.004336552046615557, 2.7816353998652787, 3.24411867293681e-5, 0.9966448663088217, 0.7939275473003868, 0.3049775441960644, 0.39196929107560724, 15.0]
LL: -104.449
RPE
[0.0, 0.0, 0.0, 0.0, 0.0, 0.0, 0.0, 0.0, 0.0, 0.0, 0.0, 0.0, 0.0, 0.0, 0.0, 0.0, 0.0, 0.0, 0.0, 0.0, 0.0, 0.0, 0.0, 0.0, 0.0, 0.0, 1.0, 0.0, 0.0, 1.0, 0.0, 0.0, 1.0, 0.0, 0.0, 0.0, 0.0, 1.0, 0.0, 0.0, 1.0, 0.0, 0.0, -0.0, 0.0, 0.0, 1.0, 0.0, 0.0, 1.0, 0.0, 0.0, -0.0, 0.0, 0.0, 1.0, 0.0, 0.0, 1.0, 0.0, 0.0, -0.0, 1.0, 0.0, 0.0, 1.0, 0.0, 0.0, 1.0, -0.0, 0.0, 0.0, 1.0, 0.0, 0.0, 1.0, 0.0, -0.0, 0.0, -0.0, 0.0, 1.0, 0.0, -0.0, 0.0, 0.0, -0.0, 0.0, 0.0, 1.0, 0.0, 0.0, 1.0, 0.0, -0.0, 0.0, -0.0, 0.0, -0.0, 0.0, -0.0, 0.0, 0.0, -0.0, 0.0, 1.0, 0.0, -0.0, 1.0, 0.0, 0.0, -0.0, 0.0, 0.0, -0.0, 0.0, 0.0, 0.999, 0.0, -0.0, 0.0, -0.0, 1.0, 0.0, -0.0, 0.0, -0.0, 0.0, 0.0, 0.999, 0.001, 0.999, 0.0, 1.0, 0.0, 1.0, 0.001, 0.999, 0.0, 0.0, 0.999, 0.0, 0.0, 1.0, 0.0, 0.0, 1.0, 0.0, -0.0, 0.0, 1.0, 0.0, 0.001, 0.999, 0.001, 0.999, 0.0, 0.001, 0.999, -0.0, 0.001, -0.0, 1.0, 0.0, 1.0, 0.0, -0.0, 0.001, 0.999, 0.0, 1.0, 0.001, 0.999, 0.0, 0.001, 0.999, 0.0, 0.0, 0.001, 0.999, 0.0, 0.0, 0.001, 0.999, 0.0, 0.0, 1.0, 0.0, -0.0, 0.0, 0.0, 0.001, 0.999]
SPE
[0.857, 0.857, 0.857, 0.857, 0.815, 0.815, 0.815, 0.815, 0.857, 0.777, 0.777, 0.777, 0.777, 0.743, 0.743, 0.743, 0.743, 0.711, 0.711, 0.711, 0.711, 0.682, 0.682, 0.682, 0.682, 0.857, 0.857, 0.655, 0.815, 0.815, 0.63, 0.777, 0.78, 0.655, 0.655, 0.608, 0.743, 0.745, 0.586, 0.711, 0.713, 0.566, 0.682, 0.886, 0.815, 0.655, 0.696, 0.777, 0.63, 0.669, 0.743, 0.608, 0.899, 0.857, 0.857, 0.657, 0.711, 0.586, 0.635, 0.682, 0.566, 0.876, 0.857, 0.548, 0.548, 0.626, 0.53, 0.53, 0.607, 0.857, 0.655, 0.514, 0.589, 0.63, 0.499, 0.572, 0.864, 0.815, 0.864, 0.63, 0.824, 0.556, 0.914, 0.777, 0.63, 0.824, 0.743, 0.608, 0.887, 0.815, 0.542, 0.484, 0.54, 0.527, 0.922, 0.512, 0.655, 0.608, 0.63, 0.899, 0.608, 0.621, 0.586, 0.926, 0.787, 0.526, 0.511, 0.924, 0.777, 0.6, 0.566, 0.906, 0.548, 0.511, 0.586, 0.902, 0.754, 0.512, 0.581, 0.53, 0.498, 0.899, 0.743, 0.562, 0.514, 0.889, 0.5, 0.498, 0.512, 0.499, 0.876, 0.487, 0.796, 0.711, 0.764, 0.682, 0.851, 0.475, 0.6, 0.499, 0.464, 0.909, 0.746, 0.655, 0.594, 0.882, 0.63, 0.576, 0.566, 0.917, 0.608, 0.571, 0.499, 0.453, 0.826, 0.443, 0.555, 0.487, 0.433, 0.871, 0.723, 0.857, 0.586, 0.728, 0.566, 0.499, 0.909, 0.694, 0.424, 0.703, 0.548, 0.81, 0.415, 0.488, 0.476, 0.406, 0.896, 0.478, 0.465, 0.398, 0.872, 0.468, 0.455, 0.39, 0.458, 0.876, 0.53, 0.564, 0.562, 0.854, 0.449, 0.457, 0.383]
action_selection_prob
[0.5, 0.5, 0.5, 0.5, 0.5, 0.5, 0.5, 0.5, 0.5, 0.5, 0.5, 0.5, 0.5, 0.5, 0.5, 0.5, 0.5, 0.5, 0.5, 0.5, 0.5, 0.5, 0.5, 0.5, 0.5, 0.5, 0.5, 0.653, 0.619, 0.734, 0.745, 0.75, 0.825, 0.594, 0.623, 0.802, 0.817, 0.871, 0.839, 0.857, 0.897, 0.865, 0.883, 0.915, 0.331, 0.883, 0.915, 0.536, 0.901, 0.928, 0.676, 0.914, 0.937, 0.5, 0.293, 0.937, 0.719, 0.92, 0.944, 0.785, 0.929, 0.95, 0.346, 0.874, 0.934, 0.953, 0.891, 0.941, 0.957, 0.096, 0.819, 0.946, 0.961, 0.851, 0.95, 0.964, 0.209, 0.334, 0.563, 0.127, 0.563, 0.966, 0.696, 0.46, 0.278, 0.304, 0.46, 0.278, 0.696, 0.54, 0.682, 0.954, 0.968, 0.763, 0.957, 0.763, 0.043, 0.694, 0.043, 0.306, 0.043, 0.306, 0.49, 0.763, 0.51, 0.97, 0.813, 0.924, 0.634, 0.41, 0.422, 0.846, 0.422, 0.846, 0.068, 0.59, 0.578, 0.972, 0.332, 0.348, 0.862, 0.844, 0.784, 0.458, 0.507, 0.881, 0.507, 0.881, 0.874, 0.973, 0.104, 0.975, 0.328, 0.849, 0.59, 0.884, 0.735, 0.976, 0.475, 0.895, 0.977, 0.638, 0.81, 0.906, 0.736, 0.91, 0.921, 0.796, 0.079, 0.796, 0.932, 0.844, 0.783, 0.978, 0.852, 0.979, 0.869, 0.836, 0.98, 0.12, 0.372, 0.019, 0.94, 0.751, 0.947, 0.182, 0.131, 0.568, 0.913, 0.664, 0.952, 0.772, 0.926, 0.17, 0.688, 0.936, 0.886, 0.37, 0.784, 0.943, 0.897, 0.567, 0.837, 0.949, 0.694, 0.87, 0.956, 0.907, 0.108, 0.907, 0.77, 0.892, 0.954]
results_dict
Dict{String,Any}("Surprise" => [1.0000000000000002, 1.0000000000000002, 1.0000000000000002, 1.0000000000000002, 0.773340693506996, 0.773340693506996, 0.773340693506996, 0.773340693506996, 1.0000000000000002, 0.6414854812363958, 0.6414854812363958, 0.6414854812363958, 0.6414854812363958, 0.5552420044528426, 0.5552420044528426, 0.5552420044528426, 0.5552420044528426, 0.4944329462714055, 0.4944329462714055, 0.4944329462714055, 0.4944329462714055, 0.44925275144753235, 0.44925275144753235, 0.44925275144753235, 0.44925275144753235, 1.0000000000000002, 1.0000000000000002, 0.4143622561537865, 0.773340693506996, 0.773340693506996, 0.38660563855379065, 0.6414854812363958, 0.6488609017247907, 0.4143622561537865, 0.4143622561537865, 0.3639978905956569, 0.5552420044528426, 0.5594514612088201, 0.345227937169578, 0.4944329462714055, 0.497091077968736, 0.3293950028085676, 0.44925275144753235, 1.254449394689433, 0.773340693506996, 0.4143622561537865, 0.46959550565672264, 0.6414854812363958, 0.38660563855379065, 0.432046237982112, 0.5552420044528426, 0.36399789059565696, 1.4088194938113237, 1.0000000000000002, 1.0000000000000002, 0.4169657705261674, 0.4944329462714055, 0.34522793716957806, 0.3913803979654811, 0.44925275144753235, 0.3293950028085676, 1.1497462917838654, 1.0000000000000002, 0.3158597543029183, 0.31585975430291857, 0.3823589671009979, 0.30415586587881666, 0.30415586587881666, 0.3635318525062774, 1.0000000000000002, 0.4143622561537865, 0.29393520629983216, 0.34745353996089684, 0.38660563855379065, 0.2849326234261808, 0.33356214801451606, 1.0513572493591576, 0.773340693506996, 1.0513572493591576, 0.38660563855379065, 0.8111172445891635, 0.3214393601703082, 1.6676442416690562, 0.6414854812363958, 0.38660563855379065, 0.8111172445891635, 0.5552420044528426, 0.3639978905956569, 1.2644358575751713, 0.773340693506996, 0.3120394317793237, 0.2769426114068074, 0.31076727211493116, 0.3019580371541288, 1.821715989746532, 0.29301055337554527, 0.4143622561537865, 0.3639978905956569, 0.38660563855379065, 1.4108579948732656, 0.3639978905956569, 0.37724793454158057, 0.345227937169578, 1.9244304884648484, 0.6713616911333629, 0.3012999379588858, 0.2921023857329243, 1.873073239105689, 0.6414854812363958, 0.35735334574051164, 0.3293950028085676, 1.5165127068378963, 0.3158597543029183, 0.2918843133450171, 0.345227937169578, 1.462215244232424, 0.5799507819832396, 0.2928440821982546, 0.3405717527617578, 0.30415586587881666, 0.2847045896634287, 1.415542061903841, 0.5552420044528426, 0.326225515601359, 0.2939352062998321, 1.2823044233499148, 0.2855156040359579, 0.2848094840134792, 0.2926220745500371, 0.28524570528827453, 1.1540717480774754, 0.2783805820170717, 0.7012379010303297, 0.4944329462714055, 0.6046595595136378, 0.44925275144753235, 0.9596092207538285, 0.2721473928129995, 0.35735334574051164, 0.28505116705601286, 0.26646267382508104, 1.5649297429507396, 0.5620617746415142, 0.4143622561537865, 0.3517485027149484, 1.209133469278769, 0.38660563855379065, 0.3365912768997997, 0.3293950028085676, 1.7190014910282145, 0.36399789059565696, 0.3331493714671996, 0.2850830759335153, 0.2612570473369476, 0.8188307861020406, 0.25647236895637393, 0.3210915445190696, 0.27855344992218034, 0.25205954146406045, 1.106694219551308, 0.5154982401767632, 1.0000000000000002, 0.34522793716957806, 0.5259429002259237, 0.3293950028085676, 0.2848864589054502, 1.5649297429507396, 0.46761099306594806, 0.24797682030098736, 0.48175202479559254, 0.31585975430291857, 0.7515448044963595, 0.24418848631056742, 0.27890914707633263, 0.2725970598438001, 0.24066379607583455, 1.3777655108216724, 0.2734142423448954, 0.2671415932703198, 0.23737614437401147, 1.119504839587868, 0.26834561088922776, 0.2621264097116977, 0.23430239035226694, 0.263655502814159, 1.148252665182386, 0.30415586587881666, 0.32749615774605073, 0.326225515601359, 0.9752912224696033, 0.25930304325411874, 0.2630413197101034, 0.23142231125348572],"trialByTrial_Vs" => [0.0, 0.0, 0.0, 0.0, 0.0, 0.0, 0.0, 0.0, 0.0, 0.0, 0.0, 0.0, 0.0, 0.0, 0.0, 0.0, 0.0, 0.0, 0.0, 0.0, 0.0, 0.0, 0.0, 0.0, 0.0, 0.0, 0.0, 2.9971834568972844e-6, 9.860638325553667e-6, 3.24411867293681e-5, 5.994712852295524e-6, 1.972168576904001e-5, 6.488132102813979e-5, 2.7690444092683574e-7, 9.110068108896351e-7, 8.992588176977148e-6, 2.9583142293536855e-5, 9.732040293045717e-5, 1.199080942172429e-5, 3.944500786212398e-5, 0.00012975843247046124, 1.4989376577318785e-5, 4.930728243788314e-5, 0.00016219540968229185, 5.540046251422004e-7, 4.930947873566677e-5, 0.0001621909816048919, 3.553385994054202e-6, 5.91721621000386e-5, 0.00019462690666633992, 6.553113248198181e-6, 6.903525440864711e-5, 0.0002270617794678863, 0.0, 1.822590259158862e-6, 0.00022705510400380417, 6.64021391117724e-6, 6.931516879454751e-5, 0.0002594889247961454, 9.640511987257995e-6, 7.917938961204665e-5, 0.00029192169339685003, 2.9987752776166226e-6, 1.5075335850396388e-5, 8.218058485618012e-5, 0.0003017729288238279, 1.80759382043708e-5, 9.204533849793204e-5, 0.0003342043256812622, 2.1076886411542795e-5, 1.055498550361528e-5, 0.0001019105009041158, 0.0003666346704256951, 1.3556620897716386e-5, 0.0001117760720378278, 0.0003990639630912585, 2.1988903916101193e-5, 3.5439864723155986e-5, 1.1688271751031919e-5, 1.6558602115500057e-5, 1.1688379538292439e-5, 0.000431492203712083, 2.207335761362515e-5, 3.571629176757579e-5, 2.155833504397355e-5, 2.207365732189537e-5, 3.571587500021642e-5, 2.155844004886813e-5, 2.2073957011798398e-5, 3.5715458250918175e-5, 3.19346818178824e-5, 0.00012164205186216647, 0.0004639193923222982, 3.4936731521587255e-5, 0.00013150916903441242, 3.4938896740944674e-5, 0.00013150698027097936, 1.9558458302945122e-5, 0.00013150444589667194, 1.9560971144131152e-5, 0.0001315019116718558, 1.9563483871544366e-5, 2.4555664113204857e-5, 3.4941164458726574e-5, 2.455589401122131e-5, 0.0004963455289560327, 3.794115642306017e-5, 0.0001315826025168065, 6.815548632843605e-5, 1.9840908316649488e-5, 3.442688944418351e-5, 4.094053143636213e-5, 3.442703093270129e-5, 4.0940379256288413e-5, 0.00014144050371648852, 1.9841444027944488e-5, 3.4427872620186424e-5, 0.0005287706136474136, 2.2842369156906394e-5, 4.429927644134882e-5, 4.1219674631235695e-5, 0.00014234870084760265, 0.00010059446201294554, 2.3120168602965816e-5, 4.5210953548160024e-5, 4.421940678833228e-5, 4.521092484933862e-5, 4.4219422793448266e-5, 0.0001522069817413343, 0.0005611946464305674, 4.722242523771599e-5, 0.0005936176273396191, 5.709487121129734e-5, 0.00013303238533858753, 6.695664677584322e-5, 0.00016546925633950183, 7.681883132444664e-5, 0.0006260395564086929, 2.3146502948254504e-5, 0.00016207529329168838, 0.0006584604336719116, 2.6151075142247914e-5, 8.669104573148103e-5, 0.00019790507504982704, 2.915071008784942e-5, 0.00017194547043027376, 0.00023033984150370076, 3.215238507541198e-5, 0.00018180570676942516, 3.21557435247275e-5, 0.00026277355573525946, 4.202124364933441e-5, 0.0001847995097164356, 0.0006908802591633971, 9.655331896087626e-5, 0.00072329903291727, 4.5025935615642175e-5, 0.00019466967818319113, 0.0007557167549676501, 0.00010642707874386838, 4.612366338830132e-5, 0.0007881334253486557, 0.00029520621777863844, 0.00010734166553884553, 0.0003276378276679719, 0.00011720618415362856, 0.00020454098343650304, 4.9139077607799525e-5, 0.000797975129477301, 0.00011811997737204067, 0.000360068385437393, 0.00012798487509548792, 0.0008303904289464883, 0.00013786002172763853, 0.00020753808604623397, 0.0008628046768248927, 4.8031194763007616e-5, 0.0001408632898523801, 0.00021741138028119315, 0.0008952178731466289, 4.894715240384037e-5, 0.00014386690381144374, 0.00022728508259452018, 0.0009276300179458108, 0.00014687086359559814, 0.00023715919294934693, 0.0003924978911210338, 4.9863282558819346e-5, 0.0002470209576456224, 4.986770601329584e-5, 0.00014987129266479782, 0.0002470158262112949, 0.000960041111256551, 0.0, 0.0, 0.0, 0.0, 0.0, 0.0, 0.0, 0.0, 0.0, 0.0, 0.0, 0.0, 0.0, 0.0, 0.0, 0.0, 0.0, 0.0, 0.0, 0.0, 0.0, 0.0, 0.0, 0.0, 0.0, 0.0, 0.0, 0.0, 0.0, 0.0, 0.0, 0.0, 0.0, 0.0, 0.0, 0.0, 0.0, 0.0, 0.0, 0.0, 0.0, 0.0, 0.0],"final_V" => Dict{Int64,Any}(1 => [0.0, 0.000992451153112961, 0.0004249263447530252, 5.901605366417821e-5, 0.00025689002480987514, 0.00015287572241334203, 5.078414328807735e-5]),"nparticles" => 15,"trial_by_trial_p_sa_max" => [0.5, 0.5, 0.5, 0.5, 0.5, 0.5, 0.5, 0.5, 0.5, 0.5, 0.5, 0.5, 0.5, 0.5, 0.5, 0.5, 0.5, 0.5, 0.5, 0.5, 0.5, 0.5, 0.5, 0.5, 0.5, 0.5, 0.5, 0.6533841547117566, 0.6194279677049173, 0.7335160141443056, 0.7453290773798846, 0.7497973354673562, 0.825301781459475, 0.5943421787769382, 0.6228400779802354, 0.801745810967729, 0.8174326617808488, 0.8706783035947876, 0.8387676131363747, 0.8571890143776221, 0.8974600797023958, 0.8645910950148948, 0.8830316697227323, 0.9150859420300851, 0.33079403610422203, 0.8830320441065419, 0.9150852410428544, 0.5364086066155648, 0.9010818848249471, 0.9275520015101473, 0.6759381144845625, 0.9143686269992075, 0.936832159475394, 0.5, 0.2930245753110187, 0.9368315185105618, 0.7189532953268534, 0.9195556610390002, 0.9440064455296432, 0.7852589179762325, 0.9286113856399804, 0.9497190628541398, 0.34624355342616175, 0.874265840532837, 0.934383039253208, 0.953428025676943, 0.8908122514395863, 0.9405573615540116, 0.9574495727378779, 0.09639921240340789, 0.81936284975465, 0.9456771764622579, 0.9608320977438467, 0.8509072119707868, 0.9499901682896035, 0.963716613643663, 0.20936719723394487, 0.3344092833450128, 0.5634141458204361, 0.1266033694659147, 0.5634143456182965, 0.966205507458076, 0.6964873267275034, 0.4604910293678692, 0.2775329961484209, 0.3035123505780853, 0.46048955573944833, 0.2775336487171158, 0.696487058089053, 0.539511923774986, 0.6822235799054248, 0.9536723514144362, 0.9683749119691183, 0.7628132400569887, 0.9568523401607343, 0.7628149946367418, 0.043147732148309845, 0.6943665650281633, 0.043145880257747696, 0.3056304207930132, 0.043143975931141665, 0.3056352699039133, 0.4900430024606833, 0.7628179433606359, 0.5099564690103865, 0.970282610579727, 0.8130339915208143, 0.9243632501816934, 0.6341386287786399, 0.4102168856262588, 0.4220629571874965, 0.8464807998752715, 0.42206328873502064, 0.84648073709247, 0.06757703893358949, 0.5897773109828492, 0.577931986974978, 0.9719732493651383, 0.33165482844295774, 0.3478341639988838, 0.861703906530613, 0.8437478956657338, 0.7844866509151761, 0.45782426505186297, 0.5067423604403323, 0.8813410750960836, 0.506742240670257, 0.8813410734392934, 0.8740432558739206, 0.9734818686504477, 0.10376106342093529, 0.9748363538107009, 0.32840462458932623, 0.8493132894789646, 0.5897804169725511, 0.8844224218746974, 0.7353472353002821, 0.976059172341665, 0.47470674671949264, 0.894695474714432, 0.9771686284143566, 0.638072621535453, 0.8095915381494238, 0.9063237694198086, 0.73634900670355, 0.9096101536533634, 0.9212666366818585, 0.7961283747728714, 0.07914123420383086, 0.7961304272949877, 0.9321057489794099, 0.8442057333411949, 0.7830614590432358, 0.9781797843302149, 0.8523575384948838, 0.9791051476662, 0.8685332563970948, 0.8364848066038574, 0.97995519078228, 0.12019764688903478, 0.3720513692574429, 0.019261251467349225, 0.9403250037556663, 0.7512508310578268, 0.9467707719133373, 0.18167841514811228, 0.1306591438125147, 0.5683750587875652, 0.913413749689459, 0.6640307994422511, 0.9519606605878038, 0.7722786135916353, 0.9263418290396391, 0.1697603138316188, 0.6877112144662438, 0.9359153755938471, 0.8864823920644266, 0.3702536609116763, 0.7843960483033021, 0.9432885227066906, 0.8974852200936995, 0.5671020212970201, 0.837272291028273, 0.9491410162643804, 0.694402190124061, 0.8698538407542104, 0.9562288697624952, 0.9065991766453804, 0.1082456519894808, 0.9065998222766241, 0.7701918827144767, 0.8917645724020562, 0.9538989927743263],"final_Tsas" => Dict{Tuple{Int64,Int64},Float64}[Dict((1, 6) => 0.05408985005860404,(2, 3) => 0.11851145373218272,(2, 6) => 0.0885465086266636,(2, 2) => 0.13587878234940565,(2, 1) => 1.0,(2, 5) => 0.05738709129128585,(1, 7) => 0.08566403989987975,(1, 4) => 0.0808500190941834,(1, 3) => 0.4860157606007211,(2, 4) => 0.10508059177497553,(1, 1) => 1.0,(1, 2) => 0.6245990485407575,(2, 7) => 0.06873081026594988,(1, 5) => 0.08566403989987975), Dict((1, 6) => 0.05408985005860404,(2, 3) => 0.11851145373218272,(2, 6) => 0.21587665208249132,(2, 2) => 0.13587878234940565,(2, 1) => 0.0,(2, 5) => 0.552523941741768,(1, 7) => 0.08566403989987975,(1, 4) => 0.0808500190941834,(1, 3) => 0.08566403989987982,(2, 4) => 0.3317398982679793,(1, 1) => 0.0,(1, 2) => 0.053033952510639665,(2, 7) => 0.06873081026594988,(1, 5) => 0.08566403989987975), Dict((1, 6) => 0.09298053290023293,(2, 3) => 0.11851145373218272,(2, 6) => 0.30955826892023325,(2, 2) => 0.18472730590356617,(2, 1) => 0.0,(2, 5) => 0.1399098996996995,(1, 7) => 0.08566403989987975,(1, 4) => 0.0808500190941834,(1, 3) => 0.08566403989987982,(2, 4) => 0.10508059177497553,(1, 1) => 0.0,(1, 2) => 0.09116544344090916,(2, 7) => 0.09343958779634758,(1, 5) => 0.08566403989987975), Dict((1, 6) => 0.13099133986557127,(2, 3) => 0.28893127760690396,(2, 6) => 0.0885465086266636,(2, 2) => 0.13587878234940565,(2, 1) => 0.0,(2, 5) => 0.05738709129128585,(1, 7) => 0.4552194743929642,(1, 4) => 0.0808500190941834,(1, 3) => 0.08566403989987982,(2, 4) => 0.10508059177497553,(1, 1) => 0.0,(1, 2) => 0.053033952510639665,(2, 7) => 0.09343958779634758,(1, 5) => 0.11646032610763682), Dict((1, 6) => 0.5596687269997795,(2, 3) => 0.11851145373218272,(2, 6) => 0.0885465086266636,(2, 2) => 0.13587878234940565,(2, 1) => 0.0,(2, 5) => 0.05738709129128585,(1, 7) => 0.11646032610763682,(1, 4) => 0.0808500190941834,(1, 3) => 0.08566403989987982,(2, 4) => 0.10508059177497553,(1, 1) => 0.0,(1, 2) => 0.053033952510639665,(2, 7) => 0.43936247322191485,(1, 5) => 0.08566403989987975), Dict((1, 6) => 0.05408985005860404,(2, 3) => 0.11851145373218272,(2, 6) => 0.0885465086266636,(2, 2) => 0.13587878234940565,(2, 1) => 0.0,(2, 5) => 0.07801779339338928,(1, 7) => 0.08566403989987975,(1, 4) => 0.5148998854348996,(1, 3) => 0.08566403989987982,(2, 4) => 0.10508059177497553,(1, 1) => 0.0,(1, 2) => 0.053033952510639665,(2, 7) => 0.16756592038754053,(1, 5) => 0.08566403989987975), Dict((1, 6) => 0.05408985005860404,(2, 3) => 0.11851145373218272,(2, 6) => 0.12037904449062055,(2, 2) => 0.13587878234940565,(2, 1) => 0.0,(2, 5) => 0.05738709129128585,(1, 7) => 0.08566403989987975,(1, 4) => 0.0808500190941834,(1, 3) => 0.08566403989987982,(2, 4) => 0.14285714285714282,(1, 1) => 0.0,(1, 2) => 0.07209969797577442,(2, 7) => 0.06873081026594988,(1, 5) => 0.4552194743929642)],"gamma_surprise" => [0.004336552046615559, 0.004336552046615559, 0.004336552046615559, 0.004336552046615559, 0.0033569317621218275, 0.0033569317621218275, 0.0033569317621218275, 0.0033569317621218275, 0.004336552046615559, 0.0027861668771766786, 0.0027861668771766786, 0.0027861668771766786, 0.0027861668771766786, 0.0024124888571078833, 0.0024124888571078833, 0.0024124888571078833, 0.0024124888571078833, 0.002148845371999724, 0.002148845371999724, 0.002148845371999724, 0.002148845371999724, 0.0019528720692374697, 0.0019528720692374697, 0.0019528720692374697, 0.0019528720692374697, 0.004336552046615559, 0.004336552046615559, 0.0018014786125220737, 0.0033569317621218275, 0.0033569317621218275, 0.0016810069795292926, 0.0027861668771766786, 0.00281811030082648, 0.0018014786125220737, 0.0018014786125220737, 0.0015828614182525538, 0.0024124888571078833, 0.002430734203607114, 0.0015013619644094055, 0.002148845371999724, 0.0021603728686500397, 0.0014326047507516348, 0.0019528720692374697, 0.005433989046844887, 0.0033569317621218275, 0.0018014786125220737, 0.0020411201861660084, 0.0027861668771766786, 0.0016810069795292926, 0.001878216972799572, 0.0024124888571078833, 0.001582861418252554, 0.006098607039955541, 0.004336552046615559, 0.004336552046615559, 0.0018127771155757872, 0.002148845371999724, 0.0015013619644094057, 0.001701732867364972, 0.0019528720692374697, 0.0014326047507516348, 0.004982698956779652, 0.004336552046615559, 0.001373818121006792, 0.0013738181210067933, 0.0016625726499183424, 0.0013229799196472782, 0.0013229799196472782, 0.001580838034086095, 0.004336552046615559, 0.0018014786125220737, 0.0012785801881583614, 0.0015110262644933011, 0.0016810069795292926, 0.0012394686529482138, 0.0014507022065775416, 0.004558250248090963, 0.0033569317621218275, 0.004558250248090963, 0.0016810069795292926, 0.0035203356536485843, 0.001398052443246458, 0.007210948377863924, 0.0027861668771766786, 0.0016810069795292926, 0.0035203356536485843, 0.0024124888571078833, 0.0015828614182525538, 0.0054770111989296995, 0.0033569317621218275, 0.0013572243481537781, 0.0012047536449041028, 0.0013516985330011002, 0.0013134326297565748, 0.007871915309231422, 0.0012745631937959628, 0.0018014786125220737, 0.0015828614182525538, 0.0016810069795292926, 0.006107377567308616, 0.0015828614182525538, 0.0016403853218769457, 0.0015013619644094055, 0.00831207120210094, 0.00291555003262319, 0.0013105738347218535, 0.001270617785427523, 0.008092042085096101, 0.0027861668771766786, 0.0015540122138859667, 0.0014326047507516348, 0.006561738747375769, 0.001373818121006792, 0.0012696703955417167, 0.0015013619644094055, 0.006328287960083404, 0.002519576323337101, 0.001273839985187618, 0.0014811426735735552, 0.0013229799196472782, 0.0012384779251997304, 0.006127529895551287, 0.0024124888571078833, 0.0014188395752722485, 0.0012785801881583612, 0.005553980533953933, 0.0012420014929203067, 0.0012389336550779153, 0.0012728755052323498, 0.001240828882040863, 0.005001350597905622, 0.0012110015183741927, 0.0030448996188818015, 0.002148845371999724, 0.0026266408011178756, 0.0019528720692374697, 0.004162124354246332, 0.0011839182180748116, 0.0015540122138859667, 0.0012399836832007556, 0.0011592167484216732, 0.006769814268848214, 0.002442047934718905, 0.0018014786125220737, 0.0015296758780050062, 0.005238719131242474, 0.0016810069795292926, 0.00146385697028109, 0.0014326047507516348, 0.007431368520734545, 0.001582861418252554, 0.0014489095924528621, 0.0012401223159261585, 0.0011365959790898608, 0.003553694280237745, 0.0011158035133947018, 0.001396541783717909, 0.001211752611075288, 0.0010966262085695556, 0.004797017574522918, 0.0022401917416271415, 0.004336552046615559, 0.0015013619644094057, 0.0022854771833174213, 0.0014326047507516348, 0.0012392680842475646, 0.006769814268848214, 0.0020325119356422302, 0.0010788828269502504, 0.002093848463635179, 0.0013738181210067933, 0.0032626284428186455, 0.0010624182791850528, 0.0012132980739061187, 0.0011858720772053972, 0.0010470990709645534, 0.005964980016645182, 0.0011894228171582205, 0.0011621668807533043, 0.0010328096695071051, 0.004852276364669966, 0.0011673986976267188, 0.0011403738176993471, 0.0010194495800333323, 0.001147018465376786, 0.004976258181978359, 0.0013229799196472782, 0.0014243580567793093, 0.0014188395752722485, 0.004229854379549407, 0.0011281046951850202, 0.001144349553924833, 0.0010069309754306543],"final_PolicyParameters" => Dict{Int64,Any}(1 => [0.0 0.0; 1.8415027307334755 0.6171820567625012; 1.912985950876839 0.6692219384360028; 1.5001163704171616 1.88002478850012; 1.8976622456265837 2.514129306731201; 3.49448664603845 2.9058249929689564; 1.3207262124675312 2.2484977248941367]),"particlefilterseeds" => [1, 2, 3])