DateTime of fitting: 2020-02-09T16:12:03.086
DATA_STATS
nr_subjects: 1
all_subject_ids: [9]
nr_puzzles: 1
nr_episodes: 49
nr_actions: 187
max_state_id: 7
max_action_id: 2
SUBJECT_SIGNALS
subject_id: 9
algorithm_name: Forward Learner
param_string: eta=0.123, gamma=0.9896,
                temp=0.0105,
                initTsas=nothing, initR=nothing
param_vector: [0.12299916790123847, 0.9896364049452304, 0.010486275017257917]
LL: -106.799
RPE
Float64[]
SPE
[0.857, 0.857, 0.857, 0.857, 0.857, 0.752, 0.857, 0.857, 0.857, 0.752, 0.752, 0.857, 0.752, 0.752, 0.659, 0.659, 0.578, 0.659, 0.752, 0.752, 0.507, 0.578, 0.659, 0.659, 0.752, 0.752, 0.578, 0.578, 0.578, 0.445, 0.507, 0.39, 0.926, 0.659, 0.857, 0.857, 0.659, 0.507, 0.915, 0.578, 0.752, 0.568, 0.935, 0.857, 0.507, 0.659, 0.498, 0.943, 0.437, 0.445, 0.578, 0.752, 0.752, 0.39, 0.915, 0.659, 0.507, 0.445, 0.659, 0.904, 0.568, 0.578, 0.578, 0.89, 0.383, 0.701, 0.507, 0.445, 0.935, 0.445, 0.342, 0.498, 0.915, 0.625, 0.342, 0.548, 0.848, 0.63, 0.465, 0.336, 0.935, 0.615, 0.39, 0.465, 0.659, 0.831, 0.568, 0.342, 0.481, 0.744, 0.3, 0.3, 0.567, 0.498, 0.263, 0.263, 0.695, 0.231, 0.231, 0.559, 0.437, 0.202, 0.596, 0.177, 0.762, 0.383, 0.156, 0.581, 0.136, 0.422, 0.49, 0.336, 0.12, 0.956, 0.578, 0.57, 0.105, 0.842, 0.5, 0.092, 0.439, 0.081, 0.481, 0.842, 0.071, 0.385, 0.062, 0.849, 0.295, 0.054, 0.202, 0.7, 0.048, 0.419, 0.042, 0.914, 0.367, 0.037, 0.422, 0.739, 0.032, 0.37, 0.545, 0.258, 0.028, 0.97, 0.5, 0.227, 0.025, 0.804, 0.199, 0.022, 0.447, 0.661, 0.019, 0.392, 0.508, 0.174, 0.017, 0.705, 0.153, 0.015, 0.479, 0.013, 0.851, 0.445, 0.134, 0.011, 0.665, 0.118, 0.01, 0.344, 0.677, 0.009, 0.302, 0.465, 0.103, 0.008, 0.864, 0.491, 0.007, 0.544, 0.966, 0.408, 0.09, 0.006, 0.0]
action_selection_prob
[0.5, 0.5, 0.5, 0.5, 0.5, 0.481, 0.495, 0.508, 0.507, 0.524, 0.658, 0.525, 0.464, 0.524, 0.437, 0.499, 0.407, 0.524, 0.458, 0.5, 0.378, 0.503, 0.57, 0.755, 0.525, 0.477, 0.611, 0.817, 0.493, 0.351, 0.47, 0.338, 0.452, 0.5, 0.675, 0.153, 0.462, 0.638, 0.859, 0.481, 0.682, 0.82, 0.446, 0.552, 0.448, 0.715, 0.838, 0.452, 0.86, 0.451, 0.736, 0.131, 0.645, 0.426, 0.74, 0.717, 0.496, 0.633, 0.165, 0.237, 0.722, 0.169, 0.773, 0.614, 0.814, 0.625, 0.799, 0.472, 0.624, 0.82, 0.356, 0.726, 0.208, 0.544, 0.272, 0.53, 0.746, 0.164, 0.616, 0.818, 0.486, 0.641, 0.835, 0.471, 0.374, 0.653, 0.181, 0.847, 0.538, 0.757, 0.857, 0.334, 0.765, 0.209, 0.864, 0.328, 0.766, 0.871, 0.326, 0.77, 0.237, 0.875, 0.679, 0.88, 0.691, 0.26, 0.882, 0.692, 0.886, 0.544, 0.768, 0.281, 0.888, 0.705, 0.392, 0.676, 0.892, 0.463, 0.69, 0.893, 0.703, 0.894, 0.463, 0.613, 0.895, 0.716, 0.892, 0.725, 0.312, 0.893, 0.28, 0.77, 0.894, 0.715, 0.893, 0.541, 0.723, 0.893, 0.465, 0.614, 0.893, 0.468, 0.628, 0.329, 0.891, 0.46, 0.775, 0.339, 0.892, 0.735, 0.348, 0.892, 0.541, 0.774, 0.893, 0.539, 0.783, 0.357, 0.893, 0.724, 0.363, 0.894, 0.717, 0.894, 0.47, 0.783, 0.37, 0.894, 0.73, 0.376, 0.895, 0.53, 0.782, 0.895, 0.53, 0.789, 0.381, 0.895, 0.478, 0.718, 0.895, 0.48, 0.628, 0.789, 0.386, 0.9, 0.0]
results_dict
Dict{String,Any}("QSA_record" => [0.0, 0.0, 0.0, 0.0, 0.0, 0.931056288974718, 0.9348579949799707, 0.9396126927682056, 0.9406742532188845, 0.9419234875893092, 0.950008806203939, 0.9456339139668264, 0.9455710163399116, 0.9469899459739606, 0.9459968302575416, 0.9467133528389581, 0.9451415383426346, 0.9470569522405401, 0.9479270828908494, 0.9479618683610649, 0.943864949396483, 0.9459564255591187, 0.9494148083108476, 0.9607330828525665, 0.9488914661266096, 0.9496962072810176, 0.9532054530349803, 0.9673527963287588, 0.9502240897260172, 0.9476469154923268, 0.9510078567935016, 0.9483052517888777, 0.9509987490584759, 0.953647782256227, 0.9560518142871199, 0.9561143723554021, 0.9547738374349292, 0.9596677934520049, 0.9743443882247322, 0.9528945876396364, 0.9558257851678307, 0.9696016736386576, 0.9506219886745482, 0.9558913557181901, 0.9541140221982185, 0.9601520632456084, 0.9757796124029346, 0.9565120384745313, 0.97989901366074, 0.9599625631534418, 0.9671166715562632, 0.9638411082549062, 0.9694270813233193, 0.9623668746845214, 0.9698613269131967, 0.9746605834522271, 0.9651205026772683, 0.9715501241088176, 0.968528268757942, 0.9667191543878862, 0.971358384902553, 0.9690497935854353, 0.9792562864370193, 0.9702301357261277, 0.9862115653684241, 0.9722770648811825, 0.9831508425747376, 0.9691205899011006, 0.9759791400014999, 0.9859687556870508, 0.9690403164595934, 0.976526795804142, 0.9754703802805276, 0.9720262687389004, 0.966804931708544, 0.9713747280568895, 0.9770377997041069, 0.9710347973772083, 0.976926895325473, 0.9894749313169033, 0.9708344562014877, 0.9763247486538391, 0.9884758765051015, 0.9710195791327249, 0.9734593122386379, 0.9777414438737289, 0.9755048599476044, 0.9902711211895823, 0.9730918075507313, 0.9794804595148044, 0.9916411684243149, 0.9722251640141243, 0.9802830733607415, 0.977789374565171, 0.992860919015012, 0.9725686436850257, 0.9809098457474374, 0.9938479774848492, 0.9730505173022898, 0.9817207259565675, 0.9798186831374125, 0.9947247316698445, 0.981091252012295, 0.9954212758463795, 0.9820161861506017, 0.9813958140292738, 0.9960656121653146, 0.9823430865489843, 0.9965793403323525, 0.9759626129635176, 0.9829561547016158, 0.9827438826838983, 0.997037672437795, 0.9833630404555335, 0.977037664117907, 0.9817960912894076, 0.9973788083722464, 0.9740859049915161, 0.9826747965349185, 0.9977293788832649, 0.9834745692650231, 0.9980313172052705, 0.9745621678924665, 0.9819769089867575, 0.9982955557839815, 0.984496438149721, 0.9985224737944186, 0.9851248803778876, 0.9846521465589384, 0.9987145681173568, 0.9750147866319918, 0.9837521142166683, 0.9988757437811103, 0.9850549354163395, 0.9990251162054498, 0.9771541559645625, 0.9856345798891826, 0.9991512041854961, 0.9756192485871885, 0.9834024166446624, 0.9992608788539008, 0.9758485386808265, 0.9841815360706408, 0.9857713478534343, 0.9993568891387746, 0.9755535477307018, 0.9847842299906376, 0.9862308624657709, 0.9994355179944862, 0.9863386347588581, 0.9866225503160216, 0.9995035613151264, 0.97706041660677, 0.9845564920200522, 0.9995636185801342, 0.9771169443106736, 0.9851830016678698, 0.9870174167876576, 0.9996185377214802, 0.9859986671188418, 0.9873138294788077, 0.9996644198363497, 0.9856149973694948, 0.9997056242265657, 0.9754596675970999, 0.9849392637645241, 0.9876327587761301, 0.9997426905820472, 0.9861358409702787, 0.987863980901296, 0.9997735566738613, 0.9764753238790715, 0.9846600529034272, 0.9998009313805187, 0.9766681906529738, 0.9852891417656021, 0.9881018015879725, 0.9998260262533795, 0.9753185277780202, 0.9857567716731366, 0.999847384312641, 0.9754985679614305, 0.9841617866551544, 0.9850154822634039, 0.9882891887459213, 0.9998650926604966, 0.0],"final_Tsas" => Dict{Int64,Any}(1 => [0.14285714285714285 0.14285714285714285; 0.7054850109068582 0.010349087729457446; 0.9948707552578038 0.07411429590458936; 0.08450880910480497 0.02957345227290177; 0.04999217171418657 0.009076158550197264; 0.02957345227290177 0.00795979860078329; 0.017494520628905014 0.015342709148718646]

[0.14285714285714285 0.14285714285714285; 0.03845050200203121 0.010349087729457446; 0.00085487412369937 0.07411429590458936; 0.08450880910480497 0.45817934561211104; 0.04999217171418657 0.6420873258545731; 0.02957345227290177 0.36544480719333355; 0.017494520628905014 0.05309142847686075]

[0.14285714285714285 0.14285714285714285; 0.03845050200203121 0.9207302557557218; 0.00085487412369937 0.07411429590458936; 0.08450880910480497 0.27095422512214173; 0.04999217171418657 0.3125318813944407; 0.02957345227290177 0.5692936296520127; 0.017494520628905014 0.04844836741016187]

[0.14285714285714285 0.14285714285714285; 0.03845050200203121 0.010349087729457446; 0.00085487412369937 0.4474438519756224; 0.08450880910480497 0.02957345227290177; 0.04999217171418657 0.009076158550197264; 0.02957345227290177 0.033422368751520645; 0.5227652532793006 0.015342709148718646]

[0.14285714285714285 0.14285714285714285; 0.03845050200203121 0.010349087729457446; 0.00085487412369937 0.1819846685014308; 0.08450880910480497 0.15257262017414025; 0.04999217171418657 0.009076158550197264; 0.8225592863625895 0.00795979860078329; 0.19506331639719035 0.7352940852741306]

[0.14285714285714285 0.14285714285714285; 0.10226247908298583 0.010349087729457446; 0.00085487412369937 0.07411429590458936; 0.4929471453711702 0.02957345227290177; 0.04999217171418657 0.009076158550197264; 0.02957345227290177 0.00795979860078329; 0.21219334780788915 0.11713799139269088]

[0.14285714285714285 0.14285714285714285; 0.03845050200203121 0.027524305596991157; 0.00085487412369937 0.07411429590458936; 0.08450880910480497 0.02957345227290177; 0.7000469697148806 0.009076158550197264; 0.02957345227290177 0.00795979860078329; 0.017494520628905014 0.015342709148718646]),"final_Reward" => Dict{Int64,Any}(1 => [1.0, 0.0, 0.0, 0.0, 0.0, 0.0, 0.0]),"final_Qsa" => [0.0 0.0; 0.9931397521791001 0.9884253152854623; 0.999881575751676 0.9767931017443454; 0.9784758153042968 0.982885496198199; 0.9709461374833087 0.9847044637965493; 0.9756819652813294 0.9861872177431854; 0.974575218578172 0.9760747416167941])
POPULATION_SIGNALS
subject_id: 9
algorithm_name: Forward Learner
param_string: eta=0.1692, gamma=0.9856,
                temp=0.0118,
                initTsas=nothing, initR=nothing
param_vector: [0.16921432907904174, 0.9855564353951695, 0.011831814925089175]
LL: -108.581
RPE
Float64[]
SPE
[0.857, 0.857, 0.857, 0.857, 0.857, 0.712, 0.857, 0.857, 0.857, 0.712, 0.712, 0.857, 0.712, 0.712, 0.592, 0.592, 0.491, 0.592, 0.712, 0.712, 0.408, 0.491, 0.592, 0.592, 0.712, 0.712, 0.491, 0.491, 0.491, 0.339, 0.408, 0.282, 0.943, 0.592, 0.857, 0.857, 0.592, 0.408, 0.932, 0.491, 0.712, 0.508, 0.953, 0.857, 0.408, 0.592, 0.422, 0.961, 0.351, 0.339, 0.491, 0.712, 0.712, 0.282, 0.932, 0.592, 0.408, 0.339, 0.592, 0.918, 0.508, 0.491, 0.491, 0.901, 0.292, 0.661, 0.408, 0.339, 0.953, 0.339, 0.234, 0.422, 0.932, 0.621, 0.234, 0.516, 0.844, 0.578, 0.403, 0.242, 0.953, 0.549, 0.282, 0.403, 0.592, 0.827, 0.508, 0.234, 0.429, 0.701, 0.195, 0.195, 0.552, 0.422, 0.162, 0.162, 0.653, 0.134, 0.134, 0.55, 0.351, 0.112, 0.548, 0.093, 0.74, 0.292, 0.077, 0.547, 0.064, 0.356, 0.457, 0.242, 0.053, 0.973, 0.491, 0.547, 0.044, 0.827, 0.455, 0.037, 0.378, 0.03, 0.448, 0.827, 0.025, 0.314, 0.021, 0.873, 0.201, 0.017, 0.112, 0.684, 0.015, 0.386, 0.012, 0.929, 0.32, 0.01, 0.372, 0.687, 0.008, 0.309, 0.541, 0.167, 0.007, 0.985, 0.485, 0.139, 0.006, 0.811, 0.115, 0.005, 0.415, 0.642, 0.004, 0.345, 0.504, 0.096, 0.003, 0.673, 0.08, 0.003, 0.494, 0.002, 0.818, 0.419, 0.066, 0.002, 0.634, 0.055, 0.002, 0.286, 0.678, 0.001, 0.238, 0.458, 0.046, 0.001, 0.876, 0.51, 0.001, 0.574, 0.981, 0.381, 0.038, 0.001, 0.0]
action_selection_prob
[0.5, 0.5, 0.5, 0.5, 0.5, 0.481, 0.489, 0.509, 0.507, 0.547, 0.741, 0.546, 0.44, 0.528, 0.396, 0.487, 0.351, 0.546, 0.403, 0.5, 0.309, 0.518, 0.642, 0.849, 0.538, 0.47, 0.715, 0.9, 0.447, 0.285, 0.417, 0.273, 0.396, 0.5, 0.74, 0.083, 0.457, 0.748, 0.928, 0.474, 0.757, 0.886, 0.404, 0.56, 0.42, 0.803, 0.893, 0.428, 0.912, 0.442, 0.828, 0.082, 0.698, 0.402, 0.827, 0.787, 0.473, 0.706, 0.121, 0.166, 0.804, 0.126, 0.844, 0.659, 0.852, 0.677, 0.866, 0.439, 0.683, 0.883, 0.296, 0.806, 0.174, 0.58, 0.193, 0.557, 0.828, 0.104, 0.674, 0.866, 0.467, 0.697, 0.893, 0.448, 0.317, 0.712, 0.134, 0.902, 0.561, 0.839, 0.909, 0.276, 0.848, 0.163, 0.914, 0.271, 0.848, 0.918, 0.272, 0.851, 0.192, 0.92, 0.734, 0.923, 0.747, 0.216, 0.924, 0.746, 0.926, 0.563, 0.849, 0.236, 0.927, 0.761, 0.336, 0.717, 0.93, 0.447, 0.735, 0.93, 0.75, 0.93, 0.45, 0.674, 0.93, 0.764, 0.927, 0.773, 0.259, 0.927, 0.233, 0.853, 0.928, 0.76, 0.927, 0.552, 0.768, 0.927, 0.456, 0.676, 0.927, 0.461, 0.69, 0.273, 0.925, 0.452, 0.857, 0.282, 0.925, 0.781, 0.289, 0.926, 0.546, 0.857, 0.926, 0.543, 0.864, 0.297, 0.926, 0.769, 0.302, 0.926, 0.762, 0.927, 0.469, 0.865, 0.307, 0.927, 0.776, 0.311, 0.927, 0.529, 0.864, 0.927, 0.529, 0.869, 0.315, 0.927, 0.48, 0.764, 0.927, 0.483, 0.691, 0.869, 0.318, 0.934, 0.0]
results_dict
Dict{String,Any}("QSA_record" => [0.0, 0.0, 0.0, 0.0, 0.0, 0.9108299558213089, 0.9162334543030664, 0.9217241445668226, 0.922901863217997, 0.9244529345064453, 0.9381171037070797, 0.9320198041661598, 0.9306324446249221, 0.9320766004227924, 0.9297300794317886, 0.9306445419366389, 0.9275785205568516, 0.9313231587461246, 0.9322522482618396, 0.9323617154953566, 0.9249685209711631, 0.9294637382551196, 0.9363462451652098, 0.9545383407227909, 0.9337388358591964, 0.9356754692607769, 0.9435477830860397, 0.9648926673474012, 0.9360134479774388, 0.9321036115936665, 0.9371800283428725, 0.9332220405880305, 0.9370476952201818, 0.9412843435891519, 0.9456465646562243, 0.945712696032717, 0.9441666477056385, 0.953832451543703, 0.974610631520002, 0.9397957887658407, 0.944827619047547, 0.9647316427874117, 0.9356622043223137, 0.9441710647005528, 0.9433252253952026, 0.9530275762123668, 0.9744823964844974, 0.9458209388831953, 0.9798739420699967, 0.9507504848231387, 0.9623719800703683, 0.9559275416583736, 0.9649372053968374, 0.9537875968505303, 0.9659483476153933, 0.9727700765644527, 0.9574300877438902, 0.9681382700995697, 0.963029027243374, 0.9595994282397516, 0.9674332027209569, 0.9637809503196609, 0.9789698762770349, 0.9653905200559367, 0.9872162350673375, 0.9683901795162168, 0.9839719143497538, 0.962312803229121, 0.9733460588845205, 0.9873287029480924, 0.9619291562114436, 0.9737993092192879, 0.972368914537148, 0.9670198238125967, 0.9574636722585342, 0.9658194284632693, 0.9743305951506956, 0.9643232530530883, 0.974205092794526, 0.9907684437848155, 0.9641552990476271, 0.9731797008608786, 0.9900526239677743, 0.9641493086124633, 0.967439411951507, 0.9749760192106244, 0.9707093873353044, 0.9920199030631769, 0.967504153310248, 0.9771034768996095, 0.9934805244612317, 0.9655714534176484, 0.978043963162307, 0.9737806081651563, 0.994700526547172, 0.9658371609735005, 0.9785984188314962, 0.9956563322916868, 0.9664268668291492, 0.9795021874617641, 0.976336496846486, 0.9964506232080403, 0.9784495529008557, 0.997073664476778, 0.9795504012007891, 0.9782414547699844, 0.9976043993486935, 0.979718464509526, 0.9980205665416919, 0.969892990669179, 0.9803927125964597, 0.9797084059058742, 0.9983653972542362, 0.9807803668431082, 0.9706878618133598, 0.9778654803830552, 0.9986176833065251, 0.9665346679195855, 0.9791265926279328, 0.9988643116897032, 0.980196242769119, 0.9990656242068341, 0.9670888133102861, 0.9788895399763313, 0.9992308652432637, 0.9813359306073883, 0.9993668241597365, 0.982053585180156, 0.9814048011177368, 0.9994762211841995, 0.9675457355262126, 0.9807057054622081, 0.9995651897898795, 0.9817355349681409, 0.9996420509046546, 0.9704137033361367, 0.9823949521526225, 0.9997037658230898, 0.9681157405664447, 0.9803245023859901, 0.9997551216191141, 0.9684226120062027, 0.9812257554054091, 0.9823829259200163, 0.9997975448796693, 0.9680018755130391, 0.9817002771444944, 0.9829117564839177, 0.9998313569802472, 0.983039878679134, 0.9833408233067694, 0.9998593266491993, 0.9699123742165621, 0.9813154440914719, 0.9998827608593628, 0.9699148571546162, 0.9820379482778214, 0.983710921468651, 0.9999027003624908, 0.9824688279049786, 0.9840063587683262, 0.9999188797585107, 0.9819570496339535, 0.9999325697297782, 0.9678142192917822, 0.9816244695188299, 0.984280523952208, 0.9999440836555528, 0.9825862508342165, 0.9844872917432993, 0.9999533734226385, 0.9689257288568469, 0.9812325729270458, 0.9999611670613804, 0.9691730681761528, 0.9819781041912211, 0.984672941577778, 0.9999678065302985, 0.9676343041948966, 0.9820556990716454, 0.9999732459838973, 0.967867542322381, 0.9809383200950724, 0.9815797476335751, 0.9848131583154391, 0.9999774855180313, 0.0],"final_Tsas" => Dict{Int64,Any}(1 => [0.14285714285714285 0.14285714285714285; 0.7987707879148351 0.0035049506510951914; 0.999378953514899 0.056538846900123514; 0.06805467267803018 0.015444360437160616; 0.0324200693131968 0.002911862778214968; 0.015444360437160616 0.0024191338718290876; 0.0073574262599073945 0.006112444311588641]

[0.14285714285714285 0.14285714285714285; 0.022376488461569245 0.0035049506510951914; 0.0001035077475168318 0.056538846900123514; 0.06805467267803018 0.45732710472086974; 0.0324200693131968 0.683830834136145; 0.015444360437160616 0.3932021334059498; 0.0073574262599073945 0.03801592833028114]

[0.14285714285714285 0.14285714285714285; 0.022376488461569245 0.9684803780035194; 0.0001035077475168318 0.056538846900123514; 0.06805467267803018 0.2962367640142854; 0.0324200693131968 0.3016098519727801; 0.015444360437160616 0.5764083476089015; 0.0073574262599073945 0.032617401686774156]

[0.14285714285714285 0.14285714285714285; 0.022376488461569245 0.0035049506510951914; 0.0001035077475168318 0.5201860786858874; 0.06805467267803018 0.015444360437160616; 0.0324200693131968 0.002911862778214968; 0.015444360437160616 0.02071298349783229; 0.5233257845490489 0.006112444311588641]

[0.14285714285714285 0.14285714285714285; 0.022376488461569245 0.0035049506510951914; 0.0001035077475168318 0.19711968681349504; 0.06805467267803018 0.18465868951620235; 0.0324200693131968 0.002911862778214968; 0.9073338373770362 0.0024191338718290876; 0.22117954852128272 0.8022861734955685]

[0.14285714285714285 0.14285714285714285; 0.08934676977731865 0.0035049506510951914; 0.0001035077475168318 0.056538846900123514; 0.5916719639318189 0.015444360437160616; 0.0324200693131968 0.002911862778214968; 0.015444360437160616 0.0024191338718290876; 0.22606496189003875 0.10874316355261023]

[0.14285714285714285 0.14285714285714285; 0.022376488461569245 0.013994868741004581; 0.0001035077475168318 0.056538846900123514; 0.06805467267803018 0.015444360437160616; 0.8054795841208191 0.002911862778214968; 0.015444360437160616 0.0024191338718290876; 0.0073574262599073945 0.006112444311588641]),"final_Reward" => Dict{Int64,Any}(1 => [1.0, 0.0, 0.0, 0.0, 0.0, 0.0, 0.0]),"final_Qsa" => [0.0 0.0; 0.99383727746001 0.9849283585530132; 0.9999812819845026 0.9686189411586847; 0.9711467333023702 0.9784982022271351; 0.9588577028298314 0.9811830478193069; 0.9677847405758538 0.9825917850513034; 0.9663181044810493 0.9683488133602727])