DateTime of fitting: 2021-01-04T20:13:26.87
DATA_STATS
nr_subjects: 1
all_subject_ids: [9]
nr_puzzles: 1
nr_episodes: 49
nr_actions: 187
max_state_id: 7
max_action_id: 2
SUBJECT_SIGNALS
subject_id: 9
algorithm_name: Actor-Critic (TD-Lambda, ReplTrc) modulated Actor
param_string: alpha(actor)=0.835,
                surpriseprobability=0.058,
                stochasticity=2.7535,
                eta(critic)=0.0011,
                gamma=0.9381,
                lambda_actor=0.7249,
                lambda_critic=0.2747,
                temp=0.4532,
                nparticles=15,
                init_policy=nothing,
                init_Vs=nothing,
                use_replacing_trace=true
param_vector: [0.8349634440386092, 0.05799989858105077, 2.7535387270645493, 0.0011136876620247633, 0.938061354268144, 0.7249281700484834, 0.27465801705837306, 0.45319856946045517, 15.0]
LL: -93.415
RPE
[0.0, 0.0, 0.0, 0.0, 1.0, 0.0, -0.0, 0.0, 0.0, 0.001, 0.999, -0.0, 0.0, -0.0, 0.0, -0.0, 0.0, 0.0, -0.001, -0.0, 0.0, 0.0, 0.002, 0.998, 0.0, 0.001, 0.002, 0.997, -0.0, 0.0, -0.0, 0.0, -0.0, -0.0, 0.004, -0.004, 0.001, 0.003, -0.004, -0.0, 0.004, 0.996, -0.0, 1.0, 0.0, 0.005, 0.994, 0.006, 0.993, 0.0, 0.007, -0.007, 0.999, 0.0, 0.002, 0.998, 0.0, 0.006, -0.005, -0.003, 0.007, -0.005, 0.997, 0.008, 0.992, 0.004, 0.995, 0.0, 0.004, 0.994, 0.0, 0.008, -0.009, 0.0, -0.0, 0.0, 0.005, -0.005, 0.007, 0.991, 0.0, 0.006, 0.993, 0.001, -0.001, 0.009, -0.003, 0.992, 0.0, 0.007, 0.991, 0.0, 0.009, -0.001, 0.99, 0.0, 0.009, 0.989, 0.0, 0.009, 0.001, 0.988, 0.011, 0.986, 0.009, 0.002, 0.985, 0.013, 0.984, 0.001, 0.009, 0.004, 0.983, -0.0, 0.0, 0.015, 0.982, 0.001, 0.015, 0.981, 0.016, 0.98, 0.001, 0.018, 0.979, 0.018, 0.978, 0.008, 0.01, 0.977, -0.002, 0.021, 0.976, 0.021, 0.974, 0.002, 0.021, 0.973, 0.001, 0.024, 0.972, 0.001, 0.009, 0.015, 0.971, 0.001, 0.01, 0.015, 0.97, 0.008, 0.016, 0.969, 0.001, 0.028, 0.968, 0.001, 0.01, 0.018, 0.967, 0.008, 0.019, 0.966, 0.029, 0.965, 0.001, 0.01, 0.02, 0.964, 0.009, 0.021, 0.963, 0.001, 0.033, 0.962, 0.001, 0.01, 0.023, 0.96, 0.003, 0.034, 0.959, 0.001, 0.0, 0.01, 0.024, 0.958, 0.001]
SPE
[0.857, 0.857, 0.857, 0.857, 0.857, 0.815, 0.857, 0.857, 0.857, 0.815, 0.818, 0.857, 0.821, 0.823, 0.786, 0.783, 0.752, 0.779, 0.815, 0.821, 0.718, 0.744, 0.787, 0.786, 0.815, 0.823, 0.754, 0.752, 0.75, 0.687, 0.716, 0.66, 0.886, 0.786, 0.857, 0.857, 0.788, 0.722, 0.88, 0.749, 0.815, 0.73, 0.89, 0.857, 0.716, 0.777, 0.703, 0.894, 0.675, 0.69, 0.746, 0.815, 0.815, 0.664, 0.881, 0.779, 0.711, 0.69, 0.777, 0.875, 0.724, 0.744, 0.744, 0.871, 0.649, 0.787, 0.711, 0.682, 0.89, 0.684, 0.638, 0.695, 0.881, 0.72, 0.636, 0.692, 0.861, 0.762, 0.675, 0.626, 0.891, 0.753, 0.656, 0.666, 0.779, 0.845, 0.724, 0.633, 0.668, 0.833, 0.609, 0.614, 0.69, 0.695, 0.588, 0.591, 0.81, 0.569, 0.571, 0.678, 0.668, 0.55, 0.731, 0.532, 0.823, 0.645, 0.515, 0.716, 0.501, 0.645, 0.656, 0.624, 0.486, 0.902, 0.744, 0.698, 0.472, 0.867, 0.675, 0.459, 0.654, 0.446, 0.653, 0.863, 0.434, 0.634, 0.423, 0.831, 0.602, 0.413, 0.552, 0.796, 0.403, 0.626, 0.393, 0.879, 0.608, 0.384, 0.63, 0.833, 0.375, 0.609, 0.673, 0.583, 0.367, 0.911, 0.647, 0.564, 0.359, 0.817, 0.547, 0.351, 0.633, 0.778, 0.344, 0.615, 0.636, 0.53, 0.337, 0.795, 0.514, 0.33, 0.612, 0.324, 0.884, 0.62, 0.5, 0.318, 0.779, 0.486, 0.312, 0.597, 0.772, 0.306, 0.579, 0.614, 0.473, 0.301, 0.864, 0.607, 0.295, 0.623, 0.907, 0.598, 0.46, 0.29, 0.923]
action_selection_prob
[0.5, 0.5, 0.5, 0.5, 0.5, 0.554, 0.357, 0.5, 0.5, 0.643, 0.704, 0.431, 0.568, 0.418, 0.568, 0.418, 0.568, 0.582, 0.315, 0.431, 0.568, 0.582, 0.685, 0.8, 0.515, 0.6, 0.727, 0.851, 0.349, 0.626, 0.349, 0.626, 0.348, 0.418, 0.374, 0.119, 0.676, 0.787, 0.882, 0.418, 0.375, 0.882, 0.357, 0.306, 0.537, 0.558, 0.887, 0.542, 0.906, 0.63, 0.684, 0.081, 0.595, 0.677, 0.737, 0.749, 0.325, 0.801, 0.207, 0.177, 0.794, 0.206, 0.823, 0.268, 0.598, 0.473, 0.801, 0.353, 0.809, 0.852, 0.37, 0.82, 0.247, 0.518, 0.18, 0.518, 0.82, 0.118, 0.842, 0.755, 0.436, 0.622, 0.783, 0.553, 0.134, 0.723, 0.187, 0.842, 0.405, 0.803, 0.876, 0.233, 0.838, 0.38, 0.898, 0.32, 0.856, 0.914, 0.454, 0.876, 0.565, 0.925, 0.468, 0.934, 0.629, 0.688, 0.941, 0.699, 0.946, 0.528, 0.887, 0.763, 0.951, 0.771, 0.201, 0.771, 0.955, 0.405, 0.817, 0.958, 0.848, 0.961, 0.529, 0.669, 0.964, 0.871, 0.966, 0.888, 0.811, 0.968, 0.103, 0.896, 0.969, 0.804, 0.971, 0.374, 0.839, 0.972, 0.496, 0.753, 0.974, 0.601, 0.806, 0.844, 0.975, 0.655, 0.908, 0.868, 0.976, 0.864, 0.885, 0.977, 0.301, 0.914, 0.978, 0.438, 0.922, 0.899, 0.979, 0.877, 0.91, 0.979, 0.888, 0.98, 0.481, 0.927, 0.918, 0.981, 0.901, 0.926, 0.981, 0.444, 0.931, 0.982, 0.562, 0.936, 0.932, 0.983, 0.377, 0.908, 0.983, 0.507, 0.83, 0.939, 0.937, 0.984, 0.444]
results_dict
Dict{String,Any}("Surprise" => [1.0000000000000002, 1.0000000000000002, 1.0000000000000002, 1.0000000000000002, 1.0000000000000002, 0.7716440619188217, 1.0000000000000002, 1.0000000000000002, 1.0000000000000002, 0.7716440619188217, 0.7835729645437169, 1.0000000000000002, 0.7958764778792015, 0.8085725296204515, 0.6673619086822546, 0.6578066090539442, 0.5751555307056813, 0.6467576969458204, 0.7716440619188217, 0.7958764778792016, 0.5066235876936749, 0.5573042520397617, 0.6699937287994187, 0.6686946360901818, 0.7716440619188217, 0.8085725296204515, 0.5818642381599234, 0.5758991876220183, 0.5718357614951892, 0.4571328911298401, 0.5027611160196799, 0.4196466650125495, 1.2493316498850413, 0.6673619086822544, 1.0000000000000002, 1.0000000000000002, 0.674388226081772, 0.5131573725055656, 1.193299625277275, 0.5694367385560668, 0.7716440619188217, 0.529635215331468, 1.300361671078189, 1.0000000000000002, 0.5028469345227534, 0.6393664146406697, 0.4802715080082898, 1.3513576464307915, 0.43944565678290165, 0.46092531991253, 0.5632056571321546, 0.7716440619188217, 0.7716440619188217, 0.42508041287202725, 1.201162945981089, 0.6467576969458205, 0.49501006719080765, 0.46014808735533286, 0.6393664146406697, 1.1413582542782987, 0.5177766941542441, 0.5580918567777098, 0.5573042520397619, 1.103762581185439, 0.4075392412907196, 0.6694192134206143, 0.4950100671908072, 0.4490775699819794, 1.292960286325259, 0.45191338629325256, 0.3944277041579676, 0.4681648324440799, 1.2043635764863114, 0.5098899126814275, 0.3923516650841682, 0.4645137810455872, 1.0276008619424422, 0.6004546105117526, 0.43994244960683465, 0.38189614739599875, 1.3091038163511983, 0.5778995251830897, 0.41583066883107794, 0.4279078121133313, 0.6467576969458204, 0.9238813539729408, 0.5169844832745848, 0.38916728084190316, 0.42966920780538964, 0.8533341936935569, 0.3656890809232297, 0.3698458254324956, 0.4609798274660461, 0.46805910060685935, 0.3463252191610885, 0.3496823226147708, 0.7529275841236146, 0.3311669900867866, 0.332837109503251, 0.44336602520769214, 0.4305026520357895, 0.317149837614576, 0.5317149690185782, 0.3050862388878032, 0.8074600456847905, 0.40263255978346335, 0.29459263246731676, 0.5023865169090278, 0.286028245557609, 0.40188849366704393, 0.41489767653384557, 0.3796159655299251, 0.2777927820353112, 1.4533405386433207, 0.5573042520397617, 0.4735010427863961, 0.2704573439746456, 1.072772809200693, 0.4389581962271763, 0.2638815204516604, 0.4126404559296567, 0.2579527455409812, 0.4114776212211237, 1.0456767067487636, 0.2525797062971041, 0.39048049595681605, 0.24768754221980094, 0.8443565136829789, 0.3589894297436464, 0.24321429196024727, 0.3185488045838641, 0.6994291775725706, 0.23910822435402806, 0.38222452300703125, 0.23532580687902066, 1.1759785162298253, 0.36426523879536743, 0.2318301404887012, 0.3862290808083805, 0.8579426680800737, 0.22858974035176216, 0.3653169045051424, 0.4374483085987078, 0.34282447005009625, 0.22557757636640785, 1.6061463167193086, 0.40415043499164777, 0.32791347793192427, 0.22277031101298003, 0.7793671510337447, 0.31508470316160486, 0.22014768870737472, 0.3893828592449202, 0.6421174369756107, 0.21769204260733233, 0.3711002976403454, 0.39274129215036513, 0.30392849212556367, 0.21548691594842617, 0.6967713049224943, 0.2941364197776829, 0.2133122341568186, 0.36844506851512115, 0.21126435532352456, 1.2364076638664434, 0.3755915446092014, 0.28547175277777376, 0.2093324735313978, 0.6475467664901913, 0.27774970769865676, 0.20750697988283137, 0.35418020867563016, 0.6272589865445042, 0.20587933445292997, 0.33933133977155133, 0.3697897431151057, 0.2708239063041983, 0.20423465124771184, 1.0500693125769045, 0.36307659710909135, 0.20267391368408272, 0.3787541138352325, 1.5424507112124561, 0.35503156272024966, 0.26457686724708634, 0.2011908336439156, 1.8473072689519057],"trialByTrial_Vs" => [0.0, 0.0, 0.0, 0.0, 0.0, 7.392825545375811e-5, 0.0002869372509345298, 0.0, 0.0, 0.0002866375691773678, 0.0011136876620247633, 1.915930197119748e-5, 1.9047324586249516e-5, 7.533517810667441e-5, 1.908834090441666e-5, 7.528602039649735e-5, 1.9129269858719083e-5, 7.523693521587106e-5, 0.0005740995146048188, 1.9169300355826716e-5, 1.927835659703946e-5, 7.559424318537846e-5, 0.0005734924860949076, 0.00222613502384098, 2.414248523898373e-5, 7.436287254037265e-5, 0.0008614779440953632, 0.0033373434667556905, 0.00015030749931426086, 3.858543628995665e-5, 0.00015020976586996586, 3.866667447492859e-5, 0.00015011221073050584, 4.3555339296594597e-5, 3.874852261937913e-5, 0.004447314370537589, 0.00014951268443995374, 0.0011499847167834613, 0.004443007370328137, 4.444178542280389e-5, 4.222022380382328e-5, 0.004438408952395032, 0.00015022456007813151, 0.00015236696714247252, 0.00011921899722350056, 0.00033247342993794507, 0.005547153613130493, 0.000437109966906341, 0.006654663478616957, 0.0001943494251821309, 0.000623243876494449, 0.007760939924030657, 0.0012658849399558292, 0.00021523147590162334, 0.0007026061881311827, 0.0023781628015414205, 0.0007286031189102782, 0.0011570463251008621, 0.008040193161690625, 0.003489201932995821, 0.0009905630558998348, 0.008034633466897796, 0.003487877100349988, 0.000289916748841321, 0.008315266022490757, 0.0005828321830810758, 0.0045976803566814325, 0.0007307821406698152, 0.001163961560586486, 0.0057062476388190266, 0.0008726043257333813, 0.0010701570886359354, 0.00941969307533982, 0.0008058926161088283, 0.0010763352113356182, 0.0008060276813170339, 0.0010760370052656744, 0.006813580323251979, 0.0014539265457674028, 0.009410104669947851, 0.0008123781648836262, 0.0008743479258029875, 0.006882859315604349, 0.000887408024817356, 0.0017463752701459153, 0.0011655270512702094, 0.010513312414503331, 0.007988881622129872, 0.0008935104785607696, 0.001099806293829708, 0.009093672165258693, 0.0012476836686979892, 0.0013924096169805615, 0.010794594854784735, 0.01019723231679051, 0.0012690170288888393, 0.0014749578561586048, 0.011299563446997262, 0.0013448557618193217, 0.0017688149361124678, 0.011077237456421807, 0.01240066692462484, 0.0013665321504770583, 0.01350054411689477, 0.0016621778201560962, 0.011361234979355992, 0.014599196389505926, 0.0017457144287796088, 0.01569662510663622, 0.000969052459391566, 0.0018515883462851708, 0.011646582197657468, 0.016792831630944294, 0.002042601932357005, 0.0017668153179621782, 0.0020422156325713026, 0.017887817323571215, 0.0009915421899306667, 0.0023404333463737373, 0.018981583544142165, 0.002639147762132107, 0.020074131650768125, 0.0010698455852649995, 0.0018438157330065233, 0.02116546300004757, 0.002938357403625239, 0.022255578947068137, 0.00323888685458022, 0.011933273899490941, 0.023344480845408334, 0.003322808374446135, 0.001935558515980922, 0.02443217004713919, 0.003399272818732285, 0.025518647902825965, 0.0011481118260539488, 0.0037017616099832007, 0.026603915761529796, 0.0012287605829717056, 0.002144738104239424, 0.0276879749708094, 0.0013083513044134382, 0.0024502679065247003, 0.012224610960229958, 0.02877082687672272, 0.001331632191892647, 0.0022388541273521746, 0.012519735485283763, 0.02985247282382863, 0.004004735906739224, 0.012815350972758746, 0.030932914155188562, 0.0013548389766318814, 0.002325604371901466, 0.03201215221236822, 0.0014352705783628947, 0.0026342094779006637, 0.013111455963054316, 0.03309018833543921, 0.004089954460691354, 0.013408865902758768, 0.03416702386298072, 0.004176159271892557, 0.035242660132081174, 0.0014589399194950502, 0.0027215999283773484, 0.013706760614454158, 0.03631709847833991, 0.004485151420058991, 0.014005952826752741, 0.037390340235868805, 0.0014829276671951797, 0.002809974167868334, 0.03846238673729397, 0.0015648429802364234, 0.0031229276320985915, 0.014305625102895781, 0.039533239313757386, 0.0015892955973844224, 0.0045719978688810985, 0.040602899294918546, 0.0016728455648202052, 0.002536347888855104, 0.00321193662753458, 0.014606587462582634, 0.04167136800895613, 0.0016797138655779832, 0.0, 0.0, 0.0, 0.0, 0.0, 0.0, 0.0, 0.0, 0.0, 0.0, 0.0, 0.0, 0.0, 0.0, 0.0, 0.0, 0.0, 0.0, 0.0, 0.0, 0.0, 0.0, 0.0, 0.0, 0.0, 0.0, 0.0, 0.0, 0.0, 0.0, 0.0, 0.0, 0.0, 0.0, 0.0, 0.0, 0.0, 0.0, 0.0, 0.0, 0.0, 0.0, 0.0, 0.0, 0.0, 0.0, 0.0, 0.0],"final_V" => Dict{Int64,Any}(1 => [0.0, 0.014908834854209782, 0.042738646782569625, 0.002559952312131146, 0.003301491995772823, 0.004884611005482036, 0.0016805175899828545]),"nparticles" => 15,"trial_by_trial_p_sa_max" => [0.5, 0.5, 0.5, 0.5, 0.5, 0.5537197019699964, 0.3566146244891914, 0.5, 0.5, 0.6434270318920703, 0.7042754087986883, 0.43131037274710643, 0.5677995026137378, 0.41827895745280846, 0.5678018511718941, 0.41827347122243835, 0.567804200185845, 0.5817320871148678, 0.3154798701160723, 0.43131713680488976, 0.5678250763895055, 0.5817387649238623, 0.6846203059251883, 0.8000976538177946, 0.5152546682297382, 0.6002750809463798, 0.726798407444329, 0.8506656737164229, 0.34855614023493253, 0.625684830345653, 0.34854453835719135, 0.6256887644603072, 0.3485328768973404, 0.41757762891619926, 0.3743068170326413, 0.11871704405963651, 0.6761237902297456, 0.7873442967264055, 0.881638827533487, 0.417858020246713, 0.3746552399477742, 0.8817085241419634, 0.3569703483616102, 0.3056018794618785, 0.5372962366542253, 0.558096272681468, 0.8873565644293633, 0.5424542373954, 0.9058901122841797, 0.6302059056589758, 0.6839544675010404, 0.08075505540073963, 0.5948785753855491, 0.6766961176657537, 0.7369133010117929, 0.7494692804894234, 0.3253789888607422, 0.800640658476467, 0.2067262523902253, 0.17673799169271628, 0.7936224942475799, 0.20594136965176793, 0.8233077226414229, 0.26820925176186106, 0.5981682244826387, 0.47319815735850207, 0.8010740708753291, 0.35256536290926815, 0.808897409785966, 0.8515771664315651, 0.36965422527581937, 0.8201728476482985, 0.247122471398623, 0.5176472205830129, 0.1797218769746564, 0.5176438893720696, 0.820315079794592, 0.11799688406600692, 0.8423517676763935, 0.7546792534586676, 0.4359601537153523, 0.6216120294440914, 0.7832834517898039, 0.5526947348379964, 0.13365008852903454, 0.7229607709659726, 0.18681065387675838, 0.8417774919471103, 0.4049399196928558, 0.8029440297178754, 0.8758718856654678, 0.23307286878478153, 0.8384312071093979, 0.38030479869492495, 0.8980285698341232, 0.3201743189937168, 0.8559788545665747, 0.91353352059435, 0.45407898652785056, 0.8764705191910172, 0.565324539921337, 0.9249719974267547, 0.4679243451042367, 0.9337507518806598, 0.6289527175873499, 0.6879939586674275, 0.9406967072146182, 0.6985909248249, 0.9463273084364581, 0.5279174436195392, 0.8872904743577973, 0.7632151354833948, 0.9509823564598912, 0.770801347534944, 0.2014842307305342, 0.7707822717780545, 0.9548945063153492, 0.4052408123064091, 0.8170058457352064, 0.9582279073889823, 0.8484604491788765, 0.9611017712392037, 0.5294489363565061, 0.6693658426819051, 0.9636047384912213, 0.8710317956568614, 0.965804072798912, 0.8879404128655041, 0.8113643936639788, 0.967751729269649, 0.10296881705944232, 0.8964678969439807, 0.9694884691712256, 0.8037312009708739, 0.9710467166437231, 0.37405379802878996, 0.8393265009643687, 0.9724525839522484, 0.4960678040197198, 0.7530374017201334, 0.9737273343049041, 0.6013090083711518, 0.8056256132313973, 0.8441833479972946, 0.9748884562511292, 0.6552499566016582, 0.907804092923177, 0.8677067203201443, 0.9759504647929202, 0.864427029577194, 0.8852528476049035, 0.9769255069501466, 0.3010602749410877, 0.9141667618935653, 0.9778238252502188, 0.4380468570561484, 0.9221933012678014, 0.898798313472118, 0.978654116541069, 0.8773525935223124, 0.9095542416056711, 0.979423808141152, 0.8881373987420373, 0.9801392941888744, 0.4805837426957527, 0.9268205148070676, 0.9182849543629069, 0.980806096514863, 0.9012452009784536, 0.925509628561528, 0.9814290124129772, 0.4440155959367121, 0.9309468528591259, 0.9820122296027627, 0.5617699044364793, 0.9362870596872399, 0.9315795117970592, 0.982559416712496, 0.376566544572739, 0.9084767338345927, 0.9830738107002104, 0.5069166583307012, 0.8302114738175105, 0.9394591143988751, 0.9367506354399635, 0.9835582693058442, 0.4443191089738949],"final_Tsas" => Dict{Tuple{Int64,Int64},Float64}[Dict((1, 6) => 0.0890404131441604,(2, 3) => 0.11463814136925168,(2, 6) => 0.06779557353983252,(2, 2) => 0.07044337395141975,(2, 1) => 1.0,(2, 5) => 0.0692348990141041,(1, 7) => 0.07935001746373604,(1, 4) => 0.11856759679391973,(1, 3) => 0.7150732325297002,(2, 4) => 0.09006414749079,(1, 1) => 1.0,(1, 2) => 0.39591832351319634,(2, 7) => 0.07525814905759187,(1, 5) => 0.1020010398610096), Dict((1, 6) => 0.0890404131441604,(2, 3) => 0.11463814136925168,(2, 6) => 0.23460523313665968,(2, 2) => 0.07044337395141975,(2, 1) => 0.0,(2, 5) => 0.4176281975996269,(1, 7) => 0.07935001746373604,(1, 4) => 0.11856759679391973,(1, 3) => 0.04748779457838326,(2, 4) => 0.3386026116906699,(1, 1) => 0.0,(1, 2) => 0.09493409231232049,(2, 7) => 0.09418892835678,(1, 5) => 0.1020010398610096), Dict((1, 6) => 0.0890404131441604,(2, 3) => 0.11463814136925168,(2, 6) => 0.40860281597942383,(2, 2) => 0.5517569042113453,(2, 1) => 0.0,(2, 5) => 0.2361973073298523,(1, 7) => 0.07935001746373604,(1, 4) => 0.11856759679391973,(1, 3) => 0.04748779457838326,(2, 4) => 0.1828044916342081,(1, 1) => 0.0,(1, 2) => 0.09493409231232049,(2, 7) => 0.10258957836268172,(1, 5) => 0.1020010398610096), Dict((1, 6) => 0.0890404131441604,(2, 3) => 0.27053812870677835,(2, 6) => 0.08560965672458586,(2, 2) => 0.07044337395141975,(2, 1) => 0.0,(2, 5) => 0.0692348990141041,(1, 7) => 0.3952941211637207,(1, 4) => 0.11856759679391973,(1, 3) => 0.04748779457838326,(2, 4) => 0.09006414749079,(1, 1) => 0.0,(1, 2) => 0.09493409231232049,(2, 7) => 0.10258957836268172,(1, 5) => 0.1020010398610096), Dict((1, 6) => 0.4657575211350374,(2, 3) => 0.15627116444696348,(2, 6) => 0.06779557353983252,(2, 2) => 0.07044337395141975,(2, 1) => 0.0,(2, 5) => 0.0692348990141041,(1, 7) => 0.13126451400902164,(1, 4) => 0.11856759679391973,(1, 3) => 0.04748779457838326,(2, 4) => 0.11833630671196255,(1, 1) => 0.0,(1, 2) => 0.09493409231232049,(2, 7) => 0.42568621871497914,(1, 5) => 0.1020010398610096), Dict((1, 6) => 0.0890404131441604,(2, 3) => 0.11463814136925168,(2, 6) => 0.06779557353983252,(2, 2) => 0.07044337395141975,(2, 1) => 0.0,(2, 5) => 0.0692348990141041,(1, 7) => 0.15604129497231317,(1, 4) => 0.28859441923648155,(1, 3) => 0.04748779457838326,(2, 4) => 0.09006414749079,(1, 1) => 0.0,(1, 2) => 0.1294112149252014,(2, 7) => 0.1244293980876938,(1, 5) => 0.1020010398610096), Dict((1, 6) => 0.0890404131441604,(2, 3) => 0.11463814136925168,(2, 6) => 0.06779557353983252,(2, 2) => 0.09602622603155625,(2, 1) => 0.0,(2, 5) => 0.0692348990141041,(1, 7) => 0.07935001746373604,(1, 4) => 0.11856759679391973,(1, 3) => 0.04748779457838326,(2, 4) => 0.09006414749079,(1, 1) => 0.0,(1, 2) => 0.09493409231232049,(2, 7) => 0.07525814905759187,(1, 5) => 0.3879937608339422)],"gamma_surprise" => [0.05799989858105079, 0.05799989858105079, 0.05799989858105079, 0.05799989858105079, 0.05799989858105079, 0.045356000378346466, 0.05799989858105079, 0.05799989858105079, 0.05799989858105079, 0.045356000378346466, 0.04602489124882206, 0.05799989858105079, 0.046713806461956345, 0.0474236588738625, 0.039468385619603516, 0.03892527359943277, 0.03420172496983882, 0.038296500205407126, 0.045356000378346466, 0.04671380646195635, 0.030249736568452004, 0.033175412215214806, 0.03961786738630661, 0.039544087507746135, 0.045356000378346466, 0.0474236588738625, 0.03458686154930204, 0.034244432312738715, 0.03401102844843575, 0.02737561647912412, 0.030026038839941958, 0.025187278759288702, 0.07142817117512297, 0.0394683856196035, 0.05799989858105079, 0.05799989858105079, 0.03986736177908857, 0.03062791044822837, 0.0684439080416155, 0.0338731752033048, 0.045356000378346466, 0.031580335371177076, 0.07412944003524431, 0.05799989858105079, 0.030031010199159842, 0.03787541635747502, 0.02872148493706864, 0.0768132516251701, 0.026344312311336316, 0.02759646037644139, 0.033514939393104314, 0.045356000378346466, 0.045356000378346466, 0.02550509532283893, 0.06886386469334695, 0.03829650020540713, 0.029576819965854373, 0.02755120808858475, 0.03787541635747502, 0.06566032942066946, 0.03089509773513155, 0.033220739490816824, 0.03317541221521481, 0.0636351475007681, 0.024478376901390292, 0.03958524010851834, 0.029576819965854345, 0.02690619927445965, 0.07373862335090656, 0.027071505804388836, 0.023709519412594762, 0.028017759416630088, 0.06903469247570794, 0.030438827542656335, 0.023587669809850522, 0.027805334334348782, 0.05950548658327261, 0.03565250307469215, 0.02637330907138812, 0.022973538262783543, 0.07459062853795961, 0.03435929060678087, 0.024963959554341157, 0.02567038620484525, 0.038296500205407126, 0.053822645013965824, 0.03084928574086988, 0.023400708642664143, 0.025773329752693173, 0.0499179286361038, 0.022020046430767732, 0.022264772836607143, 0.027599633774993367, 0.02801160904340441, 0.02087839152762326, 0.02107651064942066, 0.044304616427551353, 0.01998283073907165, 0.020081583083325385, 0.02657308907961287, 0.025822032240567706, 0.019153226554246387, 0.0317004128425426, 0.018438117923177653, 0.04736150074210368, 0.024190792076582354, 0.0178152270931531, 0.030004338182353013, 0.017306266747181154, 0.02414716691468337, 0.024909343539646377, 0.02283950333028911, 0.0168163557771569, 0.08213399674254031, 0.033175412215214806, 0.02832806330274913, 0.016379573987996623, 0.061959195796872216, 0.026315858577436443, 0.015987692721363907, 0.024777183810811974, 0.015634104054907012, 0.02470908613298744, 0.06048889308122123, 0.015313439566993698, 0.02347781863762675, 0.015021292082017437, 0.049418709997953766, 0.021625349616940372, 0.014754009290035742, 0.019236087405473546, 0.041286573385704, 0.014508538442310679, 0.022992837993619807, 0.014282307938173769, 0.06751750135676493, 0.021936190213934507, 0.01407313595437953, 0.023228137891635168, 0.050173986810618354, 0.013879159166241873, 0.021998128741024456, 0.026227713833972613, 0.02067170974086511, 0.013698776581641656, 0.08999250860612454, 0.0242797741603382, 0.019790396939310798, 0.013530604872435938, 0.04578916514227859, 0.0190308829925525, 0.013373442544699328, 0.023413367914188504, 0.038032186103212885, 0.013226240970067915, 0.022338605248873614, 0.023610540630087055, 0.018369433917188264, 0.013094019129885726, 0.04113613584867352, 0.017788128794720266, 0.012963588089684282, 0.022182317606155584, 0.012840730796183666, 0.0707415379846721, 0.022602847802320195, 0.017273177505457548, 0.012724804412683269, 0.03834143198995815, 0.016813792088360285, 0.012615237037491156, 0.02134182730316083, 0.03718485478447328, 0.012517524136769334, 0.020465390774486267, 0.022261471831263292, 0.0164014098103705, 0.012418768756156707, 0.060727559884589465, 0.02186617495346568, 0.012325035643168223, 0.02278883190179413, 0.08673317808810167, 0.021392029909403285, 0.016029146154743382, 0.012235949914648091, 0.10212483819408509],"final_PolicyParameters" => Dict{Int64,Any}(1 => [0.0 0.0; 1.6932001891865833 2.9500551076344492; 2.776887669719231 0.9094254811209075; 0.7165590223482283 1.4806955245230267; 0.33719495799535426 1.603403602018448; 1.6604045042581972 2.75236700745143; 2.2415801849484196 2.1405203926091003]),"particlefilterseeds" => [1, 2, 3])
POPULATION_SIGNALS
subject_id: 9
algorithm_name: Actor-Critic (TD-Lambda, ReplTrc) modulated Actor
param_string: alpha(actor)=0.7972,
                surpriseprobability=0.0043,
                stochasticity=2.7816,
                eta(critic)=0.0,
                gamma=0.9966,
                lambda_actor=0.7939,
                lambda_critic=0.305,
                temp=0.392,
                nparticles=15,
                init_policy=nothing,
                init_Vs=nothing,
                use_replacing_trace=true
param_vector: [0.7972414808175023, 0.004336552046615557, 2.7816353998652787, 3.24411867293681e-5, 0.9966448663088217, 0.7939275473003868, 0.3049775441960644, 0.39196929107560724, 15.0]
LL: -94.774
RPE
[0.0, 0.0, 0.0, 0.0, 1.0, 0.0, -0.0, 0.0, 0.0, 0.0, 1.0, -0.0, 0.0, -0.0, 0.0, -0.0, 0.0, 0.0, -0.0, -0.0, 0.0, 0.0, 0.0, 1.0, 0.0, 0.0, 0.0, 1.0, -0.0, 0.0, -0.0, 0.0, -0.0, -0.0, 0.0, -0.0, 0.0, 0.0, -0.0, -0.0, 0.0, 1.0, -0.0, 1.0, 0.0, 0.0, 1.0, 0.0, 1.0, 0.0, 0.0, -0.0, 1.0, 0.0, 0.0, 1.0, 0.0, 0.0, -0.0, -0.0, 0.0, -0.0, 1.0, 0.0, 1.0, 0.0, 1.0, 0.0, 0.0, 1.0, 0.0, 0.0, -0.0, 0.0, -0.0, 0.0, 0.0, -0.0, 0.0, 1.0, 0.0, 0.0, 1.0, 0.0, -0.0, 0.0, -0.0, 1.0, 0.0, 0.0, 1.0, 0.0, 0.0, -0.0, 1.0, 0.0, 0.0, 1.0, 0.0, 0.0, 0.0, 1.0, 0.0, 1.0, 0.0, 0.0, 1.0, 0.0, 1.0, 0.0, 0.0, 0.0, 1.0, -0.0, 0.0, 0.0, 0.999, 0.0, 0.0, 0.999, 0.0, 0.999, 0.0, 0.001, 0.999, 0.001, 0.999, 0.0, 0.0, 0.999, -0.0, 0.001, 0.999, 0.001, 0.999, 0.0, 0.001, 0.999, 0.0, 0.001, 0.999, 0.0, 0.0, 0.0, 0.999, 0.0, 0.0, 0.001, 0.999, 0.0, 0.001, 0.999, 0.0, 0.001, 0.999, 0.0, 0.0, 0.001, 0.999, 0.0, 0.001, 0.999, 0.001, 0.999, 0.0, 0.0, 0.001, 0.999, 0.0, 0.001, 0.999, 0.0, 0.001, 0.999, 0.0, 0.0, 0.001, 0.999, 0.0, 0.001, 0.999, 0.0, 0.0, 0.0, 0.001, 0.999, 0.0]
SPE
[0.857, 0.857, 0.857, 0.857, 0.857, 0.815, 0.857, 0.857, 0.857, 0.815, 0.815, 0.857, 0.815, 0.815, 0.777, 0.777, 0.743, 0.777, 0.815, 0.815, 0.711, 0.743, 0.777, 0.777, 0.815, 0.815, 0.743, 0.743, 0.743, 0.682, 0.711, 0.655, 0.886, 0.777, 0.857, 0.857, 0.777, 0.711, 0.881, 0.743, 0.815, 0.723, 0.891, 0.857, 0.711, 0.777, 0.694, 0.895, 0.668, 0.682, 0.743, 0.815, 0.815, 0.655, 0.881, 0.777, 0.711, 0.682, 0.777, 0.876, 0.723, 0.743, 0.743, 0.87, 0.644, 0.787, 0.711, 0.682, 0.891, 0.682, 0.63, 0.694, 0.881, 0.717, 0.63, 0.692, 0.857, 0.756, 0.668, 0.621, 0.891, 0.753, 0.655, 0.668, 0.777, 0.848, 0.723, 0.63, 0.668, 0.826, 0.608, 0.608, 0.692, 0.694, 0.586, 0.586, 0.804, 0.566, 0.566, 0.679, 0.668, 0.548, 0.733, 0.53, 0.821, 0.644, 0.515, 0.716, 0.5, 0.646, 0.657, 0.621, 0.485, 0.902, 0.743, 0.701, 0.471, 0.862, 0.678, 0.458, 0.657, 0.446, 0.656, 0.862, 0.434, 0.637, 0.424, 0.829, 0.6, 0.414, 0.548, 0.791, 0.404, 0.629, 0.394, 0.88, 0.611, 0.385, 0.634, 0.832, 0.376, 0.613, 0.668, 0.581, 0.368, 0.912, 0.648, 0.562, 0.36, 0.815, 0.545, 0.352, 0.637, 0.774, 0.345, 0.618, 0.64, 0.529, 0.338, 0.793, 0.513, 0.331, 0.615, 0.325, 0.884, 0.622, 0.499, 0.319, 0.778, 0.485, 0.313, 0.6, 0.766, 0.307, 0.583, 0.616, 0.472, 0.301, 0.857, 0.61, 0.296, 0.629, 0.909, 0.6, 0.46, 0.291, 0.924]
action_selection_prob
[0.5, 0.5, 0.5, 0.5, 0.5, 0.559, 0.31, 0.5, 0.5, 0.69, 0.734, 0.377, 0.623, 0.374, 0.623, 0.374, 0.623, 0.626, 0.321, 0.377, 0.623, 0.626, 0.679, 0.825, 0.502, 0.654, 0.698, 0.871, 0.311, 0.707, 0.311, 0.707, 0.311, 0.376, 0.293, 0.103, 0.745, 0.79, 0.897, 0.376, 0.293, 0.897, 0.349, 0.225, 0.571, 0.549, 0.873, 0.603, 0.899, 0.697, 0.715, 0.084, 0.583, 0.757, 0.783, 0.765, 0.258, 0.816, 0.284, 0.16, 0.836, 0.284, 0.84, 0.191, 0.444, 0.464, 0.757, 0.335, 0.833, 0.836, 0.328, 0.863, 0.288, 0.46, 0.137, 0.46, 0.863, 0.123, 0.867, 0.712, 0.433, 0.634, 0.7, 0.611, 0.11, 0.757, 0.23, 0.811, 0.319, 0.807, 0.863, 0.191, 0.851, 0.507, 0.893, 0.347, 0.874, 0.912, 0.549, 0.894, 0.694, 0.925, 0.343, 0.935, 0.6, 0.788, 0.943, 0.714, 0.949, 0.527, 0.906, 0.839, 0.953, 0.798, 0.233, 0.798, 0.957, 0.358, 0.845, 0.961, 0.875, 0.964, 0.558, 0.554, 0.966, 0.895, 0.968, 0.91, 0.871, 0.97, 0.081, 0.916, 0.972, 0.779, 0.973, 0.311, 0.834, 0.975, 0.48, 0.718, 0.976, 0.641, 0.8, 0.893, 0.977, 0.72, 0.926, 0.908, 0.978, 0.868, 0.92, 0.979, 0.227, 0.932, 0.98, 0.44, 0.939, 0.929, 0.981, 0.886, 0.936, 0.981, 0.9, 0.982, 0.42, 0.943, 0.942, 0.983, 0.913, 0.947, 0.983, 0.435, 0.947, 0.984, 0.612, 0.951, 0.951, 0.984, 0.3, 0.922, 0.985, 0.511, 0.838, 0.954, 0.954, 0.985, 0.393]
results_dict
Dict{String,Any}("Surprise" => [1.0000000000000002, 1.0000000000000002, 1.0000000000000002, 1.0000000000000002, 1.0000000000000002, 0.773340693506996, 1.0000000000000002, 1.0000000000000002, 1.0000000000000002, 0.773340693506996, 0.773340693506996, 1.0000000000000002, 0.773340693506996, 0.773340693506996, 0.6414854812363958, 0.6414854812363958, 0.5552420044528426, 0.6414854812363958, 0.773340693506996, 0.773340693506996, 0.4944329462714055, 0.5552420044528426, 0.6414854812363958, 0.6414854812363958, 0.773340693506996, 0.773340693506996, 0.5552420044528426, 0.5552420044528426, 0.5552420044528426, 0.44925275144753235, 0.4944329462714055, 0.4143622561537865, 1.2567862467957907, 0.6414854812363958, 1.0000000000000002, 1.0000000000000002, 0.6414854812363958, 0.4944329462714055, 1.2054289974366323, 0.5552420044528426, 0.773340693506996, 0.5154982401767637, 1.308143496154949, 1.0000000000000002, 0.4944329462714055, 0.6414854812363958, 0.46761099306594756, 1.3595007455141068, 0.43062997126062574, 0.44925275144753235, 0.5552420044528426, 0.773340693506996, 0.773340693506996, 0.4143622561537865, 1.2054289974366323, 0.6414854812363958, 0.4944329462714055, 0.44925275144753235, 0.6414854812363958, 1.1504995636756816, 0.5154982401767637, 0.5552420044528426, 0.5552420044528426, 1.1027144987183164, 0.4012102662072718, 0.6692836333652711, 0.4944329462714055, 0.44925275144753235, 1.308143496154949, 0.44925275144753235, 0.38660563855379065, 0.46761099306594756, 1.2054289974366323, 0.5043274763027791, 0.38660563855379065, 0.4631654014743045, 1.0000000000000002, 0.5854945686697552, 0.4306299712606256, 0.3772479345415808, 1.308143496154949, 0.5781614219273961, 0.4143622561537865, 0.4306299712606256, 0.6414854812363958, 0.9403182941839123, 0.5154982401767637, 0.38660563855379065, 0.4304195215142343, 0.8207427406181977, 0.36399789059565696, 0.3639978905956569, 0.4631654014743042, 0.46761099306594767, 0.34522793716957806, 0.345227937169578, 0.7282034471656259, 0.3293950028085676, 0.3293950028085676, 0.4450241491677154, 0.43062997126062574, 0.31585975430291857, 0.5353264629620671, 0.30415586587881666, 0.7992241781338948, 0.4012102662072718, 0.29459516549354453, 0.5033993128403977, 0.2854972660972541, 0.40374802243342833, 0.41699806637935194, 0.3772479345415808, 0.27743056899559093, 1.4595293323089076, 0.5552420044528426, 0.4785542556667951, 0.27022887254961075, 1.037776551082167, 0.44420991126228776, 0.2637599226308374, 0.4162365453328679, 0.2579171547161678, 0.4158148938607531, 1.037776551082167, 0.2526137376149209, 0.39301189287774607, 0.2480971205130936, 0.8343216058969818, 0.35735334574051164, 0.24363899739278444, 0.3158597543029183, 0.6840205914196281, 0.23954390861442992, 0.38469340407918434, 0.23576917319094984, 1.188882755410837, 0.36713080989670527, 0.2322785581373388, 0.3904979784875043, 0.8506189505151657, 0.2290411035176669, 0.36947875431144556, 0.4304195215142343, 0.34057175276175783, 0.22603019568447663, 1.6162869923098981, 0.4058549800242466, 0.3262255156013591, 0.22322282955960537, 0.7734178120723982, 0.31382036774161076, 0.2205990164019212, 0.3937295714533129, 0.6328351676316881, 0.21814130462105202, 0.3741020026213296, 0.3964555025277105, 0.3029873190395781, 0.2158343892153992, 0.691345292652829, 0.29344533029015496, 0.21366479126690116, 0.3713835988281776, 0.21162059324516136, 1.2266593064930045, 0.3780543220935624, 0.2849765823911762, 0.20969121909400437, 0.6446781010464399, 0.27740964604573676, 0.2078672504969653, 0.35732279949668105, 0.6095748374358576, 0.20614027255808376, 0.3428138733299936, 0.371807378918376, 0.27060775628946765, 0.20450274354284004, 1.0000000000000004, 0.3659809077953617, 0.20294788441074477, 0.3852787525745201, 1.5649297429507407, 0.3572999954780524, 0.2644604723546743, 0.20146958471567644, 1.8730732391056906],"trialByTrial_Vs" => [0.0, 0.0, 0.0, 0.0, 0.0, 2.9971834568972844e-6, 9.860638325553667e-6, 0.0, 0.0, 9.860347888772887e-6, 3.24411867293681e-5, 9.111415122546492e-7, 9.110068108896351e-7, 3.0814865514235034e-6, 9.110554566587158e-7, 3.081437340788557e-6, 9.111040995332012e-7, 3.0813881323595303e-6, 1.9721395341681345e-5, 9.111580203016975e-7, 9.112812091094629e-7, 3.081742255373604e-6, 1.972080655944008e-5, 6.488132102813979e-5, 1.188156315462525e-6, 2.9976266201074994e-6, 2.9582263112459523e-5, 9.732040293045717e-5, 6.079712060032809e-6, 1.8225971106232998e-6, 6.0796155311640016e-6, 1.82269251440261e-6, 6.079519007981141e-6, 2.0995960496668798e-6, 1.8227897858229146e-6, 0.00012975843247046124, 5.996042328765247e-6, 3.944412870956832e-5, 0.00012975501470621737, 2.10051759962536e-6, 1.8258518285724326e-6, 0.00012975125255575295, 6.080388389440398e-6, 6.081817156144797e-6, 5.09856018869294e-6, 1.168934664069765e-5, 0.0001621882300005085, 1.5940966128773154e-5, 0.00019462415515122185, 8.096948727583797e-6, 2.1553250395852444e-5, 0.00022705902804203066, 3.8522806584146887e-5, 9.009808077529583e-6, 2.4555100168036766e-5, 7.096274358795324e-5, 2.580546084685146e-5, 3.9722769360456796e-5, 0.0002369131659763594, 0.00010340162820170578, 3.441653655076152e-5, 0.00023690874659541795, 0.00010340097417020493, 1.200773574237408e-5, 0.0002467640229291298, 2.1873529730783123e-5, 0.00013583880644926197, 2.583300510049171e-5, 3.9811917903202444e-5, 0.00016827558640654497, 3.1736510982509014e-5, 3.741863348899495e-5, 0.00027919720434075196, 2.8831394530380678e-5, 3.742400234033549e-5, 2.8831583530807722e-5, 3.7423803942520124e-5, 0.00020071131407619247, 4.96750461220422e-5, 0.0002791891823492308, 2.911004386020413e-5, 3.173904316896974e-5, 0.0002037050094684656, 3.2108387563923925e-5, 5.9540346786593476e-5, 4.1603229440950066e-5, 0.0003116213118502015, 0.00023613958776558383, 3.238666848754718e-5, 3.83390259354359e-5, 0.000268573113846491, 4.460767882257465e-5, 4.820445579297606e-5, 0.00032147714726948044, 0.0003010055877453223, 4.5521142475831385e-5, 5.120935555925121e-5, 0.00033343700949621177, 4.8520277432836025e-5, 6.107582549028066e-5, 0.0003313341206033059, 0.00036586737913329233, 4.9434105386052364e-5, 0.00039829669669069577, 5.930209041598891e-5, 0.00034119223172018843, 0.00043072496220255283, 6.23079592248344e-5, 0.0004631521757029931, 3.538549727976001e-5, 6.408097222713992e-5, 0.0003510514804886489, 0.0004955783372261451, 7.217698402479431e-5, 6.045297567691811e-5, 7.21767103185928e-5, 0.0005280034468061362, 3.630022284408929e-5, 8.204687228311653e-5, 0.0005604275044770928, 9.191744267169565e-5, 0.0005928505102731398, 3.930190033953278e-5, 6.345342635703272e-5, 0.0006252724642284016, 0.00010178842144744298, 0.0006576933663770009, 0.00011166053712638609, 0.00036091186677721847, 0.0006901132167530597, 0.00011466692221692455, 6.708735053012614e-5, 0.0007225320153906987, 0.00011766682847166518, 0.0007549497623240375, 4.230350554572472e-5, 0.00012754061455317171, 0.0007873664575871948, 4.53075606867268e-5, 7.332605711579705e-5, 0.0008197821012142878, 4.8310521490009815e-5, 8.32027385576686e-5, 0.00037077630471336334, 0.000852196693239433, 4.922613256050454e-5, 7.696204898791155e-5, 0.0003806440649273234, 0.0008846102336967456, 0.00013741480877571717, 0.0003905122334069148, 0.0009170227226203396, 5.01417083834479e-5, 7.997133164150205e-5, 0.0009494341600443281, 5.314554726356101e-5, 8.985071100545597e-5, 0.0004003808101152632, 0.000981844546002823, 0.00014042257341392696, 0.0004102505233320922, 0.0010142538805299349, 0.00014343134815458073, 0.0010466621636597737, 5.40616222456986e-5, 9.286068320028634e-5, 0.00042012064465668037, 0.001079069395426448, 0.00015331085367919573, 0.0004299919022978775, 0.0011114755758640652, 5.497807182939798e-5, 9.587166541756582e-5, 0.0011438807050067315, 5.798343926179666e-5, 0.00010575489850100257, 0.0004398635679258531, 0.0011762847828885523, 5.8900388054456436e-5, 0.00015632031799142415, 0.0012086878095436317, 6.190742928305743e-5, 8.621137561398763e-5, 0.00010876657008893512, 0.00044973636967859, 0.0012410897850060729, 6.218672249755899e-5, 0.0, 0.0, 0.0, 0.0, 0.0, 0.0, 0.0, 0.0, 0.0, 0.0, 0.0, 0.0, 0.0, 0.0, 0.0, 0.0, 0.0, 0.0, 0.0, 0.0, 0.0, 0.0, 0.0, 0.0, 0.0, 0.0, 0.0, 0.0, 0.0, 0.0, 0.0, 0.0, 0.0, 0.0, 0.0, 0.0, 0.0, 0.0, 0.0, 0.0, 0.0, 0.0, 0.0, 0.0, 0.0, 0.0, 0.0, 0.0],"final_V" => Dict{Int64,Any}(1 => [0.0, 0.0004596103074247396, 0.0012734907093099777, 8.712767831419121e-5, 0.000111778808475559, 0.00016620304637489803, 6.218752212839364e-5]),"nparticles" => 15,"trial_by_trial_p_sa_max" => [0.5, 0.5, 0.5, 0.5, 0.5, 0.5589827180796498, 0.3097723840976247, 0.5, 0.5, 0.6902287240166112, 0.7335160141443056, 0.3770426193843693, 0.6228400779802354, 0.37418034305484, 0.6228401570660902, 0.37418020541406216, 0.622840236189734, 0.6258199324000664, 0.32091186266180477, 0.37704310895847554, 0.6228408653718572, 0.62581990922786, 0.6790909102415759, 0.825301781459475, 0.5017039152127502, 0.6535270721731828, 0.697915938404832, 0.8706795814363371, 0.31121520927771795, 0.7069468616362027, 0.31121493683434026, 0.7069469681272824, 0.3112146642303878, 0.3757305807897859, 0.2930529189426822, 0.10253867294539395, 0.7454954427256069, 0.7895752699740419, 0.8974681811247812, 0.37574107186839917, 0.29306352097423205, 0.8974712323996414, 0.34876887420486397, 0.22531734375559737, 0.5708995081013702, 0.5491962207048323, 0.8733111380715121, 0.6032561748420164, 0.8991349010051503, 0.6965357587738672, 0.7153409258076334, 0.08375728463686925, 0.5826916133300409, 0.7568751626175494, 0.7829182172728746, 0.7648952433120263, 0.2580037033679902, 0.816041755864651, 0.2843026624675253, 0.16023115871944374, 0.8363240931856689, 0.28428433169211037, 0.8397672605985085, 0.19087131029138216, 0.4438789576964692, 0.46396068501938204, 0.7572303992516182, 0.3347493729440489, 0.8327925691514476, 0.8361948565441242, 0.3281821320936506, 0.8628369775433451, 0.28835125577328885, 0.4604033393160967, 0.13716142139735168, 0.4604037713783854, 0.862838959085615, 0.1231830891642787, 0.8669327544180616, 0.7116995405668313, 0.4327008706951781, 0.6342463942391375, 0.7001869402044412, 0.6107058903411857, 0.11027867025383738, 0.7573206022210819, 0.2299935515633176, 0.8110344049833957, 0.3186079843752903, 0.8074592427484818, 0.8629880191606822, 0.19052807541099187, 0.8510621982545459, 0.5070898685203858, 0.8926854446438939, 0.3470363337091793, 0.8735086185870391, 0.91184130376998, 0.5493978398159975, 0.8943167511071203, 0.6942731530679841, 0.9252074548864122, 0.34260553216582434, 0.9350594726605463, 0.599867986015788, 0.7877395657416079, 0.9426204439008772, 0.7137896043694434, 0.9486055074296048, 0.5265183712419708, 0.9063628498732891, 0.8392150290509381, 0.9534605057033153, 0.7980117318069108, 0.23274252078612476, 0.7980115471523899, 0.9574776982635606, 0.35829391256133253, 0.8453525597071306, 0.9608566194068575, 0.87514117108752, 0.963738130309792, 0.558120879820537, 0.5540235263376313, 0.966224498994313, 0.8954736125287676, 0.9683917654607109, 0.91018906886663, 0.8711038277954314, 0.9702976380799146, 0.0808989767729155, 0.9159934836660802, 0.9719867093915399, 0.7792051991423883, 0.9734939745128748, 0.3109496795931991, 0.8342455108566151, 0.974847282838255, 0.4797524294524132, 0.7178736671228869, 0.9760690730023045, 0.641275730505618, 0.8002044224193927, 0.8926312100884647, 0.9771776258472216, 0.7195242923081688, 0.9258189745148702, 0.9080849224551608, 0.978187984676925, 0.8678989647982862, 0.9196944340417044, 0.9791126414876906, 0.2271426485166977, 0.9320461447272345, 0.9799620557744874, 0.4400159387557268, 0.9386480194428767, 0.9287253222668554, 0.9807450517006646, 0.8860064604683054, 0.9359457809915942, 0.9814691256474288, 0.8998559268060795, 0.9821406868785674, 0.4199943240822905, 0.9429924505303463, 0.9418476527438857, 0.9827652476954214, 0.9134609610978093, 0.9467603121530754, 0.9833475750306458, 0.43504603658916613, 0.946768857201916, 0.9838918123048372, 0.6124581890691349, 0.9509211364276096, 0.9509121224314523, 0.9844015781356337, 0.29986395573146046, 0.9217781767773147, 0.9848800468713921, 0.5107663882688731, 0.8377786441898574, 0.9537549035065487, 0.9544665180098404, 0.9853300147373816, 0.39342317275912936],"final_Tsas" => Dict{Tuple{Int64,Int64},Float64}[Dict((1, 6) => 0.08838600046702115,(2, 3) => 0.11396242078335135,(2, 6) => 0.06714146452289564,(2, 2) => 0.07047208944617778,(2, 1) => 1.0,(2, 5) => 0.06873081026594988,(1, 7) => 0.07841899816503206,(1, 4) => 0.11851145373218272,(1, 3) => 0.7140632046539267,(2, 4) => 0.08838600046702111,(1, 1) => 1.0,(1, 2) => 0.3997643916306779,(2, 7) => 0.07423346476447817,(1, 5) => 0.1012555079081332), Dict((1, 6) => 0.08838600046702115,(2, 3) => 0.11396242078335135,(2, 6) => 0.23509011459927598,(2, 2) => 0.07047208944617778,(2, 1) => 0.0,(2, 5) => 0.41465369569151705,(1, 7) => 0.07841899816503206,(1, 4) => 0.11851145373218272,(1, 3) => 0.04765613255767884,(2, 4) => 0.342584664954256,(1, 1) => 0.0,(1, 2) => 0.09438407705081553,(2, 7) => 0.10092045068940332,(1, 5) => 0.1012555079081332), Dict((1, 6) => 0.08838600046702115,(2, 3) => 0.11396242078335135,(2, 6) => 0.40506515623535555,(2, 2) => 0.5518326946290955,(2, 1) => 0.0,(2, 5) => 0.24169225297873345,(1, 7) => 0.07841899816503206,(1, 4) => 0.11851145373218272,(1, 3) => 0.04765613255767884,(2, 4) => 0.18371049964973413,(1, 1) => 0.0,(1, 2) => 0.09438407705081553,(2, 7) => 0.10092045068940332,(1, 5) => 0.1012555079081332), Dict((1, 6) => 0.08838600046702115,(2, 3) => 0.27525590006768413,(2, 6) => 0.09127887107378568,(2, 2) => 0.07047208944617778,(2, 1) => 0.0,(2, 5) => 0.06873081026594988,(1, 7) => 0.3885275694958151,(1, 4) => 0.11851145373218272,(1, 3) => 0.04765613255767884,(2, 4) => 0.08838600046702111,(1, 1) => 0.0,(1, 2) => 0.09438407705081553,(2, 7) => 0.10092045068940332,(1, 5) => 0.1012555079081332), Dict((1, 6) => 0.46968399719787357,(2, 3) => 0.15493199601555865,(2, 6) => 0.06714146452289564,(2, 2) => 0.07047208944617778,(2, 1) => 0.0,(2, 5) => 0.06873081026594988,(1, 7) => 0.13480237477062895,(1, 4) => 0.11851145373218272,(1, 3) => 0.04765613255767884,(2, 4) => 0.12016083352792543,(1, 1) => 0.0,(1, 2) => 0.09438407705081553,(2, 7) => 0.4211642817885049,(1, 5) => 0.1012555079081332), Dict((1, 6) => 0.08838600046702115,(2, 3) => 0.11396242078335135,(2, 6) => 0.06714146452289564,(2, 2) => 0.07047208944617778,(2, 1) => 0.0,(2, 5) => 0.06873081026594988,(1, 7) => 0.16299406307342745,(1, 4) => 0.28893127760690396,(1, 3) => 0.04765613255767884,(2, 4) => 0.08838600046702111,(1, 1) => 0.0,(1, 2) => 0.12831522311524463,(2, 7) => 0.12760743661432847,(1, 5) => 0.1012555079081332), Dict((1, 6) => 0.08838600046702115,(2, 3) => 0.11396242078335135,(2, 6) => 0.06714146452289564,(2, 2) => 0.09580685814001551,(2, 1) => 0.0,(2, 5) => 0.06873081026594988,(1, 7) => 0.07841899816503206,(1, 4) => 0.11851145373218272,(1, 3) => 0.04765613255767884,(2, 4) => 0.08838600046702111,(1, 1) => 0.0,(1, 2) => 0.09438407705081553,(2, 7) => 0.07423346476447817,(1, 5) => 0.3924669525512009)],"gamma_surprise" => [0.004336552046615559, 0.004336552046615559, 0.004336552046615559, 0.004336552046615559, 0.004336552046615559, 0.0033569317621218275, 0.004336552046615559, 0.004336552046615559, 0.004336552046615559, 0.0033569317621218275, 0.0033569317621218275, 0.004336552046615559, 0.0033569317621218275, 0.0033569317621218275, 0.0027861668771766786, 0.0027861668771766786, 0.0024124888571078833, 0.0027861668771766786, 0.0033569317621218275, 0.0033569317621218275, 0.002148845371999724, 0.0024124888571078833, 0.0027861668771766786, 0.0027861668771766786, 0.0033569317621218275, 0.0033569317621218275, 0.0024124888571078833, 0.0024124888571078833, 0.0024124888571078833, 0.0019528720692374697, 0.002148845371999724, 0.0018014786125220737, 0.005444056649283085, 0.0027861668771766786, 0.004336552046615559, 0.004336552046615559, 0.0027861668771766786, 0.002148845371999724, 0.005222752877997482, 0.0024124888571078833, 0.0033569317621218275, 0.002240191741627144, 0.005665261977492279, 0.004336552046615559, 0.002148845371999724, 0.0027861668771766786, 0.002032511935642228, 0.005886368928296459, 0.001872071620415537, 0.0019528720692374697, 0.0024124888571078833, 0.0033569317621218275, 0.0033569317621218275, 0.0018014786125220737, 0.005222752877997482, 0.0027861668771766786, 0.002148845371999724, 0.0019528720692374697, 0.0027861668771766786, 0.004985947163106348, 0.002240191741627144, 0.0024124888571078833, 0.0024124888571078833, 0.004779849743219105, 0.001744398851618148, 0.00290655179575318, 0.002148845371999724, 0.0019528720692374697, 0.005665261977492279, 0.0019528720692374697, 0.0016810069795292926, 0.002032511935642228, 0.005222752877997482, 0.002191753545023937, 0.0016810069795292926, 0.002013227686240185, 0.004336552046615559, 0.00254359985278674, 0.0018720716204155363, 0.0016403853218769466, 0.005665261977492279, 0.002511822036251981, 0.0018014786125220737, 0.0018720716204155363, 0.0027861668771766786, 0.004078794867529447, 0.002240191741627144, 0.0016810069795292926, 0.0018711584470866938, 0.0035619625331931915, 0.001582861418252554, 0.0015828614182525538, 0.002013227686240184, 0.0020325119356422285, 0.0015013619644094057, 0.0015013619644094055, 0.003161618622239686, 0.0014326047507516348, 0.0014326047507516348, 0.0019345261735326175, 0.001872071620415537, 0.0013738181210067933, 0.0023261584662428755, 0.0013229799196472782, 0.003468897527056016, 0.001744398851618148, 0.001281447246724498, 0.0021877286700254105, 0.0012419218214024352, 0.0017554132459439975, 0.0018129172686774026, 0.0016403853218769466, 0.0012068737924587, 0.0063167370908401655, 0.0024124888571078833, 0.002079978844337978, 0.0011755819232261806, 0.004499634896426674, 0.0019309935047775006, 0.0011474722166627796, 0.001809612513903779, 0.0011220821161470754, 0.0018077826736261782, 0.004499634896426674, 0.0010990346795452597, 0.001708814530705003, 0.0010794056570151034, 0.0036206804286418076, 0.0015540122138859667, 0.001060030090260127, 0.001373818121006792, 0.002970361066021088, 0.0010422316543270485, 0.0016727062660934636, 0.0010258250046249605, 0.005151432408394568, 0.001596463310986176, 0.001010652786604161, 0.001697902597392258, 0.0036911444693200094, 0.00099658053729781, 0.0016066569112215376, 0.0018711584470866938, 0.0014811426735735554, 0.0009834926634616967, 0.006990430315656466, 0.0017645576991632795, 0.001418839575272249, 0.0009712892398163784, 0.0033572653959639807, 0.0013649600062770205, 0.0009598834385047597, 0.00171192965298228, 0.002748699201057613, 0.0009491994490603998, 0.0016267281344482856, 0.0017237615255837164, 0.0013179038164225093, 0.0009391707829525839, 0.0030020731102324365, 0.0012764520107678527, 0.0009297388821602701, 0.0016149266403992543, 0.0009208519699628701, 0.005314248445630676, 0.0016438859687281345, 0.0012396596392055155, 0.0009124640961037209, 0.0027999945714792356, 0.0012067828836341157, 0.0009045343389941736, 0.001553879584724692, 0.002647936227126032, 0.0008970261356075663, 0.0014908790928889171, 0.0016167664289278064, 0.001177228248148726, 0.0008899067158228044, 0.00433655204661556, 0.0015914709352943413, 0.00088314662269198, 0.0016752471878356751, 0.00676981426884822, 0.0015537805716158174, 0.0011505164110984453, 0.0008767193037711298, 0.008092042085096108],"final_PolicyParameters" => Dict{Int64,Any}(1 => [0.0 0.0; 1.7847989921678014 3.0062193132155937; 2.9127803112659927 1.2517636092013285; 1.115822183103929 1.8234103919960383; 0.5806454837713106 1.7900719963933542; 2.305153356745077 3.3213984347531826; 3.206970838676309 3.037277786679255]),"particlefilterseeds" => [1, 2, 3])