DateTime of fitting: 2020-12-27T19:38:53.737
DATA_STATS
nr_subjects: 1
all_subject_ids: [4]
nr_puzzles: 1
nr_episodes: 60
nr_actions: 189
max_state_id: 7
max_action_id: 2
SUBJECT_SIGNALS
subject_id: 4
algorithm_name: hybrid_actorcritic_FWD
param_string: alpha=0.6045,
                eta_critic=0.0013,
                gamma=0.9733,
                lambda_actor=0.9031,
                lambda_critic=0.4416,
                eta_fwd=0.1993,
                w_MB=12.168,
                w_MF=2.8725
param_vector: [0.6044573318344069, 0.001329593836544181, 0.9733152801230971, 0.9031182391044495, 0.44158236718659427, 0.1993154509889236, 12.168018805543225, 2.872522598156641]
LL: -76.009
RPE
[0.0, 0.0, 0.0, 1.0, 0.0, 0.0, -0.001, 1.0, 0.0, 0.001, 0.0, 0.999, 0.001, 0.002, 0.997, 0.001, 0.999, 0.001, 0.001, 0.997, 0.001, -0.0, 0.002, 0.996, 0.002, 0.003, 0.995, 0.002, 0.004, 0.993, 0.001, 0.002, 0.996, 0.002, 0.002, 0.995, 0.003, 0.002, -0.005, 0.001, 0.001, 0.004, 0.992, 0.003, 0.004, 0.991, 0.004, 0.001, -0.005, 0.002, 0.004, -0.005, 0.0, 0.004, 0.005, 0.989, 0.01, -0.01, 0.004, 0.006, 0.988, 0.001, 0.01, 0.987, 0.001, 0.003, -0.001, 0.0, 0.993, 0.001, -0.002, 0.013, 0.985, 0.013, 0.984, 0.001, -0.001, 0.014, 0.983, 0.004, 0.001, 0.992, 0.004, 0.011, 0.982, 0.006, 0.991, 0.005, 0.011, 0.98, 0.017, 0.979, 0.018, 0.978, 0.0, 0.019, 0.976, 0.019, 0.975, 0.001, 0.02, 0.974, 0.004, 0.002, 0.989, 0.004, 0.018, 0.972, -0.001, 0.005, 0.002, 0.988, 0.005, 0.018, 0.971, 0.001, 0.023, 0.97, 0.005, 0.002, 0.987, 0.024, 0.969, 0.001, 0.024, 0.967, 0.025, 0.966, 0.006, 0.985, 0.005, 0.023, 0.965, 0.003, 0.027, 0.963, 0.027, 0.962, 0.005, 0.003, 0.984, 0.028, 0.961, 0.006, 0.983, 0.028, 0.96, 0.005, 0.029, 0.958, 0.029, 0.957, 0.005, 0.981, 0.005, 0.03, 0.956, -0.007, 0.006, 0.031, 0.955, 0.005, 0.98, 0.006, 0.032, 0.953, 0.006, 0.032, 0.952, 0.033, -0.035, 0.034, 0.951, 0.006, 0.006, 0.979, 0.007, 0.034, 0.949, 0.006, -0.011, 0.017, 0.978, -0.004, 0.045, 0.948, 0.007, 0.036, 0.947]
SPE
[0.857, 0.857, 0.857, 0.857, 0.686, 0.686, 0.857, 0.857, 0.55, 0.55, 0.686, 0.686, 0.857, 0.857, 0.55, 0.857, 0.686, 0.686, 0.886, 0.55, 0.44, 0.44, 0.908, 0.44, 0.857, 0.686, 0.352, 0.941, 0.55, 0.282, 0.55, 0.749, 0.44, 0.927, 0.639, 0.352, 0.686, 0.927, 0.857, 0.481, 0.352, 0.782, 0.226, 0.55, 0.552, 0.181, 0.742, 0.609, 0.686, 0.385, 0.6, 0.55, 0.97, 0.44, 0.442, 0.145, 0.686, 0.981, 0.352, 0.354, 0.292, 0.641, 0.814, 0.234, 0.513, 0.584, 0.927, 0.488, 0.282, 0.411, 0.953, 0.55, 0.187, 0.44, 0.15, 0.329, 0.763, 0.352, 0.12, 0.282, 0.868, 0.226, 0.226, 0.426, 0.096, 0.953, 0.181, 0.181, 0.341, 0.077, 0.976, 0.062, 0.425, 0.049, 0.981, 0.34, 0.04, 0.273, 0.032, 0.785, 0.218, 0.025, 0.561, 0.804, 0.145, 0.449, 0.418, 0.02, 0.263, 0.54, 0.715, 0.116, 0.36, 0.467, 0.016, 0.809, 0.175, 0.013, 0.43, 0.658, 0.093, 0.14, 0.01, 0.718, 0.112, 0.008, 0.09, 0.007, 0.96, 0.074, 0.475, 0.499, 0.005, 0.66, 0.257, 0.004, 0.206, 0.003, 0.504, 0.621, 0.06, 0.165, 0.003, 0.881, 0.048, 0.305, 0.002, 0.622, 0.244, 0.002, 0.195, 0.001, 0.849, 0.038, 0.522, 0.519, 0.001, 0.999, 0.418, 0.416, 0.001, 0.744, 0.031, 0.335, 0.333, 0.001, 0.742, 0.567, 0.001, 0.454, 1.0, 0.266, 0.2, 0.414, 0.793, 0.024, 0.331, 0.37, 0.16, 0.74, 0.446, 0.467, 0.02, 0.211, 0.776, 0.128, 0.412, 0.296, 0.103]
action_selection_prob
[0.5, 0.5, 0.5, 0.5, 0.633, 0.647, 0.318, 0.501, 0.716, 0.737, 0.431, 0.755, 0.501, 0.204, 0.846, 0.225, 0.746, 0.649, 0.469, 0.839, 0.507, 0.332, 0.647, 0.882, 0.261, 0.24, 0.908, 0.639, 0.511, 0.923, 0.523, 0.451, 0.873, 0.669, 0.309, 0.901, 0.243, 0.431, 0.081, 0.742, 0.339, 0.566, 0.931, 0.362, 0.395, 0.94, 0.432, 0.373, 0.181, 0.792, 0.445, 0.175, 0.791, 0.568, 0.627, 0.946, 0.177, 0.951, 0.626, 0.659, 0.944, 0.266, 0.577, 0.951, 0.488, 0.723, 0.322, 0.227, 0.68, 0.618, 0.212, 0.336, 0.955, 0.588, 0.959, 0.714, 0.436, 0.735, 0.962, 0.225, 0.516, 0.59, 0.446, 0.686, 0.965, 0.808, 0.747, 0.627, 0.78, 0.967, 0.735, 0.968, 0.849, 0.97, 0.816, 0.878, 0.971, 0.898, 0.973, 0.848, 0.912, 0.974, 0.871, 0.835, 0.816, 0.888, 0.865, 0.975, 0.099, 0.626, 0.888, 0.86, 0.761, 0.903, 0.976, 0.813, 0.923, 0.977, 0.848, 0.916, 0.887, 0.931, 0.978, 0.871, 0.938, 0.979, 0.943, 0.979, 0.948, 0.906, 0.889, 0.925, 0.98, 0.903, 0.951, 0.981, 0.955, 0.981, 0.914, 0.932, 0.919, 0.958, 0.982, 0.96, 0.929, 0.962, 0.982, 0.922, 0.964, 0.983, 0.966, 0.983, 0.968, 0.937, 0.929, 0.938, 0.984, 0.969, 0.932, 0.944, 0.985, 0.967, 0.945, 0.939, 0.948, 0.985, 0.944, 0.969, 0.985, 0.971, 0.985, 0.949, 0.984, 0.946, 0.953, 0.952, 0.95, 0.957, 0.985, 0.953, 0.028, 0.276, 0.955, 0.045, 0.539, 0.985, 0.856, 0.96, 0.986]
results_dict
Dict{String,Any}("finalQSA_Hybrid_record" => [0.0 0.0; 17.065394430571544 17.9171682597191; 17.934710383921484 15.691750805863782; 11.613580977673363 15.861307565352119; 20.37875748740399 17.2098932598431; 17.329209227809084 14.20047660856587; 20.43773252564711 18.643628273629343],"final_PolicyParameters_MF" => [0.0 0.0; 1.9440996108101782 2.1381676543000125; 2.1610195878905745 1.4814764041717812; 0.0 1.3185179283325108; 3.01121870879347 1.8921886216783372; 1.8002786327778637 0.9374490357037042; 3.1909428780959423 2.495477360660726],"final_Tsas" => [0.14285714285714285 0.14285714285714285; 0.024132012592542974 0.024132012592542974; 0.0003534769130189962 0.01932212961938989; 0.14285714285714285 0.917928096648848; 0.0006886153665676409 0.030139226018971347; 0.9843195228928029 0.05871482240766195; 0.00022661254560802938 0.01238733512245801]

[0.14285714285714285 0.14285714285714285; 0.024132012592542974 0.024132012592542974; 0.0003534769130189962 0.6425590211422312; 0.14285714285714285 8.076174015834322e-6; 0.0006886153665676409 0.030139226018971347; 0.0026134128511995287 0.05871482240766195; 0.00022661254560802938 0.831107316882862]

[0.14285714285714285 0.14285714285714285; 0.31150110252393143 0.024132012592542974; 0.0003534769130189962 0.01932212961938989; 0.14285714285714285 8.076174015834322e-6; 0.0006886153665676409 0.030139226018971347; 0.0026134128511995287 0.44839561456510474; 0.3262646632339788 0.01238733512245801]

[0.14285714285714285 0.14285714285714285; 0.024132012592542974 0.3782773442049124; 0.6364887295570281 0.01932212961938989; 0.14285714285714285 8.076174015834322e-6; 0.762691087075088 0.23983891311977812; 0.0026134128511995287 0.05871482240766195; 0.002564211072133108 0.01238733512245801]

[0.14285714285714285 0.14285714285714285; 0.5678388345133537 0.024132012592542974; 0.0003534769130189962 0.10124152877481378; 0.14285714285714285 0.08192747532943974; 0.0006886153665676409 0.030139226018971347; 0.0026134128511995287 0.2580302733965855; 0.6702646755114561 0.10695600750484803]

[0.14285714285714285 0.14285714285714285; 0.024132012592542974 0.5010625928323729; 0.25943218365182275 0.01932212961938989; 0.14285714285714285 8.076174015834322e-6; 0.23386583609207376 0.6094649567853653; 0.0026134128511995287 0.05871482240766195; 0.00022661254560802938 0.01238733512245801]

[0.14285714285714285 0.14285714285714285; 0.024132012592542974 0.024132012592542974; 0.10266517913907337 0.17891093160539548; 0.14285714285714285 0.00011212332564902257; 0.0006886153665676409 0.030139226018971347; 0.0026134128511995287 0.05871482240766195; 0.00022661254560802938 0.01238733512245801],"finalQSA_MB_record" => [0.0 0.0; 0.9434268658558513 0.9677229111923706; 0.9637767259519588 0.9398408644660768; 0.9544088475237911 0.9953078305913233; 0.9695555487240837 0.9679568144487825; 0.9991710228562144 0.9460137283404876; 0.9419254376511312 0.9431769426962131])
POPULATION_SIGNALS
subject_id: 4
algorithm_name: hybrid_actorcritic_FWD
param_string: alpha=0.644,
                eta_critic=0.0002,
                gamma=0.972,
                lambda_actor=0.8563,
                lambda_critic=0.4629,
                eta_fwd=0.24,
                w_MB=12.1269,
                w_MF=2.8638
param_vector: [0.644030167544776, 0.00020351207271904898, 0.9720012726758733, 0.856341395594059, 0.4628830908282809, 0.24003847973901876, 12.126880916735841, 2.863789486249355]
LL: -76.103
RPE
[0.0, 0.0, 0.0, 1.0, 0.0, 0.0, -0.0, 1.0, 0.0, 0.0, 0.0, 1.0, 0.0, 0.0, 1.0, 0.0, 1.0, 0.0, 0.0, 1.0, 0.0, -0.0, 0.0, 0.999, 0.0, 0.0, 0.999, 0.0, 0.001, 0.999, 0.0, 0.0, 0.999, 0.0, 0.0, 0.999, 0.0, 0.0, -0.001, 0.0, 0.0, 0.001, 0.999, 0.001, 0.001, 0.999, 0.001, 0.0, -0.001, 0.0, 0.001, -0.001, 0.0, 0.001, 0.001, 0.998, 0.002, -0.002, 0.001, 0.001, 0.998, 0.0, 0.001, 0.998, 0.0, 0.0, -0.0, -0.0, 0.999, 0.0, -0.0, 0.002, 0.998, 0.002, 0.998, 0.0, -0.0, 0.002, 0.997, 0.001, 0.0, 0.999, 0.001, 0.002, 0.997, 0.001, 0.999, 0.001, 0.002, 0.997, 0.003, 0.997, 0.003, 0.997, 0.0, 0.003, 0.996, 0.003, 0.996, 0.0, 0.003, 0.996, 0.001, 0.0, 0.998, 0.001, 0.003, 0.996, -0.0, 0.001, 0.0, 0.998, 0.001, 0.003, 0.996, 0.0, 0.004, 0.995, 0.001, 0.0, 0.998, 0.004, 0.995, 0.0, 0.004, 0.995, 0.004, 0.995, 0.001, 0.998, 0.001, 0.003, 0.995, 0.0, 0.004, 0.994, 0.004, 0.994, 0.001, 0.0, 0.998, 0.004, 0.994, 0.001, 0.997, 0.004, 0.994, 0.001, 0.004, 0.994, 0.005, 0.993, 0.001, 0.997, 0.001, 0.005, 0.993, -0.001, 0.001, 0.005, 0.993, 0.001, 0.997, 0.001, 0.005, 0.993, 0.001, 0.005, 0.992, 0.005, -0.005, 0.005, 0.992, 0.001, 0.001, 0.997, 0.001, 0.005, 0.992, 0.001, -0.002, 0.003, 0.997, -0.001, 0.007, 0.992, 0.001, 0.006, 0.992]
SPE
[0.857, 0.857, 0.857, 0.857, 0.651, 0.651, 0.857, 0.857, 0.495, 0.495, 0.651, 0.651, 0.857, 0.857, 0.495, 0.857, 0.651, 0.651, 0.891, 0.495, 0.376, 0.376, 0.917, 0.376, 0.857, 0.651, 0.286, 0.952, 0.495, 0.217, 0.495, 0.735, 0.376, 0.937, 0.616, 0.286, 0.651, 0.937, 0.857, 0.457, 0.286, 0.77, 0.165, 0.495, 0.526, 0.125, 0.712, 0.596, 0.651, 0.348, 0.559, 0.495, 0.979, 0.376, 0.4, 0.095, 0.651, 0.988, 0.286, 0.304, 0.295, 0.64, 0.814, 0.224, 0.486, 0.563, 0.937, 0.453, 0.217, 0.369, 0.964, 0.495, 0.17, 0.376, 0.13, 0.281, 0.732, 0.286, 0.098, 0.217, 0.874, 0.165, 0.165, 0.415, 0.075, 0.964, 0.125, 0.125, 0.316, 0.057, 0.984, 0.043, 0.405, 0.033, 0.988, 0.308, 0.025, 0.234, 0.019, 0.751, 0.178, 0.014, 0.603, 0.806, 0.095, 0.458, 0.422, 0.011, 0.213, 0.548, 0.706, 0.072, 0.348, 0.484, 0.008, 0.812, 0.135, 0.006, 0.441, 0.647, 0.055, 0.103, 0.005, 0.709, 0.078, 0.004, 0.059, 0.003, 0.97, 0.042, 0.495, 0.52, 0.002, 0.649, 0.274, 0.002, 0.208, 0.001, 0.526, 0.614, 0.032, 0.158, 0.001, 0.885, 0.024, 0.332, 0.001, 0.615, 0.252, 0.001, 0.191, 0.0, 0.856, 0.018, 0.544, 0.54, 0.0, 1.0, 0.413, 0.41, 0.0, 0.735, 0.014, 0.314, 0.312, 0.0, 0.766, 0.625, 0.0, 0.475, 1.0, 0.237, 0.24, 0.421, 0.822, 0.011, 0.32, 0.377, 0.182, 0.759, 0.441, 0.428, 0.008, 0.162, 0.78, 0.139, 0.425, 0.286, 0.105]
action_selection_prob
[0.5, 0.5, 0.5, 0.5, 0.615, 0.638, 0.315, 0.501, 0.694, 0.724, 0.429, 0.773, 0.501, 0.213, 0.859, 0.245, 0.762, 0.639, 0.485, 0.851, 0.483, 0.32, 0.65, 0.891, 0.272, 0.238, 0.914, 0.609, 0.513, 0.929, 0.526, 0.469, 0.882, 0.663, 0.306, 0.908, 0.249, 0.431, 0.076, 0.721, 0.326, 0.567, 0.936, 0.336, 0.37, 0.943, 0.463, 0.387, 0.151, 0.773, 0.463, 0.145, 0.773, 0.537, 0.613, 0.949, 0.197, 0.954, 0.628, 0.674, 0.946, 0.271, 0.572, 0.953, 0.481, 0.721, 0.254, 0.217, 0.747, 0.596, 0.218, 0.331, 0.957, 0.586, 0.961, 0.69, 0.432, 0.737, 0.964, 0.246, 0.525, 0.632, 0.457, 0.694, 0.967, 0.81, 0.773, 0.627, 0.784, 0.969, 0.73, 0.971, 0.85, 0.972, 0.816, 0.878, 0.973, 0.898, 0.975, 0.846, 0.912, 0.976, 0.868, 0.838, 0.834, 0.885, 0.868, 0.977, 0.102, 0.617, 0.89, 0.873, 0.773, 0.905, 0.978, 0.819, 0.923, 0.979, 0.85, 0.917, 0.898, 0.932, 0.979, 0.872, 0.938, 0.98, 0.943, 0.981, 0.948, 0.914, 0.889, 0.926, 0.982, 0.902, 0.952, 0.982, 0.955, 0.983, 0.912, 0.934, 0.926, 0.958, 0.983, 0.96, 0.935, 0.963, 0.984, 0.921, 0.965, 0.984, 0.966, 0.985, 0.968, 0.942, 0.928, 0.939, 0.985, 0.969, 0.93, 0.945, 0.986, 0.966, 0.95, 0.937, 0.949, 0.986, 0.942, 0.969, 0.986, 0.971, 0.987, 0.949, 0.985, 0.944, 0.953, 0.956, 0.948, 0.957, 0.986, 0.952, 0.028, 0.287, 0.959, 0.047, 0.55, 0.986, 0.859, 0.96, 0.987]
results_dict
Dict{String,Any}("finalQSA_Hybrid_record" => [0.0 0.0; 16.796697931425097 17.679862681461163; 17.731800605837847 15.450730623066544; 11.551183554581824 15.884740919516341; 20.287177360436466 17.106854353596027; 17.168366925156008 13.949145101586986; 19.86933702589472 18.058586010610732],"final_PolicyParameters_MF" => [0.0 0.0; 1.8845567014191733 2.0775959747909303; 2.1183358711189064 1.4292848094935124; 0.0 1.3470349198092182; 3.009775599138076 1.8761147254259547; 1.7618618278792795 0.8811779262713382; 3.025368811023866 2.321863072203012],"final_Tsas" => [0.14285714285714285 0.14285714285714285; 0.015894057610385478 0.015894057610385478; 8.635256397681854e-5 0.012078872184704168; 0.14285714285714285 0.9199080413266431; 0.00019674351608323058 0.02091429261435137; 0.9938722355633144 0.047650599771949326; 4.987219038820114e-5 0.006976050108159249]

[0.14285714285714285 0.14285714285714285; 0.015894057610385478 0.015894057610385478; 8.635256397681854e-5 0.6650409162127977; 0.14285714285714285 8.123299875771718e-7; 0.00019674351608323058 0.02091429261435137; 0.0010212940727809404 0.047650599771949326; 4.987219038820114e-5 0.8767607064512317]

[0.14285714285714285 0.14285714285714285; 0.3369462521872215 0.015894057610385478; 8.635256397681854e-5 0.012078872184704168; 0.14285714285714285 8.123299875771718e-7; 0.00019674351608323058 0.02091429261435137; 0.0010212940727809404 0.47405792162928545; 0.32173893336264353 0.006976050108159249]

[0.14285714285714285 0.14285714285714285; 0.015894057610385478 0.40752901250195595; 0.6390612422830839 0.012078872184704168; 0.14285714285714285 8.123299875771718e-7; 0.7822961799856832 0.23961232190296602; 0.0010212940727809404 0.047650599771949326; 0.001040961803638538 0.006976050108159249]

[0.14285714285714285 0.14285714285714285; 0.5835834597608514 0.015894057610385478; 8.635256397681854e-5 0.0921447148800822; 0.14285714285714285 0.08006665502536561; 0.00019674351608323058 0.02091429261435137; 0.0010212940727809404 0.2876890795109681; 0.6770206160721652 0.08835904300797207]

[0.14285714285714285 0.14285714285714285; 0.015894057610385478 0.5130006994461167; 0.25515186761653197 0.012078872184704168; 0.14285714285714285 8.123299875771718e-7; 0.21672010243390064 0.6558162150252773; 0.0010212940727809404 0.047650599771949326; 4.987219038820114e-5 0.006976050108159249]

[0.14285714285714285 0.14285714285714285; 0.015894057610385478 0.015894057610385478; 0.10544147984447694 0.19449888016830363; 0.14285714285714285 2.2054328041149955e-5; 0.00019674351608323058 0.02091429261435137; 0.0010212940727809404 0.047650599771949326; 4.987219038820114e-5 0.006976050108159249],"finalQSA_MB_record" => [0.0 0.0; 0.9400846736162833 0.9672844732710904; 0.9619500245108632 0.9365784274635762; 0.9525417325499701 0.9952352277298521; 0.9682811514960017 0.967974437530542; 0.999662883300936 0.9424405048763597; 0.9392209225400528 0.9408979765912762])