DateTime of fitting: 2020-02-09T16:10:57.955
DATA_STATS
nr_subjects: 1
all_subject_ids: [8]
nr_puzzles: 1
nr_episodes: 58
nr_actions: 185
max_state_id: 7
max_action_id: 2
SUBJECT_SIGNALS
subject_id: 8
algorithm_name: Forward Learner
param_string: eta=0.2221, gamma=0.9803,
                temp=0.0103,
                initTsas=nothing, initR=nothing
param_vector: [0.22211215059927297, 0.9803014394304754, 0.010275760706228099]
LL: -69.761
RPE
Float64[]
SPE
[0.857, 0.857, 0.857, 0.857, 0.857, 0.857, 0.857, 0.857, 0.667, 0.667, 0.667, 0.519, 0.519, 0.519, 0.667, 0.857, 0.403, 0.933, 0.519, 0.667, 0.314, 0.536, 0.403, 0.244, 0.417, 0.667, 0.968, 0.314, 0.19, 0.474, 0.519, 0.369, 0.959, 0.403, 0.287, 0.412, 0.148, 0.223, 0.314, 0.174, 0.803, 0.244, 0.135, 0.471, 0.115, 0.995, 0.089, 0.304, 0.19, 0.236, 0.708, 0.148, 0.184, 0.115, 0.143, 0.551, 0.089, 0.111, 0.617, 0.07, 0.087, 0.993, 0.857, 0.07, 0.067, 0.054, 0.052, 0.042, 0.041, 0.772, 0.667, 0.033, 0.032, 0.025, 0.025, 0.685, 0.054, 0.019, 0.69, 0.519, 0.02, 0.015, 0.637, 0.042, 0.012, 0.015, 0.009, 0.873, 0.012, 0.007, 0.607, 0.033, 0.005, 0.009, 0.004, 0.857, 0.914, 0.007, 0.003, 0.006, 0.003, 0.004, 0.002, 0.782, 0.403, 0.003, 0.002, 0.806, 0.003, 0.001, 0.002, 0.001, 0.002, 0.001, 0.627, 0.403, 0.626, 0.025, 0.001, 0.001, 0.0, 0.752, 0.02, 1.0, 0.667, 0.487, 0.015, 0.222, 0.585, 0.012, 0.827, 0.455, 0.009, 0.357, 1.0, 0.379, 0.007, 0.667, 0.497, 0.999, 0.294, 0.227, 0.277, 0.001, 0.216, 0.001, 0.168, 0.387, 0.827, 0.229, 0.359, 0.131, 0.947, 0.667, 0.001, 0.102, 1.0, 0.519, 0.222, 0.079, 0.456, 1.0, 0.403, 0.355, 0.439, 0.061, 0.947, 0.173, 0.048, 0.135, 0.037, 0.736, 0.105, 0.029, 0.562, 0.827, 0.314, 0.437, 0.488, 0.023, 0.741, 0.081, 0.018, 0.063, 0.0]
action_selection_prob
[0.5, 0.5, 0.5, 0.5, 0.5, 0.522, 0.515, 0.493, 0.4, 0.488, 0.896, 0.356, 0.575, 0.955, 0.368, 0.518, 0.661, 0.971, 0.292, 0.44, 0.576, 0.938, 0.37, 0.695, 0.968, 0.777, 0.979, 0.303, 0.623, 0.947, 0.782, 0.971, 0.396, 0.856, 0.976, 0.367, 0.782, 0.978, 0.88, 0.981, 0.404, 0.905, 0.981, 0.395, 0.811, 0.982, 0.716, 0.964, 0.878, 0.977, 0.388, 0.912, 0.979, 0.914, 0.981, 0.404, 0.925, 0.981, 0.408, 0.82, 0.981, 0.418, 0.298, 0.928, 0.981, 0.93, 0.982, 0.932, 0.982, 0.392, 0.292, 0.934, 0.982, 0.935, 0.982, 0.363, 0.83, 0.982, 0.379, 0.288, 0.936, 0.982, 0.351, 0.833, 0.982, 0.936, 0.982, 0.37, 0.937, 0.982, 0.387, 0.835, 0.982, 0.937, 0.982, 0.601, 0.535, 0.94, 0.985, 0.941, 0.985, 0.941, 0.985, 0.52, 0.292, 0.942, 0.985, 0.484, 0.942, 0.985, 0.942, 0.985, 0.942, 0.985, 0.505, 0.058, 0.539, 0.847, 0.985, 0.952, 0.985, 0.521, 0.848, 0.984, 0.548, 0.454, 0.783, 0.977, 0.573, 0.816, 0.98, 0.464, 0.709, 0.965, 0.545, 0.427, 0.772, 0.025, 0.462, 0.77, 0.415, 0.647, 0.985, 0.928, 0.989, 0.942, 0.991, 0.488, 0.755, 0.406, 0.623, 0.992, 0.45, 0.725, 0.961, 0.991, 0.948, 0.88, 0.929, 0.991, 0.488, 0.673, 0.916, 0.459, 0.653, 0.989, 0.473, 0.923, 0.989, 0.924, 0.989, 0.493, 0.93, 0.989, 0.511, 0.696, 0.928, 0.482, 0.689, 0.988, 0.485, 0.925, 0.988, 0.926, 0.0]
results_dict
Dict{String,Any}("QSA_record" => [0.0, 0.0, 0.0, 0.0, 0.0, 0.8986099241871978, 0.9025210178235131, 0.9066546566219496, 0.9111982704801301, 0.9173774068864, 0.9373133830437748, 0.921997892904205, 0.9332890987788953, 0.9584591543318944, 0.9284689413986017, 0.9356696934565658, 0.9457143563938911, 0.9715074634811512, 0.9291074307740436, 0.9317988776169663, 0.9364527373630636, 0.9567020929962025, 0.9296696044795711, 0.9454907076245499, 0.968848160167421, 0.9413501253509302, 0.9778324349774998, 0.9308321219490807, 0.9433621060754683, 0.9631995047658231, 0.9399197515176901, 0.972470437773199, 0.9398171160424221, 0.9528362498825077, 0.980762821599521, 0.9437042981695931, 0.9636340880013918, 0.9860516054531099, 0.9610959958193156, 0.9896064263965644, 0.9508537281089051, 0.9675638366845623, 0.9923516902494809, 0.9524281838463476, 0.972281618679197, 0.994231290892383, 0.9648613550012167, 0.983141839868792, 0.9610821608038179, 0.9869464210241907, 0.9492885239822061, 0.9676735637672018, 0.9905156898428591, 0.9689371213851988, 0.9929050455630828, 0.953830427260586, 0.9731738217078069, 0.9947048818043457, 0.9552775073638347, 0.9749776073603273, 0.9959848894465606, 0.9565873060217954, 0.9602743706066281, 0.9759310191551824, 0.9969558609755699, 0.9762533369240229, 0.9976628220102789, 0.9771738105160722, 0.9982035424704893, 0.957007455676019, 0.961070571055187, 0.978285077762556, 0.9986169841796104, 0.978434584176878, 0.9989307499939302, 0.9562565886198158, 0.9783939743040527, 0.999173034681378, 0.9571943458374679, 0.9614072367240857, 0.9792756249825254, 0.9993623143180385, 0.9560843185352884, 0.9789643972711464, 0.9995054722124371, 0.9795058213095754, 0.9996175536303366, 0.9571774257002569, 0.9797673116051656, 0.9997031534933907, 0.9579739288806495, 0.9794132360609228, 0.9997694293738578, 0.9798873019404567, 0.9998213316559128, 0.9628439631624718, 0.9618618117276388, 0.9800132789911072, 0.999859089601407, 0.9800442870588273, 0.9998904474858721, 0.9801014390175836, 0.9999148322722134, 0.9585761687417318, 0.9614619172080139, 0.9801639210384844, 0.9999335692978036, 0.9569533606978621, 0.9801942015509703, 0.9999483733906258, 0.9802069231095283, 0.9999598533492116, 0.9802279302611188, 0.9999687776017833, 0.957871940734972, 0.9516382627176387, 0.9613567410520479, 0.9797390981854466, 0.9999757718974737, 0.9802512891490369, 0.9999811969917924, 0.9586174982680765, 0.9798688240928713, 0.9999853956790052, 0.9482422045919857, 0.948582233009754, 0.9641448844872293, 0.9836486044504569, 0.9462620663672017, 0.9678138960607122, 0.9877909358069225, 0.9345135278759815, 0.9513822963387982, 0.9701090928346251, 0.936689496884844, 0.9389704530468201, 0.9578871936825327, 0.9396342220332954, 0.9362786040965048, 0.9582893383006262, 0.940856634140015, 0.9507193060567689, 0.9773124354992406, 0.9580453806175563, 0.9825066868371599, 0.9631388367874509, 0.9868447277745278, 0.9422863346513467, 0.9636541451889044, 0.9465335852734622, 0.9564793588103584, 0.990165771111497, 0.9419263092443543, 0.9633446950192647, 0.9728582719732322, 0.9925913211226991, 0.9730293637157302, 0.9733743526124651, 0.9702524140217661, 0.9944889002311925, 0.9504628664794674, 0.9661758748895573, 0.9805848877450705, 0.9502199761252639, 0.9664219282547084, 0.9959455012868659, 0.9527511563284459, 0.9753403858877674, 0.996908119441927, 0.9758102488233342, 0.9976072856489592, 0.9545825806317089, 0.9772423139527526, 0.9981668822233838, 0.9557568222699523, 0.971010410255547, 0.9862101463926157, 0.9547179349714127, 0.9712454879833217, 0.9985878143754421, 0.9561301845030347, 0.9784925930627727, 0.9989153083087806, 0.9786659595766504, 0.0],"final_Tsas" => Dict{Int64,Any}(1 => [0.14285714285714285 0.14285714285714285; 0.019153046494324838 0.11112683562867529; 1.3147116491678955e-5 0.0523082163640595; 0.08644421517789831 0.9863794251113844; 0.00012606009215215008 0.14285714285714285; 0.7558604443994431 0.0523082163640595; 1.690104364248303e-5 0.08644421517789831]

[0.14285714285714285 0.14285714285714285; 0.019153046494324838 0.11112683562867529; 1.3147116491678955e-5 0.6861507018156431; 0.08644421517789831 8.653071024325957e-8; 0.10167185026459723 0.14285714285714285; 0.040689925933426165 0.0523082163640595; 0.018036378627096655 0.4813347089326101]

[0.14285714285714285 0.14285714285714285; 0.08241713519191375 0.11112683562867529; 1.3147116491678955e-5 0.0523082163640595; 0.08644421517789831 4.5395907008728774e-7; 0.00012606009215215008 0.14285714285714285; 0.040689925933426165 0.6861507018156431; 0.42320812813636227 0.08644421517789831]

[0.14285714285714285 0.14285714285714285; 0.019153046494324838 0.11112683562867529; 0.9507087513997857 0.0523082163640595; 0.08644421517789831 8.653071024325957e-8; 0.6203696882025367 0.14285714285714285; 0.040689925933426165 0.0523082163640595; 1.690104364248303e-5 0.08644421517789831]

[0.14285714285714285 0.14285714285714285; 0.8218176323364621 0.11112683562867529; 1.3147116491678955e-5 0.0523082163640595; 0.08644421517789831 4.615535661588617e-6; 0.00012606009215215008 0.14285714285714285; 0.040689925933426165 0.0523082163640595; 0.5133790973920096 0.08644421517789831]

[0.14285714285714285 0.14285714285714285; 0.019153046494324838 0.33323898622794823; 0.04922551301775596 0.0523082163640595; 0.08644421517789831 8.653071024325957e-8; 0.2774542211642576 0.14285714285714285; 0.040689925933426165 0.0523082163640595; 0.04532569271360426 0.08644421517789831]

[0.14285714285714285 0.14285714285714285; 0.019153046494324838 0.11112683562867529; 1.3147116491678955e-5 0.0523082163640595; 0.4813347089326101 0.013615245801753172; 0.00012606009215215008 0.14285714285714285; 0.040689925933426165 0.0523082163640595; 1.690104364248303e-5 0.08644421517789831]),"final_Reward" => Dict{Int64,Any}(1 => [1.0, 0.0, 0.0, 0.0, 0.0, 0.0, 0.0]),"final_Qsa" => [0.0 0.0; 0.9559619201387906 0.9653831219990487; 0.9790196476542444 0.9528427840792874; 0.9538465230248732 0.9991584154878252; 0.9735402753406502 0.9640557017122526; 0.9897620041545984 0.9613177544328526; 0.9572136417212233 0.9570853721286516])
POPULATION_SIGNALS
subject_id: 8
algorithm_name: Forward Learner
param_string: eta=0.1692, gamma=0.9856,
                temp=0.0118,
                initTsas=nothing, initR=nothing
param_vector: [0.16921432907904174, 0.9855564353951695, 0.011831814925089175]
LL: -75.613
RPE
Float64[]
SPE
[0.857, 0.857, 0.857, 0.857, 0.857, 0.857, 0.857, 0.857, 0.712, 0.712, 0.712, 0.592, 0.592, 0.592, 0.712, 0.857, 0.491, 0.918, 0.592, 0.712, 0.408, 0.578, 0.491, 0.339, 0.48, 0.712, 0.953, 0.408, 0.282, 0.5, 0.592, 0.416, 0.943, 0.491, 0.345, 0.451, 0.234, 0.287, 0.408, 0.238, 0.82, 0.339, 0.198, 0.481, 0.195, 0.987, 0.162, 0.306, 0.282, 0.254, 0.735, 0.234, 0.211, 0.195, 0.175, 0.611, 0.162, 0.146, 0.585, 0.134, 0.121, 0.985, 0.857, 0.134, 0.101, 0.112, 0.084, 0.093, 0.069, 0.818, 0.712, 0.077, 0.058, 0.064, 0.048, 0.645, 0.112, 0.04, 0.734, 0.592, 0.053, 0.033, 0.615, 0.093, 0.027, 0.044, 0.023, 0.838, 0.037, 0.019, 0.593, 0.077, 0.016, 0.03, 0.013, 0.857, 0.901, 0.025, 0.011, 0.021, 0.009, 0.017, 0.008, 0.776, 0.491, 0.015, 0.006, 0.79, 0.012, 0.005, 0.01, 0.004, 0.008, 0.004, 0.657, 0.491, 0.661, 0.064, 0.003, 0.007, 0.002, 0.709, 0.053, 1.0, 0.712, 0.549, 0.044, 0.171, 0.589, 0.037, 0.859, 0.49, 0.03, 0.287, 0.999, 0.456, 0.025, 0.712, 0.507, 0.996, 0.379, 0.187, 0.239, 0.006, 0.198, 0.005, 0.165, 0.421, 0.857, 0.315, 0.298, 0.137, 0.919, 0.712, 0.004, 0.114, 0.999, 0.592, 0.172, 0.094, 0.46, 0.998, 0.491, 0.382, 0.375, 0.078, 0.914, 0.143, 0.065, 0.119, 0.054, 0.76, 0.099, 0.045, 0.529, 0.858, 0.408, 0.439, 0.428, 0.037, 0.745, 0.082, 0.031, 0.068, 0.0]
action_selection_prob
[0.5, 0.5, 0.5, 0.5, 0.5, 0.538, 0.516, 0.493, 0.447, 0.485, 0.759, 0.417, 0.521, 0.845, 0.443, 0.512, 0.568, 0.885, 0.382, 0.475, 0.533, 0.834, 0.416, 0.596, 0.884, 0.652, 0.91, 0.389, 0.572, 0.859, 0.662, 0.897, 0.425, 0.713, 0.908, 0.41, 0.673, 0.915, 0.738, 0.922, 0.43, 0.769, 0.923, 0.424, 0.702, 0.925, 0.651, 0.896, 0.752, 0.916, 0.425, 0.785, 0.919, 0.79, 0.923, 0.434, 0.805, 0.923, 0.436, 0.716, 0.924, 0.442, 0.391, 0.812, 0.925, 0.815, 0.926, 0.82, 0.927, 0.429, 0.388, 0.825, 0.926, 0.827, 0.927, 0.412, 0.727, 0.927, 0.42, 0.388, 0.83, 0.927, 0.402, 0.732, 0.927, 0.831, 0.927, 0.412, 0.833, 0.927, 0.422, 0.736, 0.927, 0.833, 0.927, 0.571, 0.521, 0.838, 0.932, 0.84, 0.932, 0.841, 0.932, 0.49, 0.394, 0.842, 0.932, 0.468, 0.842, 0.932, 0.842, 0.932, 0.843, 0.932, 0.48, 0.157, 0.524, 0.747, 0.933, 0.859, 0.932, 0.492, 0.749, 0.932, 0.53, 0.493, 0.707, 0.918, 0.524, 0.73, 0.924, 0.485, 0.662, 0.898, 0.508, 0.479, 0.704, 0.086, 0.47, 0.703, 0.473, 0.635, 0.933, 0.833, 0.941, 0.845, 0.944, 0.478, 0.686, 0.46, 0.615, 0.947, 0.457, 0.619, 0.869, 0.945, 0.852, 0.734, 0.827, 0.943, 0.467, 0.633, 0.78, 0.451, 0.61, 0.939, 0.46, 0.821, 0.939, 0.822, 0.94, 0.472, 0.83, 0.94, 0.484, 0.635, 0.8, 0.467, 0.622, 0.938, 0.47, 0.825, 0.937, 0.826, 0.0]
results_dict
Dict{String,Any}("QSA_record" => [0.0, 0.0, 0.0, 0.0, 0.0, 0.9134918141304721, 0.9185460395964381, 0.923661144593957, 0.9286456340551381, 0.9323196318145037, 0.9454916685747821, 0.9365687679196641, 0.9430533744418406, 0.9606148614557358, 0.9415364007906264, 0.946064906169694, 0.9517710520681891, 0.9707874593104714, 0.9451005748982975, 0.946301570338499, 0.9482921815113544, 0.963163580337732, 0.9435931985035874, 0.9533505532475803, 0.9711004157664286, 0.9512437951675259, 0.9776322305214574, 0.9472511355236555, 0.955099256515679, 0.9702176378555544, 0.9524321339237388, 0.9759246765178111, 0.9514043485938526, 0.9600905429735139, 0.9817331775730846, 0.9543638366916908, 0.9680988799182688, 0.9858191165492367, 0.9662861375480999, 0.9887350731787289, 0.9598693309236056, 0.9713296442599084, 0.9911874646776433, 0.9613506018222734, 0.9755505615120277, 0.9929436276353993, 0.9719071228199254, 0.9866901207974411, 0.9691796003260678, 0.9889764704465108, 0.9604705288367039, 0.9732348641377837, 0.9913266283978385, 0.9743194431688093, 0.9930369066897758, 0.9636618375992948, 0.9774718164673406, 0.9944490021607081, 0.9648171623945434, 0.9790747850304712, 0.9955088514544095, 0.9658948645595893, 0.9689128351833285, 0.9799313788185461, 0.996378087486603, 0.9803120799894336, 0.9970350947065976, 0.981225800372849, 0.997574174240709, 0.9668209017578316, 0.9699668935916922, 0.9824058801631431, 0.9980150221445045, 0.9826177740420079, 0.9983647506951021, 0.9665809724496427, 0.9824901896181228, 0.9986538074934274, 0.9672507566041517, 0.970616608519371, 0.9836424796312216, 0.9988961783921099, 0.9665549483605922, 0.983214859716247, 0.9990877312016759, 0.9839749891029855, 0.9992490189560841, 0.9673947095065256, 0.9843717424000287, 0.9993790262548147, 0.9679780828627812, 0.9838535127376589, 0.9994857143951253, 0.9845785905342687, 0.9995755566961535, 0.9719105805494244, 0.9713221465875864, 0.9848061797408302, 0.999642056002379, 0.9848650228350911, 0.9997028323841299, 0.9849819034454795, 0.9997535238570187, 0.9686004093334032, 0.9712533667872171, 0.9851207212406892, 0.9997955681195164, 0.9675656317145932, 0.9851944103359164, 0.9998303524356473, 0.9852277357233092, 0.9998591839083878, 0.9852834624391912, 0.9998831076323998, 0.9682372796882104, 0.9654539320183565, 0.9711812053025181, 0.9844276004118233, 0.9999029070869209, 0.9853492620862022, 0.9999196518037409, 0.96881327423145, 0.984634171014608, 0.9999332833199603, 0.9673318440863851, 0.9672759170022087, 0.9764411040731359, 0.9911340023812744, 0.9620043606122309, 0.9777843001211637, 0.9927609487124238, 0.9591828856359913, 0.9700010699331019, 0.983881285310241, 0.9565985816946325, 0.9587554545753426, 0.9718094154031381, 0.9585023858498141, 0.955623126475831, 0.9719559479088908, 0.9591954832050933, 0.9674533991888894, 0.9862706307981334, 0.9719502338686865, 0.9886652511295336, 0.9743176421463982, 0.9908012257477383, 0.9582139364011031, 0.9738673518974872, 0.9614954210026999, 0.9696952203110769, 0.9925639417487094, 0.9578006908946264, 0.9709214083512053, 0.9794448543860792, 0.9939820463766628, 0.9795752305203929, 0.9771093997120606, 0.9777058146181775, 0.9951673673656092, 0.9622582771515779, 0.9750155651107901, 0.9819414220696278, 0.9621131539549723, 0.9745277040907718, 0.9961595731415087, 0.9637265665025796, 0.9808567181196661, 0.9968663309745865, 0.9811700553892055, 0.9974112554784652, 0.9651121502309601, 0.9822926816407787, 0.9978691190008169, 0.9659603835169568, 0.9776823685220737, 0.9862005985837534, 0.9653445963314042, 0.9774562846127389, 0.9982583487986342, 0.9663681816964635, 0.9833561041313637, 0.9985710359043579, 0.9835011898795865, 0.0],"final_Tsas" => Dict{Int64,Any}(1 => [0.14285714285714285 0.14285714285714285; 0.0324200693131968 0.1186836672744226; 0.00014996670968779998 0.06805467267803018; 0.09860069014394096 0.9742062273778236; 0.0007954152013348825 0.14285714285714285; 0.6607669185992588 0.06805467267803018; 0.000180511911720331 0.09860069014394096]

[0.14285714285714285 0.14285714285714285; 0.0324200693131968 0.1186836672744226; 0.00014996670968779998 0.5916719639318189; 0.09860069014394096 3.679381417340006e-6; 0.11398890821515169 0.14285714285714285; 0.056538846900123514 0.06805467267803018; 0.026685469286905832 0.40839585913635423]

[0.14285714285714285 0.14285714285714285; 0.09939035062894623 0.1186836672744226; 0.00014996670968779998 0.06805467267803018; 0.09860069014394096 1.2827967891433435e-5; 0.0007954152013348825 0.14285714285714285; 0.056538846900123514 0.5916719639318189; 0.3807672757819319 0.09860069014394096]

[0.14285714285714285 0.14285714285714285; 0.0324200693131968 0.1186836672744226; 0.943462249647203 0.06805467267803018; 0.09860069014394096 3.679381417340006e-6; 0.6444236010094893 0.14285714285714285; 0.056538846900123514 0.06805467267803018; 0.000180511911720331 0.09860069014394096]

[0.14285714285714285 0.14285714285714285; 0.7385093028050698 0.1186836672744226; 0.00014996670968779998 0.06805467267803018; 0.09860069014394096 6.208626358364193e-5; 0.0007954152013348825 0.14285714285714285; 0.056538846900123514 0.06805467267803018; 0.5274894549313507 0.09860069014394096]

[0.14285714285714285 0.14285714285714285; 0.0324200693131968 0.28789799635346436; 0.055787916804358 0.06805467267803018; 0.09860069014394096 3.679381417340006e-6; 0.23840582997001955 0.14285714285714285; 0.056538846900123514 0.06805467267803018; 0.06451626426465047 0.09860069014394096]

[0.14285714285714285 0.14285714285714285; 0.0324200693131968 0.1186836672744226; 0.00014996670968779998 0.06805467267803018; 0.40839585913635423 0.025707820246449326; 0.0007954152013348825 0.14285714285714285; 0.056538846900123514 0.06805467267803018; 0.000180511911720331 0.09860069014394096]),"final_Reward" => Dict{Int64,Any}(1 => [1.0, 0.0, 0.0, 0.0, 0.0, 0.0, 0.0]),"final_Qsa" => [0.0 0.0; 0.9669134707650177 0.9727050978694767; 0.9838385929776622 0.9651781822559927; 0.9666809983016756 0.9988160328427559; 0.9791174448665086 0.972349839706065; 0.9890568427426414 0.9709268196093713; 0.9672183946432035 0.9681102979948778])