DateTime of fitting: 2020-02-09T16:32:33.33
DATA_STATS
nr_subjects: 1
all_subject_ids: [14]
nr_puzzles: 1
nr_episodes: 43
nr_actions: 193
max_state_id: 7
max_action_id: 2
SUBJECT_SIGNALS
subject_id: 14
algorithm_name: Sarsa-Lambda (ReplTrc)
param_string: alpha=0.3552, gamma=0.9066,
                lambda=0.6637, temp=0.3249,
                reward_magnitude=1.0,
                action_cost=0.0,
                initQSA=nothing, use_replacing_trace=true
param_vector: [0.3551629306680744, 0.9065592399614789, 0.6637176823732577, 0.3248620823084836, 1.0, 0.0, 0.0]
LL: -101.9
RPE
[0.0, 0.0, 0.0, 0.0, 0.0, 0.0, 0.0, 0.0, 0.0, 0.0, 0.0, 0.0, 0.0, 0.0, 0.0, 0.0, 0.0, 0.0, 0.0, 0.0, 0.0, 0.0, 0.0, 0.0, 0.0, 0.0, 1.0, 0.065, 0.108, 0.645, 0.096, 0.14, 0.416, 0.024, 0.263, 0.104, 0.135, 0.268, 0.099, 0.116, 0.173, 0.088, 0.094, -0.888, 0.503, -0.003, 0.32, 0.404, 0.032, 0.206, 0.277, 0.043, -0.867, 0.0, 0.507, 0.376, 0.144, 0.057, 0.242, 0.115, 0.063, -0.844, 1.0, 0.067, 0.015, 0.242, 0.061, 0.036, 0.156, 0.493, 0.159, 0.04, 0.101, 0.113, 0.037, 0.065, -0.08, 0.079, -0.127, 0.048, 0.643, 0.042, -0.454, -0.006, -0.023, -0.04, -0.009, 0.223, -0.165, 0.645, 0.194, 0.044, 0.027, 0.131, -0.23, -0.62, 0.587, -0.464, 0.141, -0.137, 0.076, 0.033, 0.112, -0.08, 0.428, 0.017, 0.061, -0.161, 0.416, 0.046, 0.13, -0.184, 0.064, -0.354, 0.268, 0.021, 0.278, 0.011, 0.029, 0.04, 0.144, -0.059, 0.268, 0.037, 0.048, -0.132, 0.017, 0.148, 0.141, 0.007, 0.644, 0.005, 0.261, 0.173, 0.187, 0.111, 0.195, 0.003, 0.127, 0.094, 0.002, 0.032, 0.063, 0.072, 0.058, 0.02, 0.046, -0.414, 0.179, 0.25, 0.03, 0.056, 0.044, 0.001, 0.09, 0.001, 0.041, 0.029, 0.001, 0.029, -0.72, 0.889, 0.019, 0.047, 0.012, -0.163, 0.117, 0.25, 0.0, 0.032, 0.008, 0.026, 0.0, 0.209, 0.019, 0.0, -0.164, 0.137, 0.012, 0.0, -0.09, 0.09, 0.008, 0.0, 0.059, 0.0, 0.005, -0.216, 0.024, 0.043, 0.038, 0.004, 0.0]
SPE
Float64[]
action_selection_prob
[0.5, 0.5, 0.5, 0.5, 0.5, 0.5, 0.5, 0.5, 0.5, 0.5, 0.5, 0.5, 0.5, 0.5, 0.5, 0.5, 0.5, 0.5, 0.5, 0.5, 0.5, 0.5, 0.5, 0.5, 0.5, 0.5, 0.5, 0.598, 0.639, 0.749, 0.689, 0.753, 0.858, 0.536, 0.559, 0.76, 0.824, 0.905, 0.812, 0.866, 0.927, 0.848, 0.891, 0.939, 0.389, 0.861, 0.89, 0.555, 0.884, 0.92, 0.683, 0.9, 0.935, 0.5, 0.329, 0.872, 0.702, 0.864, 0.912, 0.76, 0.888, 0.931, 0.382, 0.841, 0.879, 0.912, 0.864, 0.896, 0.931, 0.119, 0.772, 0.909, 0.941, 0.812, 0.918, 0.947, 0.211, 0.352, 0.523, 0.163, 0.496, 0.95, 0.785, 0.394, 0.329, 0.313, 0.385, 0.317, 0.68, 0.598, 0.72, 0.924, 0.952, 0.768, 0.928, 0.767, 0.13, 0.758, 0.156, 0.326, 0.164, 0.312, 0.406, 0.677, 0.577, 0.954, 0.719, 0.809, 0.721, 0.347, 0.351, 0.744, 0.356, 0.713, 0.176, 0.642, 0.656, 0.954, 0.314, 0.286, 0.684, 0.755, 0.803, 0.345, 0.324, 0.731, 0.317, 0.704, 0.775, 0.955, 0.245, 0.955, 0.397, 0.845, 0.496, 0.868, 0.565, 0.956, 0.642, 0.801, 0.956, 0.687, 0.617, 0.881, 0.709, 0.817, 0.889, 0.729, 0.175, 0.657, 0.894, 0.72, 0.765, 0.956, 0.644, 0.956, 0.738, 0.774, 0.956, 0.334, 0.645, 0.044, 0.897, 0.685, 0.899, 0.302, 0.221, 0.599, 0.89, 0.698, 0.901, 0.706, 0.89, 0.288, 0.725, 0.89, 0.75, 0.34, 0.729, 0.89, 0.734, 0.376, 0.732, 0.89, 0.4, 0.733, 0.901, 0.727, 0.266, 0.681, 0.416, 0.72, 0.89]
results_dict
Dict{String,Any}("trialByTrial_Qsa" => [0.0, 0.0, 0.0, 0.0, 0.0, 0.0, 0.0, 0.0, 0.0, 0.0, 0.0, 0.0, 0.0, 0.0, 0.0, 0.0, 0.0, 0.0, 0.0, 0.0, 0.0, 0.0, 0.0, 0.0, 0.0, 0.0, 0.0, 0.12858395640720394, 0.21370132146170384, 0.3551629306680744, 0.25777664286487795, 0.38995909144433893, 0.5841851540154134, 0.04655281398379324, 0.07736888912169247, 0.3750897288895902, 0.528413997059204, 0.7318671733305931, 0.47535007727957007, 0.6336851107229239, 0.8270980138588145, 0.5576040767704311, 0.7118789383093106, 0.8885063899750487, 3.7954214916716045e-5, 0.6199770043749445, 0.6801254864391904, 0.21928322148727883, 0.6872521827720867, 0.7937330561214722, 0.396108954100722, 0.7428083840982866, 0.8669914284093173, 0.0, 0.0, 0.6242382195641376, 0.42645651282387503, 0.6295693273840289, 0.757694874736792, 0.5211085161456142, 0.7017103096519919, 0.8437526731411679, 0.0, 0.5422926041567825, 0.6724300249915567, 0.7577843224510327, 0.6004504876198207, 0.7293581612304108, 0.8438103523430772, 0.0, 0.5443462033183633, 0.7753819948418937, 0.8992831253449238, 0.6221403388705389, 0.8110661786104427, 0.9350540257151498, 0.22207522639637148, 0.15662684659924367, 0.2603074678200111, 0.1473617874205066, 0.22552274619738236, 0.9581204282772506, 0.6497212414841661, 0.2155849069570659, 0.23098689820979398, 0.2291074901675743, 0.20324781537103795, 0.21295867563946763, 0.4867667258274173, 0.3551629306680744, 0.5660417865314629, 0.8379497542912897, 0.9729944997054261, 0.6477071927327941, 0.8593932820438803, 0.645238627184573, 0.02801080013441775, 0.678499019857592, 0.13734910734469213, 0.3071567485690321, 0.15814330036700652, 0.27469537996004456, 0.339742505550524, 0.4992390318991519, 0.46286715614489093, 0.9825858523342045, 0.5646431303338294, 0.6905674749600444, 0.5841851540154134, 0.33409773819326816, 0.41881016174507407, 0.605516962526889, 0.425717529605495, 0.5538628746193511, 0.2209258384302313, 0.5398645292352405, 0.6185646215886295, 0.988770712054275, 0.35369151945638744, 0.42227388394628856, 0.5103660524904121, 0.7222574261020791, 0.7318671733305931, 0.3991725585729916, 0.48067015280410846, 0.5835696461485268, 0.4695897159278064, 0.5402087712771478, 0.7586825394161826, 0.9927589388703943, 0.25879216886357137, 0.9953306953623318, 0.4883494516620993, 0.8270980138588145, 0.6181611178511046, 0.8885063899750487, 0.7085174789474629, 0.9969890592816281, 0.6081010239408705, 0.8104188364808602, 0.9980584338112328, 0.6734805293544996, 0.7785285618334334, 0.9281047872622739, 0.7076293345399556, 0.8443541210225394, 0.9536393017192093, 0.7384405536598967, 0.3573425772943459, 0.6294057208896493, 0.9701049031884332, 0.7246034879011669, 0.8614273727004933, 0.9987480061489215, 0.8162158646427686, 0.9991926679542489, 0.7541735066239965, 0.8773209794155874, 0.9994794023696401, 0.6237540884109286, 0.7196337840684247, 0.0, 0.9807225333846351, 0.8482150687787551, 0.9875691749236041, 0.595951340643656, 0.47807008040536547, 0.6565235411430791, 0.9996642993497376, 0.8675908090745459, 0.991984143188359, 0.8805630349767344, 0.9997835277765119, 0.5953821477105004, 0.8876489580545124, 0.9998604106858142, 0.7750098794505285, 0.6737584082352287, 0.8943500751752179, 0.9999099876357304, 0.7475376484320273, 0.7250271191503105, 0.8986765718406232, 0.9999419566908208, 0.7585576182544386, 0.9014699187175409, 0.9948310783853971, 0.7356567707215307, 0.5730733772323405, 0.6640778259500398, 0.7801488080646374, 0.9027177924170456, 0.9999625715226145],"StateValue_V2_record" => [0.0, 0.0, 0.0, 0.0, 0.0, 0.0, 0.0, 0.0, 0.0, 0.0, 0.0, 0.0, 0.0, 0.0, 0.0, 0.0, 0.0, 0.0, 0.0, 0.0, 0.0, 0.0, 0.0, 0.0, 0.0, 0.0, 0.0, 1.0, 0.11656897379175474, 0.19373290756308592, 0.32197623648894097, 1.0, 0.23368979743540533, 0.35352101755584875, 0.5295984492209926, 1.0, 0.04220288366321571, 0.07013948131882546, 0.3400410595395041, 0.47903859155899914, 0.6634809484073385, 1.0, 0.4309330047741973, 0.5744730923518795, 0.7498133468174957, 1.0, 0.5055011280364242, 0.6453604292582732, 0.8054836775966976, 0.13359219000329947, 0.5620458818797441, 0.6165740440647436, 1.0, 0.19879323060781215, 0.6230348164757302, 0.7195660360897836, 1.0, 0.35909623237148686, 0.673399804125157, 0.7859790903918676, 0.0, 0.20940330688213032, 0.5659089258829714, 1.0, 0.38660809214223485, 0.5707418909363248, 0.6868952897640941, 1.0, 0.472415740334422, 0.6361419649912438, 0.7649117820783233, 0.1419915150105735, 1.0, 0.49162037106110384, 0.6095976523836238, 0.6869763794159325, 1.0, 0.544343937691124, 0.661206380304743, 0.7649640716917678, 1.0, 0.5890107948667141, 0.49348208035621205, 0.7029297119236826, 0.8152534266228775, 1.0, 0.5640070727558527, 0.7352795384395441, 0.8476818668752474, 1.0, 0.5890107948667141, 0.32197623648894097, 0.23598414018320638, 0.6150995557567069, 0.20940330688213032, 0.868592927250591, 1.0, 0.5890107948667141, 0.32197623648894097, 0.4196164972778435, 0.4388310219501813, 0.32197623648894097, 0.4196164972778435, 0.44128287300464103, 0.32197623648894097, 1.0, 0.5131504117844007, 0.7596510923762196, 0.8820771541396505, 1.0, 0.587184940361425, 0.779090920597701, 0.5849470394542345, 0.5849822745819153, 0.6150995557567069, 0.6208684923345806, 0.4930148161027227, 0.6233394002847443, 0.4823605836367732, 0.4196164972778435, 0.4525897573175997, 0.4196164972778435, 0.8907722834889984, 1.0, 0.5118824470849067, 0.6260403252418956, 0.5295984492209926, 1.0, 0.48941917730566126, 0.5607654732144477, 0.5489369973321598, 0.5607654732144477, 0.5021095066577989, 0.6547691432636349, 0.48941917730566126, 0.5607654732144477, 0.8963792252160939, 1.0, 0.5512796020836327, 0.6523906563356742, 0.46267706064784825, 0.6547691432636349, 0.6634809484073385, 1.0, 0.5512796020836327, 0.6523906563356742, 0.5290404548769977, 0.6523906563356742, 0.4897312531095355, 0.6877906663051793, 0.899994789087309, 1.0, 0.5654700323126766, 0.9023262386980058, 1.0, 0.5654700323126766, 0.7498133468174957, 1.0, 0.5654700323126766, 0.8054836775966976, 1.0, 0.642313067214035, 0.9038296438322626, 1.0, 0.5512796020836327, 0.7346926844505547, 0.9047990951930552, 1.0, 0.6105499968204697, 0.7057822613040207, 0.8413819705450971, 1.0, 0.6415079116949892, 0.7654570302125359, 0.8645305205639618, 1.0, 0.6694401070826497, 0.7809349442773729, 0.5705935719571272, 0.8794575637174101, 1.0, 0.6568959872651186, 0.7809349442773729, 0.9054242333674087, 1.0, 0.7399480338950497, 0.9058273456356862, 1.0, 0.6837029609641336, 0.7953434403012551, 0.906087287369374, 1.0, 0.7689572080759418, 0.6523906563356742, 0.9062549074351224, 0.889083074478271, 1.0, 0.7689572080759418, 0.8952899606281274, 1.0, 0.7865224644721849, 0.8047063647664974, 0.5951774824754885, 0.9062549074351224, 1.0, 0.7865224644721849, 0.8992923909026777, 1.0, 0.7982825557266815, 0.9063629950670807, 1.0, 0.806631467571399, 0.8047063647664974, 0.9064326939789039, 1.0, 0.7025923672773084, 0.806631467571399, 0.8107813244103371, 0.9064776384209395, 1.0, 0.6776871624051299, 0.806631467571399, 0.8147035499390228, 0.9065066202632245, 1.0, 0.806631467571399, 0.81723588436071, 0.9018733063111241, 1.0, 0.6669164429378268, 0.818367155793301, 0.6020258891685394, 0.806631467571399, 0.818367155793301, 0.9065253088294674, 1.0],"final_QSA" => Dict{Int64,Any}(1 => [0.0 0.0; 0.9999758647303332 0.31988897042922193; 0.996666887734433 0.2762928768300004; 0.5258514523933011 0.7452906047476803; 0.5961241938937444 0.9040780796197257; 0.7945410324397671 0.8897724848137603; 0.4177546251943689 0.6880711689537351]),"trialByTrial_Vs" => [0.0, 0.0, 0.0, 0.0, 0.0, 0.0, 0.0, 0.0, 0.0, 0.0, 0.0, 0.0, 0.0, 0.0, 0.0, 0.0, 0.0, 0.0, 0.0, 0.0, 0.0, 0.0, 0.0, 0.0, 0.0, 0.0, 0.0, 0.12858395640720394, 0.21370132146170384, 0.3551629306680744, 0.25777664286487795, 0.38995909144433893, 0.5841851540154134, 0.04655281398379324, 0.07736888912169247, 0.3750897288895902, 0.528413997059204, 0.7318671733305931, 0.47535007727957007, 0.6336851107229239, 0.8270980138588145, 0.5576040767704311, 0.7118789383093106, 0.8885063899750487, 0.1473617874205066, 0.6199770043749445, 0.6801254864391904, 0.21928322148727883, 0.6872521827720867, 0.7937330561214722, 0.396108954100722, 0.7428083840982866, 0.8669914284093173, 0.0, 0.23098689820979398, 0.6242382195641376, 0.42645651282387503, 0.6295693273840289, 0.757694874736792, 0.5211085161456142, 0.7017103096519919, 0.8437526731411679, 0.15662684659924367, 0.5422926041567825, 0.6724300249915567, 0.7577843224510327, 0.6004504876198207, 0.7293581612304108, 0.8438103523430772, 0.6497212414841661, 0.5443462033183633, 0.7753819948418937, 0.8992831253449238, 0.6221403388705389, 0.8110661786104427, 0.9350540257151498, 0.6497212414841661, 0.3551629306680744, 0.2603074678200111, 0.678499019857592, 0.23098689820979398, 0.9581204282772506, 0.6497212414841661, 0.3551629306680744, 0.46286715614489093, 0.48406215788923834, 0.3551629306680744, 0.46286715614489093, 0.4867667258274173, 0.3551629306680744, 0.5660417865314629, 0.8379497542912897, 0.9729944997054261, 0.6477071927327941, 0.8593932820438803, 0.645238627184573, 0.6452774940629055, 0.678499019857592, 0.6848625715413394, 0.5438307772624673, 0.6875881606051811, 0.5320783930868869, 0.46286715614489093, 0.4992390318991519, 0.46286715614489093, 0.9825858523342045, 0.5646431303338294, 0.6905674749600444, 0.5841851540154134, 0.5398645292352405, 0.6185646215886295, 0.605516962526889, 0.6185646215886295, 0.5538628746193511, 0.7222574261020791, 0.5398645292352405, 0.6185646215886295, 0.988770712054275, 0.6081010239408705, 0.7196337840684247, 0.5103660524904121, 0.7222574261020791, 0.7318671733305931, 0.6081010239408705, 0.7196337840684247, 0.5835696461485268, 0.7196337840684247, 0.5402087712771478, 0.7586825394161826, 0.9927589388703943, 0.6237540884109286, 0.9953306953623318, 0.6237540884109286, 0.8270980138588145, 0.6237540884109286, 0.8885063899750487, 0.7085174789474629, 0.9969890592816281, 0.6081010239408705, 0.8104188364808602, 0.9980584338112328, 0.6734805293544996, 0.7785285618334334, 0.9281047872622739, 0.7076293345399556, 0.8443541210225394, 0.9536393017192093, 0.7384405536598967, 0.8614273727004933, 0.6294057208896493, 0.9701049031884332, 0.7246034879011669, 0.8614273727004933, 0.9987480061489215, 0.8162158646427686, 0.9991926679542489, 0.7541735066239965, 0.8773209794155874, 0.9994794023696401, 0.8482150687787551, 0.7196337840684247, 0.9996642993497376, 0.9807225333846351, 0.8482150687787551, 0.9875691749236041, 0.8675908090745459, 0.8876489580545124, 0.6565235411430791, 0.9996642993497376, 0.8675908090745459, 0.991984143188359, 0.8805630349767344, 0.9997835277765119, 0.8897724848137603, 0.8876489580545124, 0.9998604106858142, 0.7750098794505285, 0.8897724848137603, 0.8943500751752179, 0.9999099876357304, 0.7475376484320273, 0.8897724848137603, 0.8986765718406232, 0.9999419566908208, 0.8897724848137603, 0.9014699187175409, 0.9948310783853971, 0.7356567707215307, 0.9027177924170456, 0.6640778259500398, 0.8897724848137603, 0.9027177924170456, 0.9999625715226145],"RPE_QV" => [0.0, 0.0, 0.0, 0.0, 0.0, 0.0, 0.0, 0.0, 0.0, 0.0, 0.0, 0.0, 0.0, 0.0, 0.0, 0.0, 0.0, 0.0, 0.0, 0.0, 0.0, 0.0, 0.0, 0.0, 0.0, 0.0, 1.0, 0.06514895115588198, 0.10827491502723713, 0.6448370693319256, 0.0957443746909708, 0.1396393577766537, 0.4158148459845866, 0.023586667335032216, 0.2626721704178116, 0.10394886266940895, 0.1350669513481345, 0.26813282666940685, 0.09912301507230942, 0.11612823609457179, 0.17290198614118546, 0.08775635248784208, 0.093604739287387, -0.7549141999717492, 0.5033347163107226, -0.003047693774478444, 0.31987451356080965, 0.40375159498845137, 0.03231385331769698, 0.20626694387852784, 0.277290850024435, 0.043170706293580996, -0.8669914284093173, 0.20940330688213032, 0.5068284532044646, 0.3757617804358624, 0.14428537811244974, 0.057325962380065154, 0.24230512526320802, 0.1150334488456296, 0.06320147242633145, -0.7017611581305944, 1.0, 0.06730504822684136, 0.014546354424375796, 0.24221567754896733, 0.06075589268492232, 0.03560591046135708, 0.15618964765692278, 0.49348208035621205, 0.15858350860531933, 0.039871431780983735, 0.10071687465507617, 0.1131391995690052, 0.03661568826480466, 0.06494597428485016, 0.09990101009256949, 0.07935729358396271, 0.35479208793669587, 0.06204151946162373, 0.6430701810532087, 0.041879571722749365, -0.32774500499522513, 0.2040315903207776, 0.21055871043499405, 0.09286874632136666, 0.21636868190680555, 0.2226698419385268, -0.16479048933847634, 0.6448370693319256, 0.19360930584475677, 0.04412739984836078, 0.027005500294573936, 0.13138372786490693, -0.22990590344862538, 0.059828055874149744, 0.5870887556222892, -0.025080411508108136, 0.3283287011350785, 0.31966685261578975, 0.31887724443680326, 0.14492111731779894, 0.11181924162471824, -0.07962253462130842, 0.42790512734410746, 0.01741414766579552, 0.061397194908066166, -0.1609690257390518, 0.4158148459845866, 0.22666773502117954, 0.13012683558708577, -0.04475148931244133, 0.06399419549240054, 0.10090626864428376, 0.2684933388754299, 0.020900943979207165, 0.27781460362746446, 0.011229287945724975, 0.29869913687928673, 0.040403176701559684, 0.14440309077322278, -0.05877647769474059, 0.26813282666940685, 0.25321809776268256, 0.048370302072889226, 0.06882101018714737, 0.016872733468365708, 0.14758189502803143, 0.14131224967112643, 0.007241061129605653, 0.6435340698344344, 0.004669304637668237, 0.26146389515539636, 0.17290198614118546, 0.18732255974559298, 0.11149361002495128, 0.19531216488479974, 0.003010940718371935, 0.12659166050968418, 0.09438025871219502, 0.0019415661887671742, 0.03230173194952102, 0.06285340871166367, 0.07189521273772614, 0.05782769567258028, 0.020176399541422474, 0.0463606982807907, 0.042494390617476174, 0.17864213452749395, 0.25005184282776083, 0.029895096811566768, 0.05633145637620596, 0.04399686066691544, 0.0012519938510785478, 0.0896114809929176, 0.000807332045751119, 0.04116993367725863, 0.02876630795378665, 0.0005205976303599424, 0.02863656792474556, 0.18662112336669767, 0.889083074478271, 0.01927746661536489, 0.0470748918493723, 0.012430825076395924, 0.20875502412284141, 0.11710740207012305, 0.2497313662920433, 0.00033570065026244933, 0.031701581828131764, 0.008015856811640965, 0.025799960090346352, 0.00021647222348808448, 0.20932421705599702, 0.01878373592439153, 0.00013958931418578402, 0.03162158812087057, 0.13702291617510842, 0.012127563245721618, 9.001236426964265e-5, 0.05909381913937173, 0.08967643078871235, 0.007830048422601266, 5.8043309179245384e-5, 0.05867826610627147, 0.0004033875935831599, 0.005168921614602917, 0.08271038507177031, 0.024253760412204062, 0.1425536416213592, 0.038218347728663615, 0.0038075164124217187, 3.7428477385526016e-5],"StateValue_V3_record" => [0.0, 0.0, 0.0, 0.0, 0.0, 0.0, 0.0, 0.0, 0.0, 0.0, 0.0, 0.0, 0.0, 0.0, 0.0, 0.0, 0.0, 0.0, 0.0, 0.0, 0.0, 0.0, 0.0, 0.0, 0.0, 0.0, 0.0, 0.3551629306680744, 0.12858395640720394, 0.15172244882967822, 0.2521565576006141, 0.5841851540154134, 0.25777664286487795, 0.29178149557510535, 0.439553814988903, 0.7318671733305931, 0.04655281398379324, 0.05492992387919622, 0.17066030697222634, 0.4120085115948707, 0.5763847713364096, 0.8270980138588145, 0.47535007727957007, 0.5105548978093072, 0.674929555387586, 0.8885063899750487, 0.5576040767704311, 0.5887718801047537, 0.74512387183904, 0.5729540769494772, 0.17880378716681677, 0.6188945765222219, 0.7937330561214722, 0.21928322148727883, 0.36268082122528666, 0.6987288656175782, 0.8669914284093173, 0.396108954100722, 0.4945923850428418, 0.7581410186645255, 0.5590682118313641, 0.0, 0.23098689820979398, 0.757694874736792, 0.42645651282387503, 0.47770133056684394, 0.6499293841863006, 0.8437526731411679, 0.5211085161456142, 0.561964132962484, 0.7241571298214653, 0.5440830009893288, 0.3551629306680744, 0.5422926041567825, 0.5661968623337835, 0.6775963508594545, 0.8438103523430772, 0.6004504876198207, 0.6220287285211528, 0.7420040607389714, 0.8992831253449238, 0.6497212414841661, 0.6497212414841661, 0.6006691869902543, 0.7895428494031601, 0.9350540257151498, 0.6221403388705389, 0.662323188562907, 0.8240707137629993, 0.9581204282772506, 0.6497212414841661, 0.6497212414841661, 0.3551629306680744, 0.23098689820979398, 0.678499019857592, 0.4539174363254892, 0.9729944997054261, 0.6497212414841661, 0.4883775582272046, 0.3551629306680744, 0.46286715614489093, 0.4809543376507526, 0.3551629306680744, 0.46286715614489093, 0.428239252687738, 0.5841851540154134, 0.5660417865314629, 0.6348046349998983, 0.8536221709441955, 0.9825858523342045, 0.6477071927327941, 0.6943698225633912, 0.7777392275971752, 0.42509259738177874, 0.7207676890230015, 0.5136760930257112, 0.6914314846225124, 0.5261879464425062, 0.6888713387579491, 0.5336286635985977, 0.46286715614489093, 0.4709600591558278, 0.6148431952203197, 0.988770712054275, 0.5646431303338294, 0.5864491380121771, 0.6333972440317781, 0.7318671733305931, 0.5398645292352405, 0.5398645292352405, 0.6185646215886295, 0.5401872304767465, 0.6185646215886295, 0.42828418288222786, 0.7222574261020791, 0.5472877697526249, 0.7172340703953493, 0.9927589388703943, 0.6081010239408705, 0.6081010239408705, 0.7196337840684247, 0.5616526774069579, 0.7013822000296683, 0.8270980138588145, 0.6081010239408705, 0.6081010239408705, 0.7196337840684247, 0.536603045838287, 0.7196337840684247, 0.5926243896288516, 0.8088714121486785, 0.9953306953623318, 0.6237540884109286, 0.6237540884109286, 0.9969890592816281, 0.6237540884109286, 0.6237540884109286, 0.8885063899750487, 0.6237540884109286, 0.6846911471505949, 0.9281047872622739, 0.7085174789474629, 0.7778851198230745, 0.9980584338112328, 0.6081010239408705, 0.6530616890856279, 0.8439392057622944, 0.9987480061489215, 0.6734805293544996, 0.6849529071393461, 0.8008517626739462, 0.9536393017192093, 0.7076293345399556, 0.7281675884088107, 0.851520030214001, 0.9701049031884332, 0.7384405536598967, 0.5912296606723844, 0.8614273727004933, 0.7182148662073096, 0.9807225333846351, 0.7246034879011669, 0.744610333036541, 0.87705342667515, 0.9991926679542489, 0.8162158646427686, 0.8480425408537197, 0.9994794023696401, 0.7541735066239965, 0.768795540924222, 0.8875377056529546, 0.9996642993497376, 0.8482150687787551, 0.8482150687787551, 0.5258514523933011, 0.9996642993497376, 0.9875691749236041, 0.8482150687787551, 0.8649343253288608, 0.991984143188359, 0.8675908090745459, 0.8675908090745459, 0.8876489580545124, 0.7452188650751036, 0.9997835277765119, 0.8675908090745459, 0.8788500357834389, 0.9948310783853971, 0.8805630349767344, 0.8897262244135411, 0.9998604106858142, 0.8897724848137603, 0.8897724848137603, 0.8943202447543145, 0.9999099876357304, 0.7750098794505285, 0.7166892959545261, 0.8897724848137603, 0.8986573360794309, 0.9999419566908208, 0.7475376484320273, 0.7154814896066237, 0.8897724848137603, 0.9014575147856673, 0.9999625715226145, 0.8897724848137603, 0.8897724848137603, 0.9016131870374731, 0.996666887734433, 0.7356567707215307, 0.6588947652995363, 0.9027177924170456, 0.6794113762159254, 0.8897724848137603, 0.9040700811046481, 0.9999758647303332],"StateValue_V1_record" => [0.0, 0.0, 0.0, 0.0, 0.0, 0.0, 0.0, 0.0, 0.0, 0.0, 0.0, 0.0, 0.0, 0.0, 0.0, 0.0, 0.0, 0.0, 0.0, 0.0, 0.0, 0.0, 0.0, 0.0, 0.0, 0.0, 0.0, 0.0, 0.12858395640720394, 0.21370132146170384, 0.3551629306680744, 0.0, 0.25777664286487795, 0.38995909144433893, 0.5841851540154134, 0.0, 0.04655281398379324, 0.07736888912169247, 0.3750897288895902, 0.528413997059204, 0.7318671733305931, 0.0, 0.47535007727957007, 0.6336851107229239, 0.8270980138588145, 0.0, 0.5576040767704311, 0.7118789383093106, 0.8885063899750487, 0.1473617874205066, 0.6199770043749445, 0.6801254864391904, 0.0, 0.21928322148727883, 0.6872521827720867, 0.7937330561214722, 0.0, 0.396108954100722, 0.7428083840982866, 0.8669914284093173, 0.0, 0.23098689820979398, 0.6242382195641376, 0.0, 0.42645651282387503, 0.6295693273840289, 0.757694874736792, 0.0, 0.5211085161456142, 0.7017103096519919, 0.8437526731411679, 0.15662684659924367, 0.0, 0.5422926041567825, 0.6724300249915567, 0.7577843224510327, 0.0, 0.6004504876198207, 0.7293581612304108, 0.8438103523430772, 0.0, 0.6497212414841661, 0.5443462033183633, 0.7753819948418937, 0.8992831253449238, 0.0, 0.6221403388705389, 0.8110661786104427, 0.9350540257151498, 0.0, 0.6497212414841661, 0.3551629306680744, 0.2603074678200111, 0.678499019857592, 0.23098689820979398, 0.9581204282772506, 0.0, 0.6497212414841661, 0.3551629306680744, 0.46286715614489093, 0.48406215788923834, 0.3551629306680744, 0.46286715614489093, 0.4867667258274173, 0.3551629306680744, 0.0, 0.5660417865314629, 0.8379497542912897, 0.9729944997054261, 0.0, 0.6477071927327941, 0.8593932820438803, 0.645238627184573, 0.6452774940629055, 0.678499019857592, 0.6848625715413394, 0.5438307772624673, 0.6875881606051811, 0.5320783930868869, 0.46286715614489093, 0.4992390318991519, 0.46286715614489093, 0.9825858523342045, 0.0, 0.5646431303338294, 0.6905674749600444, 0.5841851540154134, 0.0, 0.5398645292352405, 0.6185646215886295, 0.605516962526889, 0.6185646215886295, 0.5538628746193511, 0.7222574261020791, 0.5398645292352405, 0.6185646215886295, 0.988770712054275, 0.0, 0.6081010239408705, 0.7196337840684247, 0.5103660524904121, 0.7222574261020791, 0.7318671733305931, 0.0, 0.6081010239408705, 0.7196337840684247, 0.5835696461485268, 0.7196337840684247, 0.5402087712771478, 0.7586825394161826, 0.9927589388703943, 0.0, 0.6237540884109286, 0.9953306953623318, 0.0, 0.6237540884109286, 0.8270980138588145, 0.0, 0.6237540884109286, 0.8885063899750487, 0.0, 0.7085174789474629, 0.9969890592816281, 0.0, 0.6081010239408705, 0.8104188364808602, 0.9980584338112328, 0.0, 0.6734805293544996, 0.7785285618334334, 0.9281047872622739, 0.0, 0.7076293345399556, 0.8443541210225394, 0.9536393017192093, 0.0, 0.7384405536598967, 0.8614273727004933, 0.6294057208896493, 0.9701049031884332, 0.0, 0.7246034879011669, 0.8614273727004933, 0.9987480061489215, 0.0, 0.8162158646427686, 0.9991926679542489, 0.0, 0.7541735066239965, 0.8773209794155874, 0.9994794023696401, 0.0, 0.8482150687787551, 0.7196337840684247, 0.9996642993497376, 0.9807225333846351, 0.0, 0.8482150687787551, 0.9875691749236041, 0.0, 0.8675908090745459, 0.8876489580545124, 0.6565235411430791, 0.9996642993497376, 0.0, 0.8675908090745459, 0.991984143188359, 0.0, 0.8805630349767344, 0.9997835277765119, 0.0, 0.8897724848137603, 0.8876489580545124, 0.9998604106858142, 0.0, 0.7750098794505285, 0.8897724848137603, 0.8943500751752179, 0.9999099876357304, 0.0, 0.7475376484320273, 0.8897724848137603, 0.8986765718406232, 0.9999419566908208, 0.0, 0.8897724848137603, 0.9014699187175409, 0.9948310783853971, 0.0, 0.7356567707215307, 0.9027177924170456, 0.6640778259500398, 0.8897724848137603, 0.9027177924170456, 0.9999625715226145, 0.0])
POPULATION_SIGNALS
subject_id: 14
algorithm_name: Sarsa-Lambda (ReplTrc)
param_string: alpha=0.1974, gamma=0.9961,
                lambda=0.6128, temp=0.2507,
                reward_magnitude=1.0,
                action_cost=0.0,
                initQSA=nothing, use_replacing_trace=true
param_vector: [0.197445163350583, 0.9960525723724495, 0.6127972592361022, 0.2507274927826116, 1.0, 0.0, 0.0]
LL: -106.85
RPE
[0.0, 0.0, 0.0, 0.0, 0.0, 0.0, 0.0, 0.0, 0.0, 0.0, 0.0, 0.0, 0.0, 0.0, 0.0, 0.0, 0.0, 0.0, 0.0, 0.0, 0.0, 0.0, 0.0, 0.0, 0.0, 0.0, 1.0, 0.046, 0.076, 0.803, 0.08, 0.122, 0.644, 0.017, 0.183, 0.104, 0.147, 0.517, 0.119, 0.157, 0.415, 0.126, 0.158, -0.667, 0.455, 0.097, 0.403, 0.425, 0.116, 0.323, 0.365, 0.117, -0.741, 0.0, 0.592, 0.362, 0.281, 0.116, 0.291, 0.248, 0.115, -0.767, 1.0, 0.247, 0.081, 0.264, 0.217, 0.085, 0.212, 0.447, 0.29, 0.084, 0.17, 0.247, 0.08, 0.136, -0.04, 0.062, -0.08, 0.063, 0.735, 0.11, -0.409, -0.014, 0.028, -0.015, -0.01, 0.336, -0.277, 0.803, 0.293, 0.097, 0.088, 0.247, -0.204, -0.599, 0.579, -0.467, 0.115, -0.093, 0.085, 0.039, 0.313, -0.23, 0.615, 0.071, 0.179, -0.401, 0.644, 0.063, 0.3, -0.245, 0.222, -0.448, 0.384, -0.086, 0.499, 0.057, 0.085, 0.196, 0.189, -0.272, 0.517, 0.093, 0.173, -0.143, 0.128, 0.168, 0.189, 0.045, 0.774, 0.036, 0.24, 0.415, 0.224, 0.333, 0.442, 0.029, 0.23, 0.168, 0.023, -0.026, 0.114, 0.267, 0.17, -0.058, 0.214, -0.468, 0.372, 0.162, 0.172, 0.137, 0.122, 0.019, 0.311, 0.015, 0.12, 0.102, 0.012, -0.107, -0.546, 0.858, 0.138, 0.152, 0.111, -0.286, 0.201, 0.435, 0.01, 0.131, 0.089, 0.175, 0.008, 0.266, 0.087, 0.006, -0.101, 0.221, 0.07, 0.005, -0.061, 0.183, 0.057, 0.004, 0.151, -0.022, 0.071, -0.382, 0.302, 0.039, 0.123, 0.041, 0.003]
SPE
Float64[]
action_selection_prob
[0.5, 0.5, 0.5, 0.5, 0.5, 0.5, 0.5, 0.5, 0.5, 0.5, 0.5, 0.5, 0.5, 0.5, 0.5, 0.5, 0.5, 0.5, 0.5, 0.5, 0.5, 0.5, 0.5, 0.5, 0.5, 0.5, 0.5, 0.573, 0.602, 0.687, 0.646, 0.703, 0.805, 0.527, 0.545, 0.714, 0.78, 0.873, 0.772, 0.836, 0.912, 0.819, 0.876, 0.935, 0.42, 0.869, 0.915, 0.55, 0.897, 0.937, 0.665, 0.917, 0.95, 0.5, 0.375, 0.927, 0.711, 0.908, 0.944, 0.779, 0.926, 0.955, 0.404, 0.833, 0.927, 0.95, 0.872, 0.939, 0.959, 0.101, 0.813, 0.948, 0.965, 0.856, 0.954, 0.969, 0.162, 0.402, 0.533, 0.113, 0.525, 0.972, 0.828, 0.444, 0.325, 0.223, 0.444, 0.328, 0.766, 0.538, 0.788, 0.96, 0.974, 0.835, 0.964, 0.847, 0.055, 0.835, 0.063, 0.212, 0.066, 0.209, 0.413, 0.804, 0.554, 0.976, 0.824, 0.921, 0.655, 0.244, 0.368, 0.843, 0.396, 0.831, 0.079, 0.73, 0.59, 0.977, 0.236, 0.326, 0.817, 0.885, 0.759, 0.279, 0.385, 0.841, 0.401, 0.834, 0.888, 0.978, 0.136, 0.979, 0.227, 0.826, 0.302, 0.868, 0.377, 0.98, 0.686, 0.904, 0.98, 0.74, 0.465, 0.895, 0.762, 0.916, 0.913, 0.791, 0.08, 0.758, 0.926, 0.794, 0.883, 0.98, 0.52, 0.981, 0.821, 0.893, 0.981, 0.418, 0.539, 0.019, 0.935, 0.599, 0.941, 0.36, 0.099, 0.545, 0.961, 0.64, 0.946, 0.672, 0.961, 0.297, 0.863, 0.962, 0.842, 0.353, 0.871, 0.962, 0.848, 0.402, 0.878, 0.962, 0.444, 0.883, 0.949, 0.855, 0.116, 0.835, 0.476, 0.851, 0.962]
results_dict
Dict{String,Any}("trialByTrial_Qsa" => [0.0, 0.0, 0.0, 0.0, 0.0, 0.0, 0.0, 0.0, 0.0, 0.0, 0.0, 0.0, 0.0, 0.0, 0.0, 0.0, 0.0, 0.0, 0.0, 0.0, 0.0, 0.0, 0.0, 0.0, 0.0, 0.0, 0.0, 0.07356049633890632, 0.12051624046486566, 0.197445163350583, 0.15095133676602168, 0.2322724870326988, 0.3559057341706276, 0.02740582007581638, 0.044899729702436025, 0.22893716457058533, 0.3340297000275636, 0.48307903170048183, 0.3051848478102065, 0.42537962934859613, 0.5851425767257217, 0.3780779633684874, 0.5064650471601797, 0.6670541684313135, 2.7304225435889823e-5, 0.49076696863462693, 0.5973858579185349, 0.13127411766663044, 0.5584689402226617, 0.6768800729690646, 0.2529037134056237, 0.6202622838329573, 0.740678539743516, 0.0, 0.0, 0.6379894797944778, 0.30691088195747673, 0.5907026286705286, 0.7094667060910866, 0.39783105525691065, 0.6486130429484805, 0.766831099765715, 0.0, 0.40284804830236515, 0.6525018530743489, 0.7359402484750318, 0.48076236419086, 0.7002262570035371, 0.7880775692491935, 0.0, 0.44921486171756897, 0.7424979402789196, 0.8299206282064391, 0.5291956430736852, 0.7796096130999457, 0.8635019775527832, 0.13716371573623942, 0.09798597223998015, 0.16053318806131195, 0.0813024635917305, 0.1524128290962361, 0.8904528518919055, 0.5493504092681573, 0.14123621154437827, 0.12759852759187212, 0.15575089641008882, 0.1406926523977007, 0.13055210920255228, 0.47367111691630004, 0.197445163350583, 0.5156986412151248, 0.8119509693326468, 0.9120824064446987, 0.591660217543388, 0.8416060576587684, 0.6157961941938119, 0.01672791749539798, 0.5977715037715228, 0.07466874322026615, 0.19031255742298658, 0.08610436233636974, 0.18213828620793945, 0.2224785606532926, 0.5392415661549245, 0.31064345300850743, 0.9294413100656154, 0.5731872199830927, 0.7550427943000404, 0.3559057341706276, 0.2402613505926127, 0.3049380342748873, 0.6076133240730242, 0.3347208618641437, 0.5860700599245976, 0.1383839137980718, 0.5243735331206592, 0.4406011580041224, 0.9433727821255131, 0.2775462755460423, 0.36362852124717526, 0.5615060437106656, 0.7535815385816705, 0.48307903170048183, 0.33368559778983886, 0.4282215978793775, 0.6040382824081456, 0.445183072014916, 0.5911833876612107, 0.7620929866053501, 0.9545535524088302, 0.1859302557443556, 0.9635267336771725, 0.343107567074347, 0.5851425767257217, 0.4404372056608591, 0.6670541684313135, 0.5247871064446338, 0.9707282037042124, 0.5717985603568436, 0.8048264499560446, 0.9765077783053991, 0.639135442488151, 0.6156071600387311, 0.7327927125322885, 0.6674401444626554, 0.8407942014714563, 0.785551499054817, 0.7097563347747616, 0.24313420710388559, 0.6622500925938882, 0.8278933183542263, 0.7150519361326295, 0.8551190649506819, 0.9811462038553577, 0.6703765593023518, 0.9848687947149152, 0.7581494847841866, 0.8815099967734342, 0.98785637801412, 0.6504182638257916, 0.5459602176518037, 0.0, 0.8618749502255029, 0.7335274788466546, 0.8891470732410358, 0.6329223931081829, 0.3487858701493636, 0.551783470238465, 0.9902540774407897, 0.776920391392923, 0.9110344474728497, 0.813412296327425, 0.9921783627124952, 0.6331553351701558, 0.9032011433088326, 0.9937227071643956, 0.7950591767515122, 0.6966689549415516, 0.9210561960362814, 0.994962128273721, 0.8070674969146618, 0.7490593797314329, 0.9354802362868447, 0.9959568316796554, 0.7922501861459443, 0.9471320657432447, 0.9286002655241478, 0.8213929878998435, 0.44152535546740257, 0.7823905838094655, 0.8246697237763078, 0.9513541274865195, 0.9967551357091198],"StateValue_V2_record" => [0.0, 0.0, 0.0, 0.0, 0.0, 0.0, 0.0, 0.0, 0.0, 0.0, 0.0, 0.0, 0.0, 0.0, 0.0, 0.0, 0.0, 0.0, 0.0, 0.0, 0.0, 0.0, 0.0, 0.0, 0.0, 0.0, 0.0, 1.0, 0.0732701216033618, 0.12004051132768613, 0.19666576285784668, 1.0, 0.1503554672888558, 0.23135560820026604, 0.3545008220427588, 1.0, 0.027297637584493422, 0.044722491268939076, 0.22803345168218633, 0.3327111419612524, 0.481172112184457, 1.0, 0.3039801527104507, 0.42370047404750827, 0.5828327687522985, 1.0, 0.37658552797051864, 0.504465813040631, 0.664421020377775, 0.08098152800076058, 0.4888297015439494, 0.5950277204786794, 1.0, 0.13075592258777086, 0.5562644244988979, 0.6742081378684881, 1.0, 0.2519053943002162, 0.6178138433574275, 0.7377547648125987, 0.0, 0.1270948416388212, 0.6354710624958505, 1.0, 0.3056993734628419, 0.5883708727944478, 0.7066661376146354, 1.0, 0.39626064595829197, 0.6460526899031561, 0.7638040894968349, 0.09759917970604766, 1.0, 0.4012578347867916, 0.6499261492324954, 0.733035177605975, 1.0, 0.4788645895521665, 0.6974621645311051, 0.7849666900796863, 1.0, 0.5471818882854059, 0.44744161856171877, 0.7395669833960632, 0.8266445765899829, 1.0, 0.5271066815718367, 0.776532160574491, 0.8600933659901469, 1.0, 0.5471818882854059, 0.19666576285784668, 0.15989949491961997, 0.5954118440225726, 0.15181119048386849, 0.8869378537033162, 1.0, 0.5471818882854059, 0.19666576285784668, 0.30941721045978393, 0.46713029582911536, 0.19666576285784668, 0.30941721045978393, 0.4718013344630119, 0.19666576285784668, 1.0, 0.5136629581513019, 0.8087458516440866, 0.9084820271548961, 1.0, 0.5893246816545348, 0.8382838786552523, 0.6133653832839108, 0.7262871480743608, 0.5954118440225726, 0.7477884665904405, 0.5173012429347491, 0.7493694898015861, 0.5142678445177826, 0.30941721045978393, 0.537112949098761, 0.30941721045978393, 0.9257724077600756, 1.0, 0.5709246049151726, 0.7520623175138375, 0.3545008220427588, 1.0, 0.5223036065488624, 0.4388619168202862, 0.6052148144507105, 0.4388619168202862, 0.583756590778371, 0.7506068299966613, 0.5223036065488624, 0.4388619168202862, 0.9396488863422717, 1.0, 0.5695414269222974, 0.5438050792051015, 0.5592895392406855, 0.7506068299966613, 0.481172112184457, 1.0, 0.5695414269222974, 0.5438050792051015, 0.6016538850040696, 0.5438050792051015, 0.5888497340238079, 0.7590846796952616, 0.9507855213440751, 1.0, 0.6478507848017022, 0.9597232816287716, 1.0, 0.6478507848017022, 0.5828327687522985, 1.0, 0.6478507848017022, 0.664421020377775, 1.0, 0.6478507848017022, 0.9668963243740679, 1.0, 0.5695414269222974, 0.8016494557921047, 0.9726530845227984, 1.0, 0.6366125015847266, 0.6478507848017022, 0.7299000663335709, 1.0, 0.6648054727966672, 0.8374752272114836, 0.7824505913645843, 1.0, 0.7069546230100427, 0.8517435443288505, 0.6596359082820352, 0.8246252693966903, 1.0, 0.7122293203648061, 0.8517435443288505, 0.9772732002235928, 1.0, 0.6677302963512994, 0.9809810964251452, 1.0, 0.7551567445621363, 0.8780302998582088, 0.9839568864554951, 1.0, 0.7306319322110878, 0.5438050792051015, 0.9863451211372054, 0.858472761235489, 1.0, 0.7306319322110878, 0.8856372295191685, 1.0, 0.7738535543755313, 0.8996358221625002, 0.54960534492362, 0.9863451211372054, 1.0, 0.7738535543755313, 0.9074382049252451, 1.0, 0.8102014101563128, 0.9882618104320661, 1.0, 0.8455272365724377, 0.8996358221625002, 0.9898000586960106, 1.0, 0.7919207381916656, 0.8455272365724377, 0.9174203933615213, 0.9910345872802069, 1.0, 0.8038816563800428, 0.8455272365724377, 0.9317874957570985, 0.9920253641664355, 1.0, 0.8455272365724377, 0.9433933304599909, 0.924934683181067, 1.0, 0.8181505985263314, 0.947598725920095, 0.7793021536034006, 0.8455272365724377, 0.947598725920095, 0.9928205169485187, 1.0],"final_QSA" => Dict{Int64,Any}(1 => [0.0 0.0; 0.9973958184690831 0.186147606287012; 0.9426977977609207 0.19484224165626096; 0.5066648806106003 0.6387601083327635; 0.516766462854294 0.9599325243725584; 0.8541775278765136 0.8488781215217558; 0.3763516142706831 0.8081065704197401]),"trialByTrial_Vs" => [0.0, 0.0, 0.0, 0.0, 0.0, 0.0, 0.0, 0.0, 0.0, 0.0, 0.0, 0.0, 0.0, 0.0, 0.0, 0.0, 0.0, 0.0, 0.0, 0.0, 0.0, 0.0, 0.0, 0.0, 0.0, 0.0, 0.0, 0.07356049633890632, 0.12051624046486566, 0.197445163350583, 0.15095133676602168, 0.2322724870326988, 0.3559057341706276, 0.02740582007581638, 0.044899729702436025, 0.22893716457058533, 0.3340297000275636, 0.48307903170048183, 0.3051848478102065, 0.42537962934859613, 0.5851425767257217, 0.3780779633684874, 0.5064650471601797, 0.6670541684313135, 0.0813024635917305, 0.49076696863462693, 0.5973858579185349, 0.13127411766663044, 0.5584689402226617, 0.6768800729690646, 0.2529037134056237, 0.6202622838329573, 0.740678539743516, 0.0, 0.12759852759187212, 0.6379894797944778, 0.30691088195747673, 0.5907026286705286, 0.7094667060910866, 0.39783105525691065, 0.6486130429484805, 0.766831099765715, 0.09798597223998015, 0.40284804830236515, 0.6525018530743489, 0.7359402484750318, 0.48076236419086, 0.7002262570035371, 0.7880775692491935, 0.5493504092681573, 0.44921486171756897, 0.7424979402789196, 0.8299206282064391, 0.5291956430736852, 0.7796096130999457, 0.8635019775527832, 0.5493504092681573, 0.197445163350583, 0.16053318806131195, 0.5977715037715228, 0.1524128290962361, 0.8904528518919055, 0.5493504092681573, 0.197445163350583, 0.31064345300850743, 0.468981566622011, 0.197445163350583, 0.31064345300850743, 0.47367111691630004, 0.197445163350583, 0.5156986412151248, 0.8119509693326468, 0.9120824064446987, 0.591660217543388, 0.8416060576587684, 0.6157961941938119, 0.729165476019456, 0.5977715037715228, 0.7507520057995727, 0.5193513447815453, 0.7523392947188512, 0.5163059247895649, 0.31064345300850743, 0.5392415661549245, 0.31064345300850743, 0.9294413100656154, 0.5731872199830927, 0.7550427943000404, 0.3559057341706276, 0.5243735331206592, 0.4406011580041224, 0.6076133240730242, 0.4406011580041224, 0.5860700599245976, 0.7535815385816705, 0.5243735331206592, 0.4406011580041224, 0.9433727821255131, 0.5717985603568436, 0.5459602176518037, 0.5615060437106656, 0.7535815385816705, 0.48307903170048183, 0.5717985603568436, 0.5459602176518037, 0.6040382824081456, 0.5459602176518037, 0.5911833876612107, 0.7620929866053501, 0.9545535524088302, 0.6504182638257916, 0.9635267336771725, 0.6504182638257916, 0.5851425767257217, 0.6504182638257916, 0.6670541684313135, 0.6504182638257916, 0.9707282037042124, 0.5717985603568436, 0.8048264499560446, 0.9765077783053991, 0.639135442488151, 0.6504182638257916, 0.7327927125322885, 0.6674401444626554, 0.8407942014714563, 0.785551499054817, 0.7097563347747616, 0.8551190649506819, 0.6622500925938882, 0.8278933183542263, 0.7150519361326295, 0.8551190649506819, 0.9811462038553577, 0.6703765593023518, 0.9848687947149152, 0.7581494847841866, 0.8815099967734342, 0.98785637801412, 0.7335274788466546, 0.5459602176518037, 0.9902540774407897, 0.8618749502255029, 0.7335274788466546, 0.8891470732410358, 0.776920391392923, 0.9032011433088326, 0.551783470238465, 0.9902540774407897, 0.776920391392923, 0.9110344474728497, 0.813412296327425, 0.9921783627124952, 0.8488781215217558, 0.9032011433088326, 0.9937227071643956, 0.7950591767515122, 0.8488781215217558, 0.9210561960362814, 0.994962128273721, 0.8070674969146618, 0.8488781215217558, 0.9354802362868447, 0.9959568316796554, 0.8488781215217558, 0.9471320657432447, 0.9286002655241478, 0.8213929878998435, 0.9513541274865195, 0.7823905838094655, 0.8488781215217558, 0.9513541274865195, 0.9967551357091198],"RPE_QV" => [0.0, 0.0, 0.0, 0.0, 0.0, 0.0, 0.0, 0.0, 0.0, 0.0, 0.0, 0.0, 0.0, 0.0, 0.0, 0.0, 0.0, 0.0, 0.0, 0.0, 0.0, 0.0, 0.0, 0.0, 0.0, 0.0, 1.0, 0.04648001498877981, 0.07614952239298102, 0.8025548366494171, 0.08040427143424436, 0.12222833501006, 0.6440942658293725, 0.017316671193122697, 0.1831337219797503, 0.10377397739066707, 0.1471424121568934, 0.5169209682995182, 0.11851562623730177, 0.15745313940370237, 0.4148574232742783, 0.12638784967214356, 0.15795597321759525, -0.586072640430553, 0.4554327819992696, 0.09714306747708296, 0.40261414208146507, 0.42499030683226746, 0.11573919764582641, 0.3231199270309354, 0.36491012995180383, 0.11749248097964138, -0.740678539743516, 0.1270948416388212, 0.5920886547615042, 0.36201052020552216, 0.28145999083697104, 0.11596350894410679, 0.29053329390891336, 0.24822163464624547, 0.11519104654835433, -0.6692319200596673, 1.0, 0.24707810093013022, 0.0805333245316261, 0.2640597515249682, 0.2166998003402451, 0.0847404330761492, 0.21192243075080652, 0.44744161856171877, 0.2903521216784942, 0.08414663631106334, 0.17007937179356092, 0.24733651750080587, 0.08048375289020115, 0.13649802244721676, 0.059502047121607254, 0.061913522679639815, 0.4348786559612607, 0.06295194341547301, 0.7345250246070801, 0.10954714810809452, -0.3526846464103106, 0.16818099891540567, 0.337514088349009, 0.04091486644775785, 0.16872455806208322, 0.33565655426923613, -0.2770053540584534, 0.8025548366494171, 0.29304721042896187, 0.09653105782224936, 0.08791759355530127, 0.2466236611118643, -0.2037789455528739, 0.18241134267991677, 0.5786839265271746, 0.170915885969395, 0.4288407369652837, 0.560612204881417, 0.4243576181928239, 0.12727892425184448, 0.3126933198026143, -0.22982435569514054, 0.6151289547515681, 0.07055868993438463, 0.1788750975307447, -0.4005419722572816, 0.6440942658293725, 0.1986005662276735, 0.30027678017582315, -0.16875140725273796, 0.22234528697450645, 0.1645367700720637, 0.38391969275079063, -0.08551161630037296, 0.4990477283381493, 0.05662721787448688, 0.2662588036590592, 0.1956610179935102, 0.1891007862859957, -0.27240942639721355, 0.5169209682995182, 0.2101194814152626, 0.17343228712469205, -0.06023320320304415, 0.1282691657631122, 0.1679012920340509, 0.18869253473872505, 0.04544644759116978, 0.773793025884416, 0.03647326632282755, 0.23972520167795153, 0.4148574232742783, 0.22398381471691586, 0.3329458315686865, 0.44210921792943414, 0.029271796295787578, 0.22985089543526105, 0.16782663456675384, 0.023492221694600857, 0.0087153423135512, 0.11429290629483979, 0.2672072874677115, 0.17003508274882817, -0.05834361010687206, 0.21444850094518297, 0.14198720955408883, 0.3718630683138704, 0.1623751768028021, 0.1721066816457737, 0.13669160819622095, 0.12215413527291086, 0.018853796144642332, 0.31060453712279334, 0.015131205285084826, 0.11988081507402215, 0.10244688968206084, 0.012143621985880038, -0.10661318462069014, 0.4403849034854017, 0.858472761235489, 0.13812504977449713, 0.15210975067251387, 0.11085292675896419, 0.2667134290543173, 0.20081947477425643, 0.43456165089874044, 0.009745922559210252, 0.13051781353232206, 0.08896555252715033, 0.1748495141046411, 0.007821637287504846, 0.2664804869923444, 0.08659891538717801, 0.006277292835604409, 0.050468059820925504, 0.2207514384199697, 0.06997839124392546, 0.0050378717262790085, 0.03845973965777583, 0.18272811602566563, 0.05654512787959076, 0.00404316832034457, 0.15114314431404652, -0.022197382562177737, 0.07139973447585224, 0.12620573802025148, 0.3015755186708384, 0.0631366527629722, 0.12292900214378721, 0.04146638946199921, 0.0032448642908802228],"StateValue_V3_record" => [0.0, 0.0, 0.0, 0.0, 0.0, 0.0, 0.0, 0.0, 0.0, 0.0, 0.0, 0.0, 0.0, 0.0, 0.0, 0.0, 0.0, 0.0, 0.0, 0.0, 0.0, 0.0, 0.0, 0.0, 0.0, 0.0, 0.0, 0.197445163350583, 0.07356049633890632, 0.0827377504909035, 0.13555159535281666, 0.3559057341706276, 0.15095133676602168, 0.16682677127344067, 0.2564058806048299, 0.48307903170048183, 0.02740582007581638, 0.030824913048230825, 0.08105859735372808, 0.2494268344880253, 0.3630822576316802, 0.5851425767257217, 0.3051848478102065, 0.32858518499222716, 0.45646799017822226, 0.6670541684313135, 0.3780779633684874, 0.4030326329925327, 0.5376526900943281, 0.5353529189880301, 0.08995030426249212, 0.5099473974610162, 0.6768800729690646, 0.13127411766663044, 0.21518639822154187, 0.5813210850079072, 0.740678539743516, 0.2529037134056237, 0.32495345362224004, 0.6434606059324479, 0.5944351444735863, 0.0, 0.12759852759187212, 0.7094667060910866, 0.30691088195747673, 0.36248379582493606, 0.6135990626367045, 0.766831099765715, 0.39783105525691065, 0.4468412164567873, 0.671356957950745, 0.6154240080101662, 0.197445163350583, 0.40284804830236515, 0.45163242430086653, 0.6684027684916614, 0.7880775692491935, 0.48076236419086, 0.5235486916670784, 0.7169578456546566, 0.8299206282064391, 0.5493504092681573, 0.5493504092681573, 0.5065434838115677, 0.7591122866307596, 0.8635019775527832, 0.5291956430736852, 0.5780310421741961, 0.7955007408364194, 0.8904528518919055, 0.5493504092681573, 0.5493504092681573, 0.197445163350583, 0.14482609754584633, 0.5977715037715228, 0.29744124256487203, 0.9120824064446987, 0.5493504092681573, 0.4686601552600237, 0.197445163350583, 0.31064345300850743, 0.4683283785595149, 0.197445163350583, 0.31064345300850743, 0.41897774953524264, 0.3559057341706276, 0.5156986412151248, 0.5735593955477039, 0.8310105598127654, 0.9294413100656154, 0.591660217543388, 0.6403548665977389, 0.8013708904666716, 0.49750002269580296, 0.7717337528781422, 0.5055049242895533, 0.7539007308779015, 0.5124849778896198, 0.7532081915816742, 0.5173874148078659, 0.31064345300850743, 0.49386385870275495, 0.4320976899611042, 0.9433727821255131, 0.5731872199830927, 0.6085052428344021, 0.6759577191589368, 0.48307903170048183, 0.5243735331206592, 0.5243735331206592, 0.4406011580041224, 0.5592738418533484, 0.4406011580041224, 0.49756873918225175, 0.7535815385816705, 0.5074896780718596, 0.5391357182455857, 0.9545535524088302, 0.5717985603568436, 0.5717985603568436, 0.5459602176518037, 0.5988430793486277, 0.6997956148884341, 0.5851425767257217, 0.5717985603568436, 0.5717985603568436, 0.5459602176518037, 0.5757248700358758, 0.5459602176518037, 0.6243346856936478, 0.7993494149498732, 0.9635267336771725, 0.6504182638257916, 0.6504182638257916, 0.9707282037042124, 0.6504182638257916, 0.6504182638257916, 0.6670541684313135, 0.6504182638257916, 0.6504182638257916, 0.7327927125322885, 0.6504182638257916, 0.6504182638257916, 0.9765077783053991, 0.5717985603568436, 0.6171815079523365, 0.8379630072326559, 0.9811462038553577, 0.639135442488151, 0.6340100923927005, 0.6504182638257916, 0.785551499054817, 0.6674401444626554, 0.7010127491513277, 0.8292745378434423, 0.8278933183542263, 0.7097563347747616, 0.6174345536329711, 0.8551190649506819, 0.6943102859017973, 0.8618749502255029, 0.7150519361326295, 0.7420410330415863, 0.879237808143591, 0.9848687947149152, 0.6703765593023518, 0.731703922871994, 0.98785637801412, 0.7581494847841866, 0.781819371899078, 0.9017376396414679, 0.9902540774407897, 0.7335274788466546, 0.7335274788466546, 0.5066648806106003, 0.9902540774407897, 0.8891470732410358, 0.7335274788466546, 0.7635608134154055, 0.9110344474728497, 0.776920391392923, 0.776920391392923, 0.9032011433088326, 0.6375855663860658, 0.9921783627124952, 0.776920391392923, 0.8026905024059733, 0.9286002655241478, 0.813412296327425, 0.8479354872015858, 0.9937227071643956, 0.8488781215217558, 0.8488781215217558, 0.9202996803034373, 0.994962128273721, 0.7950591767515122, 0.7750895192073889, 0.8488781215217558, 0.9348730909264493, 0.9959568316796554, 0.8070674969146618, 0.795030257492108, 0.8488781215217558, 0.9466447982977101, 0.9967551357091198, 0.8488781215217558, 0.8488781215217558, 0.9427492999173002, 0.9426977977609207, 0.8213929878998435, 0.7460458360830141, 0.9513541274865195, 0.7900956475174848, 0.848941460685112, 0.9595414655274028, 0.9973958184690831],"StateValue_V1_record" => [0.0, 0.0, 0.0, 0.0, 0.0, 0.0, 0.0, 0.0, 0.0, 0.0, 0.0, 0.0, 0.0, 0.0, 0.0, 0.0, 0.0, 0.0, 0.0, 0.0, 0.0, 0.0, 0.0, 0.0, 0.0, 0.0, 0.0, 0.0, 0.07356049633890632, 0.12051624046486566, 0.197445163350583, 0.0, 0.15095133676602168, 0.2322724870326988, 0.3559057341706276, 0.0, 0.02740582007581638, 0.044899729702436025, 0.22893716457058533, 0.3340297000275636, 0.48307903170048183, 0.0, 0.3051848478102065, 0.42537962934859613, 0.5851425767257217, 0.0, 0.3780779633684874, 0.5064650471601797, 0.6670541684313135, 0.0813024635917305, 0.49076696863462693, 0.5973858579185349, 0.0, 0.13127411766663044, 0.5584689402226617, 0.6768800729690646, 0.0, 0.2529037134056237, 0.6202622838329573, 0.740678539743516, 0.0, 0.12759852759187212, 0.6379894797944778, 0.0, 0.30691088195747673, 0.5907026286705286, 0.7094667060910866, 0.0, 0.39783105525691065, 0.6486130429484805, 0.766831099765715, 0.09798597223998015, 0.0, 0.40284804830236515, 0.6525018530743489, 0.7359402484750318, 0.0, 0.48076236419086, 0.7002262570035371, 0.7880775692491935, 0.0, 0.5493504092681573, 0.44921486171756897, 0.7424979402789196, 0.8299206282064391, 0.0, 0.5291956430736852, 0.7796096130999457, 0.8635019775527832, 0.0, 0.5493504092681573, 0.197445163350583, 0.16053318806131195, 0.5977715037715228, 0.1524128290962361, 0.8904528518919055, 0.0, 0.5493504092681573, 0.197445163350583, 0.31064345300850743, 0.468981566622011, 0.197445163350583, 0.31064345300850743, 0.47367111691630004, 0.197445163350583, 0.0, 0.5156986412151248, 0.8119509693326468, 0.9120824064446987, 0.0, 0.591660217543388, 0.8416060576587684, 0.6157961941938119, 0.729165476019456, 0.5977715037715228, 0.7507520057995727, 0.5193513447815453, 0.7523392947188512, 0.5163059247895649, 0.31064345300850743, 0.5392415661549245, 0.31064345300850743, 0.9294413100656154, 0.0, 0.5731872199830927, 0.7550427943000404, 0.3559057341706276, 0.0, 0.5243735331206592, 0.4406011580041224, 0.6076133240730242, 0.4406011580041224, 0.5860700599245976, 0.7535815385816705, 0.5243735331206592, 0.4406011580041224, 0.9433727821255131, 0.0, 0.5717985603568436, 0.5459602176518037, 0.5615060437106656, 0.7535815385816705, 0.48307903170048183, 0.0, 0.5717985603568436, 0.5459602176518037, 0.6040382824081456, 0.5459602176518037, 0.5911833876612107, 0.7620929866053501, 0.9545535524088302, 0.0, 0.6504182638257916, 0.9635267336771725, 0.0, 0.6504182638257916, 0.5851425767257217, 0.0, 0.6504182638257916, 0.6670541684313135, 0.0, 0.6504182638257916, 0.9707282037042124, 0.0, 0.5717985603568436, 0.8048264499560446, 0.9765077783053991, 0.0, 0.639135442488151, 0.6504182638257916, 0.7327927125322885, 0.0, 0.6674401444626554, 0.8407942014714563, 0.785551499054817, 0.0, 0.7097563347747616, 0.8551190649506819, 0.6622500925938882, 0.8278933183542263, 0.0, 0.7150519361326295, 0.8551190649506819, 0.9811462038553577, 0.0, 0.6703765593023518, 0.9848687947149152, 0.0, 0.7581494847841866, 0.8815099967734342, 0.98785637801412, 0.0, 0.7335274788466546, 0.5459602176518037, 0.9902540774407897, 0.8618749502255029, 0.0, 0.7335274788466546, 0.8891470732410358, 0.0, 0.776920391392923, 0.9032011433088326, 0.551783470238465, 0.9902540774407897, 0.0, 0.776920391392923, 0.9110344474728497, 0.0, 0.813412296327425, 0.9921783627124952, 0.0, 0.8488781215217558, 0.9032011433088326, 0.9937227071643956, 0.0, 0.7950591767515122, 0.8488781215217558, 0.9210561960362814, 0.994962128273721, 0.0, 0.8070674969146618, 0.8488781215217558, 0.9354802362868447, 0.9959568316796554, 0.0, 0.8488781215217558, 0.9471320657432447, 0.9286002655241478, 0.0, 0.8213929878998435, 0.9513541274865195, 0.7823905838094655, 0.8488781215217558, 0.9513541274865195, 0.9967551357091198, 0.0])