DateTime of fitting: 2020-02-09T16:21:46.324
DATA_STATS
nr_subjects: 1
all_subject_ids: [18]
nr_puzzles: 1
nr_episodes: 62
nr_actions: 174
max_state_id: 7
max_action_id: 2
SUBJECT_SIGNALS
subject_id: 18
algorithm_name: Forward Learner
param_string: eta=0.2942, gamma=0.9807,
                temp=0.0101,
                initTsas=nothing, initR=nothing
param_vector: [0.29415060957546985, 0.9807474357081807, 0.010098634601824853]
LL: -61.986
RPE
Float64[]
SPE
[0.857, 0.857, 0.857, 0.857, 0.857, 0.605, 0.605, 0.605, 0.427, 0.427, 0.427, 0.301, 0.301, 0.301, 0.213, 0.213, 0.213, 0.857, 0.857, 0.975, 0.605, 0.4, 0.15, 0.975, 0.605, 0.427, 0.605, 0.106, 0.982, 0.857, 0.427, 0.075, 0.577, 0.988, 0.427, 0.301, 0.301, 0.213, 0.213, 0.15, 0.15, 0.106, 0.845, 0.075, 0.106, 0.053, 0.642, 0.991, 0.075, 0.037, 0.857, 0.857, 0.407, 0.95, 0.454, 0.331, 0.287, 0.32, 0.996, 0.026, 0.507, 0.459, 0.203, 0.358, 0.79, 0.019, 0.053, 0.013, 0.925, 0.037, 0.009, 0.026, 0.007, 0.605, 0.605, 0.997, 0.143, 0.454, 0.523, 0.101, 0.704, 0.071, 0.32, 0.369, 0.05, 0.253, 0.78, 0.005, 0.511, 0.003, 0.645, 0.036, 0.226, 0.478, 0.025, 0.178, 0.683, 0.002, 0.549, 0.002, 0.615, 0.018, 0.16, 0.532, 0.012, 0.914, 0.568, 0.001, 0.374, 0.605, 0.749, 0.401, 0.001, 0.283, 0.001, 0.529, 0.2, 0.0, 0.141, 0.0, 0.373, 0.099, 0.0, 0.07, 0.0, 0.741, 0.634, 0.0, 0.523, 0.559, 0.009, 0.951, 0.006, 0.329, 0.0, 0.768, 0.004, 0.369, 0.395, 0.003, 0.741, 0.458, 0.0, 0.323, 0.0, 0.772, 0.002, 0.478, 0.279, 0.002, 0.663, 0.455, 0.0, 0.532, 0.806, 0.0, 0.321, 0.0, 0.773, 0.001, 0.376, 0.433, 0.001, 0.735, 0.454, 0.0, 0.481, 0.696, 0.0, 0.34, 0.51, 0.001, 0.679, 0.0]
action_selection_prob
[0.5, 0.5, 0.5, 0.484, 0.448, 0.388, 0.672, 0.918, 0.381, 0.8, 0.97, 0.419, 0.865, 0.979, 0.474, 0.904, 0.983, 0.499, 0.495, 0.443, 0.793, 0.444, 0.869, 0.97, 0.64, 0.924, 0.262, 0.734, 0.915, 0.5, 0.136, 0.551, 0.815, 0.314, 0.829, 0.957, 0.885, 0.968, 0.915, 0.972, 0.93, 0.974, 0.327, 0.975, 0.942, 0.976, 0.51, 0.628, 0.947, 0.977, 0.628, 0.51, 0.873, 0.064, 0.517, 0.71, 0.913, 0.458, 0.76, 0.969, 0.068, 0.802, 0.927, 0.078, 0.814, 0.964, 0.909, 0.963, 0.476, 0.911, 0.963, 0.912, 0.963, 0.521, 0.405, 0.914, 0.935, 0.557, 0.845, 0.945, 0.9, 0.949, 0.534, 0.854, 0.952, 0.107, 0.859, 0.959, 0.883, 0.959, 0.886, 0.952, 0.531, 0.863, 0.954, 0.116, 0.865, 0.957, 0.877, 0.957, 0.879, 0.954, 0.527, 0.867, 0.955, 0.523, 0.878, 0.957, 0.521, 0.132, 0.518, 0.879, 0.957, 0.879, 0.957, 0.518, 0.88, 0.957, 0.88, 0.957, 0.518, 0.88, 0.957, 0.88, 0.957, 0.519, 0.918, 0.957, 0.517, 0.919, 0.955, 0.879, 0.955, 0.878, 0.956, 0.878, 0.956, 0.515, 0.919, 0.956, 0.515, 0.877, 0.956, 0.878, 0.956, 0.878, 0.956, 0.515, 0.92, 0.956, 0.515, 0.877, 0.956, 0.515, 0.92, 0.956, 0.877, 0.956, 0.877, 0.956, 0.515, 0.92, 0.956, 0.515, 0.877, 0.956, 0.515, 0.92, 0.956, 0.515, 0.92, 0.956, 0.877, 0.0]
results_dict
Dict{String,Any}("QSA_record" => [0.0, 0.0, 0.0, 0.9092356785327668, 0.912253445794976, 0.9105296112767423, 0.9178531932288163, 0.9411452016853252, 0.9224868560204758, 0.9373019329786615, 0.9651055751835873, 0.93500707291804, 0.9524463743485834, 0.978833164630479, 0.9423399644296151, 0.9614621133191734, 0.9863670149937793, 0.9477781287937656, 0.9481995119355953, 0.9510237089093035, 0.9672107640139962, 0.9538855050446586, 0.9703955866146105, 0.9925135573996855, 0.9527042067551671, 0.9751181261703332, 0.9464977948241574, 0.9564610865833751, 0.9763324824501304, 0.9480289432920848, 0.9357945730350352, 0.9428182019762086, 0.9607042691319536, 0.9427381133935562, 0.9575705395430717, 0.9829423069838503, 0.9634435102388786, 0.9885661892800112, 0.9686820274797432, 0.9923527771416778, 0.9723974897084402, 0.9948199928496245, 0.9518742518936503, 0.9964489565617877, 0.9760088694589454, 0.9975364402073937, 0.9609546457183379, 0.9605895597545923, 0.9774601995877952, 0.998286803502084, 0.9608577147170698, 0.960901507124404, 0.9796676671475728, 0.9513769344836224, 0.9579781673420148, 0.9647646850529369, 0.9861796506682065, 0.9571319412858645, 0.9687691924031733, 0.9989014301083228, 0.952698021547107, 0.9722539322761372, 0.9906767887353285, 0.9542100033338605, 0.9739742604170021, 0.9992649005846767, 0.9793938392675648, 0.999487893542904, 0.960871947099126, 0.9797975232031949, 0.9996402215900417, 0.9800760674927188, 0.9997466747537365, 0.9619915809160922, 0.9652273932288198, 0.9802711545059749, 0.9936640551702394, 0.9611355191246171, 0.9769333034400965, 0.9955252194926033, 0.9795082942653085, 0.9968715498046931, 0.9611785904064842, 0.9782010468611291, 0.9978117294142339, 0.9583314655323154, 0.9788080636494382, 0.999827847919191, 0.9798003847713985, 0.9998791090734461, 0.9800689865329051, 0.9984763635435889, 0.9618424389835976, 0.9796124892805472, 0.9989279848245239, 0.9597717701668911, 0.9798471795450902, 0.9999155501544676, 0.9802535237901373, 0.9999405390165977, 0.9803928515546214, 0.9992482806166372, 0.9620633313812049, 0.9802145369325277, 0.9994702702316922, 0.9619465674524204, 0.980490501585584, 0.9999582099753949, 0.9618774683024429, 0.9612580243487945, 0.9617507497228583, 0.9805613379903492, 0.9999704975434773, 0.9806137237377421, 0.9999791846831835, 0.9617759785525165, 0.9806519164596116, 0.9999853124346126, 0.9806794344521951, 0.9999896353777763, 0.961805012756176, 0.9806991562740867, 0.9999926856497662, 0.9807132148092147, 0.9999948378737135, 0.9618266928504482, 0.9803314835238782, 0.9999963549110812, 0.96177564207875, 0.9804534029178112, 0.9996276944394251, 0.9807295186893966, 0.9997373517513186, 0.9806839275901473, 0.9999974326285291, 0.9807024768370751, 0.9998147015123622, 0.961779526463143, 0.9805759810927266, 0.9998692364755015, 0.9617887829694499, 0.9807040459824453, 0.9999981902183768, 0.9807166478214874, 0.9999987227000793, 0.9807256224265364, 0.9999077724178831, 0.9618151629036847, 0.9806355046578625, 0.9999349082937923, 0.9618195281028922, 0.9807261016944718, 0.9999990990447681, 0.9618301825330634, 0.9806648366800793, 0.999999364057695, 0.9807324203614928, 0.9999995512048935, 0.9807368087269285, 0.9999540761301252, 0.9618363423423587, 0.9806966018037303, 0.999967586325738, 0.961840089583267, 0.9807369538538784, 0.9999996833238141, 0.9618460113024594, 0.9807087364352737, 0.9999997764747497, 0.9618479545956629, 0.9807200887303245, 0.9999771254338992, 0.980742168173028, 0.0],"final_Tsas" => Dict{Int64,Any}(1 => [0.14285714285714285 0.14285714285714285; 0.9996164450421599 0.14285714285714285; 0.999995655150376 0.14285714285714285; 0.0711747659946687 0.10083562720350431; 0.0711747659946687 1.1752415782477267e-5; 0.008802343491380666 7.241416039962173e-7; 0.0711747659946687 1.4534477089624287e-6]

[0.14285714285714285 0.14285714285714285; 8.295435516077208e-6 0.14285714285714285; 7.241416039962173e-7 0.14285714285714285; 0.0711747659946687 0.39498623677897415; 0.0711747659946687 0.6401000516923826; 0.008802343491380666 0.5204660896620033; 0.0711747659946687 1.4534477089624287e-6]

[0.14285714285714285 0.14285714285714285; 8.295435516077208e-6 0.14285714285714285; 7.241416039962173e-7 0.14285714285714285; 0.0711747659946687 0.10083562720350431; 0.0711747659946687 0.35928478696763644; 0.008802343491380666 0.47953028962997685; 0.0711747659946687 9.446345838237236e-5]

[0.14285714285714285 0.14285714285714285; 0.00020396472884131738 0.14285714285714285; 7.241416039962173e-7 0.14285714285714285; 0.0711747659946687 0.10083562720350431; 0.0711747659946687 1.1752415782477267e-5; 0.008802343491380666 7.241416039962173e-7; 0.5729514040319879 1.4534477089624287e-6]

[0.14285714285714285 0.14285714285714285; 8.295435516077208e-6 0.14285714285714285; 7.241416039962173e-7 0.14285714285714285; 0.0711747659946687 0.10083562720350431; 0.0711747659946687 1.1752415782477267e-5; 0.8741699573499722 7.241416039962173e-7; 0.0711747659946687 0.7601733158477959]

[0.14285714285714285 0.14285714285714285; 0.00014640848693449657 0.14285714285714285; 7.241416039962173e-7 0.14285714285714285; 0.5729514040319879 0.10083562720350431; 0.0711747659946687 0.0005681516768511801; 0.008802343491380666 7.241416039962173e-7; 0.0711747659946687 0.23972640690298597]

[0.14285714285714285 0.14285714285714285; 8.295435516077208e-6 0.14285714285714285; 7.241416039962173e-7 0.14285714285714285; 0.0711747659946687 0.10083562720350431; 0.5729514040319879 1.1752415782477267e-5; 0.08181832519312465 7.241416039962173e-7; 0.0711747659946687 1.4534477089624287e-6]),"final_Reward" => Dict{Int64,Any}(1 => [1.0, 0.0, 0.0, 0.0, 0.0, 0.0, 0.0]),"final_Qsa" => [0.0 0.0; 0.9999838549609031 0.9688799640828576; 0.9999998422528109 0.9688799640841331; 0.9653576940213283 0.9723661304552095; 0.9560606218334584 0.9807257597982555; 0.9609260984570333 0.9807390602092275; 0.9612355822737605 0.961849230858154])
POPULATION_SIGNALS
subject_id: 18
algorithm_name: Forward Learner
param_string: eta=0.1692, gamma=0.9856,
                temp=0.0118,
                initTsas=nothing, initR=nothing
param_vector: [0.16921432907904174, 0.9855564353951695, 0.011831814925089175]
LL: -72.472
RPE
Float64[]
SPE
[0.857, 0.857, 0.857, 0.857, 0.857, 0.712, 0.712, 0.712, 0.592, 0.592, 0.592, 0.491, 0.491, 0.491, 0.408, 0.408, 0.408, 0.857, 0.857, 0.943, 0.712, 0.451, 0.339, 0.943, 0.712, 0.592, 0.712, 0.282, 0.953, 0.857, 0.592, 0.234, 0.544, 0.961, 0.592, 0.491, 0.491, 0.408, 0.408, 0.339, 0.339, 0.282, 0.851, 0.234, 0.282, 0.195, 0.568, 0.968, 0.234, 0.162, 0.857, 0.857, 0.452, 0.918, 0.472, 0.331, 0.375, 0.392, 0.978, 0.134, 0.578, 0.398, 0.312, 0.48, 0.844, 0.112, 0.195, 0.093, 0.904, 0.162, 0.077, 0.134, 0.064, 0.712, 0.712, 0.981, 0.259, 0.44, 0.444, 0.215, 0.815, 0.179, 0.366, 0.369, 0.149, 0.399, 0.794, 0.053, 0.387, 0.044, 0.732, 0.123, 0.304, 0.424, 0.103, 0.331, 0.717, 0.037, 0.436, 0.03, 0.674, 0.085, 0.252, 0.462, 0.071, 0.881, 0.47, 0.025, 0.343, 0.712, 0.778, 0.391, 0.021, 0.325, 0.017, 0.646, 0.27, 0.015, 0.224, 0.012, 0.537, 0.186, 0.01, 0.155, 0.008, 0.59, 0.664, 0.007, 0.49, 0.488, 0.059, 0.88, 0.049, 0.276, 0.006, 0.777, 0.041, 0.407, 0.405, 0.034, 0.682, 0.36, 0.005, 0.299, 0.004, 0.755, 0.028, 0.45, 0.337, 0.023, 0.64, 0.375, 0.003, 0.48, 0.743, 0.003, 0.312, 0.002, 0.743, 0.019, 0.399, 0.402, 0.016, 0.677, 0.385, 0.002, 0.444, 0.682, 0.002, 0.369, 0.446, 0.013, 0.682, 0.0]
action_selection_prob
[0.5, 0.5, 0.5, 0.486, 0.497, 0.455, 0.545, 0.736, 0.425, 0.589, 0.841, 0.416, 0.644, 0.888, 0.423, 0.689, 0.909, 0.521, 0.496, 0.423, 0.652, 0.416, 0.684, 0.893, 0.534, 0.758, 0.436, 0.621, 0.835, 0.5, 0.383, 0.563, 0.78, 0.386, 0.619, 0.825, 0.66, 0.86, 0.7, 0.88, 0.732, 0.892, 0.374, 0.899, 0.767, 0.906, 0.442, 0.559, 0.787, 0.909, 0.601, 0.514, 0.777, 0.212, 0.459, 0.58, 0.809, 0.439, 0.608, 0.899, 0.211, 0.633, 0.823, 0.214, 0.647, 0.894, 0.786, 0.896, 0.452, 0.793, 0.896, 0.8, 0.898, 0.546, 0.47, 0.808, 0.83, 0.498, 0.682, 0.844, 0.788, 0.854, 0.486, 0.693, 0.86, 0.225, 0.699, 0.888, 0.773, 0.889, 0.778, 0.862, 0.486, 0.709, 0.867, 0.228, 0.712, 0.885, 0.769, 0.885, 0.773, 0.868, 0.486, 0.718, 0.87, 0.482, 0.769, 0.883, 0.479, 0.281, 0.474, 0.772, 0.883, 0.774, 0.884, 0.475, 0.776, 0.884, 0.778, 0.884, 0.476, 0.779, 0.884, 0.781, 0.884, 0.478, 0.759, 0.884, 0.475, 0.762, 0.869, 0.778, 0.871, 0.774, 0.883, 0.775, 0.872, 0.472, 0.765, 0.874, 0.47, 0.772, 0.881, 0.773, 0.881, 0.774, 0.874, 0.471, 0.766, 0.875, 0.47, 0.771, 0.88, 0.47, 0.767, 0.88, 0.77, 0.88, 0.771, 0.875, 0.47, 0.768, 0.876, 0.469, 0.769, 0.88, 0.47, 0.769, 0.88, 0.47, 0.77, 0.876, 0.769, 0.0]
results_dict
Dict{String,Any}("QSA_record" => [0.0, 0.0, 0.0, 0.9188169105463528, 0.9221054512429074, 0.9232951750252634, 0.9262382777988802, 0.9395496143404063, 0.9305815763434035, 0.9370783003801901, 0.9558425672313393, 0.9359732654953253, 0.9458514482105519, 0.9668781587593979, 0.9422867514575873, 0.9540602119011898, 0.9751490722037656, 0.9506243358079989, 0.951172132979058, 0.9502813356482211, 0.9620840503359166, 0.9531388299089931, 0.964584062119474, 0.9835325876574993, 0.9573202446553029, 0.9702078496551054, 0.9548681016952278, 0.9605953954908558, 0.9766232658788626, 0.9568603709359902, 0.9512897071038142, 0.9555988499002505, 0.9695876727112882, 0.9504474754895821, 0.9578898721284457, 0.9752528632086039, 0.9612484358191333, 0.9803341724685406, 0.9652045445808926, 0.9845031967514948, 0.9687788803253349, 0.9877450960763503, 0.9579891644204623, 0.9902425861377347, 0.9734930532533381, 0.9921346185521241, 0.9634667140348294, 0.9668106017551596, 0.9758264056909276, 0.993680841130126, 0.9669167921370663, 0.9670094929096686, 0.9815811360415027, 0.962056310942898, 0.9636759086863532, 0.9690963826245264, 0.9851384357925486, 0.96374705008603, 0.9715672379104093, 0.9951869955855828, 0.9633332374698763, 0.9736909849794569, 0.9882818442267282, 0.9638663800968803, 0.9752895679763344, 0.9962224719131717, 0.979962963217353, 0.9969181671764076, 0.9672861258519381, 0.9809685022551742, 0.9974811241388986, 0.9817203515009854, 0.9979274790855409, 0.9701886122302521, 0.9717622273621516, 0.982347392079564, 0.9909382588155757, 0.9681953925386461, 0.9784074657448726, 0.9924964619175501, 0.9819410692564441, 0.9938431503432654, 0.9686124816128775, 0.9799700313674252, 0.9949534656387071, 0.9675896168980556, 0.9807389695446757, 0.9983789924815447, 0.9824664570877232, 0.9986643514779076, 0.9829414999254897, 0.9959201098850606, 0.9697938098885808, 0.9819619692801841, 0.9966371847392356, 0.9688312285347493, 0.9824099090713275, 0.9989203942124036, 0.9833615316387555, 0.9991079609311784, 0.9836906898303743, 0.9972572473306284, 0.9705268357968577, 0.9831959831053432, 0.9977343585343342, 0.9705060821499861, 0.9839444234101735, 0.9992726830685567, 0.9704858811318142, 0.972407849495762, 0.9702923763711844, 0.9841774506150563, 0.9993978347515647, 0.9843801820588829, 0.999500956662948, 0.9704233978839502, 0.984561512368504, 0.9995864853197535, 0.9847157075232047, 0.9996570952070024, 0.9705743104542213, 0.9848498073523525, 0.9997156594742977, 0.9849626987757389, 0.9997640884425848, 0.9707165870561439, 0.9837033452197653, 0.9998042724734216, 0.9706747220510878, 0.9840030236110157, 0.9981663919903951, 0.9851267305523321, 0.9984806876308334, 0.9850148448741439, 0.9998389321371568, 0.9851020137342147, 0.9987416861994839, 0.9707619823860292, 0.9844354451783112, 0.9989560874956405, 0.970777743603532, 0.9851077493803897, 0.9998671593157366, 0.9851774897973576, 0.9998897290125185, 0.9852373650791287, 0.9991368186790672, 0.9708970392267542, 0.9846822279385946, 0.9992836263866046, 0.97091124425234, 0.9852467838751872, 0.9999088483439182, 0.9709547630906138, 0.9848039709391182, 0.999924317957993, 0.9853035721184461, 0.9999371921067698, 0.9853438119195163, 0.9994072836528433, 0.9710095390723729, 0.9849881231613117, 0.9995079152745759, 0.9710236823894581, 0.9853507304542161, 0.999947993498184, 0.9710559111632289, 0.9850611510375159, 0.9999568105610205, 0.9710698043208222, 0.9851411581855494, 0.9995921400756845, 0.9854095743634003, 0.0],"final_Tsas" => Dict{Int64,Any}(1 => [0.14285714285714285 0.14285714285714285; 0.988912941641772 0.14285714285714285; 0.9986963286582431 0.14285714285714285; 0.09860069014394096 0.1186836672744226; 0.09860069014394096 0.0009574252772717346; 0.0324200693131968 0.00021727855695949415; 0.09860069014394096 0.00031480300803212694]

[0.14285714285714285 0.14285714285714285; 0.0007954152013348825 0.14285714285714285; 0.00021727855695949415 0.14285714285714285; 0.09860069014394096 0.28789799635346436; 0.09860069014394096 0.6291419741406971; 0.0324200693131968 0.4335136905790581; 0.09860069014394096 0.00031480300803212694]

[0.14285714285714285 0.14285714285714285; 0.0007954152013348825 0.14285714285714285; 0.00021727855695949415 0.14285714285714285; 0.09860069014394096 0.1186836672744226; 0.09860069014394096 0.36005585158621617; 0.0324200693131968 0.5653999166361443; 0.09860069014394096 0.003426631191440558]

[0.14285714285714285 0.14285714285714285; 0.004244517546036046 0.14285714285714285; 0.00021727855695949415 0.14285714285714285; 0.09860069014394096 0.1186836672744226; 0.09860069014394096 0.0009574252772717346; 0.0324200693131968 0.00021727855695949415; 0.40839585913635423 0.00031480300803212694]

[0.14285714285714285 0.14285714285714285; 0.0007954152013348825 0.14285714285714285; 0.00021727855695949415 0.14285714285714285; 0.09860069014394096 0.1186836672744226; 0.09860069014394096 0.0009574252772717346; 0.7248688036754725 0.00021727855695949415; 0.09860069014394096 0.6932166308737928]

[0.14285714285714285 0.14285714285714285; 0.003660880006852488 0.14285714285714285; 0.00021727855695949415 0.14285714285714285; 0.40839585913635423 0.1186836672744226; 0.09860069014394096 0.006972473163999621; 0.0324200693131968 0.00021727855695949415; 0.09860069014394096 0.302097525902638]

[0.14285714285714285 0.14285714285714285; 0.0007954152013348825 0.14285714285714285; 0.00021727855695949415 0.14285714285714285; 0.09860069014394096 0.1186836672744226; 0.40839585913635423 0.0009574252772717346; 0.11303084975854351 0.00021727855695949415; 0.09860069014394096 0.00031480300803212694]),"final_Reward" => Dict{Int64,Any}(1 => [1.0, 0.0, 0.0, 0.0, 0.0, 0.0, 0.0]),"final_Qsa" => [0.0 0.0; 0.9996614266834231 0.9764511531876349; 0.9999641833838259 0.9764511563791592; 0.9748171699934001 0.9779354360951771; 0.9708857611687881 0.985186638743778; 0.9711986990916743 0.9853780552231758; 0.9725333444319397 0.9710713871311272])