DateTime of fitting: 2020-02-09T16:25:02.841
DATA_STATS
nr_subjects: 1
all_subject_ids: [21]
nr_puzzles: 1
nr_episodes: 47
nr_actions: 198
max_state_id: 7
max_action_id: 2
SUBJECT_SIGNALS
subject_id: 21
algorithm_name: Forward Learner
param_string: eta=0.2414, gamma=0.9807,
                temp=0.0382,
                initTsas=nothing, initR=nothing
param_vector: [0.24135184122913178, 0.9807131511707416, 0.03821817035407186]
LL: -126.22
RPE
Float64[]
SPE
[0.857, 0.857, 0.857, 0.857, 0.857, 0.857, 0.65, 0.65, 0.65, 0.65, 0.65, 0.65, 0.493, 0.493, 0.493, 0.493, 0.857, 0.374, 0.374, 0.374, 0.65, 0.857, 0.284, 0.374, 0.65, 0.857, 0.493, 0.284, 0.953, 0.284, 0.215, 0.457, 0.964, 0.493, 0.857, 0.347, 0.731, 0.374, 0.65, 0.857, 0.284, 0.918, 0.65, 0.493, 0.215, 0.616, 0.65, 0.857, 0.374, 0.163, 0.77, 0.548, 0.596, 0.493, 0.65, 0.953, 0.416, 0.452, 0.374, 0.124, 0.343, 0.953, 0.316, 0.26, 0.457, 0.493, 0.197, 0.79, 0.239, 0.15, 0.504, 0.374, 0.457, 0.984, 0.163, 0.383, 0.284, 0.114, 0.769, 0.182, 0.086, 0.263, 0.493, 0.938, 0.065, 0.199, 0.138, 0.79, 0.374, 0.525, 0.124, 0.584, 0.284, 0.399, 0.094, 0.988, 0.313, 0.05, 0.591, 0.237, 0.998, 0.493, 0.105, 0.27, 0.577, 0.215, 0.504, 0.18, 0.205, 0.582, 0.995, 0.383, 0.215, 0.29, 0.163, 0.825, 0.079, 0.155, 0.441, 0.345, 0.118, 0.676, 0.06, 0.089, 0.495, 0.124, 1.0, 0.408, 0.094, 0.31, 0.071, 0.954, 0.374, 0.163, 0.235, 0.054, 0.834, 0.463, 0.376, 0.041, 0.837, 0.046, 0.377, 0.031, 0.861, 0.286, 0.024, 0.508, 0.72, 0.035, 0.217, 0.018, 0.84, 0.026, 0.366, 0.014, 0.725, 0.02, 0.452, 0.01, 0.737, 0.343, 0.008, 0.26, 0.006, 0.804, 0.015, 0.471, 0.284, 0.011, 0.357, 0.988, 0.391, 0.005, 0.534, 0.458, 0.003, 0.271, 0.75, 0.206, 0.215, 0.009, 0.964, 0.356, 0.007, 0.156, 0.973, 0.003, 0.405, 0.365, 0.005, 0.995, 0.27, 0.004, 0.331, 0.984, 0.205, 0.0]
action_selection_prob
[0.5, 0.5, 0.5, 0.5, 0.495, 0.497, 0.471, 0.472, 0.504, 0.633, 0.467, 0.47, 0.448, 0.464, 0.535, 0.692, 0.556, 0.468, 0.569, 0.726, 0.523, 0.532, 0.744, 0.447, 0.563, 0.254, 0.528, 0.422, 0.591, 0.463, 0.388, 0.547, 0.774, 0.455, 0.553, 0.541, 0.737, 0.433, 0.541, 0.476, 0.404, 0.526, 0.293, 0.502, 0.404, 0.553, 0.447, 0.615, 0.536, 0.278, 0.535, 0.721, 0.579, 0.441, 0.7, 0.558, 0.724, 0.552, 0.461, 0.258, 0.532, 0.465, 0.734, 0.523, 0.476, 0.75, 0.516, 0.496, 0.735, 0.513, 0.504, 0.775, 0.584, 0.21, 0.408, 0.514, 0.775, 0.52, 0.524, 0.722, 0.517, 0.474, 0.274, 0.402, 0.514, 0.485, 0.734, 0.626, 0.267, 0.366, 0.413, 0.503, 0.263, 0.367, 0.415, 0.491, 0.224, 0.515, 0.511, 0.218, 0.51, 0.589, 0.741, 0.496, 0.506, 0.257, 0.627, 0.214, 0.5, 0.512, 0.21, 0.625, 0.775, 0.624, 0.783, 0.63, 0.733, 0.502, 0.513, 0.216, 0.501, 0.511, 0.734, 0.504, 0.514, 0.789, 0.505, 0.64, 0.792, 0.64, 0.795, 0.507, 0.589, 0.272, 0.639, 0.795, 0.361, 0.498, 0.518, 0.797, 0.663, 0.726, 0.665, 0.797, 0.5, 0.665, 0.797, 0.501, 0.52, 0.725, 0.665, 0.797, 0.665, 0.725, 0.665, 0.797, 0.665, 0.725, 0.665, 0.797, 0.502, 0.665, 0.797, 0.665, 0.797, 0.665, 0.725, 0.335, 0.594, 0.725, 0.344, 0.4, 0.652, 0.796, 0.499, 0.519, 0.796, 0.348, 0.399, 0.351, 0.601, 0.725, 0.504, 0.481, 0.725, 0.358, 0.606, 0.794, 0.505, 0.609, 0.725, 0.365, 0.486, 0.725, 0.368, 0.612, 0.489, 0.0]
results_dict
Dict{String,Any}("QSA_record" => [0.0, 0.0, 0.0, 0.0, 0.9024101825329318, 0.9070323781890092, 0.9059722466819715, 0.9063975937079707, 0.9130944872437132, 0.9342641918332184, 0.91193393429761, 0.9165858442360839, 0.9162888266553679, 0.9190074168260706, 0.931438586832034, 0.9580015335543361, 0.9296420900051563, 0.9269284389620198, 0.9436186985752143, 0.9711015653071421, 0.9296761925971111, 0.9355091443534964, 0.979711286351825, 0.9327107235418189, 0.9471099155554347, 0.9450406567275672, 0.9415958022465053, 0.9431766710694546, 0.9605707825416357, 0.9398077464862775, 0.9371872671600431, 0.951600544274424, 0.9860900174453774, 0.9341226200969681, 0.9361853849844397, 0.9410841866159767, 0.9668661391394168, 0.9190237825829619, 0.9208573494084008, 0.9226338404331782, 0.9060302902803625, 0.9132875628508967, 0.9124555281223482, 0.9111464458120714, 0.9037131368868472, 0.916381932153469, 0.9143291365019541, 0.9181331976152356, 0.926043862410575, 0.9112138590234875, 0.9270671662823309, 0.9609971166810126, 0.9357862827673035, 0.9360730550788705, 0.9542204583214137, 0.9461366698442718, 0.9785307105885166, 0.9463970096660297, 0.9518640924685042, 0.9318583033895387, 0.9474567856109015, 0.9532844681583973, 0.9846840803567142, 0.9461514785782192, 0.9575203247810488, 0.9733616774250331, 0.9477340030481426, 0.9623652815024717, 0.9902266193585454, 0.9495753001958263, 0.9660549413206121, 0.9817024580445161, 0.9641789367857381, 0.9361879945702526, 0.9519823975718009, 0.9689460711928576, 0.9869127373867117, 0.9542352383186851, 0.9713314858974297, 0.9941702056005067, 0.9551650232987927, 0.9689403563805574, 0.9584003768476401, 0.9557313597283592, 0.955434786829321, 0.9708076047416746, 0.9956268848802021, 0.9708492720250007, 0.9581087945861362, 0.9518156855665086, 0.9561035439332922, 0.9736013827178724, 0.9572970433402997, 0.9519440930052231, 0.9566962502375658, 0.9732485366920798, 0.9434685124015864, 0.9566603517679839, 0.9745967993442839, 0.9420409168160996, 0.9557870255471116, 0.9696302888625555, 0.9967244101769493, 0.9551329853706727, 0.9743047982679462, 0.957047238536649, 0.9733175409086363, 0.9413926530191519, 0.9563476059066379, 0.9753156862668394, 0.9405596904027875, 0.972998925348787, 0.9910722582519186, 0.9727210756035879, 0.9933763679064134, 0.9743597207666882, 0.9978138850049958, 0.9577811384647618, 0.9770783141601684, 0.945951464838872, 0.9578472656307043, 0.9768087502846408, 0.9983483736192483, 0.9583886439493512, 0.9775745479599407, 0.9951954728427046, 0.958921183479376, 0.9775275109833944, 0.9963974376324141, 0.9774723001964752, 0.9972963250524469, 0.9597228445400862, 0.9744262443987464, 0.9612910265285128, 0.9786143727560637, 0.9979821752763166, 0.9568858778477969, 0.9594715563845176, 0.9792669556086329, 0.9984788556201939, 0.9790554743313948, 0.9988982512625632, 0.9794260023086797, 0.9988548533879882, 0.9601566086146422, 0.9797377780657751, 0.9991361875776377, 0.9604359403679005, 0.9799483705894415, 0.9991807802401227, 0.979935801351127, 0.9993483371941942, 0.9800012314471829, 0.9993826978090027, 0.9801262748136267, 0.9995078535656764, 0.980192253760109, 0.9995341236096191, 0.9802724830456834, 0.9996278978478342, 0.9610223776481303, 0.9803871156579304, 0.9997183437190247, 0.9803994642616707, 0.9997865151689495, 0.9804623667932071, 0.9996496058243267, 0.9542252992029623, 0.9767336168917765, 0.9997346741681414, 0.9557951158241432, 0.9621968100522543, 0.9805289384685743, 0.99983937121805, 0.9613773248983404, 0.9805000309050573, 0.9998781932457159, 0.9565918382647149, 0.9621300602099339, 0.9571479681775192, 0.9777415941599035, 0.999799608638703, 0.9621053230611539, 0.9776452616544427, 0.999848128446032, 0.9582392420805584, 0.9785147499639185, 0.9999084491326485, 0.9623614634903809, 0.9790485318319473, 0.9998850269863628, 0.9593891037971422, 0.9784061549636726, 0.9999128242787174, 0.9599586890468912, 0.9794604479109126, 0.9789379736312908, 0.0],"final_Tsas" => Dict{Int64,Any}(1 => [0.14285714285714285 0.14285714285714285; 0.006844574413331432 0.011892293888695308; 0.0001086306983408239 0.002988599186126901; 0.002988599186126901 0.9980323756462155; 0.0005697838332646717 0.0039393744670374094; 0.9971167135421402 0.02066259279169174; 6.252207566722861e-5 0.02066259279169174]

[0.14285714285714285 0.14285714285714285; 0.006844574413331432 0.011892293888695308; 0.0001086306983408239 0.7488161440726756; 0.06364165090336342 0.00032793739229741925; 0.0005697838332646717 0.0039393744670374094; 0.0001086306983408239 0.02066259279169174; 0.06948831895735047 0.6929233132854098]

[0.14285714285714285 0.14285714285714285; 0.4312975456069029 0.011892293888695308; 0.0001086306983408239 0.002988599186126901; 0.18608972915056665 0.00032793739229741925; 0.0005697838332646717 0.0039393744670374094; 0.0001086306983408239 0.8760244432498495; 0.3345612893713557 0.02066259279169174]

[0.14285714285714285 0.14285714285714285; 0.006844574413331432 0.15080162900508298; 0.7032920146759034 0.002988599186126901; 0.002988599186126901 0.00032793739229741925; 0.6528026537225056 0.10932268578917041; 0.002340132966155692 0.02066259279169174; 6.252207566722861e-5 0.02066259279169174]

[0.14285714285714285 0.14285714285714285; 0.5344795823264399 0.2532441351178271; 0.0001086306983408239 0.18608972915056665; 0.002988599186126901 0.00032793739229741925; 0.0005697838332646717 0.0039393744670374094; 0.0001086306983408239 0.02066259279169174; 0.5950380695208677 0.2037637227561315]

[0.14285714285714285 0.14285714285714285; 0.006844574413331432 0.5483850603223087; 0.29616483183239245 0.002988599186126901; 0.002988599186126901 0.00032793739229741925; 0.3443484271111711 0.8444970332585656; 0.0001086306983408239 0.02066259279169174; 0.0007247559234245049 0.02066259279169174]

[0.14285714285714285 0.14285714285714285; 0.006844574413331432 0.011892293888695308; 0.0001086306983408239 0.05313973003225019; 0.7383142232015624 0.00032793739229741925; 0.0005697838332646717 0.030422783084114325; 0.0001086306983408239 0.02066259279169174; 6.252207566722861e-5 0.02066259279169174]),"final_Reward" => Dict{Int64,Any}(1 => [1.0, 0.0, 0.0, 0.0, 0.0, 0.0, 0.0]),"final_Qsa" => [0.0 0.0; 0.9620591835188425 0.9751118385815603; 0.9806362922327049 0.956881432333137; 0.947637766753858 0.9999291036574197; 0.9805990959692461 0.9793271755664921; 0.9999333213617758 0.9627921946334255; 0.9613408301337503 0.9591431697259556])
POPULATION_SIGNALS
subject_id: 21
algorithm_name: Forward Learner
param_string: eta=0.1692, gamma=0.9856,
                temp=0.0118,
                initTsas=nothing, initR=nothing
param_vector: [0.16921432907904174, 0.9855564353951695, 0.011831814925089175]
LL: -139.011
RPE
Float64[]
SPE
[0.857, 0.857, 0.857, 0.857, 0.857, 0.857, 0.712, 0.712, 0.712, 0.712, 0.712, 0.712, 0.592, 0.592, 0.592, 0.592, 0.857, 0.491, 0.491, 0.491, 0.712, 0.857, 0.408, 0.491, 0.712, 0.857, 0.592, 0.408, 0.932, 0.408, 0.339, 0.508, 0.943, 0.592, 0.857, 0.422, 0.784, 0.491, 0.712, 0.857, 0.408, 0.901, 0.712, 0.592, 0.339, 0.661, 0.712, 0.857, 0.491, 0.282, 0.791, 0.544, 0.625, 0.592, 0.712, 0.932, 0.452, 0.519, 0.491, 0.234, 0.432, 0.932, 0.375, 0.359, 0.508, 0.592, 0.298, 0.812, 0.312, 0.247, 0.52, 0.491, 0.508, 0.968, 0.282, 0.432, 0.408, 0.206, 0.776, 0.259, 0.171, 0.351, 0.592, 0.918, 0.142, 0.292, 0.215, 0.812, 0.491, 0.578, 0.234, 0.644, 0.408, 0.48, 0.195, 0.973, 0.331, 0.118, 0.558, 0.275, 0.991, 0.592, 0.179, 0.251, 0.614, 0.339, 0.52, 0.228, 0.208, 0.554, 0.985, 0.432, 0.339, 0.359, 0.282, 0.814, 0.149, 0.173, 0.46, 0.327, 0.144, 0.662, 0.123, 0.119, 0.487, 0.234, 0.997, 0.417, 0.195, 0.346, 0.162, 0.942, 0.491, 0.282, 0.288, 0.134, 0.836, 0.378, 0.405, 0.112, 0.814, 0.103, 0.368, 0.093, 0.882, 0.306, 0.077, 0.43, 0.689, 0.085, 0.254, 0.064, 0.814, 0.071, 0.344, 0.053, 0.731, 0.059, 0.407, 0.044, 0.778, 0.338, 0.037, 0.281, 0.03, 0.775, 0.049, 0.5, 0.408, 0.041, 0.416, 0.973, 0.363, 0.025, 0.466, 0.448, 0.021, 0.345, 0.808, 0.287, 0.339, 0.034, 0.943, 0.37, 0.028, 0.238, 0.953, 0.017, 0.451, 0.403, 0.023, 0.985, 0.308, 0.019, 0.334, 0.968, 0.256, 0.0]
action_selection_prob
[0.5, 0.5, 0.5, 0.5, 0.48, 0.487, 0.452, 0.448, 0.496, 0.734, 0.444, 0.448, 0.408, 0.42, 0.534, 0.835, 0.59, 0.387, 0.594, 0.888, 0.544, 0.604, 0.913, 0.39, 0.643, 0.077, 0.535, 0.338, 0.653, 0.402, 0.297, 0.589, 0.938, 0.411, 0.62, 0.577, 0.909, 0.37, 0.594, 0.445, 0.33, 0.568, 0.115, 0.515, 0.318, 0.61, 0.393, 0.716, 0.54, 0.14, 0.581, 0.903, 0.643, 0.371, 0.846, 0.529, 0.914, 0.61, 0.396, 0.103, 0.573, 0.398, 0.917, 0.555, 0.417, 0.904, 0.541, 0.459, 0.921, 0.519, 0.478, 0.931, 0.644, 0.053, 0.305, 0.505, 0.941, 0.527, 0.534, 0.912, 0.522, 0.46, 0.083, 0.323, 0.511, 0.484, 0.924, 0.724, 0.075, 0.261, 0.32, 0.488, 0.072, 0.253, 0.317, 0.494, 0.057, 0.514, 0.514, 0.053, 0.503, 0.692, 0.932, 0.473, 0.501, 0.067, 0.74, 0.054, 0.481, 0.518, 0.051, 0.738, 0.944, 0.735, 0.952, 0.75, 0.924, 0.487, 0.528, 0.047, 0.481, 0.523, 0.925, 0.488, 0.533, 0.955, 0.494, 0.775, 0.958, 0.773, 0.961, 0.499, 0.682, 0.084, 0.775, 0.96, 0.224, 0.478, 0.553, 0.961, 0.809, 0.912, 0.815, 0.962, 0.485, 0.817, 0.963, 0.488, 0.562, 0.91, 0.819, 0.963, 0.819, 0.909, 0.821, 0.963, 0.821, 0.909, 0.822, 0.963, 0.492, 0.823, 0.963, 0.823, 0.964, 0.824, 0.907, 0.175, 0.686, 0.908, 0.182, 0.3, 0.816, 0.962, 0.486, 0.563, 0.962, 0.183, 0.3, 0.183, 0.703, 0.907, 0.52, 0.437, 0.908, 0.19, 0.715, 0.961, 0.522, 0.722, 0.908, 0.2, 0.449, 0.908, 0.205, 0.73, 0.459, 0.0]
results_dict
Dict{String,Any}("QSA_record" => [0.0, 0.0, 0.0, 0.0, 0.9131684567921892, 0.9193508252796704, 0.9217339841855012, 0.9219475301860625, 0.9267433085300341, 0.9403476253036522, 0.9283942944628212, 0.9313993088831576, 0.9316160103207116, 0.9323383088718858, 0.9389692693257068, 0.9571915728581336, 0.938172134088653, 0.9341856112129937, 0.9459170103762479, 0.9670313425810418, 0.9404902492552074, 0.9441528188350121, 0.9745495389782755, 0.9429143739387167, 0.9512611860816376, 0.9514289142183938, 0.9489394406867174, 0.949012794181066, 0.9602825645551019, 0.9476886884136546, 0.9466629432018222, 0.9560694204529057, 0.9809689229225734, 0.9477069744043016, 0.9492888076236464, 0.9519872137142006, 0.971348979667279, 0.9403173518909083, 0.9417404923246276, 0.942368451567563, 0.9327424943197207, 0.9363892533315211, 0.9361985214957421, 0.9350627237779142, 0.929950893665738, 0.9373186933184656, 0.9364776288154489, 0.9384573926389269, 0.938278808284472, 0.9313675501425809, 0.9414177585280824, 0.9666540191432573, 0.946281998016848, 0.9464053628329846, 0.9578965007935653, 0.9468795120882503, 0.9775802286803712, 0.9535624930407596, 0.9564220309859709, 0.9452264281185939, 0.955328754917318, 0.9579335853009998, 0.9830452870024928, 0.9548248486636548, 0.960720438257394, 0.9722529318010906, 0.9562034833336248, 0.9643989635889891, 0.9876844188918692, 0.9569065435031574, 0.9672317664771934, 0.9789664474499135, 0.9661372077061529, 0.9490676177552216, 0.9587773595643673, 0.970080152209819, 0.9834662147077655, 0.9605964497349695, 0.9723132141460608, 0.9916720509024675, 0.9617647646840751, 0.9721646198421156, 0.9648486734194106, 0.9633858939263336, 0.9620468224223703, 0.9734230409043272, 0.9932256403274279, 0.9721795786416749, 0.96475395512032, 0.9616379676015764, 0.9633950091873063, 0.9749575699117907, 0.9642996403684021, 0.9613414227244789, 0.9634245860487488, 0.9755835458953879, 0.9546423255612474, 0.9633226961576717, 0.9758853721354644, 0.9535680062836653, 0.9626408051773242, 0.9723517426212072, 0.9945153071374878, 0.9622879777621446, 0.9759629608009263, 0.9642673271260561, 0.9747987507871858, 0.9541011774376004, 0.9634188665963248, 0.9769753938871568, 0.9534946545348378, 0.9746632635192907, 0.9880462059931157, 0.9744783580651053, 0.990303675661982, 0.9760485967614803, 0.9960030215536717, 0.9651289007307972, 0.9792437808549815, 0.9567915846281613, 0.9652557354050578, 0.979070760555111, 0.9967263717734856, 0.9657132355672224, 0.9799149490658737, 0.9924569845087889, 0.9663620102685758, 0.9796079199669404, 0.9938493317745652, 0.9796736515589552, 0.9949685111138469, 0.9673884467073636, 0.977680319079301, 0.9692748872862019, 0.9812026341225851, 0.995940233202767, 0.9665932091160543, 0.9675648591031588, 0.9822889127045117, 0.9966690257704726, 0.9818551217364663, 0.9976933153291324, 0.9824829792900912, 0.9972764029880403, 0.96843284977149, 0.9829996789905949, 0.9977616954846105, 0.9687223929766711, 0.9834317728464336, 0.9981522549573187, 0.9833737622020983, 0.9981611216811249, 0.983502414275119, 0.9984878296455575, 0.983811588794205, 0.9984891483178708, 0.9839287018689564, 0.9987595417762951, 0.9841552013529014, 0.9987560501108979, 0.9697229669290787, 0.9843971289176536, 0.9989717211406307, 0.9844246724007751, 0.999148165817053, 0.9845800146065444, 0.9989922481905558, 0.9663188107840198, 0.9806318271325952, 0.9991664955454336, 0.9669849597843655, 0.9714784731757916, 0.9847899945779531, 0.999303908798726, 0.970296812044703, 0.984690213579589, 0.9994228021797539, 0.967180001899464, 0.9715205965744272, 0.9672345738131657, 0.9815735287693644, 0.9993173632856069, 0.9714288227235113, 0.9818665865352283, 0.9994342463563836, 0.9678372225987136, 0.9823370928777598, 0.9995271645018188, 0.9716961309662769, 0.9828612573348183, 0.9995329866088938, 0.9686617460560316, 0.982554453485763, 0.9996126783996402, 0.9690609104363057, 0.9833461137051396, 0.9830193330893771, 0.0],"final_Tsas" => Dict{Int64,Any}(1 => [0.14285714285714285 0.14285714285714285; 0.018590065979399887 0.02693412903566817; 0.0011524335466816507 0.010659772185550701; 0.010659772185550701 0.9854851967690255; 0.0035049506510951914 0.012830953347731586; 0.9839365680155516 0.03902338527006356; 0.0007954152013348825 0.03902338527006356]

[0.14285714285714285 0.14285714285714285; 0.018590065979399887 0.02693412903566817; 0.0011524335466816507 0.7227323579000713; 0.0776300535013001 0.0024191338718290876; 0.0035049506510951914 0.012830953347731586; 0.0011524335466816507 0.03902338527006356; 0.0860595461430875 0.625278848466247]

[0.14285714285714285 0.14285714285714285; 0.32838523497181316 0.02693412903566817; 0.0011524335466816507 0.010659772185550701; 0.1512406120989222 0.0024191338718290876; 0.0035049506510951914 0.012830953347731586; 0.0011524335466816507 0.7658596883796185; 0.2940437800646898 0.03902338527006356]

[0.14285714285714285 0.14285714285714285; 0.018590065979399887 0.14372667644173034; 0.6983548909682394 0.010659772185550701; 0.010659772185550701 0.0024191338718290876; 0.6274588364175897 0.10986052820304476; 0.010301264251040136 0.03902338527006356; 0.0007954152013348825 0.03902338527006356]

[0.14285714285714285 0.14285714285714285; 0.5786644351311874 0.1961484581147099; 0.0011524335466816507 0.1512406120989222; 0.010659772185550701 0.0024191338718290876; 0.0035049506510951914 0.012830953347731586; 0.0011524335466816507 0.03902338527006356; 0.6126913331682191 0.17960422518343505]

[0.14285714285714285 0.14285714285714285; 0.018590065979399887 0.552388349300887; 0.2958829412983523 0.010659772185550701; 0.010659772185550701 0.0024191338718290876; 0.3550164103269344 0.7875831231155969; 0.0011524335466816507 0.03902338527006356; 0.004819095019998867 0.03902338527006356]

[0.14285714285714285 0.14285714285714285; 0.018590065979399887 0.02693412903566817; 0.0011524335466816507 0.08338794125880358; 0.7284902456575748 0.0024191338718290876; 0.0035049506510951914 0.05123253529043196; 0.0011524335466816507 0.03902338527006356; 0.0007954152013348825 0.03902338527006356]),"final_Reward" => Dict{Int64,Any}(1 => [1.0, 0.0, 0.0, 0.0, 0.0, 0.0, 0.0]),"final_Qsa" => [0.0 0.0; 0.9715497286127487 0.9811355698468376; 0.9851177108425504 0.9674526971917266; 0.9607551791898825 0.9996022168130949; 0.9849775967454939 0.983344562173471; 0.9996747649719518 0.9724240743159185; 0.9705589872825431 0.9701033252633892])