DateTime of fitting: 2020-02-09T16:17:29.787
DATA_STATS
nr_subjects: 1
all_subject_ids: [14]
nr_puzzles: 1
nr_episodes: 43
nr_actions: 193
max_state_id: 7
max_action_id: 2
SUBJECT_SIGNALS
subject_id: 14
algorithm_name: Forward Learner
param_string: eta=0.1844, gamma=0.991,
                temp=0.0104,
                initTsas=nothing, initR=nothing
param_vector: [0.18440404703567462, 0.9910487258099507, 0.010423658350524605]
LL: -112.992
RPE
Float64[]
SPE
[0.857, 0.857, 0.857, 0.857, 0.699, 0.699, 0.699, 0.699, 0.857, 0.57, 0.57, 0.57, 0.57, 0.465, 0.465, 0.465, 0.465, 0.379, 0.379, 0.379, 0.379, 0.309, 0.309, 0.309, 0.309, 0.857, 0.857, 0.252, 0.699, 0.699, 0.206, 0.57, 0.57, 0.252, 0.252, 0.168, 0.465, 0.465, 0.137, 0.379, 0.379, 0.112, 0.309, 0.948, 0.699, 0.252, 0.437, 0.57, 0.206, 0.356, 0.465, 0.168, 0.972, 0.857, 0.857, 0.421, 0.379, 0.137, 0.344, 0.309, 0.112, 0.862, 0.857, 0.091, 0.091, 0.413, 0.074, 0.074, 0.337, 0.857, 0.252, 0.061, 0.275, 0.206, 0.049, 0.224, 0.883, 0.699, 0.883, 0.206, 0.755, 0.183, 0.99, 0.57, 0.206, 0.721, 0.465, 0.168, 0.807, 0.699, 0.375, 0.04, 0.149, 0.306, 0.995, 0.25, 0.252, 0.168, 0.206, 0.972, 0.168, 0.321, 0.137, 0.996, 0.615, 0.122, 0.35, 0.996, 0.57, 0.262, 0.112, 0.847, 0.091, 0.417, 0.137, 0.977, 0.502, 0.099, 0.214, 0.074, 0.34, 0.812, 0.465, 0.174, 0.061, 0.794, 0.049, 0.411, 0.475, 0.081, 0.922, 0.066, 0.664, 0.379, 0.541, 0.309, 0.835, 0.054, 0.296, 0.388, 0.044, 0.985, 0.544, 0.252, 0.381, 0.775, 0.206, 0.311, 0.112, 0.992, 0.168, 0.391, 0.442, 0.036, 0.74, 0.029, 0.319, 0.361, 0.024, 0.713, 0.409, 0.857, 0.137, 0.547, 0.112, 0.458, 0.985, 0.334, 0.019, 0.446, 0.091, 0.736, 0.016, 0.373, 0.294, 0.013, 0.929, 0.304, 0.24, 0.011, 0.758, 0.248, 0.196, 0.009, 0.203, 0.867, 0.074, 0.508, 0.259, 0.688, 0.165, 0.315, 0.0]
action_selection_prob
[0.5, 0.5, 0.5, 0.5, 0.5, 0.5, 0.5, 0.5, 0.5, 0.5, 0.5, 0.5, 0.5, 0.5, 0.5, 0.5, 0.5, 0.5, 0.5, 0.5, 0.5, 0.5, 0.5, 0.5, 0.5, 0.5, 0.5, 0.347, 0.713, 0.718, 0.373, 0.719, 0.795, 0.362, 0.339, 0.398, 0.732, 0.824, 0.427, 0.763, 0.848, 0.453, 0.781, 0.858, 0.624, 0.73, 0.804, 0.642, 0.784, 0.839, 0.652, 0.801, 0.853, 0.5, 0.638, 0.807, 0.611, 0.792, 0.834, 0.621, 0.804, 0.845, 0.53, 0.415, 0.789, 0.807, 0.46, 0.794, 0.823, 0.527, 0.607, 0.798, 0.834, 0.622, 0.804, 0.84, 0.464, 0.37, 0.698, 0.35, 0.652, 0.847, 0.553, 0.346, 0.299, 0.472, 0.329, 0.291, 0.539, 0.686, 0.517, 0.808, 0.842, 0.525, 0.806, 0.471, 0.215, 0.586, 0.202, 0.415, 0.192, 0.428, 0.27, 0.487, 0.736, 0.864, 0.474, 0.814, 0.731, 0.461, 0.244, 0.445, 0.244, 0.434, 0.191, 0.544, 0.758, 0.859, 0.486, 0.216, 0.443, 0.817, 0.761, 0.485, 0.223, 0.424, 0.226, 0.419, 0.815, 0.853, 0.569, 0.851, 0.612, 0.786, 0.624, 0.807, 0.64, 0.834, 0.539, 0.821, 0.831, 0.545, 0.655, 0.814, 0.539, 0.829, 0.826, 0.541, 0.173, 0.542, 0.834, 0.579, 0.809, 0.816, 0.671, 0.816, 0.576, 0.813, 0.815, 0.321, 0.664, 0.186, 0.828, 0.685, 0.833, 0.31, 0.185, 0.671, 0.795, 0.683, 0.831, 0.689, 0.792, 0.305, 0.801, 0.791, 0.556, 0.309, 0.806, 0.792, 0.55, 0.312, 0.81, 0.792, 0.315, 0.811, 0.833, 0.545, 0.191, 0.543, 0.312, 0.818, 0.0]
results_dict
Dict{String,Any}("QSA_record" => [0.0, 0.0, 0.0, 0.0, 0.0, 0.0, 0.0, 0.0, 0.0, 0.0, 0.0, 0.0, 0.0, 0.0, 0.0, 0.0, 0.0, 0.0, 0.0, 0.0, 0.0, 0.0, 0.0, 0.0, 0.0, 0.0, 0.0, 0.9319898573338935, 0.9426530454492703, 0.954843553990682, 0.9490341724472371, 0.9581450343428889, 0.9716182129032187, 0.9542169430844021, 0.9550888379772051, 0.9594916772638963, 0.9677781643733152, 0.9808623841865795, 0.9634039623569224, 0.9724763173263808, 0.9857424647554411, 0.9674870527979312, 0.9766330404719197, 0.9893684929474313, 0.968828495808746, 0.9730903562320451, 0.9830588277019956, 0.9678401948024927, 0.9755058126526049, 0.9865173845924162, 0.9700941072262794, 0.9788227657170947, 0.9897315144818839, 0.9710912790005075, 0.9694881923371265, 0.9836787423223772, 0.9683386331169241, 0.9766480898106291, 0.986975474660061, 0.9709315610412839, 0.9798162824149469, 0.9900496654804529, 0.9719776000927737, 0.9671323947740206, 0.9763933297755244, 0.9860508033896006, 0.97057460823249, 0.9795440338237456, 0.9892713831039692, 0.9742978891830859, 0.9737814104198441, 0.9822858365007209, 0.9917608379537898, 0.9752459015420714, 0.9840406983215721, 0.9935221206246416, 0.9751096983050961, 0.975788463522533, 0.97896195782526, 0.9704062150070102, 0.9768037656951407, 0.994904948068365, 0.9776632700775447, 0.9753889008004062, 0.9705354195272373, 0.9757907717653704, 0.9746531189862047, 0.9701425608970208, 0.9769729828815247, 0.9820696449926335, 0.9773944565650312, 0.986988444119954, 0.9963784262999554, 0.9785142420040975, 0.9878423640290432, 0.9762575742589765, 0.9707732512827127, 0.9757203996884081, 0.9695837171602288, 0.9718897227777686, 0.9688869048843594, 0.9724298545123462, 0.9688189392506024, 0.9753198118737035, 0.979181904750319, 0.9969154078996407, 0.9751401043789835, 0.9843729918218354, 0.9855954434398506, 0.9736141609233894, 0.9697434429385825, 0.9753348285944217, 0.9699519017898126, 0.9749454554247579, 0.9688784017701999, 0.9757098378577216, 0.9817664167810763, 0.9977391674929369, 0.9751362524119453, 0.9700205820472694, 0.9756681932854095, 0.984286592050761, 0.988823041779177, 0.9751497273031898, 0.970692032756172, 0.9759782290258875, 0.9709646390116093, 0.9758295603167745, 0.984498728257542, 0.9983285255232316, 0.9795574086562839, 0.9986560030071874, 0.9818201929433403, 0.9916145712857067, 0.9828600507769294, 0.9933659413291634, 0.9840868890748398, 0.9990563953909515, 0.9788593270967116, 0.9876265143511387, 0.9992445058036689, 0.9793815112436738, 0.9857082588984075, 0.9949489852206927, 0.979173211796836, 0.988535473574854, 0.9959613905255094, 0.9794132954599589, 0.9723049645170561, 0.9795376085336506, 0.9967548810543881, 0.9814134009967224, 0.9889060900807515, 0.999466526003446, 0.9874280092117971, 0.9995669668171965, 0.9816082037066246, 0.9893771396632978, 0.9996478166930606, 0.9803044322980852, 0.9866372425017156, 0.9842986803935295, 0.9975112764549118, 0.988378438632764, 0.9979896685168352, 0.9803781395528188, 0.9744405440767658, 0.9875691337534449, 0.999728408314403, 0.9887958964897055, 0.9983915931361388, 0.9891124313964803, 0.9997830352907922, 0.9808999087315755, 0.9901061787731609, 0.9998235542074962, 0.9824153642320441, 0.9810951866251014, 0.990273236397462, 0.9998558204370244, 0.9821690868725763, 0.9812552549724904, 0.9904108968498998, 0.9998821740874679, 0.981397079699047, 0.99052557238444, 0.9987090149759066, 0.9819726412020776, 0.9753896069180408, 0.9819071976983679, 0.9813956378933644, 0.9904583136035511, 0.0],"final_Tsas" => Dict{Int64,Any}(1 => [0.14285714285714285 0.14285714285714285; 0.992994531924719 0.1165137075663322; 0.9394339824747222 0.06321238964399707; 0.006714719755428586 0.034294730533998875; 0.01009433625421297 0.0003869713043701257; 0.0002099442321751208 0.012376638478310966; 0.01009433625421297 0.0019764155603120112]

[0.14285714285714285 0.14285714285714285; 0.0002099442321751208 0.1165137075663322; 0.01009433625421297 0.06321238964399707; 0.006714719755428586 0.7276819694140166; 0.01009433625421297 0.743428852358369; 0.0002099442321751208 0.3994806884676483; 0.01009433625421297 0.0019764155603120112]

[0.14285714285714285 0.14285714285714285; 0.0050350386040720774 0.3009177546020068; 0.01009433625421297 0.06321238964399707; 0.006714719755428586 0.034294730533998875; 0.01009433625421297 0.2386601755510945; 0.01067799234562867 0.5190478468956737; 0.01009433625421297 0.05625403863626608]

[0.14285714285714285 0.14285714285714285; 0.0002099442321751208 0.1165137075663322; 0.01009433625421297 0.6207256621360175; 0.006714719755428586 0.034294730533998875; 0.1604935307267523 0.0003869713043701257; 0.12321119368392676 0.012376638478310966; 0.857837639162679 0.0215646878054353]

[0.14285714285714285 0.14285714285714285; 0.0002099442321751208 0.1165137075663322; 0.01009433625421297 0.06321238964399707; 0.006714719755428586 0.034294730533998875; 0.01009433625421297 0.0003869713043701257; 0.8652710370417441 0.012376638478310966; 0.09169067956625618 0.4777141976107028]

[0.14285714285714285 0.14285714285714285; 0.0002099442321751208 0.1165137075663322; 0.01009433625421297 0.06321238964399707; 0.9597116814674285 0.034294730533998875; 0.01009433625421297 0.016363086873056102; 0.0002099442321751208 0.012376638478310966; 0.01009433625421297 0.43853782926665996]

[0.14285714285714285 0.14285714285714285; 0.0011306525425084208 0.1165137075663322; 0.01009433625421297 0.06321238964399707; 0.006714719755428586 0.10084437791598903; 0.7890347880021829 0.0003869713043701257; 0.0002099442321751208 0.03196491072343427; 0.01009433625421297 0.0019764155603120112]),"final_Reward" => Dict{Int64,Any}(1 => [1.0, 0.0, 0.0, 0.0, 0.0, 0.0, 0.0]),"final_Qsa" => [0.0 0.0; 0.9999049354236699 0.9860063642139576; 0.9989473088317504 0.9819804185065828; 0.9809595066359859 0.9883482842934342; 0.9747580073252656 0.9905495786110502; 0.9815067238777891 0.9896141351288533; 0.9800759713594147 0.9817346504362546])
POPULATION_SIGNALS
subject_id: 14
algorithm_name: Forward Learner
param_string: eta=0.1692, gamma=0.9856,
                temp=0.0118,
                initTsas=nothing, initR=nothing
param_vector: [0.16921432907904174, 0.9855564353951695, 0.011831814925089175]
LL: -114.858
RPE
Float64[]
SPE
[0.857, 0.857, 0.857, 0.857, 0.712, 0.712, 0.712, 0.712, 0.857, 0.592, 0.592, 0.592, 0.592, 0.491, 0.491, 0.491, 0.491, 0.408, 0.408, 0.408, 0.408, 0.339, 0.339, 0.339, 0.339, 0.857, 0.857, 0.282, 0.712, 0.712, 0.234, 0.592, 0.592, 0.282, 0.282, 0.195, 0.491, 0.491, 0.162, 0.408, 0.408, 0.134, 0.339, 0.943, 0.712, 0.282, 0.451, 0.592, 0.234, 0.375, 0.491, 0.195, 0.968, 0.857, 0.857, 0.428, 0.408, 0.162, 0.355, 0.339, 0.134, 0.865, 0.857, 0.112, 0.112, 0.415, 0.093, 0.093, 0.344, 0.857, 0.282, 0.077, 0.286, 0.234, 0.064, 0.238, 0.881, 0.712, 0.881, 0.234, 0.761, 0.197, 0.987, 0.592, 0.234, 0.732, 0.491, 0.195, 0.82, 0.712, 0.363, 0.053, 0.164, 0.302, 0.993, 0.25, 0.282, 0.195, 0.234, 0.968, 0.195, 0.331, 0.162, 0.995, 0.632, 0.136, 0.342, 0.994, 0.592, 0.275, 0.134, 0.856, 0.112, 0.405, 0.162, 0.973, 0.525, 0.113, 0.228, 0.093, 0.337, 0.826, 0.491, 0.19, 0.077, 0.801, 0.064, 0.402, 0.452, 0.094, 0.918, 0.078, 0.675, 0.408, 0.56, 0.339, 0.836, 0.065, 0.303, 0.375, 0.054, 0.981, 0.556, 0.282, 0.379, 0.783, 0.234, 0.315, 0.134, 0.989, 0.195, 0.386, 0.428, 0.045, 0.746, 0.037, 0.321, 0.356, 0.031, 0.722, 0.436, 0.857, 0.162, 0.553, 0.134, 0.446, 0.981, 0.362, 0.026, 0.459, 0.112, 0.738, 0.021, 0.371, 0.296, 0.018, 0.927, 0.308, 0.246, 0.015, 0.77, 0.256, 0.204, 0.012, 0.213, 0.862, 0.093, 0.494, 0.262, 0.701, 0.177, 0.31, 0.0]
action_selection_prob
[0.5, 0.5, 0.5, 0.5, 0.5, 0.5, 0.5, 0.5, 0.5, 0.5, 0.5, 0.5, 0.5, 0.5, 0.5, 0.5, 0.5, 0.5, 0.5, 0.5, 0.5, 0.5, 0.5, 0.5, 0.5, 0.5, 0.5, 0.308, 0.74, 0.754, 0.326, 0.759, 0.85, 0.327, 0.296, 0.353, 0.781, 0.887, 0.385, 0.818, 0.911, 0.418, 0.839, 0.922, 0.664, 0.788, 0.877, 0.681, 0.844, 0.907, 0.691, 0.864, 0.919, 0.5, 0.683, 0.881, 0.644, 0.857, 0.905, 0.655, 0.869, 0.915, 0.54, 0.384, 0.853, 0.882, 0.437, 0.861, 0.896, 0.544, 0.64, 0.865, 0.906, 0.66, 0.872, 0.912, 0.459, 0.331, 0.755, 0.308, 0.702, 0.917, 0.566, 0.302, 0.242, 0.467, 0.28, 0.231, 0.549, 0.739, 0.519, 0.877, 0.915, 0.531, 0.876, 0.463, 0.146, 0.619, 0.133, 0.381, 0.123, 0.398, 0.208, 0.482, 0.8, 0.93, 0.465, 0.884, 0.793, 0.439, 0.178, 0.427, 0.177, 0.411, 0.123, 0.568, 0.826, 0.927, 0.472, 0.148, 0.423, 0.887, 0.827, 0.472, 0.154, 0.398, 0.156, 0.391, 0.884, 0.923, 0.594, 0.922, 0.648, 0.854, 0.663, 0.875, 0.683, 0.909, 0.559, 0.89, 0.906, 0.566, 0.703, 0.883, 0.556, 0.898, 0.895, 0.558, 0.105, 0.558, 0.903, 0.606, 0.882, 0.894, 0.724, 0.894, 0.602, 0.886, 0.893, 0.265, 0.725, 0.107, 0.898, 0.743, 0.903, 0.251, 0.113, 0.733, 0.876, 0.741, 0.902, 0.748, 0.873, 0.244, 0.875, 0.872, 0.577, 0.248, 0.88, 0.873, 0.569, 0.252, 0.884, 0.873, 0.256, 0.885, 0.903, 0.562, 0.117, 0.56, 0.252, 0.891, 0.0]
results_dict
Dict{String,Any}("QSA_record" => [0.0, 0.0, 0.0, 0.0, 0.0, 0.0, 0.0, 0.0, 0.0, 0.0, 0.0, 0.0, 0.0, 0.0, 0.0, 0.0, 0.0, 0.0, 0.0, 0.0, 0.0, 0.0, 0.0, 0.0, 0.0, 0.0, 0.0, 0.9032997046861208, 0.9166220818624955, 0.9325105502539971, 0.9209782624525017, 0.9338519963618478, 0.9536942660134888, 0.9276618466931158, 0.9288294677766402, 0.934237421492661, 0.9467426855707761, 0.9671544987984543, 0.9397511198882069, 0.9537207701858625, 0.9748767346555323, 0.9459223345842871, 0.9602156541219331, 0.9808308562032598, 0.949179211136697, 0.9556104810059153, 0.9718428308641192, 0.9477759243748382, 0.9592643721554946, 0.9771453146382516, 0.9510229053498445, 0.9643524229940588, 0.982171902679066, 0.9529335634784989, 0.9507393114133904, 0.9734665106562852, 0.948816369247524, 0.961630833698069, 0.9784409260865077, 0.9525805124318714, 0.9664292577829927, 0.9831391634609107, 0.9545635867945328, 0.9472856386535227, 0.9616350727834341, 0.9772928269216413, 0.9521702570642074, 0.9663441430006312, 0.9821299645020022, 0.9581868835096333, 0.9571650168562648, 0.9705303437231843, 0.985952018987084, 0.9593400002798488, 0.9732859527300014, 0.9887313150143797, 0.9595123959413744, 0.9605105930565284, 0.9652202628951507, 0.9523596367794235, 0.9620878473296688, 0.9909745538548926, 0.9631563146120828, 0.9600111409817621, 0.9524874612797206, 0.9605912781290631, 0.9588994136490759, 0.9518346187366087, 0.9621743408400015, 0.9700653506700809, 0.962709239446041, 0.9780681262806552, 0.9933840005904437, 0.9645367614847125, 0.9795248780583724, 0.9613037334778578, 0.9533765407288479, 0.9608039956982178, 0.9515663802775356, 0.9547107778331934, 0.9504529035478743, 0.9554804827233263, 0.9500962426200997, 0.9599657639274491, 0.965916913194997, 0.9943031391402603, 0.959718559213162, 0.9745935358387862, 0.9756909559087449, 0.9572252872339527, 0.9514168141060723, 0.9599903850320751, 0.9516560264376048, 0.9593619186621484, 0.9504652754370446, 0.9608253344095335, 0.9698577895238983, 0.9957024696137257, 0.9594536529415901, 0.9517146922959879, 0.9605031992970079, 0.9744263252816477, 0.9807326200357953, 0.9594484308606989, 0.9526456629161085, 0.9609203066402093, 0.9530147123421354, 0.9606407781396009, 0.9745946045916309, 0.9967362283358662, 0.966406860265233, 0.9973260972503069, 0.9698556486675143, 0.9852078222424535, 0.9714157570138104, 0.9880664214135114, 0.973311911934946, 0.9980722136073434, 0.9656732657506049, 0.9795387837327532, 0.9984300879621733, 0.9664857556157874, 0.975982342317211, 0.9907476345097462, 0.9661028229208621, 0.9810099564679488, 0.9924633360392042, 0.9664444124753686, 0.9556589496938394, 0.9666373301198777, 0.9938320522680975, 0.9693779189064311, 0.9816025419645822, 0.9988651236809404, 0.9788362741094487, 0.999062338919223, 0.9698295374155417, 0.9824215281492356, 0.9992243131442448, 0.9679830156222076, 0.9779012718965145, 0.9742952693331881, 0.9951881617419848, 0.9804901572729815, 0.9960435908614167, 0.9681454945269191, 0.9589862869092047, 0.9794154874145699, 0.9993920019751853, 0.9812261056001669, 0.9967803339437111, 0.9817714664197338, 0.9995059348011871, 0.9690076721791419, 0.9837342827712979, 0.9995910820026057, 0.9713524034284847, 0.9693303661780509, 0.9840286312123041, 0.9996597749641336, 0.970980519819362, 0.9695957135656192, 0.9842755695458492, 0.9997168631760438, 0.9698339891716802, 0.9844857234357283, 0.9973756485570464, 0.9706772699089697, 0.9604172967271815, 0.970598357010866, 0.9698202203909311, 0.9843608191794161, 0.0],"final_Tsas" => Dict{Int64,Any}(1 => [0.14285714285714285 0.14285714285714285; 0.9898292076138777 0.1186836672744226; 0.9230142799136104 0.06805467267803018; 0.008855985987037308 0.03902338527006356; 0.012830953347731586 0.0006608195517017294; 0.0003789220481898244 0.015444360437160616; 0.012830953347731586 0.002911862778214968]

[0.14285714285714285 0.14285714285714285; 0.0003789220481898244 0.1186836672744226; 0.012830953347731586 0.06805467267803018; 0.008855985987037308 0.6988894070638692; 0.012830953347731586 0.7424122852814871; 0.0003789220481898244 0.38706012762996533; 0.012830953347731586 0.002911862778214968]

[0.14285714285714285 0.14285714285714285; 0.006911124259303721 0.28789799635346436; 0.012830953347731586 0.06805467267803018; 0.008855985987037308 0.03902338527006356; 0.012830953347731586 0.23598976733400104; 0.013634162077447056 0.5136981313885566; 0.012830953347731586 0.058549812872885146]

[0.14285714285714285 0.14285714285714285; 0.0003789220481898244 0.1186836672744226; 0.012830953347731586 0.5916719639318189; 0.008855985987037308 0.03902338527006356; 0.15341179326110307 0.0006608195517017294; 0.13163666101650148 0.015444360437160616; 0.8424034994682638 0.02493180157388986]

[0.14285714285714285 0.14285714285714285; 0.0003789220481898244 0.1186836672744226; 0.012830953347731586 0.06805467267803018; 0.008855985987037308 0.03902338527006356; 0.012830953347731586 0.0006608195517017294; 0.8532134887132922 0.015444360437160616; 0.09344173379307827 0.4899309990812554]

[0.14285714285714285 0.14285714285714285; 0.0003789220481898244 0.1186836672744226; 0.012830953347731586 0.06805467267803018; 0.9468640840777761 0.03902338527006356; 0.012830953347731586 0.018954669177704938; 0.0003789220481898244 0.015444360437160616; 0.012830953347731586 0.4178517981373246]

[0.14285714285714285 0.14285714285714285; 0.0017439799340592367 0.1186836672744226; 0.012830953347731586 0.06805467267803018; 0.008855985987037308 0.105993666585813; 0.7824334400002388 0.0006608195517017294; 0.0003789220481898244 0.03746429923283551; 0.012830953347731586 0.002911862778214968]),"final_Reward" => Dict{Int64,Any}(1 => [1.0, 0.0, 0.0, 0.0, 0.0, 0.0, 0.0]),"final_Qsa" => [0.0 0.0; 0.9997675332936544 0.9770406312810878; 0.9978213434791071 0.9709544226200892; 0.9689509476074157 0.9807601426687429; 0.9594340481483719 0.9845238117820242; 0.9700051066039356 0.9826970389029327; 0.9677172236507015 0.970315542056696])