DateTime of fitting: 2020-02-09T16:19:45.155
DATA_STATS
nr_subjects: 1
all_subject_ids: [16]
nr_puzzles: 1
nr_episodes: 51
nr_actions: 188
max_state_id: 7
max_action_id: 2
SUBJECT_SIGNALS
subject_id: 16
algorithm_name: Forward Learner
param_string: eta=0.0133, gamma=0.9549,
                temp=0.0106,
                initTsas=nothing, initR=nothing
param_vector: [0.01325611369759493, 0.9548905744761679, 0.010551386357901042]
LL: -106.236
RPE
Float64[]
SPE
[0.857, 0.857, 0.857, 0.857, 0.857, 0.846, 0.857, 0.857, 0.846, 0.857, 0.857, 0.857, 0.846, 0.846, 0.857, 0.857, 0.835, 0.835, 0.846, 0.846, 0.824, 0.846, 0.835, 0.846, 0.824, 0.835, 0.846, 0.835, 0.835, 0.863, 0.813, 0.824, 0.826, 0.824, 0.865, 0.802, 0.813, 0.815, 0.813, 0.815, 0.824, 0.804, 0.866, 0.835, 0.835, 0.846, 0.824, 0.846, 0.855, 0.813, 0.835, 0.846, 0.824, 0.835, 0.866, 0.793, 0.824, 0.804, 0.813, 0.865, 0.802, 0.835, 0.807, 0.868, 0.802, 0.796, 0.794, 0.783, 0.848, 0.794, 0.791, 0.815, 0.859, 0.824, 0.835, 0.781, 0.863, 0.773, 0.826, 0.77, 0.853, 0.762, 0.791, 0.804, 0.865, 0.76, 0.804, 0.815, 0.877, 0.75, 0.781, 0.783, 0.755, 0.789, 0.86, 0.74, 0.778, 0.776, 0.867, 0.73, 0.77, 0.794, 0.868, 0.768, 0.766, 0.749, 0.794, 0.847, 0.739, 0.783, 0.789, 0.721, 0.843, 0.779, 0.711, 0.817, 0.702, 0.807, 0.692, 0.861, 0.756, 0.729, 0.776, 0.84, 0.719, 0.765, 0.771, 0.683, 0.873, 0.761, 0.746, 0.71, 0.853, 0.783, 0.761, 0.674, 0.875, 0.751, 0.665, 0.766, 0.873, 0.796, 0.656, 0.751, 0.875, 0.648, 0.759, 0.741, 0.639, 0.836, 0.731, 0.631, 0.744, 0.864, 0.734, 0.736, 0.701, 0.83, 0.721, 0.622, 0.748, 0.842, 0.691, 0.739, 0.716, 0.614, 0.885, 0.728, 0.782, 0.706, 0.899, 0.682, 0.785, 0.611, 0.85, 0.771, 0.697, 0.603, 0.85, 0.673, 0.756, 0.726, 0.664, 0.821, 0.688, 0.595, 0.746, 0.0]
action_selection_prob
[0.5, 0.5, 0.5, 0.5, 0.5, 0.5, 0.5, 0.5, 0.5, 0.5, 0.5, 0.507, 0.511, 0.571, 0.505, 0.515, 0.493, 0.484, 0.506, 0.423, 0.479, 0.524, 0.638, 0.499, 0.483, 0.504, 0.307, 0.488, 0.528, 0.703, 0.466, 0.518, 0.692, 0.475, 0.487, 0.455, 0.524, 0.741, 0.465, 0.48, 0.5, 0.783, 0.454, 0.504, 0.414, 0.556, 0.496, 0.597, 0.443, 0.489, 0.655, 0.568, 0.708, 0.544, 0.487, 0.815, 0.533, 0.479, 0.753, 0.521, 0.538, 0.156, 0.437, 0.532, 0.792, 0.425, 0.525, 0.848, 0.413, 0.477, 0.825, 0.511, 0.475, 0.128, 0.598, 0.854, 0.593, 0.876, 0.588, 0.877, 0.583, 0.895, 0.501, 0.467, 0.525, 0.895, 0.511, 0.517, 0.91, 0.912, 0.5, 0.544, 0.906, 0.413, 0.544, 0.925, 0.402, 0.54, 0.919, 0.936, 0.488, 0.464, 0.504, 0.388, 0.547, 0.915, 0.523, 0.505, 0.928, 0.511, 0.5, 0.945, 0.377, 0.501, 0.953, 0.635, 0.96, 0.634, 0.966, 0.501, 0.555, 0.936, 0.491, 0.507, 0.945, 0.48, 0.503, 0.969, 0.53, 0.361, 0.562, 0.952, 0.48, 0.435, 0.505, 0.973, 0.53, 0.509, 0.976, 0.519, 0.425, 0.654, 0.979, 0.345, 0.415, 0.982, 0.492, 0.521, 0.984, 0.332, 0.526, 0.986, 0.322, 0.418, 0.311, 0.591, 0.955, 0.302, 0.529, 0.987, 0.484, 0.535, 0.96, 0.473, 0.531, 0.988, 0.465, 0.293, 0.403, 0.538, 0.99, 0.964, 0.715, 0.989, 0.455, 0.389, 0.54, 0.99, 0.718, 0.968, 0.554, 0.624, 0.972, 0.282, 0.544, 0.991, 0.543, 0.0]
results_dict
Dict{String,Any}("QSA_record" => [0.0, 0.0, 0.0, 0.0, 0.0, 0.0, 0.0, 0.0, 0.0, 0.0, 0.0, 0.7765304862603492, 0.7792276406734703, 0.7852298121507804, 0.7833015896984631, 0.7856386785887199, 0.7870700284545035, 0.7870901978334652, 0.7892207824656385, 0.7897402040665151, 0.7894081663740352, 0.7904312166474086, 0.7965949208493595, 0.7906525406781177, 0.790140199694527, 0.7915851074729666, 0.792183947538729, 0.7918002082140464, 0.7921224532256937, 0.8010835372186649, 0.7909668388069764, 0.7917584737690357, 0.8002132363925913, 0.7911261267140004, 0.7910115896895731, 0.791176484899993, 0.7922274321542271, 0.8039602777508777, 0.7919205164713019, 0.7919204133324645, 0.7940883052510367, 0.8079529100248479, 0.7930402528168661, 0.7953507971479008, 0.795695469888856, 0.796589763641198, 0.7959003339553608, 0.7999362384556934, 0.7944112296554996, 0.7964537622033638, 0.8036587306958758, 0.7981523913373743, 0.807263482986226, 0.7994207690251447, 0.7991680910503528, 0.8160254414037618, 0.8004611427224785, 0.8003388618897169, 0.8129273045113103, 0.8015703718581834, 0.8023013069602023, 0.8033127584308636, 0.8010194560475697, 0.8029262824008412, 0.817193046849637, 0.8007667769216237, 0.8032423823015419, 0.8223597051792867, 0.8014004125868588, 0.8044828847296412, 0.821688858761641, 0.8052422722656986, 0.8060586814737019, 0.8070431171187287, 0.8080428134457673, 0.8258028715342525, 0.808018770414073, 0.8282552367039373, 0.8087336610668001, 0.829583154585647, 0.8096202976390177, 0.8326404005325758, 0.8097970241766181, 0.8098553730391055, 0.8128827526577178, 0.8350556384429297, 0.81175852961848, 0.8140300085303732, 0.8378017599940472, 0.8384615187373995, 0.812357634999264, 0.8142361333007144, 0.8381646987845325, 0.811547568468737, 0.8151480244115318, 0.8422577343549855, 0.8123242256991735, 0.8164014677734717, 0.842502994941448, 0.8457060212083736, 0.8154188996303291, 0.8159636140121692, 0.8187898751098187, 0.8142951027547033, 0.8181766587186575, 0.843290202502898, 0.81701018384665, 0.8194662110875182, 0.8460124516862273, 0.8174010227532126, 0.8202637532281654, 0.8502052795944528, 0.815850879726125, 0.821466730917238, 0.853171769253755, 0.8224553784044795, 0.8558390527820574, 0.8234464758701859, 0.8586496844136349, 0.8215636538158084, 0.8244164761982632, 0.85309391889122, 0.8223949248632791, 0.8266711779141035, 0.8560602168770045, 0.8231623121795988, 0.8278043696224637, 0.8637734283659503, 0.8253269146075857, 0.8233983532255429, 0.8288878313183495, 0.8600738342589046, 0.825107590122017, 0.8269128487885298, 0.8305991420532632, 0.8675179875531877, 0.8271811267321154, 0.8316930085515979, 0.8700008625505186, 0.8276668377949128, 0.8286597647365566, 0.8331263625624721, 0.872525799269676, 0.8266115931387953, 0.8291914016160397, 0.8748857536289489, 0.8288776228730733, 0.8351425529001693, 0.8773316199202384, 0.8282388356295071, 0.8364417475212753, 0.8797614295936422, 0.8289350986948826, 0.8325465637181246, 0.829408058118733, 0.8365941014201594, 0.86817824751081, 0.8293526136646951, 0.8388317591156329, 0.8829173396893192, 0.8328329352693205, 0.8401564241605205, 0.8714283257366688, 0.8333200825886229, 0.8409773278355402, 0.8859099633465588, 0.8340634152342783, 0.8324976645447502, 0.8366727415372877, 0.8427729581278676, 0.8883915267408694, 0.8749184838392152, 0.8423822699763834, 0.8878685775849529, 0.8352886334869606, 0.8375117806101506, 0.8444171366952733, 0.8902498634373197, 0.8442161006774228, 0.87836330373009, 0.8390095739950465, 0.8442985035990689, 0.8807007517399508, 0.8360201140777888, 0.847124660098671, 0.8934564007923811, 0.8404731549133155, 0.0],"final_Tsas" => Dict{Int64,Any}(1 => [0.14285714285714285 0.14285714285714285; 0.11851250547288218 0.11539130053534813; 0.12335332114467246 0.10651229286194491; 0.1372509290190981 0.4129009928375813; 0.10370713155797733 0.13011670886053586; 0.34471166013414606 0.1354315150989204; 0.11235229722053072 0.11851250547288218]

[0.14285714285714285 0.14285714285714285; 0.11851250547288218 0.11539130053534813; 0.12335332114467246 0.2775954410297373; 0.1372509290190981 0.09572718495352908; 0.10370713155797733 0.13011670886053586; 0.10370713155797733 0.1354315150989204; 0.16106757371516045 0.2636220007847409]

[0.14285714285714285 0.14285714285714285; 0.1439865684310909 0.11539130053534813; 0.12335332114467246 0.10651229286194491; 0.1372509290190981 0.09572718495352908; 0.10370713155797733 0.1433728225581308; 0.10370713155797733 0.18741090940647745; 0.1254326863677621 0.13107957440960402]

[0.14285714285714285 0.14285714285714285; 0.13124840291412607 0.1393833059087763; 0.22214958778603408 0.10651229286194491; 0.1372509290190981 0.09572718495352908; 0.32146992381919826 0.14302370288202276; 0.1266017690762872 0.1354315150989204; 0.11235229722053072 0.11851250547288218]

[0.14285714285714285 0.14285714285714285; 0.23895909767974466 0.11539130053534813; 0.12335332114467246 0.1898430946605379; 0.1372509290190981 0.09572718495352908; 0.10370713155797733 0.13011670886053586; 0.10370713155797733 0.1354315150989204; 0.2640905510349543 0.13124840291412607]

[0.14285714285714285 0.14285714285714285; 0.11851250547288218 0.28366019141448284; 0.1610838064906034 0.10651229286194491; 0.1372509290190981 0.10846308239477294; 0.1599944183909149 0.19313663911770285; 0.10370713155797733 0.1354315150989204; 0.11235229722053072 0.11851250547288218]

[0.14285714285714285 0.14285714285714285; 0.1302684145563916 0.11539130053534813; 0.12335332114467246 0.10651229286194491; 0.17649442588541128 0.09572718495352908; 0.10370713155797733 0.13011670886053586; 0.11385804455765729 0.1354315150989204; 0.11235229722053072 0.11851250547288218]),"final_Reward" => Dict{Int64,Any}(1 => [1.0, 0.0, 0.0, 0.0, 0.0, 0.0, 0.0]),"final_Qsa" => [0.0 0.0; 0.8408600862638324 0.8463325610731846; 0.8474033829751918 0.8371284108971041; 0.8450909031564351 0.8953671946997342; 0.8484485479809677 0.8463118350698455; 0.8835527058434804 0.8449990342707124; 0.8389962242828268 0.8403883029230835])
POPULATION_SIGNALS
subject_id: 16
algorithm_name: Forward Learner
param_string: eta=0.1692, gamma=0.9856,
                temp=0.0118,
                initTsas=nothing, initR=nothing
param_vector: [0.16921432907904174, 0.9855564353951695, 0.011831814925089175]
LL: -111.415
RPE
Float64[]
SPE
[0.857, 0.857, 0.857, 0.857, 0.857, 0.712, 0.857, 0.857, 0.712, 0.857, 0.857, 0.857, 0.712, 0.712, 0.857, 0.857, 0.592, 0.592, 0.712, 0.712, 0.491, 0.712, 0.592, 0.712, 0.491, 0.592, 0.712, 0.592, 0.592, 0.918, 0.408, 0.491, 0.578, 0.491, 0.932, 0.339, 0.408, 0.48, 0.408, 0.508, 0.491, 0.399, 0.943, 0.592, 0.592, 0.712, 0.491, 0.712, 0.784, 0.408, 0.592, 0.712, 0.491, 0.592, 0.943, 0.331, 0.491, 0.451, 0.408, 0.932, 0.339, 0.592, 0.544, 0.953, 0.339, 0.452, 0.403, 0.275, 0.759, 0.375, 0.282, 0.508, 0.851, 0.491, 0.592, 0.234, 0.918, 0.229, 0.578, 0.195, 0.803, 0.19, 0.282, 0.422, 0.932, 0.162, 0.422, 0.508, 0.981, 0.134, 0.234, 0.335, 0.3, 0.481, 0.856, 0.112, 0.4, 0.401, 0.847, 0.093, 0.195, 0.351, 0.953, 0.332, 0.333, 0.376, 0.351, 0.707, 0.313, 0.292, 0.525, 0.077, 0.788, 0.436, 0.064, 0.568, 0.053, 0.472, 0.044, 0.892, 0.276, 0.26, 0.37, 0.715, 0.216, 0.308, 0.47, 0.037, 0.973, 0.398, 0.23, 0.179, 0.822, 0.292, 0.391, 0.03, 0.978, 0.324, 0.025, 0.421, 0.973, 0.392, 0.021, 0.331, 0.978, 0.017, 0.382, 0.27, 0.015, 0.762, 0.224, 0.012, 0.398, 0.841, 0.33, 0.191, 0.149, 0.747, 0.186, 0.01, 0.317, 0.867, 0.124, 0.263, 0.298, 0.008, 0.993, 0.397, 0.565, 0.247, 0.999, 0.103, 0.326, 0.175, 0.849, 0.47, 0.205, 0.145, 0.841, 0.085, 0.35, 0.159, 0.071, 0.685, 0.171, 0.121, 0.291, 0.0]
action_selection_prob
[0.5, 0.5, 0.5, 0.5, 0.5, 0.5, 0.5, 0.5, 0.5, 0.5, 0.5, 0.604, 0.545, 0.788, 0.536, 0.561, 0.454, 0.397, 0.462, 0.256, 0.426, 0.626, 0.844, 0.471, 0.325, 0.584, 0.111, 0.448, 0.663, 0.9, 0.425, 0.624, 0.853, 0.405, 0.281, 0.407, 0.722, 0.897, 0.415, 0.229, 0.623, 0.917, 0.42, 0.335, 0.263, 0.576, 0.326, 0.767, 0.418, 0.379, 0.842, 0.623, 0.884, 0.57, 0.486, 0.897, 0.546, 0.481, 0.907, 0.531, 0.742, 0.099, 0.329, 0.748, 0.921, 0.323, 0.744, 0.902, 0.312, 0.524, 0.925, 0.517, 0.55, 0.095, 0.686, 0.93, 0.704, 0.902, 0.72, 0.933, 0.727, 0.9, 0.489, 0.249, 0.447, 0.931, 0.521, 0.457, 0.902, 0.935, 0.475, 0.729, 0.889, 0.259, 0.746, 0.938, 0.263, 0.749, 0.894, 0.939, 0.471, 0.263, 0.438, 0.254, 0.738, 0.883, 0.536, 0.599, 0.89, 0.518, 0.592, 0.94, 0.259, 0.603, 0.94, 0.74, 0.94, 0.752, 0.94, 0.528, 0.738, 0.885, 0.517, 0.605, 0.89, 0.507, 0.598, 0.939, 0.493, 0.244, 0.747, 0.893, 0.51, 0.245, 0.602, 0.938, 0.494, 0.607, 0.938, 0.492, 0.254, 0.754, 0.938, 0.239, 0.252, 0.938, 0.512, 0.611, 0.938, 0.236, 0.615, 0.938, 0.239, 0.301, 0.236, 0.71, 0.891, 0.235, 0.614, 0.937, 0.514, 0.617, 0.894, 0.511, 0.609, 0.937, 0.51, 0.242, 0.28, 0.612, 0.937, 0.897, 0.745, 0.929, 0.49, 0.252, 0.592, 0.93, 0.749, 0.903, 0.509, 0.75, 0.904, 0.247, 0.59, 0.93, 0.508, 0.0]
results_dict
Dict{String,Any}("QSA_record" => [0.0, 0.0, 0.0, 0.0, 0.0, 0.0, 0.0, 0.0, 0.0, 0.0, 0.0, 0.914420134045981, 0.9176466499869456, 0.9346379285366027, 0.9262098158813303, 0.9302518160477588, 0.9336433310711808, 0.9342756035011329, 0.9402643110794011, 0.9390046432596872, 0.9369701439897117, 0.9433550850630306, 0.9608724039419619, 0.9413413576737396, 0.9387902886582107, 0.9494807436396514, 0.9456586420763279, 0.9450393713106304, 0.9513190120754071, 0.9711067864284844, 0.9437738249428305, 0.9498240803873336, 0.9630281920954737, 0.9409525309333433, 0.9398303224559454, 0.942489292920378, 0.9527175292203497, 0.9708156607485962, 0.944892447324678, 0.943100808193847, 0.9570993520627268, 0.9775794261474071, 0.9491829899893909, 0.9537397461546187, 0.9518864019190754, 0.9560945708070269, 0.9547827266099793, 0.9647964873636931, 0.9525508341820295, 0.9583135790488386, 0.9719781180372989, 0.9593085738677216, 0.9775714160712194, 0.9589128959062176, 0.9658004263340086, 0.9844259037585377, 0.9586898406943428, 0.9675539775312879, 0.9828372298614845, 0.9601002812251664, 0.9699805496336678, 0.9617283571045284, 0.9590989178795404, 0.9709368864918538, 0.986392055599772, 0.9589226461972432, 0.9718182837033432, 0.9882752273272397, 0.960089784426094, 0.9731552504056772, 0.9894354456776511, 0.9637444941272928, 0.9751796793818778, 0.9640580563955693, 0.9715504562772377, 0.9915830089911815, 0.9726548678464341, 0.9910216466835765, 0.9742737724028397, 0.9933338421451882, 0.9756791598898513, 0.9928695647441594, 0.9659295209600995, 0.9649564338097657, 0.9761534235603984, 0.9947530390091426, 0.9673231007056804, 0.97721407717406, 0.9942552293936342, 0.9956949795526181, 0.9653283094182885, 0.9770222433036342, 0.9920893977642565, 0.9650427695749423, 0.9781043749241367, 0.9964336713942313, 0.965962096202296, 0.9791652982292639, 0.9936607858510275, 0.9970805715064288, 0.9658238653699851, 0.9659418951919727, 0.9766637566682466, 0.965266741939438, 0.9781224647864002, 0.9918771768128478, 0.9672496646997786, 0.9800830156347912, 0.9932982156868985, 0.9673501080463283, 0.9804196571341067, 0.9976115299801718, 0.9666922149312632, 0.9812283112739314, 0.9980427127266173, 0.9794456341891019, 0.9983972975213509, 0.9804285865388913, 0.9986816975161109, 0.9691619273480856, 0.9805343075834929, 0.9947938531331013, 0.9687147664608887, 0.982573359678198, 0.995693172962806, 0.9688247338466902, 0.9826724405089118, 0.9989324756236954, 0.969046780370747, 0.9686511373482953, 0.9818607510183008, 0.9964705932860226, 0.9694242909281698, 0.9690713619151721, 0.9833455292039367, 0.9991273047268074, 0.9693262233989027, 0.9836869033111333, 0.9992787576892683, 0.9694566589693526, 0.9697523253078019, 0.9824170355073678, 0.9994049825615738, 0.9691668721024844, 0.9696431343129708, 0.999506799856415, 0.9699577914194698, 0.9841299193757407, 0.9995909381879031, 0.9691354909999002, 0.984362013414183, 0.9996612779491691, 0.9693861372919643, 0.9726088436346272, 0.9692408382985948, 0.982576993948585, 0.9971659483505163, 0.9691191382647697, 0.9846381897470861, 0.9997215019357331, 0.9705459446987201, 0.9847910718841483, 0.9976573611885995, 0.9703631263518651, 0.9846389019711167, 0.9997699732144287, 0.9706171038844841, 0.9698714746372662, 0.9722173308691532, 0.9847874284957953, 0.9998090143414325, 0.9978346348129271, 0.9814364905476984, 0.9970871912531579, 0.9689771304805004, 0.9703270448849295, 0.9831681270155844, 0.9975872292017167, 0.9820600683790887, 0.9982561662845891, 0.9697756407588619, 0.9835534890901982, 0.9985564280202083, 0.9695643062578608, 0.9836551610486457, 0.9980642872959021, 0.9701543029280986, 0.0],"final_Tsas" => Dict{Int64,Any}(1 => [0.14285714285714285 0.14285714285714285; 0.010659772185550701 0.0073574262599073945; 0.018590065979399887 0.0024191338718290876; 0.0819160405145035 0.8996764286569776; 0.0016696978851905241 0.03902338527006356; 0.9410313905775065 0.06805467267803018; 0.005078131148370164 0.010659772185550701]

[0.14285714285714285 0.14285714285714285; 0.010659772185550701 0.0073574262599073945; 0.018590065979399887 0.5566078156713278; 0.0819160405145035 0.0005489994146182081; 0.0016696978851905241 0.03902338527006356; 0.0016696978851905241 0.06805467267803018; 0.2948625916211279 0.7584010115860359]

[0.14285714285714285 0.14285714285714285; 0.20806310003695958 0.0073574262599073945; 0.018590065979399887 0.0024191338718290876; 0.0819160405145035 0.0005489994146182081; 0.0016696978851905241 0.2082377143491053; 0.0016696978851905241 0.5916719639318189; 0.14565897106174167 0.0912705526308974]

[0.14285714285714285 0.14285714285714285; 0.10768934704086387 0.09489886037327008; 0.6060517820307422 0.0024191338718290876; 0.0819160405145035 0.0005489994146182081; 0.8582196240816041 0.1558159326761257; 0.04646850488637924 0.06805467267803018; 0.005078131148370164 0.010659772185550701]

[0.14285714285714285 0.14285714285714285; 0.6097049801612812 0.0073574262599073945; 0.018590065979399887 0.4312965149695267; 0.0819160405145035 0.0005489994146182081; 0.0016696978851905241 0.03902338527006356; 0.0016696978851905241 0.06805467267803018; 0.5391659127236497 0.10768934704086387]

[0.14285714285714285 0.14285714285714285; 0.010659772185550701 0.8683140083271929; 0.30099788807225847 0.0024191338718290876; 0.0819160405145035 0.09757857426993138; 0.13343188649244314 0.4798528118945147; 0.0016696978851905241 0.06805467267803018; 0.005078131148370164 0.010659772185550701]

[0.14285714285714285 0.14285714285714285; 0.042563256204243186 0.0073574262599073945; 0.018590065979399887 0.0024191338718290876; 0.508503756912979 0.0005489994146182081; 0.0016696978851905241 0.03902338527006356; 0.005821312995352087 0.06805467267803018; 0.005078131148370164 0.010659772185550701]),"final_Reward" => Dict{Int64,Any}(1 => [1.0, 0.0, 0.0, 0.0, 0.0, 0.0, 0.0]),"final_Qsa" => [0.0 0.0; 0.9709358479246728 0.9839284205462284; 0.9830646802204961 0.9698270237027917; 0.9675951393755453 0.99839392202319; 0.9839370517733932 0.9794560214306499; 0.9988208071211818 0.9723200270563007; 0.9698293534556479 0.9701267375986437])