DateTime of fitting: 2020-02-09T16:30:30.959
DATA_STATS
nr_subjects: 1
all_subject_ids: [5]
nr_puzzles: 1
nr_episodes: 54
nr_actions: 175
max_state_id: 7
max_action_id: 2
SUBJECT_SIGNALS
subject_id: 5
algorithm_name: Sarsa-Lambda (ReplTrc)
param_string: alpha=0.1114, gamma=0.9582,
                lambda=0.523, temp=0.2162,
                reward_magnitude=1.0,
                action_cost=0.0,
                initQSA=nothing, use_replacing_trace=true
param_vector: [0.11136276301215846, 0.9581622679520472, 0.5230071588212556, 0.21619009854858268, 1.0, 0.0, 0.0]
LL: -77.451
RPE
[0.0, 0.0, 0.0, 0.0, 0.0, 0.0, 0.0, 0.0, 0.0, 0.0, 0.0, 0.0, 0.0, 0.0, 0.0, 1.0, 0.026, 0.051, 0.889, 0.0, 1.0, -0.004, 0.001, 0.001, -0.001, -0.0, 0.202, 0.79, 0.101, 0.175, 0.702, 0.051, 0.889, 0.25, 0.624, 0.028, 0.79, 0.206, 0.554, 0.117, 0.317, -0.311, 0.266, 0.512, -0.025, 0.513, 0.455, 0.011, 0.702, -0.009, 0.504, 0.405, 0.177, 0.115, 0.624, -0.023, 0.335, 0.554, 0.037, 0.469, 0.359, 0.011, 0.492, 0.319, 0.043, -0.215, 0.147, 0.104, 0.393, 0.284, -0.071, 0.132, 0.196, 0.364, 0.252, 0.084, 0.171, 0.492, 0.199, -0.354, 0.028, 0.267, 0.366, 0.224, 0.406, 0.199, 0.121, 0.438, 0.333, 0.177, 0.269, 0.377, 0.157, 0.283, 0.083, 0.389, 0.093, 0.346, 0.261, 0.14, 0.064, 0.307, 0.21, 0.358, 0.124, 0.072, 0.273, 0.205, 0.11, -0.08, -0.144, 0.149, 0.403, 0.049, 0.242, 0.304, 0.224, 0.215, -0.084, 0.647, -0.127, 0.191, 0.099, 0.17, -0.276, 0.18, 0.58, 0.151, 0.113, 0.134, 0.107, 0.119, -0.04, -0.0, 0.241, 0.296, 0.102, 0.377, 0.102, 0.106, 0.181, 0.264, 0.094, 0.177, 0.233, 0.09, 0.109, 0.08, 0.171, 0.221, 0.071, 0.109, 0.063, 0.073, 0.084, 0.28, 0.069, 0.074, 0.128, 0.197, 0.066, 0.126, 0.181, 0.056, 0.201, 0.073, 0.059, 0.068, 0.052, 0.194, 0.063, 0.046, 0.068, 0.172, 0.041]
SPE
Float64[]
action_selection_prob
[0.5, 0.5, 0.5, 0.5, 0.5, 0.5, 0.5, 0.5, 0.5, 0.5, 0.5, 0.5, 0.5, 0.5, 0.5, 0.5, 0.532, 0.564, 0.611, 0.433, 0.498, 0.504, 0.374, 0.501, 0.376, 0.497, 0.499, 0.713, 0.467, 0.621, 0.788, 0.497, 0.606, 0.56, 0.842, 0.63, 0.709, 0.679, 0.881, 0.514, 0.682, 0.907, 0.7, 0.899, 0.452, 0.434, 0.921, 0.731, 0.785, 0.497, 0.471, 0.936, 0.234, 0.753, 0.84, 0.541, 0.438, 0.878, 0.272, 0.483, 0.948, 0.577, 0.434, 0.956, 0.619, 0.518, 0.094, 0.616, 0.792, 0.963, 0.34, 0.166, 0.31, 0.817, 0.968, 0.647, 0.639, 0.89, 0.313, 0.843, 0.087, 0.319, 0.824, 0.971, 0.677, 0.974, 0.731, 0.9, 0.764, 0.977, 0.378, 0.857, 0.979, 0.44, 0.801, 0.919, 0.823, 0.932, 0.842, 0.98, 0.863, 0.943, 0.506, 0.883, 0.982, 0.876, 0.951, 0.887, 0.983, 0.56, 0.511, 0.043, 0.455, 0.9, 0.949, 0.092, 0.904, 0.954, 0.49, 0.482, 0.984, 0.958, 0.885, 0.962, 0.52, 0.082, 0.437, 0.965, 0.894, 0.968, 0.903, 0.97, 0.518, 0.479, 0.487, 0.896, 0.984, 0.527, 0.91, 0.972, 0.585, 0.911, 0.973, 0.627, 0.923, 0.984, 0.917, 0.985, 0.664, 0.933, 0.986, 0.922, 0.986, 0.927, 0.974, 0.697, 0.931, 0.975, 0.732, 0.941, 0.976, 0.756, 0.947, 0.987, 0.778, 0.935, 0.977, 0.938, 0.978, 0.799, 0.941, 0.978, 0.818, 0.952, 0.979]
results_dict
Dict{String,Any}("trialByTrial_Qsa" => [0.0, 0.0, 0.0, 0.0, 0.0, 0.0, 0.0, 0.0, 0.0, 0.0, 0.0, 0.0, 0.0, 0.0, 0.0, 0.0, 0.027966195775022063, 0.05580674540273254, 0.11136276301215846, 0.0, 0.0, 0.0035194393661137804, 7.014452346206275e-6, 0.0008838262240342545, 0.0017636816055257402, 0.0004429080576920762, 0.0, 0.21032386103861475, 0.005277774187101965, 0.11106671152901823, 0.2982643777581278, 0.05580674540273254, 0.11136276301215846, 0.11106671152901823, 0.376411595555039, 0.1736629263913955, 0.21032386103861475, 0.22083491094159602, 0.4458561232563732, 0.04591661673562311, 0.1696854789996578, 0.5075671164768124, 0.1875813701860556, 0.4877309283409673, 0.03372424229034343, 0.009256691258076434, 0.5447786275665906, 0.27474154368697734, 0.2982643777581278, 0.07230092191829306, 0.06651156786592341, 0.5954733373829618, 0.05849877405934717, 0.24574124380516682, 0.376411595555039, 0.11078869407956196, 0.09176010321881119, 0.4458561232563732, 0.10205848998183181, 0.14521911972303347, 0.6405225442440824, 0.14245933749714243, 0.1600408631874649, 0.6805549469576423, 0.1800644892469016, 0.23266312039993048, 0.018292665793336167, 0.17695163042857762, 0.293339730645902, 0.7161292306950048, 0.07519655682451261, 0.004296398805576321, 0.1423873563196257, 0.35292807673225307, 0.7477418639031961, 0.21840746567656497, 0.31513302961295525, 0.5075671164768124, 0.1915315269089869, 0.4074894834742178, 0.05547192296276024, 0.08699628643633578, 0.37705604875841736, 0.7758340269312333, 0.36167925861547506, 0.8007977690654803, 0.417966488125114, 0.562405802983999, 0.45585201557799904, 0.8229814799005345, 0.14345637745662926, 0.4303603005384533, 0.8426947514031343, 0.19884439729529024, 0.5027809877227816, 0.6111375018417877, 0.5337016282297542, 0.6544423040684966, 0.5633829388929661, 0.8602126985231957, 0.600231922138507, 0.6929245638675441, 0.251036347586075, 0.4811314439694211, 0.8757797986496663, 0.6244628613362043, 0.727121332888418, 0.6477358840920273, 0.8896133034939661, 0.2978719141044216, 0.227336487931285, 0.08687083716188244, 0.2458442043898714, 0.6766874885369053, 0.7575098552250388, 0.2017932838686643, 0.5279324973453873, 0.7845142277503968, 0.29191396052789226, 0.2174544439574174, 0.9019062710166625, 0.8085113187379214, 0.6956913126394224, 0.829836027368821, 0.3178257595288876, 0.04363859127011487, 0.23323573542508894, 0.8487859575261544, 0.7162599928737393, 0.8656255711022797, 0.7363596631622972, 0.8805898787825106, 0.3154651177238326, 0.28773016707453264, 0.3001946091178309, 0.5648765258352187, 0.898424923168889, 0.34639571710874595, 0.754982614787721, 0.893887719812907, 0.3970118189183729, 0.6035040610609655, 0.9057046765240621, 0.4345827902339296, 0.638200443765979, 0.9097366043779738, 0.7722084813138055, 0.9197885855133022, 0.46983852826695344, 0.6692381538623771, 0.9287211502556544, 0.788834300280905, 0.9366589599075132, 0.8044672710620898, 0.9162056642854678, 0.5032320261918986, 0.8173183026593208, 0.9255372330354065, 0.5403623372565846, 0.6977856724299284, 0.9338296125061141, 0.5674853828045067, 0.7234140651006361, 0.9437127931442765, 0.593144413229541, 0.8292131553455112, 0.9411985296870183, 0.8405804750714189, 0.9477468238902493, 0.6212666956814944, 0.851015186226637, 0.9535658819579921, 0.6476822960486536, 0.7466914319358872, 0.9587369136411829],"StateValue_V2_record" => [0.0, 0.0, 0.0, 0.0, 0.0, 0.0, 0.0, 0.0, 0.0, 0.0, 0.0, 0.0, 0.0, 0.0, 0.0, 0.0, 1.0, 0.0267961535697861, 0.05347191774210469, 0.1067035975731361, 1.0, 0.056051318025118466, 0.001689893167095851, 1.0, 0.003372194004955295, 0.10641993221261989, 0.0008468489392961554, 0.1067035975731361, 0.0030458968748522707, 0.0008493758061682502, 0.20152438769719033, 1.0, 0.032313296477879803, 0.10641993221261989, 0.28578567264203386, 1.0, 0.056051318025118466, 0.1067035975731361, 1.0, 0.10641993221261989, 0.3606633880804649, 1.0, 0.16639726341036892, 0.20152438769719033, 1.0, 0.211595679110788, 0.427202514239634, 1.0, 0.043995569628089565, 0.1625862233968416, 0.48633165946130347, 0.17973339108302358, 0.46732537244953865, 1.0, 0.07205050342915999, 0.06372887471145967, 0.5219863253210081, 1.0, 0.26324698059976065, 0.28578567264203386, 1.0, 0.07205050342915999, 0.08792106860765007, 0.5705600834518333, 1.0, 0.30194857836054884, 0.2354599874937156, 0.3606633880804649, 1.0, 0.10615354638271864, 0.13914348110382163, 0.427202514239634, 1.0, 0.30194857836054884, 0.15334511643670468, 0.6137245336673255, 1.0, 0.1364991619072081, 0.2083566431984904, 0.6520820714429197, 1.0, 0.17253099939443825, 0.2229290231111976, 0.48633165946130347, 0.16954837552925842, 0.2810670615961201, 0.6861680078294806, 1.0, 0.2092697926503164, 0.3381623664257297, 0.30194857836054884, 0.3381623664257297, 0.7164580401601773, 1.0, 0.2092697926503164, 0.30194857836054884, 0.48633165946130347, 1.0, 0.3465474187062186, 0.3904410476522648, 0.5388760196965408, 0.24053355614147207, 0.3612808788234029, 0.7433748907988001, 1.0, 0.3465474187062186, 0.7672942065787203, 1.0, 0.4004797181899116, 0.5388760196965408, 1.0, 0.4367802010967275, 0.7885498012640283, 1.0, 0.24053355614147207, 0.4123550016004491, 0.8074383141957138, 1.0, 0.24053355614147207, 0.48174577147963077, 0.5855688947952757, 1.0, 0.5113727625143216, 0.627061922310034, 1.0, 0.539812274455174, 0.8242233501381359, 1.0, 0.5751195798134484, 0.6639341716350092, 1.0, 0.24053355614147207, 0.46100199553678384, 0.8391391581007515, 1.0, 0.5983367514697223, 0.696700225396682, 1.0, 0.6206360837355412, 0.8523939004760913, 1.0, 0.28540962877750997, 0.21782524486449323, 0.7258173608784501, 0.2731473121310985, 0.6483764187112961, 0.7258173608784501, 1.0, 0.6665851659131257, 0.5058449989820444, 0.751691931701969, 1.0, 0.2876351474993192, 0.22347768122236686, 0.864172558117499, 0.7746850388268273, 1.0, 0.6665851659131257, 0.7951175700120267, 1.0, 0.3045286505637809, 0.5412433731071463, 0.27569218944235563, 0.81327467806911, 1.0, 0.6862932992152192, 0.8294097604046463, 1.0, 0.7055520448839921, 0.8437479953898687, 1.0, 0.30226677265802704, 0.2934556279756145, 0.2980177772454654, 0.5412433731071463, 0.8608368619681465, 1.0, 0.33190330591379175, 0.7233958544493695, 0.8564894849104191, 1.0, 0.3804017448185956, 0.5782548198644455, 0.8678120469530706, 1.0, 0.41640083190347077, 0.6114995846068133, 0.8716752880897937, 1.0, 0.7399010297874419, 0.8813067171318312, 1.0, 0.4501815498155161, 0.6412387473048163, 0.8898655636239918, 1.0, 0.7558312621955181, 0.8974712733225885, 1.0, 0.7708101849340463, 0.8778736972022758, 1.0, 0.4821779395221335, 0.7831235585147726, 0.8868148542792674, 1.0, 0.5177548025816381, 0.6685919024399045, 0.8947602993996396, 1.0, 0.5437430814176017, 0.6931480612852354, 0.9042299901744811, 1.0, 0.5683285962031033, 0.7945207575415282, 0.9018209177980457, 1.0, 0.80541249439064, 0.9080952462230307, 1.0, 0.595274306137255, 0.8154106408965482, 0.9136708480985638, 1.0, 0.6205847376943672, 0.7154515558840513, 0.9186255355437818, 1.0],"final_QSA" => Dict{Int64,Any}(1 => [0.0 0.0; 0.10026493633635089 0.7681412473246385; 0.860584030854621 0.25416692604033736; 0.13066550775913277 0.9633320849485101; 0.30626923830223396 0.31087214919069917; 0.9499810920219668 0.014014580145871874; 0.3226329371136687 0.6659783223686975]),"trialByTrial_Vs" => [0.0, 0.0, 0.0, 0.0, 0.0, 0.0, 0.0, 0.0, 0.0, 0.0, 0.0, 0.0, 0.0, 0.0, 0.0, 0.0, 0.027966195775022063, 0.05580674540273254, 0.11136276301215846, 0.05849877405934717, 0.0017636816055257402, 0.0035194393661137804, 0.11106671152901823, 0.0008838262240342545, 0.11136276301215846, 0.0031788946160053837, 0.0008864634254317752, 0.21032386103861475, 0.03372424229034343, 0.11106671152901823, 0.2982643777581278, 0.05849877405934717, 0.11136276301215846, 0.11106671152901823, 0.376411595555039, 0.1736629263913955, 0.21032386103861475, 0.22083491094159602, 0.4458561232563732, 0.04591661673562311, 0.1696854789996578, 0.5075671164768124, 0.1875813701860556, 0.4877309283409673, 0.07519655682451261, 0.06651156786592341, 0.5447786275665906, 0.27474154368697734, 0.2982643777581278, 0.07519655682451261, 0.09176010321881119, 0.5954733373829618, 0.31513302961295525, 0.24574124380516682, 0.376411595555039, 0.11078869407956196, 0.14521911972303347, 0.4458561232563732, 0.31513302961295525, 0.1600408631874649, 0.6405225442440824, 0.14245933749714243, 0.2174544439574174, 0.6805549469576423, 0.1800644892469016, 0.23266312039993048, 0.5075671164768124, 0.17695163042857762, 0.293339730645902, 0.7161292306950048, 0.21840746567656497, 0.35292807673225307, 0.31513302961295525, 0.35292807673225307, 0.7477418639031961, 0.21840746567656497, 0.31513302961295525, 0.5075671164768124, 0.36167925861547506, 0.4074894834742178, 0.562405802983999, 0.251036347586075, 0.37705604875841736, 0.7758340269312333, 0.36167925861547506, 0.8007977690654803, 0.417966488125114, 0.562405802983999, 0.45585201557799904, 0.8229814799005345, 0.251036347586075, 0.4303603005384533, 0.8426947514031343, 0.251036347586075, 0.5027809877227816, 0.6111375018417877, 0.5337016282297542, 0.6544423040684966, 0.5633829388929661, 0.8602126985231957, 0.600231922138507, 0.6929245638675441, 0.251036347586075, 0.4811314439694211, 0.8757797986496663, 0.6244628613362043, 0.727121332888418, 0.6477358840920273, 0.8896133034939661, 0.2978719141044216, 0.227336487931285, 0.7575098552250388, 0.28507416881998177, 0.6766874885369053, 0.7575098552250388, 0.6956913126394224, 0.5279324973453873, 0.7845142277503968, 0.3001946091178309, 0.23323573542508894, 0.9019062710166625, 0.8085113187379214, 0.6956913126394224, 0.829836027368821, 0.3178257595288876, 0.5648765258352187, 0.28773016707453264, 0.8487859575261544, 0.7162599928737393, 0.8656255711022797, 0.7363596631622972, 0.8805898787825106, 0.3154651177238326, 0.30626923830223396, 0.3110305918040807, 0.5648765258352187, 0.898424923168889, 0.34639571710874595, 0.754982614787721, 0.893887719812907, 0.3970118189183729, 0.6035040610609655, 0.9057046765240621, 0.4345827902339296, 0.638200443765979, 0.9097366043779738, 0.7722084813138055, 0.9197885855133022, 0.46983852826695344, 0.6692381538623771, 0.9287211502556544, 0.788834300280905, 0.9366589599075132, 0.8044672710620898, 0.9162056642854678, 0.5032320261918986, 0.8173183026593208, 0.9255372330354065, 0.5403623372565846, 0.6977856724299284, 0.9338296125061141, 0.5674853828045067, 0.7234140651006361, 0.9437127931442765, 0.593144413229541, 0.8292131553455112, 0.9411985296870183, 0.8405804750714189, 0.9477468238902493, 0.6212666956814944, 0.851015186226637, 0.9535658819579921, 0.6476822960486536, 0.7466914319358872, 0.9587369136411829],"RPE_QV" => [0.0, 0.0, 0.0, 0.0, 0.0, 0.0, 0.0, 0.0, 0.0, 0.0, 0.0, 0.0, 0.0, 0.0, 0.0, 1.0, 0.025505721967082628, 0.050896852170403566, 0.8886372369878416, 0.001689893167095851, 1.0, 0.10290049284650611, 0.0008398344869499491, 0.10581977134910185, 0.001300199764947661, 0.0004183359808073866, 0.20152438769719033, 0.7896761389613852, 0.10114215802551793, 0.17471896111301563, 0.7017356222418722, 0.050896852170403566, 0.8886372369878416, 0.24959667655144666, 0.623588404444961, 0.027861461305794838, 0.7896761389613852, 0.206367603298038, 0.5541438767436269, 0.11666960666121848, 0.31664618046164567, -0.31119360646692074, 0.2655448119234687, 0.5122690716590327, 0.030004632421116242, 0.5127296340629316, 0.45522137243340943, 0.01104412895505652, 0.7017356222418722, 0.015620146689357017, 0.5040485155859099, 0.4045266626170382, 0.17696121343436844, 0.11492214427529807, 0.623588404444961, 0.02835478702425967, 0.33544241102082284, 0.5541438767436269, 0.05128662645487286, 0.468505413944292, 0.3594774557559176, 0.06589730570134797, 0.49204120825545483, 0.3194450530423577, 0.042864533864296006, 0.253668539061373, 0.14730841093440283, 0.10411543116754249, 0.3928282771835786, 0.2838707693049952, 0.2629658096012171, 0.29765217955497253, 0.195775010106104, 0.36352996342792426, 0.2522581360968039, 0.08354111268398387, 0.17119862984834822, 0.4924328835231876, 0.1989095207432779, 0.13138653622232294, 0.18506163317871183, 0.2671266262865148, 0.3663188420403828, 0.22416597306876673, 0.4056149479632452, 0.19920223093451972, 0.12090953157142675, 0.437594197016001, 0.33269778568602926, 0.1770185200994655, 0.2688986241438198, 0.37707801365726046, 0.15730524859686568, 0.2829013741843405, 0.08278790707249417, 0.3888624981582123, 0.0933602940802798, 0.34555769593150343, 0.26084041124516977, 0.1397873014768043, 0.06370224949650227, 0.3070754361324559, 0.20996564795070882, 0.35800771413133037, 0.12422020135033374, 0.07223736406047765, 0.27287866711158204, 0.204658016384064, 0.11038669650603394, -0.08004666923992837, 0.49848087294716503, 0.18229221375859295, 0.4025322143214247, 0.049129872341544756, 0.24249014477496122, 0.3040517151133801, 0.22375943435658174, 0.2154857722496032, -0.0684362793055254, 0.6467181141600816, -0.12722123218983528, 0.19148868126207863, 0.09942625737260424, 0.170163972631179, 0.22341761357825873, 0.23205359817224075, 0.5800389426440211, 0.15121404247384562, 0.113149767530907, 0.13437442889772033, 0.10738833222757149, 0.1194101212174894, -0.022009489748218147, 0.010292691049842484, 0.2410487639893154, 0.2959603361329277, 0.101575076831111, 0.37700013734062354, 0.1015068701226981, 0.10611228018709296, 0.1812430009460726, 0.264307985892105, 0.09429532347593794, 0.1769167943728837, 0.2334748443238147, 0.09026339562202623, 0.10909823581802569, 0.08021141448669777, 0.1714002190378629, 0.22062740976161477, 0.07127884974434562, 0.10863697304168352, 0.06334104009248676, 0.073406426140186, 0.08379433571453221, 0.279891532322874, 0.06949655161994661, 0.07446276696459353, 0.12822956518331996, 0.19697462696971124, 0.06617038749388593, 0.12566267848072876, 0.18081592507384503, 0.056287206855723526, 0.20137634431198714, 0.07260776245253453, 0.05880147031298166, 0.06751477115161186, 0.052253176109750665, 0.19414394521505385, 0.06265566187192684, 0.04643411804200792, 0.06776925983539772, 0.17193410360789463, 0.04126308635881715],"StateValue_V3_record" => [0.0, 0.0, 0.0, 0.0, 0.0, 0.0, 0.0, 0.0, 0.0, 0.0, 0.0, 0.0, 0.0, 0.0, 0.0, 0.0, 0.11136276301215846, 0.027966195775022063, 0.03080658344589629, 0.061474759489050054, 0.21032386103861475, 0.05849877405934717, 0.05849877405934717, 0.11136276301215846, 0.0035194393661137804, 0.003128253341349936, 0.11106671152901823, 0.0009735920659863581, 0.11136276301215846, 0.003175784043199714, 0.02244231262829255, 0.2982643777581278, 0.03372424229034343, 0.03372424229034343, 0.13052389778917753, 0.376411595555039, 0.05849877405934717, 0.061474759489050054, 0.21032386103861475, 0.11106671152901823, 0.13886248706843934, 0.4458561232563732, 0.1736629263913955, 0.17676565570396516, 0.2982643777581278, 0.22083491094159602, 0.24381657744106255, 0.5075671164768124, 0.04591661673562311, 0.05890926649295813, 0.2049480725531132, 0.4729117366289378, 0.21715317414539703, 0.5447786275665906, 0.07519655682451261, 0.07519655682451261, 0.06651156786592341, 0.5954733373829618, 0.27474154368697734, 0.275971448402475, 0.376411595555039, 0.07519655682451261, 0.07519655682451261, 0.12264380325374735, 0.6405225442440824, 0.31513302961295525, 0.31513302961295525, 0.2585392913229459, 0.4458561232563732, 0.11078869407956196, 0.10824209212348264, 0.14521911972303347, 0.5075671164768124, 0.31513302961295525, 0.31513302961295525, 0.19739317710602486, 0.6805549469576423, 0.14245933749714243, 0.14367160791739164, 0.2174544439574174, 0.7161292306950048, 0.1800644892469016, 0.18483800217325785, 0.2174544439574174, 0.5075671164768124, 0.18854621251559733, 0.33708617298237137, 0.7477418639031961, 0.21840746567656497, 0.21840746567656497, 0.35292807673225307, 0.31513302961295525, 0.39341177789729564, 0.7758340269312333, 0.21840746567656497, 0.2277108348101635, 0.3341981820567631, 0.562405802983999, 0.36167925861547506, 0.36167925861547506, 0.368029382440558, 0.562405802983999, 0.251036347586075, 0.4178503271514488, 0.8007977690654803, 0.36167925861547506, 0.4068496599396949, 0.8229814799005345, 0.417966488125114, 0.4314313076354139, 0.6111375018417877, 0.45585201557799904, 0.4929021602400222, 0.8426947514031343, 0.251036347586075, 0.251036347586075, 0.4723527500104623, 0.8602126985231957, 0.251036347586075, 0.251036347586075, 0.5120004777983683, 0.6544423040684966, 0.5337016282297542, 0.5440984885341618, 0.6929245638675441, 0.5633829388929661, 0.5924308477944559, 0.8757797986496663, 0.600231922138507, 0.6073259806525273, 0.727121332888418, 0.251036347586075, 0.2744187022795041, 0.521000172194753, 0.8896133034939661, 0.6244628613362043, 0.6325074137906943, 0.7575098552250388, 0.6477358840920273, 0.6705271662691443, 0.9019062710166625, 0.2978719141044216, 0.28895769584794284, 0.2174544439574174, 0.7575098552250388, 0.29071548879888465, 0.6821587268672944, 0.7845142277503968, 0.6956913126394224, 0.6956913126394224, 0.5528509662053739, 0.8085113187379214, 0.3001946091178309, 0.3001946091178309, 0.2894747600402966, 0.8877385630861911, 0.829836027368821, 0.6956913126394224, 0.7067636953763936, 0.8487859575261544, 0.3178257595288876, 0.3001946091178309, 0.5648765258352187, 0.29783047473257807, 0.8656255711022797, 0.7162599928737393, 0.7288606636201646, 0.8805898787825106, 0.7363596631622972, 0.7483187245544272, 0.893887719812907, 0.3154651177238326, 0.31103589453732294, 0.30626923830223396, 0.32703846549634674, 0.5978354866089888, 0.9097366043779738, 0.34639571710874595, 0.388379494058961, 0.766286700309301, 0.9057046765240621, 0.3970118189183729, 0.4171955402803428, 0.632938128656089, 0.9162056642854678, 0.4345827902339296, 0.4542847332785478, 0.6642008475237126, 0.9197885855133022, 0.7722084813138055, 0.7843579622942528, 0.9287211502556544, 0.46983852826695344, 0.488926130239899, 0.6938078318096461, 0.9366589599075132, 0.788834300280905, 0.8009324137641042, 0.9437127931442765, 0.8044672710620898, 0.8126420134999088, 0.9255372330354065, 0.5032320261918986, 0.5344015205750806, 0.8250576306675351, 0.9338296125061141, 0.5403623372565846, 0.5546423359352467, 0.7197213111325647, 0.9411985296870183, 0.5674853828045067, 0.5814795258876291, 0.7435502261134589, 0.9499810920219668, 0.593144413229541, 0.6155702393374117, 0.8372989563883559, 0.9477468238902493, 0.8405804750714189, 0.848099106530996, 0.9535658819579921, 0.6212666956814944, 0.6428871018427239, 0.8579926938510503, 0.9587369136411829, 0.6476822960486536, 0.6552292680712124, 0.7658384887696811, 0.9633320849485101],"StateValue_V1_record" => [0.0, 0.0, 0.0, 0.0, 0.0, 0.0, 0.0, 0.0, 0.0, 0.0, 0.0, 0.0, 0.0, 0.0, 0.0, 0.0, 0.0, 0.027966195775022063, 0.05580674540273254, 0.11136276301215846, 0.0, 0.05849877405934717, 0.0017636816055257402, 0.0, 0.0035194393661137804, 0.11106671152901823, 0.0008838262240342545, 0.11136276301215846, 0.0031788946160053837, 0.0008864634254317752, 0.21032386103861475, 0.0, 0.03372424229034343, 0.11106671152901823, 0.2982643777581278, 0.0, 0.05849877405934717, 0.11136276301215846, 0.0, 0.11106671152901823, 0.376411595555039, 0.0, 0.1736629263913955, 0.21032386103861475, 0.0, 0.22083491094159602, 0.4458561232563732, 0.0, 0.04591661673562311, 0.1696854789996578, 0.5075671164768124, 0.1875813701860556, 0.4877309283409673, 0.0, 0.07519655682451261, 0.06651156786592341, 0.5447786275665906, 0.0, 0.27474154368697734, 0.2982643777581278, 0.0, 0.07519655682451261, 0.09176010321881119, 0.5954733373829618, 0.0, 0.31513302961295525, 0.24574124380516682, 0.376411595555039, 0.0, 0.11078869407956196, 0.14521911972303347, 0.4458561232563732, 0.0, 0.31513302961295525, 0.1600408631874649, 0.6405225442440824, 0.0, 0.14245933749714243, 0.2174544439574174, 0.6805549469576423, 0.0, 0.1800644892469016, 0.23266312039993048, 0.5075671164768124, 0.17695163042857762, 0.293339730645902, 0.7161292306950048, 0.0, 0.21840746567656497, 0.35292807673225307, 0.31513302961295525, 0.35292807673225307, 0.7477418639031961, 0.0, 0.21840746567656497, 0.31513302961295525, 0.5075671164768124, 0.0, 0.36167925861547506, 0.4074894834742178, 0.562405802983999, 0.251036347586075, 0.37705604875841736, 0.7758340269312333, 0.0, 0.36167925861547506, 0.8007977690654803, 0.0, 0.417966488125114, 0.562405802983999, 0.0, 0.45585201557799904, 0.8229814799005345, 0.0, 0.251036347586075, 0.4303603005384533, 0.8426947514031343, 0.0, 0.251036347586075, 0.5027809877227816, 0.6111375018417877, 0.0, 0.5337016282297542, 0.6544423040684966, 0.0, 0.5633829388929661, 0.8602126985231957, 0.0, 0.600231922138507, 0.6929245638675441, 0.0, 0.251036347586075, 0.4811314439694211, 0.8757797986496663, 0.0, 0.6244628613362043, 0.727121332888418, 0.0, 0.6477358840920273, 0.8896133034939661, 0.0, 0.2978719141044216, 0.227336487931285, 0.7575098552250388, 0.28507416881998177, 0.6766874885369053, 0.7575098552250388, 0.0, 0.6956913126394224, 0.5279324973453873, 0.7845142277503968, 0.0, 0.3001946091178309, 0.23323573542508894, 0.9019062710166625, 0.8085113187379214, 0.0, 0.6956913126394224, 0.829836027368821, 0.0, 0.3178257595288876, 0.5648765258352187, 0.28773016707453264, 0.8487859575261544, 0.0, 0.7162599928737393, 0.8656255711022797, 0.0, 0.7363596631622972, 0.8805898787825106, 0.0, 0.3154651177238326, 0.30626923830223396, 0.3110305918040807, 0.5648765258352187, 0.898424923168889, 0.0, 0.34639571710874595, 0.754982614787721, 0.893887719812907, 0.0, 0.3970118189183729, 0.6035040610609655, 0.9057046765240621, 0.0, 0.4345827902339296, 0.638200443765979, 0.9097366043779738, 0.0, 0.7722084813138055, 0.9197885855133022, 0.0, 0.46983852826695344, 0.6692381538623771, 0.9287211502556544, 0.0, 0.788834300280905, 0.9366589599075132, 0.0, 0.8044672710620898, 0.9162056642854678, 0.0, 0.5032320261918986, 0.8173183026593208, 0.9255372330354065, 0.0, 0.5403623372565846, 0.6977856724299284, 0.9338296125061141, 0.0, 0.5674853828045067, 0.7234140651006361, 0.9437127931442765, 0.0, 0.593144413229541, 0.8292131553455112, 0.9411985296870183, 0.0, 0.8405804750714189, 0.9477468238902493, 0.0, 0.6212666956814944, 0.851015186226637, 0.9535658819579921, 0.0, 0.6476822960486536, 0.7466914319358872, 0.9587369136411829, 0.0])
POPULATION_SIGNALS
subject_id: 5
algorithm_name: Sarsa-Lambda (ReplTrc)
param_string: alpha=0.1974, gamma=0.9961,
                lambda=0.6128, temp=0.2507,
                reward_magnitude=1.0,
                action_cost=0.0,
                initQSA=nothing, use_replacing_trace=true
param_vector: [0.197445163350583, 0.9960525723724495, 0.6127972592361022, 0.2507274927826116, 1.0, 0.0, 0.0]
LL: -80.48
RPE
[0.0, 0.0, 0.0, 0.0, 0.0, 0.0, 0.0, 0.0, 0.0, 0.0, 0.0, 0.0, 0.0, 0.0, 0.0, 1.0, 0.046, 0.076, 0.803, 0.0, 1.0, -0.017, 0.006, 0.004, -0.006, -0.004, 0.355, 0.644, 0.205, 0.249, 0.517, 0.076, 0.803, 0.351, 0.415, 0.003, 0.644, 0.235, 0.333, 0.207, 0.386, -0.314, 0.286, 0.295, -0.054, 0.721, 0.237, -0.035, 0.517, -0.04, 0.659, 0.19, 0.321, 0.109, 0.415, -0.063, 0.454, 0.333, 0.041, 0.544, 0.152, -0.0, 0.534, 0.122, 0.046, -0.397, 0.309, 0.147, 0.353, 0.098, -0.199, 0.32, 0.282, 0.291, 0.079, 0.094, 0.158, 0.267, 0.252, -0.522, 0.082, 0.343, 0.307, 0.063, 0.31, 0.051, 0.08, 0.214, 0.211, 0.041, 0.327, 0.269, 0.033, 0.323, 0.034, 0.172, 0.04, 0.138, 0.127, 0.026, 0.015, 0.111, 0.216, 0.224, 0.021, 0.02, 0.089, 0.077, 0.017, -0.157, -0.194, 0.287, 0.371, 0.006, 0.071, 0.338, 0.141, 0.057, -0.164, 0.556, -0.036, 0.046, 0.03, 0.037, -0.479, 0.329, 0.492, 0.03, 0.033, 0.024, 0.028, 0.019, -0.072, 0.086, 0.205, 0.148, 0.015, 0.269, 0.024, 0.015, 0.12, 0.12, 0.012, 0.106, 0.095, 0.012, 0.023, 0.01, 0.093, 0.079, 0.008, 0.021, 0.006, 0.012, 0.01, 0.132, 0.011, 0.008, 0.053, 0.064, 0.006, 0.048, 0.052, 0.005, 0.073, 0.01, 0.005, 0.009, 0.004, 0.062, 0.007, 0.003, 0.013, 0.043, 0.003]
SPE
Float64[]
action_selection_prob
[0.5, 0.5, 0.5, 0.5, 0.5, 0.5, 0.5, 0.5, 0.5, 0.5, 0.5, 0.5, 0.5, 0.5, 0.5, 0.5, 0.573, 0.618, 0.648, 0.354, 0.49, 0.513, 0.284, 0.506, 0.322, 0.49, 0.494, 0.776, 0.434, 0.698, 0.852, 0.47, 0.63, 0.58, 0.896, 0.69, 0.762, 0.752, 0.923, 0.542, 0.783, 0.94, 0.808, 0.933, 0.376, 0.394, 0.946, 0.811, 0.842, 0.467, 0.438, 0.955, 0.157, 0.859, 0.889, 0.552, 0.411, 0.917, 0.223, 0.461, 0.961, 0.616, 0.415, 0.965, 0.683, 0.534, 0.065, 0.669, 0.89, 0.968, 0.266, 0.082, 0.287, 0.884, 0.971, 0.706, 0.629, 0.903, 0.314, 0.9, 0.08, 0.249, 0.872, 0.972, 0.67, 0.974, 0.727, 0.892, 0.759, 0.975, 0.339, 0.9, 0.975, 0.432, 0.791, 0.907, 0.809, 0.918, 0.823, 0.976, 0.839, 0.926, 0.488, 0.919, 0.976, 0.848, 0.932, 0.855, 0.977, 0.558, 0.522, 0.064, 0.475, 0.863, 0.907, 0.132, 0.931, 0.911, 0.465, 0.452, 0.977, 0.914, 0.822, 0.917, 0.499, 0.06, 0.44, 0.919, 0.828, 0.921, 0.834, 0.922, 0.481, 0.46, 0.523, 0.904, 0.977, 0.56, 0.838, 0.923, 0.615, 0.914, 0.924, 0.651, 0.922, 0.977, 0.841, 0.977, 0.68, 0.927, 0.978, 0.844, 0.978, 0.847, 0.925, 0.705, 0.849, 0.925, 0.727, 0.932, 0.926, 0.742, 0.935, 0.978, 0.754, 0.85, 0.926, 0.852, 0.927, 0.765, 0.853, 0.927, 0.775, 0.938, 0.927]
results_dict
Dict{String,Any}("trialByTrial_Qsa" => [0.0, 0.0, 0.0, 0.0, 0.0, 0.0, 0.0, 0.0, 0.0, 0.0, 0.0, 0.0, 0.0, 0.0, 0.0, 0.0, 0.07356049633890632, 0.12051624046486566, 0.197445163350583, 0.0, 0.0, 0.01672791749539798, 0.00019671322501703379, 0.00623218058521319, 0.010210357615963672, 0.0038039877061683534, 0.0, 0.3559057341706276, 0.02659176010518636, 0.2322724870326988, 0.48307903170048183, 0.12051624046486566, 0.197445163350583, 0.2322724870326988, 0.5851425767257217, 0.3514859761030091, 0.3559057341706276, 0.42970506227479355, 0.6670541684313135, 0.13504280161311816, 0.3437138858956025, 0.7327927125322885, 0.3820638074652227, 0.7051651240759326, 0.09315590892989012, 0.03952491258324852, 0.7633788443142089, 0.5161739728625317, 0.48307903170048183, 0.1868148849547428, 0.14761829213888222, 0.8100985470507936, 0.15095133676602168, 0.4740630720586212, 0.5851425767257217, 0.2723841408695926, 0.21036808462613, 0.6670541684313135, 0.25800433401737016, 0.300676632248018, 0.8475936704488627, 0.3391878229384155, 0.34014402059453175, 0.8776855630827498, 0.4124739670113415, 0.46033580579035205, 0.06348095859626879, 0.3964195273215782, 0.5455361795718552, 0.9018359570600109, 0.22030492530101706, 0.021704690405927738, 0.34291567092833297, 0.6270133173544397, 0.9212179725534506, 0.4751685736571728, 0.5715603964802909, 0.7327927125322885, 0.4393341164281167, 0.6938791195810425, 0.17250915164189587, 0.2555451730149197, 0.6259027816896523, 0.9367731028317247, 0.6350266161697723, 0.9492569478712652, 0.702445385881645, 0.785551499054817, 0.7440865538543605, 0.9592759180877304, 0.3648941126203369, 0.694172369553447, 0.967316691093201, 0.4642298199880625, 0.7907349061519486, 0.8278933183542263, 0.8181680446896494, 0.8618749502255029, 0.8427723277446865, 0.9737698523591415, 0.8710393574684837, 0.8891470732410358, 0.5324936008241615, 0.751288337147877, 0.9789488681448008, 0.8872812146776196, 0.9110344474728497, 0.9019829088311697, 0.9831053123126652, 0.6036276172830484, 0.4484777002102495, 0.255449258788659, 0.5448249629763587, 0.919269986517043, 0.9286002655241478, 0.45703667374917545, 0.7980128179175682, 0.9426977977609207, 0.5883874680258728, 0.42636957913096524, 0.9864410866828481, 0.9540118404423639, 0.928993281044422, 0.963091980118414, 0.6224962640902642, 0.1437107018242693, 0.4742698942549347, 0.9703792901328804, 0.9394232856884053, 0.9762277560311541, 0.9487942194237263, 0.9809214706247927, 0.6050047310982568, 0.5352049665335853, 0.6239757301865447, 0.8327512742532497, 0.9848368516588271, 0.6835240799851058, 0.956672331741484, 0.9846884339737695, 0.7407445270163684, 0.8638396592316031, 0.9877116286289718, 0.7797384279953463, 0.8890087058528626, 0.9878307419599591, 0.9632818013456642, 0.9902335031015304, 0.8129553190945588, 0.9092173163758744, 0.9921618506770117, 0.9690085175099014, 0.9937094553504554, 0.9738692133692448, 0.990137908121637, 0.8413538817423283, 0.9774982167249642, 0.9920851304635389, 0.869341277542661, 0.9257656463533175, 0.993647883172064, 0.8879359236507934, 0.9391597492799436, 0.9949514929663489, 0.9039396931641823, 0.9805589709716424, 0.9949020779167778, 0.9832299032992795, 0.9959086379752481, 0.9199338299387944, 0.9854501220249005, 0.9967164576185517, 0.9332267929776829, 0.9500085206295091, 0.9973647771804253],"StateValue_V2_record" => [0.0, 0.0, 0.0, 0.0, 0.0, 0.0, 0.0, 0.0, 0.0, 0.0, 0.0, 0.0, 0.0, 0.0, 0.0, 0.0, 1.0, 0.0732701216033618, 0.12004051132768613, 0.19666576285784668, 1.0, 0.1503554672888558, 0.010170052968223247, 1.0, 0.016661885251725263, 0.23135560820026604, 0.006207579503391235, 0.19666576285784668, 0.014133506115928497, 0.0059324790938413054, 0.3545008220427588, 1.0, 0.09278818272131069, 0.23135560820026604, 0.481172112184457, 1.0, 0.1503554672888558, 0.19666576285784668, 1.0, 0.23135560820026604, 0.5828327687522985, 1.0, 0.3500985106502435, 0.3545008220427588, 1.0, 0.42800883264027173, 0.664421020377775, 1.0, 0.1345097299271287, 0.34235710020644544, 0.7299000663335709, 0.38055563823614735, 0.7023815357831702, 1.0, 0.21943528755239838, 0.1470355796141614, 0.7603654615738754, 1.0, 0.5141364134614317, 0.481172112184457, 1.0, 0.21943528755239838, 0.20953767183692193, 0.8069007416651268, 1.0, 0.5693042031804109, 0.47219174239077555, 0.5828327687522985, 1.0, 0.2713089241866174, 0.2994897330029233, 0.664421020377775, 1.0, 0.5693042031804109, 0.3388013266902908, 0.8442478557771959, 1.0, 0.3378489035552197, 0.4246865160747566, 0.8742209628427348, 1.0, 0.41084575587831557, 0.4585186635126245, 0.7299000663335709, 0.3948546899273285, 0.5433827149847849, 0.8982760248875937, 1.0, 0.4732928801017747, 0.6245382276626726, 0.5693042031804109, 0.6245382276626726, 0.917581531277597, 1.0, 0.4732928801017747, 0.5693042031804109, 0.7299000663335709, 1.0, 0.6325198945608739, 0.6911400819742279, 0.7824505913645843, 0.5303916208727744, 0.6234320757570498, 0.9330752588048605, 1.0, 0.6325198945608739, 0.9455098247695939, 1.0, 0.6996725335585704, 0.7824505913645843, 1.0, 0.741149326034387, 0.955489245826227, 1.0, 0.5303916208727744, 0.6914321743635895, 0.9634982784621889, 1.0, 0.5303916208727744, 0.7876135373373359, 0.8246252693966903, 1.0, 0.8149383855460626, 0.858472761235489, 1.0, 0.839445544974412, 0.9699259663410632, 1.0, 0.8676009926441288, 0.8856372295191685, 1.0, 0.5426743058653267, 0.748322680809563, 0.9750845383367267, 1.0, 0.8837787362973946, 0.9074382049252451, 1.0, 0.8984223965772712, 0.9792245752420505, 1.0, 0.6012448409498328, 0.44670736694609925, 0.924934683181067, 0.5681367365815829, 0.9156412347750876, 0.924934683181067, 1.0, 0.9253261473010185, 0.794862720072981, 0.9389765664296081, 1.0, 0.6215126311502853, 0.4723977481714373, 0.9825471818843253, 0.9502459477463914, 1.0, 0.9253261473010185, 0.9592902442282223, 1.0, 0.6215126311502853, 0.8294640488663845, 0.5330922836622883, 0.966548788113807, 1.0, 0.9357149802565146, 0.9723741676162151, 1.0, 0.9450489229091129, 0.977049354111191, 1.0, 0.6215126311502853, 0.5727678375293475, 0.6215126311502853, 0.8294640488663845, 0.9809492794619591, 1.0, 0.6808259181476766, 0.9528959369486545, 0.980801447644972, 1.0, 0.7378204916054671, 0.8604297146949784, 0.9838127084580689, 1.0, 0.7766604669824146, 0.8854994083262461, 0.9839313515978027, 1.0, 0.9594793161499157, 0.9863246280136613, 1.0, 0.8097462368080007, 0.905628246821765, 0.9882453635766476, 1.0, 0.965183426516551, 0.9897868591926469, 1.0, 0.9700249351307701, 0.9862294103880326, 1.0, 0.8380326981849917, 0.9736396132583827, 0.988168946210665, 1.0, 0.8659096157659191, 0.9221112534642653, 0.9897255300659735, 1.0, 0.8844308608542797, 0.9354524841389525, 0.9910239939549409, 1.0, 0.9003714566457465, 0.9766882853991864, 0.9909747739677016, 1.0, 0.9793486744147621, 0.9919773607031884, 1.0, 0.9163024577229756, 0.9815601289876463, 0.9927819915369139, 1.0, 0.9295429477523124, 0.9462584307487678, 0.9934277519042375, 1.0],"final_QSA" => Dict{Int64,Any}(1 => [0.0 0.0; 0.2701148850493165 0.958899024988107; 0.9872934843815844 0.5449423921001858; 0.3604723647844776 0.9978850891805013; 0.5750377574600298 0.5885930171805225; 0.9959482962622846 0.044899729702436025; 0.6233928730356979 0.9412263976417967]),"trialByTrial_Vs" => [0.0, 0.0, 0.0, 0.0, 0.0, 0.0, 0.0, 0.0, 0.0, 0.0, 0.0, 0.0, 0.0, 0.0, 0.0, 0.0, 0.07356049633890632, 0.12051624046486566, 0.197445163350583, 0.15095133676602168, 0.010210357615963672, 0.01672791749539798, 0.2322724870326988, 0.00623218058521319, 0.197445163350583, 0.014189518212140732, 0.00595598993305245, 0.3559057341706276, 0.09315590892989012, 0.2322724870326988, 0.48307903170048183, 0.15095133676602168, 0.197445163350583, 0.2322724870326988, 0.5851425767257217, 0.3514859761030091, 0.3559057341706276, 0.42970506227479355, 0.6670541684313135, 0.13504280161311816, 0.3437138858956025, 0.7327927125322885, 0.3820638074652227, 0.7051651240759326, 0.22030492530101706, 0.14761829213888222, 0.7633788443142089, 0.5161739728625317, 0.48307903170048183, 0.22030492530101706, 0.21036808462613, 0.8100985470507936, 0.5715603964802909, 0.4740630720586212, 0.5851425767257217, 0.2723841408695926, 0.300676632248018, 0.6670541684313135, 0.5715603964802909, 0.34014402059453175, 0.8475936704488627, 0.3391878229384155, 0.42636957913096524, 0.8776855630827498, 0.4124739670113415, 0.46033580579035205, 0.7327927125322885, 0.3964195273215782, 0.5455361795718552, 0.9018359570600109, 0.4751685736571728, 0.6270133173544397, 0.5715603964802909, 0.6270133173544397, 0.9212179725534506, 0.4751685736571728, 0.5715603964802909, 0.7327927125322885, 0.6350266161697723, 0.6938791195810425, 0.785551499054817, 0.5324936008241615, 0.6259027816896523, 0.9367731028317247, 0.6350266161697723, 0.9492569478712652, 0.702445385881645, 0.785551499054817, 0.7440865538543605, 0.9592759180877304, 0.5324936008241615, 0.694172369553447, 0.967316691093201, 0.5324936008241615, 0.7907349061519486, 0.8278933183542263, 0.8181680446896494, 0.8618749502255029, 0.8427723277446865, 0.9737698523591415, 0.8710393574684837, 0.8891470732410358, 0.5448249629763587, 0.751288337147877, 0.9789488681448008, 0.8872812146776196, 0.9110344474728497, 0.9019829088311697, 0.9831053123126652, 0.6036276172830484, 0.4484777002102495, 0.9286002655241478, 0.5703883031277812, 0.919269986517043, 0.9286002655241478, 0.928993281044422, 0.7980128179175682, 0.9426977977609207, 0.6239757301865447, 0.4742698942549347, 0.9864410866828481, 0.9540118404423639, 0.928993281044422, 0.963091980118414, 0.6239757301865447, 0.8327512742532497, 0.5352049665335853, 0.9703792901328804, 0.9394232856884053, 0.9762277560311541, 0.9487942194237263, 0.9809214706247927, 0.6239757301865447, 0.5750377574600298, 0.6239757301865447, 0.8327512742532497, 0.9848368516588271, 0.6835240799851058, 0.956672331741484, 0.9846884339737695, 0.7407445270163684, 0.8638396592316031, 0.9877116286289718, 0.7797384279953463, 0.8890087058528626, 0.9878307419599591, 0.9632818013456642, 0.9902335031015304, 0.8129553190945588, 0.9092173163758744, 0.9921618506770117, 0.9690085175099014, 0.9937094553504554, 0.9738692133692448, 0.990137908121637, 0.8413538817423283, 0.9774982167249642, 0.9920851304635389, 0.869341277542661, 0.9257656463533175, 0.993647883172064, 0.8879359236507934, 0.9391597492799436, 0.9949514929663489, 0.9039396931641823, 0.9805589709716424, 0.9949020779167778, 0.9832299032992795, 0.9959086379752481, 0.9199338299387944, 0.9854501220249005, 0.9967164576185517, 0.9332267929776829, 0.9500085206295091, 0.9973647771804253],"RPE_QV" => [0.0, 0.0, 0.0, 0.0, 0.0, 0.0, 0.0, 0.0, 0.0, 0.0, 0.0, 0.0, 0.0, 0.0, 0.0, 1.0, 0.04648001498877981, 0.07614952239298102, 0.8025548366494171, 0.010170052968223247, 1.0, 0.21462769070486806, 0.006010866278374201, 0.1904335822726335, 0.0042103288737370004, 0.0024072100294816007, 0.3545008220427588, 0.6440942658293725, 0.2047638480950797, 0.2488996251517582, 0.5169209682995182, 0.07614952239298102, 0.8025548366494171, 0.35056028171959974, 0.4148574232742783, 0.0030148459397497107, 0.6440942658293725, 0.2347159581029814, 0.3329458315686865, 0.20731429859332728, 0.3861861804379684, -0.314486012544852, 0.28598762730309246, 0.29483487592406743, 0.05387967068427127, 0.7208405489906269, 0.23662115568579112, -0.03500186067807476, 0.5169209682995182, 0.02272278688217913, 0.6592824495262446, 0.18990145294920635, 0.32124040562475387, 0.10876969669367731, 0.4148574232742783, 0.02710559213333069, 0.45405293575164496, 0.3329458315686865, 0.08079699267292062, 0.5435712235291779, 0.1524063295511373, 0.08549869313634112, 0.534076942248203, 0.12231443691725019, 0.04604469650128301, 0.2695642605432188, 0.30875147333461533, 0.14696318766320665, 0.35273984531573854, 0.09816404293998915, 0.40423330236165556, 0.5475995127744832, 0.28162255673433967, 0.29056821392315735, 0.07878202744654939, 0.09413562952323806, 0.15833966985327996, 0.2672072874677115, 0.25180596554611123, 0.08857147178354174, 0.3578824692308785, 0.3427719595813799, 0.30717247711520823, 0.06322689716827534, 0.3104832085998216, 0.050743052128734756, 0.08000520548293932, 0.21444850094518297, 0.21140269197186645, 0.040724081912269616, 0.3265380617432526, 0.269325908908742, 0.03268330890679905, 0.32338371734927335, 0.033890363244741706, 0.1721066816457737, 0.04030471654583956, 0.13812504977449713, 0.12715363859637674, 0.026230147640858514, 0.014597872050684746, 0.11085292675896419, 0.21582907998540146, 0.22379620118884969, 0.021051131855199245, 0.020156990247625517, 0.08896555252715033, 0.07724166641088082, 0.01689468768733482, -0.15692025033694912, 0.47645698297081746, 0.29164246366608515, 0.3708162717987289, 0.005664696664024027, 0.07139973447585224, 0.33782604632380553, 0.14096374851203997, 0.057302202239079336, -0.11598971985443551, 0.55617760275336, -0.03619513893645676, 0.04598815955763613, 0.030296963183800263, 0.036908019881585985, 0.20696778477612032, 0.3893815818380191, 0.49227889385887225, 0.02962070986711962, 0.032950881927809816, 0.02377224396884592, 0.028255134687464656, 0.019078529375207265, -0.03223689356890935, 0.08630766461670003, 0.20548831867983974, 0.1481980052087094, 0.015163148341172938, 0.2693718569635487, 0.024129115903487985, 0.015311566026230516, 0.11968518767861003, 0.11997304922646579, 0.012288371371028228, 0.10576098033089976, 0.09492264574494003, 0.012169258040040876, 0.023042826667997063, 0.009766496898469645, 0.09267292772720626, 0.07902804720077317, 0.00783814932298832, 0.020778341682745505, 0.006290544649544594, 0.012360197018787766, 0.009862091878362955, 0.13228573151605438, 0.010670729485700803, 0.007914869536461144, 0.05276997592160426, 0.06395988371265604, 0.006352116827936016, 0.04751656048815911, 0.051864244674997284, 0.005048507033651117, 0.07274859223500407, 0.010415802996059265, 0.005097922083222239, 0.00874745740390892, 0.00409136202475191, 0.061626299048851974, 0.007331869512013478, 0.0032835423814483455, 0.013031637771084958, 0.043419231274728354, 0.002635222819574734],"StateValue_V3_record" => [0.0, 0.0, 0.0, 0.0, 0.0, 0.0, 0.0, 0.0, 0.0, 0.0, 0.0, 0.0, 0.0, 0.0, 0.0, 0.0, 0.197445163350583, 0.07356049633890632, 0.0827377504909035, 0.13555159535281666, 0.3559057341706276, 0.15095133676602168, 0.15095133676602168, 0.197445163350583, 0.01672791749539798, 0.013463757849466254, 0.2322724870326988, 0.00700969444113036, 0.197445163350583, 0.014085266809494864, 0.06999447271614846, 0.48307903170048183, 0.09315590892989012, 0.09315590892989012, 0.28141651417868657, 0.5851425767257217, 0.15095133676602168, 0.15095133676602168, 0.3559057341706276, 0.2322724870326988, 0.3014889191210516, 0.6670541684313135, 0.3514859761030091, 0.35208124285205983, 0.48307903170048183, 0.42970506227479355, 0.4760485929634253, 0.7327927125322885, 0.13504280161311816, 0.1759760071637892, 0.41996447937591486, 0.6706989704138967, 0.4385306812543275, 0.7633788443142089, 0.22030492530101706, 0.22030492530101706, 0.18185139252842678, 0.8100985470507936, 0.5161739728625317, 0.5092630247633749, 0.5851425767257217, 0.22030492530101706, 0.22030492530101706, 0.2777904230797641, 0.8475936704488627, 0.5715603964802909, 0.5715603964802909, 0.4955391225898977, 0.6670541684313135, 0.2723841408695926, 0.2599754095254296, 0.300676632248018, 0.7327927125322885, 0.5715603964802909, 0.5715603964802909, 0.4080021412704128, 0.8776855630827498, 0.3391878229384155, 0.33911151112357013, 0.44559492969850806, 0.9018359570600109, 0.4124739670113415, 0.4215652696334653, 0.42636957913096524, 0.7327927125322885, 0.42543669791626243, 0.6151829559504806, 0.9212179725534506, 0.4751685736571728, 0.4751685736571728, 0.6270133173544397, 0.5715603964802909, 0.6843846058169846, 0.9367731028317247, 0.4751685736571728, 0.49375519840549853, 0.6028237984593491, 0.785551499054817, 0.6350266161697723, 0.6350266161697723, 0.5908026873774183, 0.785551499054817, 0.5324936008241615, 0.6865525016104678, 0.9492569478712652, 0.6350266161697723, 0.6963300240093772, 0.9592759180877304, 0.702445385881645, 0.7182420267471209, 0.8278933183542263, 0.7440865538543605, 0.7858269929034987, 0.967316691093201, 0.5324936008241615, 0.5324936008241615, 0.7473494676324778, 0.9737698523591415, 0.5324936008241615, 0.5324936008241615, 0.7974263944588172, 0.8618749502255029, 0.8181680446896494, 0.8261260160318417, 0.8891470732410358, 0.8427723277446865, 0.8678781986879691, 0.9789488681448008, 0.8710393574684837, 0.873921636700102, 0.9110344474728497, 0.5448249629763587, 0.5751080087776852, 0.7954758146488494, 0.9831053123126652, 0.8872812146776196, 0.891261114909718, 0.9286002655241478, 0.9019829088311697, 0.9172339022731373, 0.9864410866828481, 0.6036276172830484, 0.5726444728222551, 0.42636957913096524, 0.9286002655241478, 0.6180408423347129, 0.9203884534752027, 0.9426977977609207, 0.928993281044422, 0.928993281044422, 0.8258454282690384, 0.9540118404423639, 0.6239757301865447, 0.6239757301865447, 0.536184156758538, 0.9792945315630424, 0.963091980118414, 0.928993281044422, 0.934975269889274, 0.9703792901328804, 0.6239757301865447, 0.6239757301865447, 0.8327512742532497, 0.5714679808669441, 0.9762277560311541, 0.9394232856884053, 0.9459292779531875, 0.9809214706247927, 0.9487942194237263, 0.9543730591075855, 0.9846884339737695, 0.6239757301865447, 0.6239757301865447, 0.5750377574600298, 0.6645484048349224, 0.8620122535999138, 0.9878307419599591, 0.6835240799851058, 0.7367102502853236, 0.9614365089725534, 0.9877116286289718, 0.7407445270163684, 0.7643757884482167, 0.8875277575337902, 0.990137908121637, 0.7797384279953463, 0.8006204220328986, 0.9077507231476418, 0.9902335031015304, 0.9632818013456642, 0.967831496021186, 0.9921618506770117, 0.8129553190945588, 0.8312531404478337, 0.9248210220647087, 0.9937094553504554, 0.9690085175099014, 0.9731111005776053, 0.9949514929663489, 0.9738692133692448, 0.9763096744886648, 0.9920851304635389, 0.8413538817423283, 0.867473059610467, 0.9796051006513382, 0.993647883172064, 0.869341277542661, 0.8797604540585084, 0.9383942160408472, 0.9949020779167778, 0.8879359236507934, 0.8973178386982359, 0.9494000935418531, 0.9959482962622846, 0.9039396931641823, 0.9183035508415477, 0.9826155208956268, 0.9959086379752481, 0.9832299032992795, 0.9849570464552966, 0.9967164576185517, 0.9199338299387944, 0.9321016446211868, 0.9868977641983652, 0.9973647771804253, 0.9332267929776829, 0.9357998268261204, 0.9585814378411046, 0.9978850891805013],"StateValue_V1_record" => [0.0, 0.0, 0.0, 0.0, 0.0, 0.0, 0.0, 0.0, 0.0, 0.0, 0.0, 0.0, 0.0, 0.0, 0.0, 0.0, 0.0, 0.07356049633890632, 0.12051624046486566, 0.197445163350583, 0.0, 0.15095133676602168, 0.010210357615963672, 0.0, 0.01672791749539798, 0.2322724870326988, 0.00623218058521319, 0.197445163350583, 0.014189518212140732, 0.00595598993305245, 0.3559057341706276, 0.0, 0.09315590892989012, 0.2322724870326988, 0.48307903170048183, 0.0, 0.15095133676602168, 0.197445163350583, 0.0, 0.2322724870326988, 0.5851425767257217, 0.0, 0.3514859761030091, 0.3559057341706276, 0.0, 0.42970506227479355, 0.6670541684313135, 0.0, 0.13504280161311816, 0.3437138858956025, 0.7327927125322885, 0.3820638074652227, 0.7051651240759326, 0.0, 0.22030492530101706, 0.14761829213888222, 0.7633788443142089, 0.0, 0.5161739728625317, 0.48307903170048183, 0.0, 0.22030492530101706, 0.21036808462613, 0.8100985470507936, 0.0, 0.5715603964802909, 0.4740630720586212, 0.5851425767257217, 0.0, 0.2723841408695926, 0.300676632248018, 0.6670541684313135, 0.0, 0.5715603964802909, 0.34014402059453175, 0.8475936704488627, 0.0, 0.3391878229384155, 0.42636957913096524, 0.8776855630827498, 0.0, 0.4124739670113415, 0.46033580579035205, 0.7327927125322885, 0.3964195273215782, 0.5455361795718552, 0.9018359570600109, 0.0, 0.4751685736571728, 0.6270133173544397, 0.5715603964802909, 0.6270133173544397, 0.9212179725534506, 0.0, 0.4751685736571728, 0.5715603964802909, 0.7327927125322885, 0.0, 0.6350266161697723, 0.6938791195810425, 0.785551499054817, 0.5324936008241615, 0.6259027816896523, 0.9367731028317247, 0.0, 0.6350266161697723, 0.9492569478712652, 0.0, 0.702445385881645, 0.785551499054817, 0.0, 0.7440865538543605, 0.9592759180877304, 0.0, 0.5324936008241615, 0.694172369553447, 0.967316691093201, 0.0, 0.5324936008241615, 0.7907349061519486, 0.8278933183542263, 0.0, 0.8181680446896494, 0.8618749502255029, 0.0, 0.8427723277446865, 0.9737698523591415, 0.0, 0.8710393574684837, 0.8891470732410358, 0.0, 0.5448249629763587, 0.751288337147877, 0.9789488681448008, 0.0, 0.8872812146776196, 0.9110344474728497, 0.0, 0.9019829088311697, 0.9831053123126652, 0.0, 0.6036276172830484, 0.4484777002102495, 0.9286002655241478, 0.5703883031277812, 0.919269986517043, 0.9286002655241478, 0.0, 0.928993281044422, 0.7980128179175682, 0.9426977977609207, 0.0, 0.6239757301865447, 0.4742698942549347, 0.9864410866828481, 0.9540118404423639, 0.0, 0.928993281044422, 0.963091980118414, 0.0, 0.6239757301865447, 0.8327512742532497, 0.5352049665335853, 0.9703792901328804, 0.0, 0.9394232856884053, 0.9762277560311541, 0.0, 0.9487942194237263, 0.9809214706247927, 0.0, 0.6239757301865447, 0.5750377574600298, 0.6239757301865447, 0.8327512742532497, 0.9848368516588271, 0.0, 0.6835240799851058, 0.956672331741484, 0.9846884339737695, 0.0, 0.7407445270163684, 0.8638396592316031, 0.9877116286289718, 0.0, 0.7797384279953463, 0.8890087058528626, 0.9878307419599591, 0.0, 0.9632818013456642, 0.9902335031015304, 0.0, 0.8129553190945588, 0.9092173163758744, 0.9921618506770117, 0.0, 0.9690085175099014, 0.9937094553504554, 0.0, 0.9738692133692448, 0.990137908121637, 0.0, 0.8413538817423283, 0.9774982167249642, 0.9920851304635389, 0.0, 0.869341277542661, 0.9257656463533175, 0.993647883172064, 0.0, 0.8879359236507934, 0.9391597492799436, 0.9949514929663489, 0.0, 0.9039396931641823, 0.9805589709716424, 0.9949020779167778, 0.0, 0.9832299032992795, 0.9959086379752481, 0.0, 0.9199338299387944, 0.9854501220249005, 0.9967164576185517, 0.0, 0.9332267929776829, 0.9500085206295091, 0.9973647771804253, 0.0])