DateTime of fitting: 2020-02-09T16:07:56.467
DATA_STATS
nr_subjects: 1
all_subject_ids: [5]
nr_puzzles: 1
nr_episodes: 54
nr_actions: 175
max_state_id: 7
max_action_id: 2
SUBJECT_SIGNALS
subject_id: 5
algorithm_name: Forward Learner
param_string: eta=0.108, gamma=0.9767,
                temp=0.0122,
                initTsas=nothing, initR=nothing
param_vector: [0.10802373883679973, 0.976674272334548, 0.012216763431432848]
LL: -81.363
RPE
Float64[]
SPE
[0.857, 0.857, 0.857, 0.857, 0.857, 0.765, 0.765, 0.765, 0.682, 0.682, 0.765, 0.857, 0.857, 0.857, 0.765, 0.857, 0.765, 0.682, 0.765, 0.857, 0.857, 0.682, 0.765, 0.608, 0.608, 0.682, 0.857, 0.682, 0.608, 0.608, 0.608, 0.765, 0.765, 0.886, 0.543, 0.716, 0.682, 0.813, 0.484, 0.543, 0.543, 0.928, 0.484, 0.493, 0.608, 0.91, 0.44, 0.678, 0.608, 0.543, 0.765, 0.392, 0.682, 0.928, 0.543, 0.484, 0.592, 0.484, 0.899, 0.682, 0.35, 0.432, 0.832, 0.312, 0.385, 0.579, 0.543, 0.943, 0.493, 0.278, 0.484, 0.886, 0.651, 0.44, 0.248, 0.949, 0.605, 0.432, 0.58, 0.863, 0.484, 0.432, 0.458, 0.222, 0.781, 0.198, 0.589, 0.385, 0.73, 0.176, 0.385, 0.408, 0.157, 0.943, 0.577, 0.343, 0.514, 0.306, 0.722, 0.14, 0.517, 0.273, 0.858, 0.364, 0.125, 0.461, 0.244, 0.717, 0.112, 0.534, 0.516, 0.432, 0.841, 0.475, 0.217, 0.518, 0.837, 0.194, 0.476, 0.608, 0.987, 0.173, 0.424, 0.154, 0.813, 0.716, 0.461, 0.138, 0.378, 0.123, 0.337, 0.109, 0.487, 0.91, 0.478, 0.398, 0.197, 0.777, 0.301, 0.098, 0.488, 0.774, 0.087, 0.435, 0.425, 0.176, 0.796, 0.157, 0.388, 0.379, 0.14, 0.71, 0.125, 0.418, 0.078, 0.782, 0.373, 0.069, 0.417, 0.753, 0.062, 0.372, 0.409, 0.111, 0.76, 0.332, 0.055, 0.297, 0.049, 0.677, 0.264, 0.044, 0.468, 0.707, 0.0]
action_selection_prob
[0.5, 0.5, 0.5, 0.5, 0.5, 0.5, 0.5, 0.5, 0.5, 0.5, 0.5, 0.5, 0.5, 0.5, 0.5, 0.5, 0.471, 0.527, 0.782, 0.576, 0.65, 0.501, 0.451, 0.44, 0.179, 0.539, 0.577, 0.87, 0.501, 0.63, 0.925, 0.55, 0.843, 0.54, 0.942, 0.573, 0.905, 0.559, 0.951, 0.487, 0.691, 0.959, 0.697, 0.938, 0.53, 0.467, 0.955, 0.607, 0.929, 0.49, 0.485, 0.958, 0.379, 0.728, 0.943, 0.474, 0.504, 0.957, 0.336, 0.467, 0.955, 0.459, 0.498, 0.96, 0.443, 0.511, 0.04, 0.424, 0.709, 0.964, 0.594, 0.264, 0.31, 0.756, 0.967, 0.413, 0.698, 0.962, 0.303, 0.771, 0.032, 0.592, 0.76, 0.966, 0.72, 0.968, 0.737, 0.971, 0.734, 0.967, 0.579, 0.777, 0.968, 0.577, 0.753, 0.973, 0.751, 0.977, 0.758, 0.965, 0.777, 0.978, 0.455, 0.777, 0.964, 0.777, 0.979, 0.776, 0.963, 0.448, 0.547, 0.02, 0.563, 0.788, 0.983, 0.212, 0.778, 0.984, 0.457, 0.43, 0.961, 0.985, 0.807, 0.987, 0.458, 0.242, 0.577, 0.987, 0.816, 0.988, 0.821, 0.988, 0.46, 0.399, 0.548, 0.763, 0.949, 0.54, 0.825, 0.988, 0.535, 0.77, 0.989, 0.529, 0.775, 0.949, 0.827, 0.951, 0.526, 0.783, 0.953, 0.823, 0.954, 0.822, 0.988, 0.525, 0.824, 0.988, 0.522, 0.787, 0.988, 0.519, 0.789, 0.953, 0.517, 0.824, 0.988, 0.825, 0.989, 0.516, 0.829, 0.989, 0.515, 0.79, 0.0]
results_dict
Dict{String,Any}("QSA_record" => [0.0, 0.0, 0.0, 0.0, 0.0, 0.0, 0.0, 0.0, 0.0, 0.0, 0.0, 0.0, 0.0, 0.0, 0.0, 0.0, 0.8621937727125903, 0.8672167617926914, 0.8880360877041382, 0.8801285335957798, 0.8840073502866586, 0.8879762930258649, 0.8904340644927959, 0.8927655214251363, 0.8892219793173903, 0.8935116064319526, 0.8981755007254104, 0.9189925936582242, 0.8929757669122766, 0.9014138021878378, 0.9308000489867805, 0.9017868859869766, 0.9158619259111311, 0.9092864570361116, 0.945303096748986, 0.9142546945278581, 0.9336394846967356, 0.9175498013142325, 0.955835291379909, 0.9169842836832082, 0.9294822985902625, 0.96310492124537, 0.9329487548297721, 0.9569810359346724, 0.919806355867942, 0.9261261698221057, 0.9621986905294946, 0.9293107792631082, 0.9491984100679353, 0.9234221893521734, 0.9332589574769175, 0.9687577246874466, 0.9297103169013464, 0.9415271410070882, 0.9587228665945158, 0.9277562463659399, 0.939782308105332, 0.9644639874046306, 0.9329043624756165, 0.9415658692198969, 0.9748251218921541, 0.9309431890295039, 0.9446089447593089, 0.9781931437653497, 0.9321624974871981, 0.9473613802929571, 0.9321272551936751, 0.9326761933519624, 0.9503175514208081, 0.9812525963748596, 0.9373172679847583, 0.9400533275073792, 0.938773002426319, 0.9529644237310353, 0.9837089740866362, 0.9340433803483613, 0.9494730286302396, 0.9725446869773515, 0.9397660110563956, 0.9561173215902207, 0.9344881948337005, 0.9404558717140782, 0.9561663756243429, 0.9861310260130167, 0.9520715989043698, 0.9878166982001728, 0.9541434414179385, 0.9768755051818678, 0.9548454256473045, 0.9895589385358918, 0.9435044980605167, 0.9610255739566366, 0.9908858308761475, 0.9442288986619822, 0.9589507725878006, 0.9805292223361495, 0.958905610071082, 0.9828773417681741, 0.9601676806197142, 0.9922136979847372, 0.9623414998477071, 0.9852138008241417, 0.9440535231948626, 0.9650886327110713, 0.9932692626233017, 0.9639036874387719, 0.987178448935406, 0.964234750214671, 0.9941279407273702, 0.9457353489562121, 0.9628591977726233, 0.941407298734948, 0.9487445607060536, 0.9662299063118571, 0.9888670448827647, 0.9501284582819327, 0.9675651945661675, 0.9901743802848175, 0.9465356225256022, 0.9612551550881274, 0.9949167251072566, 0.9913386355663623, 0.9667315728585625, 0.9921357787325434, 0.9459970430996064, 0.9526915563539481, 0.9650579582551576, 0.9930582410216071, 0.9679958351189472, 0.993868357531075, 0.9687882237119181, 0.9945817958199183, 0.9474342722654591, 0.9621180066069362, 0.9496618236222882, 0.9676575178953204, 0.9925093536998385, 0.949288477694257, 0.9701932202337095, 0.9952438993291446, 0.949549303290024, 0.9685723642721878, 0.995786346923949, 0.9496423635910151, 0.9692245503646244, 0.993504911325691, 0.9712226350057003, 0.9942284275083462, 0.9499411234205704, 0.9702194966009808, 0.9948787541804637, 0.9715691486137567, 0.9954479796098675, 0.9718042630651331, 0.9963478629291105, 0.9507342654362027, 0.972386980786117, 0.9967628257613089, 0.9508100503174456, 0.9714038663296511, 0.9971250095253871, 0.9508953752508458, 0.9718062022164026, 0.9960555874520196, 0.9509110185773051, 0.9731240957975179, 0.99745789779185, 0.9732524355918685, 0.9977401153877361, 0.9512740043813951, 0.9737482345848208, 0.9979923292436157, 0.9513996548939747, 0.9724876780017436, 0.0],"final_Tsas" => Dict{Int64,Any}(1 => [0.14285714285714285 0.14285714285714285; 0.09043054438720306 0.012951533188665659; 0.005818275171131487 0.06417635311562146; 0.06417635311562146 0.9608625783591322; 0.04554439351361204 0.08066189887745022; 0.900891816658376 0.12742518016617146; 0.02571588084820842 0.012951533188665659]

[0.14285714285714285 0.14285714285714285; 0.09043054438720306 0.012951533188665659; 0.005818275171131487 0.5382800669222237; 0.06417635311562146 0.006522903606811289; 0.04554439351361204 0.08066189887745022; 0.015611786442091427 0.12742518016617146; 0.2448560311448721 0.5822670448444863]

[0.14285714285714285 0.14285714285714285; 0.1867851550717217 0.012951533188665659; 0.005818275171131487 0.06417635311562146; 0.06417635311562146 0.006522903606811289; 0.04554439351361204 0.08066189887745022; 0.005818275171131487 0.2354489190029712; 0.08670968013713466 0.35297528921218546]

[0.14285714285714285 0.14285714285714285; 0.09043054438720306 0.3689624148232584; 0.7640746272499108 0.06417635311562146; 0.06417635311562146 0.006522903606811289; 0.589078025245354 0.08066189887745022; 0.06022329621500657 0.12742518016617146; 0.02571588084820842 0.012951533188665659]

[0.14285714285714285 0.14285714285714285; 0.36106212299226303 0.012951533188665659; 0.005818275171131487 0.140838167499669; 0.06417635311562146 0.006522903606811289; 0.04554439351361204 0.08066189887745022; 0.005818275171131487 0.12742518016617146; 0.5655707653251596 0.012951533188665659]

[0.14285714285714285 0.14285714285714285; 0.09043054438720306 0.5662799192334134; 0.20683399689443194 0.06417635311562146; 0.06417635311562146 0.006522903606811289; 0.18320000718658577 0.408004867898499; 0.005818275171131487 0.12742518016617146; 0.02571588084820842 0.012951533188665659]

[0.14285714285714285 0.14285714285714285; 0.09043054438720306 0.012951533188665659; 0.005818275171131487 0.06417635311562146; 0.6149418813062713 0.006522903606811289; 0.04554439351361204 0.18868563771424995; 0.005818275171131487 0.12742518016617146; 0.02571588084820842 0.012951533188665659]),"final_Reward" => Dict{Int64,Any}(1 => [1.0, 0.0, 0.0, 0.0, 0.0, 0.0, 0.0]),"final_Qsa" => [0.0 0.0; 0.9563534595856888 0.9727560998876749; 0.9740318484328743 0.9547456479834502; 0.9434035890414068 0.9982149097633902; 0.9702356074029553 0.9615326564818804; 0.9965548914070841 0.9598707098875098; 0.9507644630698978 0.9514724103076585])
POPULATION_SIGNALS
subject_id: 5
algorithm_name: Forward Learner
param_string: eta=0.1692, gamma=0.9856,
                temp=0.0118,
                initTsas=nothing, initR=nothing
param_vector: [0.16921432907904174, 0.9855564353951695, 0.011831814925089175]
LL: -83.663
RPE
Float64[]
SPE
[0.857, 0.857, 0.857, 0.857, 0.857, 0.712, 0.712, 0.712, 0.592, 0.592, 0.712, 0.857, 0.857, 0.857, 0.712, 0.857, 0.712, 0.592, 0.712, 0.857, 0.857, 0.592, 0.712, 0.491, 0.491, 0.592, 0.857, 0.592, 0.491, 0.491, 0.491, 0.712, 0.712, 0.901, 0.408, 0.661, 0.592, 0.791, 0.339, 0.408, 0.408, 0.953, 0.339, 0.403, 0.491, 0.932, 0.335, 0.625, 0.491, 0.408, 0.712, 0.278, 0.592, 0.953, 0.408, 0.339, 0.508, 0.339, 0.918, 0.592, 0.231, 0.282, 0.812, 0.192, 0.234, 0.52, 0.408, 0.968, 0.403, 0.16, 0.339, 0.901, 0.578, 0.335, 0.133, 0.973, 0.519, 0.282, 0.48, 0.856, 0.339, 0.282, 0.401, 0.11, 0.764, 0.092, 0.528, 0.234, 0.696, 0.076, 0.234, 0.333, 0.063, 0.968, 0.533, 0.195, 0.443, 0.162, 0.709, 0.052, 0.475, 0.134, 0.837, 0.276, 0.044, 0.395, 0.112, 0.716, 0.036, 0.538, 0.432, 0.282, 0.804, 0.442, 0.093, 0.399, 0.835, 0.077, 0.447, 0.491, 0.997, 0.064, 0.367, 0.053, 0.79, 0.661, 0.359, 0.044, 0.305, 0.037, 0.253, 0.03, 0.478, 0.932, 0.444, 0.36, 0.194, 0.724, 0.21, 0.025, 0.476, 0.745, 0.021, 0.395, 0.418, 0.161, 0.84, 0.134, 0.328, 0.347, 0.111, 0.698, 0.093, 0.43, 0.017, 0.772, 0.358, 0.015, 0.396, 0.737, 0.012, 0.329, 0.409, 0.077, 0.752, 0.297, 0.01, 0.247, 0.008, 0.625, 0.205, 0.007, 0.498, 0.678, 0.0]
action_selection_prob
[0.5, 0.5, 0.5, 0.5, 0.5, 0.5, 0.5, 0.5, 0.5, 0.5, 0.5, 0.5, 0.5, 0.5, 0.5, 0.5, 0.472, 0.562, 0.794, 0.561, 0.661, 0.509, 0.403, 0.467, 0.181, 0.519, 0.543, 0.849, 0.509, 0.672, 0.897, 0.539, 0.835, 0.505, 0.904, 0.585, 0.884, 0.572, 0.901, 0.509, 0.702, 0.907, 0.705, 0.867, 0.507, 0.495, 0.893, 0.617, 0.901, 0.484, 0.462, 0.893, 0.369, 0.709, 0.91, 0.479, 0.523, 0.924, 0.339, 0.453, 0.885, 0.474, 0.515, 0.892, 0.467, 0.524, 0.074, 0.456, 0.682, 0.896, 0.554, 0.3, 0.325, 0.717, 0.9, 0.448, 0.678, 0.928, 0.322, 0.725, 0.066, 0.552, 0.716, 0.897, 0.693, 0.899, 0.706, 0.939, 0.704, 0.895, 0.543, 0.722, 0.896, 0.542, 0.715, 0.942, 0.713, 0.946, 0.717, 0.891, 0.729, 0.947, 0.477, 0.719, 0.889, 0.728, 0.948, 0.727, 0.887, 0.476, 0.546, 0.051, 0.529, 0.733, 0.954, 0.267, 0.717, 0.955, 0.481, 0.442, 0.885, 0.956, 0.748, 0.96, 0.485, 0.301, 0.569, 0.96, 0.754, 0.961, 0.758, 0.961, 0.485, 0.42, 0.517, 0.705, 0.865, 0.511, 0.759, 0.961, 0.513, 0.708, 0.961, 0.51, 0.713, 0.867, 0.759, 0.871, 0.507, 0.719, 0.873, 0.752, 0.876, 0.749, 0.96, 0.508, 0.75, 0.96, 0.508, 0.721, 0.96, 0.508, 0.723, 0.876, 0.506, 0.75, 0.96, 0.75, 0.96, 0.508, 0.751, 0.96, 0.508, 0.723, 0.0]
results_dict
Dict{String,Any}("QSA_record" => [0.0, 0.0, 0.0, 0.0, 0.0, 0.0, 0.0, 0.0, 0.0, 0.0, 0.0, 0.0, 0.0, 0.0, 0.0, 0.0, 0.9055427937314481, 0.9122068811856222, 0.9322988379846291, 0.9244256849216554, 0.9284898777283879, 0.932819295897527, 0.9347483915480559, 0.9381796567276638, 0.9327378977112213, 0.9371415207195702, 0.9416488549229208, 0.9598466102779034, 0.937437214934977, 0.9471853935885819, 0.9688895434845082, 0.9453188711938509, 0.957030509717284, 0.9476069087489211, 0.9777769240504826, 0.9554668646163232, 0.969598754127599, 0.9580861810815282, 0.9840533746777054, 0.9558353515819569, 0.9671408950666045, 0.9876542405269, 0.9691389622682677, 0.9812598811426908, 0.955059461306977, 0.9621018120328959, 0.9846580488867116, 0.9647209056325299, 0.9784649718516563, 0.958410167678811, 0.9662353588902384, 0.9883765472885229, 0.9626411029772447, 0.9725887132637869, 0.9838627509995896, 0.9607215502530021, 0.9711734569322326, 0.9871155790817757, 0.964134905421297, 0.971057031701394, 0.9912403064677388, 0.9625323399864485, 0.9738738960423432, 0.9929319605425326, 0.963271914889338, 0.975388409151961, 0.9604083974631059, 0.9635290583276677, 0.9766377781243628, 0.9943348579254737, 0.9661354432175903, 0.9678915437087859, 0.9669274695121074, 0.9780448468300882, 0.9954220473693777, 0.9642331172161638, 0.9759436382385667, 0.9906439745338316, 0.9673159329122388, 0.9795635555158148, 0.961006536522057, 0.9675277287427022, 0.9793798666658388, 0.9963388224879953, 0.9772516949954235, 0.9970003913233629, 0.9784032431504524, 0.9925906691444891, 0.9786049500892862, 0.9975813074683567, 0.9688082905103231, 0.9814289357873995, 0.9980238258537191, 0.9690923877708353, 0.9805107042126102, 0.9940981306094171, 0.9803872362771274, 0.9951573531400423, 0.9809675852405334, 0.9984054101361498, 0.9819686123418003, 0.9960688844055667, 0.9686171035290994, 0.9829207890782063, 0.998701547334519, 0.9824792384257748, 0.9967925160463188, 0.9825384936151014, 0.9989346047612463, 0.9692785817356513, 0.9817319586439625, 0.9628447441687435, 0.970562463435162, 0.9832866541644338, 0.9973773793471448, 0.9713002544043603, 0.9836996276472891, 0.9978362863271182, 0.9695234920136813, 0.9797364404224798, 0.9991281344852745, 0.9982147092035942, 0.9828936476499331, 0.9984627833812678, 0.9687409973150686, 0.9723385343922173, 0.9821993992188289, 0.9987303019275748, 0.9834106214046361, 0.9989524467557159, 0.9837378668713177, 0.9991342735388533, 0.9692293382500287, 0.9791724414626105, 0.9700107922188441, 0.9825653971097743, 0.996692623780571, 0.9697068447316333, 0.9842490396274935, 0.999288948508886, 0.9700485218375235, 0.9829614732878796, 0.9994114805066463, 0.9700943412199581, 0.9833559307795564, 0.9972956758832829, 0.9845481064909097, 0.9977566152882315, 0.9700984202907209, 0.9838210555537976, 0.9981394413117144, 0.9845246830452257, 0.9984561564259257, 0.9845219413332909, 0.9995210899744585, 0.9705182749386986, 0.9847636390653721, 0.9996035142060365, 0.9705738494385633, 0.9842700270842288, 0.9996712433396013, 0.9706204111773871, 0.9844585192173178, 0.9987346404058361, 0.9705614740823043, 0.9849827317533383, 0.999728258449042, 0.9850357100814143, 0.9997745225783812, 0.9707521924126244, 0.9851458607475468, 0.9998129513643362, 0.9708151821633805, 0.984617923408486, 0.0],"final_Tsas" => Dict{Int64,Any}(1 => [0.14285714285714285 0.14285714285714285; 0.06805467267803018 0.002911862778214968; 0.0007954152013348825 0.03902338527006356; 0.03902338527006356 0.9942554483363697; 0.022376488461569245 0.056538846900123514; 0.9361404563526193 0.1186836672744226; 0.008855985987037308 0.002911862778214968]

[0.14285714285714285 0.14285714285714285; 0.06805467267803018 0.002911862778214968; 0.0007954152013348825 0.6688301135243053; 0.03902338527006356 0.0009574252772717346; 0.022376488461569245 0.056538846900123514; 0.004244517546036046 0.1186836672744226; 0.28568555644042565 0.5859678822551565]

[0.14285714285714285 0.14285714285714285; 0.20863551259140173 0.002911862778214968; 0.0007954152013348825 0.03902338527006356; 0.03902338527006356 0.0009574252772717346; 0.022376488461569245 0.056538846900123514; 0.0007954152013348825 0.28789799635346436; 0.07582626730278672 0.39947280385376865]

[0.14285714285714285 0.14285714285714285; 0.06805467267803018 0.4367586744624043; 0.829645166850105 0.03902338527006356; 0.03902338527006356 0.0009574252772717346; 0.701741213059522 0.056538846900123514; 0.056433365296005074 0.1186836672744226; 0.008855985987037308 0.002911862778214968]

[0.14285714285714285 0.14285714285714285; 0.4510911240184473 0.002911862778214968; 0.0007954152013348825 0.13605296012537677; 0.03902338527006356 0.0009574252772717346; 0.022376488461569245 0.056538846900123514; 0.0007954152013348825 0.1186836672744226; 0.6030642323086383 0.002911862778214968]

[0.14285714285714285 0.14285714285714285; 0.06805467267803018 0.5486820116465208; 0.1663777571432205 0.03902338527006356; 0.03902338527006356 0.0009574252772717346; 0.1863763446326318 0.49155258952021713; 0.0007954152013348825 0.1186836672744226; 0.008855985987037308 0.002911862778214968]

[0.14285714285714285 0.14285714285714285; 0.06805467267803018 0.002911862778214968; 0.0007954152013348825 0.03902338527006356; 0.7658596883796185 0.0009574252772717346; 0.022376488461569245 0.22575317597916522; 0.0007954152013348825 0.1186836672744226; 0.008855985987037308 0.002911862778214968]),"final_Reward" => Dict{Int64,Any}(1 => [1.0, 0.0, 0.0, 0.0, 0.0, 0.0, 0.0]),"final_Qsa" => [0.0 0.0; 0.9732748842718556 0.9847508521618826; 0.985210806532128 0.9721722676782327; 0.9622293444777716 0.9998447857833298; 0.9839186736749168 0.9767832834317459; 0.9989572767996167 0.9758492710589346; 0.9704619281951682 0.9708359899116682])