DateTime of fitting: 2020-12-27T20:09:30.295
DATA_STATS
nr_subjects: 1
all_subject_ids: [19]
nr_puzzles: 1
nr_episodes: 62
nr_actions: 180
max_state_id: 7
max_action_id: 2
SUBJECT_SIGNALS
subject_id: 19
algorithm_name: hybrid_actorcritic_FWD
param_string: alpha=0.6818,
                eta_critic=0.0102,
                gamma=0.8451,
                lambda_actor=0.7736,
                lambda_critic=0.4724,
                eta_fwd=0.3012,
                w_MB=12.1188,
                w_MF=2.8712
param_vector: [0.6818387178072591, 0.010222157961806855, 0.8451214064488427, 0.7736357873591735, 0.4724159523576728, 0.30117066210824656, 12.118770503781306, 2.8712243891650666]
LL: -57.025
RPE
[0.0, 0.0, 0.0, 0.0, 0.0, 0.0, 0.0, 0.0, 0.0, 0.0, 0.0, 0.0, 0.0, 1.0, 0.001, 0.002, 0.005, 0.99, 0.016, 0.98, 0.007, 0.017, 0.97, 0.029, 0.96, 0.001, 0.005, 0.033, 0.95, 0.002, -0.005, 1.0, -0.01, 0.004, -0.0, 0.99, -0.003, 0.004, 0.979, 0.035, 0.94, 0.006, 0.969, 0.034, 0.931, 0.005, 0.022, 0.959, 0.038, 0.921, 0.01, 0.95, 0.038, 0.912, 0.01, 0.94, 0.038, -0.091, 0.03, 0.037, 0.903, 0.041, 0.894, 0.006, 0.93, 0.005, 0.081, 0.885, 0.003, 0.088, 0.876, 0.005, 0.092, 0.867, 0.033, 0.063, 0.858, 0.067, 0.849, 0.005, 0.042, 0.921, 0.07, 0.84, 0.006, 0.911, -0.0, 0.061, 0.044, 0.832, 0.006, 0.12, 0.823, 0.084, 0.815, -0.001, 0.005, 0.129, 0.807, 0.093, 0.798, 0.096, 0.79, 0.099, -0.145, 0.097, 0.783, -0.0, 0.164, 0.775, 0.002, 0.055, 0.898, 0.004, 0.889, 0.007, 0.158, 0.767, 0.002, 0.067, 0.88, 0.007, 0.066, 0.871, 0.11, 0.759, 0.002, 0.078, 0.862, 0.007, 0.076, 0.853, 0.112, 0.752, 0.029, 0.845, 0.009, 0.164, -0.117, 0.836, 0.112, 0.742, 0.036, 0.827, 0.001, 0.11, 0.819, 0.046, 0.811, 0.003, 0.119, 0.802, 0.107, 0.734, 0.063, 0.109, 0.727, 0.112, 0.719, 0.044, 0.794, 0.003, 0.129, 0.786, 0.069, 0.11, 0.712, 0.112, 0.705, 0.074, 0.114, 0.697, -0.098, -0.016, -0.0, -0.011, 0.207, 0.69, 0.043, 0.778]
SPE
[0.857, 0.857, 0.857, 0.857, 0.599, 0.599, 0.599, 0.857, 0.857, 0.419, 0.419, 0.599, 0.857, 0.857, 0.293, 0.419, 0.599, 0.599, 0.857, 0.419, 0.857, 0.419, 0.293, 0.599, 0.204, 0.599, 0.951, 0.419, 0.143, 0.419, 0.419, 0.857, 0.951, 0.293, 0.293, 0.599, 0.204, 0.204, 0.419, 0.506, 0.1, 0.976, 0.293, 0.548, 0.07, 0.599, 0.951, 0.204, 0.383, 0.049, 0.845, 0.143, 0.488, 0.034, 0.714, 0.1, 0.54, 0.857, 0.966, 0.377, 0.024, 0.264, 0.017, 0.829, 0.07, 0.419, 0.506, 0.012, 0.444, 0.976, 0.008, 0.293, 0.353, 0.006, 0.966, 0.43, 0.004, 0.3, 0.003, 0.444, 0.836, 0.049, 0.21, 0.002, 0.856, 0.034, 0.31, 0.401, 0.996, 0.001, 0.31, 0.474, 0.001, 0.404, 0.001, 0.988, 0.506, 0.331, 0.0, 0.282, 0.0, 0.197, 0.0, 0.138, 1.0, 0.096, 0.301, 0.217, 0.778, 0.211, 0.152, 0.497, 0.318, 0.933, 0.222, 0.453, 0.231, 0.147, 0.784, 0.347, 0.155, 0.522, 0.858, 0.108, 0.348, 0.103, 0.684, 0.243, 0.076, 0.556, 0.6, 0.053, 0.243, 0.072, 0.83, 0.037, 0.389, 0.591, 1.0, 0.026, 0.42, 0.336, 0.707, 0.018, 0.106, 0.17, 0.013, 0.494, 0.009, 0.074, 0.119, 0.006, 0.655, 0.235, 0.962, 0.458, 0.164, 0.32, 0.115, 0.776, 0.004, 0.337, 0.083, 0.003, 0.987, 0.457, 0.08, 0.32, 0.056, 0.771, 0.223, 0.039, 0.143, 0.999, 0.466, 0.353, 0.413, 0.027, 0.844, 0.002]
action_selection_prob
[0.5, 0.5, 0.5, 0.5, 0.5, 0.5, 0.5, 0.5, 0.5, 0.5, 0.5, 0.5, 0.5, 0.5, 0.333, 0.607, 0.718, 0.93, 0.63, 0.972, 0.616, 0.867, 0.983, 0.802, 0.986, 0.344, 0.745, 0.888, 0.988, 0.346, 0.222, 0.532, 0.908, 0.436, 0.593, 0.93, 0.207, 0.795, 0.969, 0.63, 0.983, 0.788, 0.977, 0.826, 0.983, 0.372, 0.825, 0.98, 0.87, 0.984, 0.899, 0.983, 0.909, 0.984, 0.923, 0.984, 0.93, 0.016, 0.575, 0.932, 0.992, 0.939, 0.987, 0.945, 0.984, 0.346, 0.842, 0.988, 0.546, 0.889, 0.988, 0.366, 0.876, 0.988, 0.484, 0.944, 0.988, 0.948, 0.989, 0.584, 0.898, 0.985, 0.952, 0.989, 0.955, 0.986, 0.347, 0.908, 0.987, 0.991, 0.592, 0.913, 0.991, 0.959, 0.991, 0.678, 0.104, 0.927, 0.991, 0.963, 0.991, 0.966, 0.991, 0.968, 0.991, 0.945, 0.981, 0.321, 0.83, 0.986, 0.448, 0.858, 0.982, 0.958, 0.986, 0.426, 0.916, 0.987, 0.553, 0.889, 0.987, 0.638, 0.927, 0.988, 0.96, 0.988, 0.704, 0.908, 0.989, 0.749, 0.936, 0.989, 0.962, 0.989, 0.963, 0.989, 0.786, 0.942, 0.99, 0.991, 0.96, 0.985, 0.962, 0.991, 0.207, 0.924, 0.991, 0.966, 0.991, 0.337, 0.931, 0.991, 0.968, 0.987, 0.46, 0.969, 0.989, 0.969, 0.99, 0.971, 0.991, 0.562, 0.933, 0.991, 0.35, 0.973, 0.99, 0.974, 0.991, 0.509, 0.975, 0.991, 0.024, 0.936, 0.544, 0.144, 0.95, 0.992, 0.988, 0.991]
results_dict
Dict{String,Any}("finalQSA_Hybrid_record" => [0.0 0.0; 11.132488172314762 12.262557985395208; 13.7966011373255 9.3383032124177; 9.018337977598827 13.923027737532102; 12.693300528088601 9.677706899441118; 13.717962719822882 9.032042876396233; 14.074537380826094 14.385266982753267],"final_PolicyParameters_MF" => [0.0 0.0; 0.8463730515940129 1.0278557652306495; 1.2494246017851482 0.45488314506752214; 0.1319838242062751 0.6420325023812774; 0.8645903453980516 0.04073145569961038; 0.5632804147276014 0.06229802488714743; 1.9414975912826462 2.1810749341826217],"final_Tsas" => [0.14285714285714285 0.14285714285714285; 0.0166390579428173 0.0006614071649762933; 1.2172393732698055e-7 0.0166390579428173; 0.09983276255596477 0.9808730086304571; 0.0009464501976571901 0.09983276255596477; 0.9985285873952644 0.0487545718630092; 0.0006614071649762933 0.0006614071649762933]

[0.14285714285714285 0.14285714285714285; 0.0166390579428173 0.0006614071649762933; 1.2172393732698055e-7 0.9001656523430962; 0.09983276255596477 1.2172393732698055e-7; 0.0009464501976571901 0.09983276255596477; 1.2839594690372849e-5 0.0487545718630092; 0.17815523726987548 0.6744144184091019]

[0.14285714285714285 0.14285714285714285; 0.1637194983999793 0.0006614071649762933; 1.2172393732698055e-7 0.0166390579428173; 0.09983276255596477 0.0019954229527036032; 0.0009464501976571901 0.09983276255596477; 1.2839594690372849e-5 0.7074725688219448; 0.31019818665923016 0.32227854576601656]

[0.14285714285714285 0.14285714285714285; 0.0166390579428173 0.037146820413481656; 0.5897448972145827 0.0166390579428173; 0.09983276255596477 1.2172393732698055e-7; 0.7115768181933705 0.09983276255596477; 0.0014072146312837125 0.0487545718630092; 0.0006614071649762933 0.0006614071649762933]

[0.14285714285714285 0.14285714285714285; 0.7530852118859341 0.0006614071649762933; 1.2172393732698055e-7 0.0166390579428173; 0.09983276255596477 1.2172393732698055e-7; 0.0009464501976571901 0.09983276255596477; 1.2839594690372849e-5 0.0487545718630092; 0.5090009474109891 0.0006614071649762933]

[0.14285714285714285 0.14285714285714285; 0.0166390579428173 0.6583754816533902; 0.4102534181907338 0.0166390579428173; 0.09983276255596477 0.01713108152108998; 0.2836909308183435 0.40100342466421135; 1.2839594690372849e-5 0.0487545718630092; 0.0006614071649762933 0.0006614071649762933]

[0.14285714285714285 0.14285714285714285; 0.0166390579428173 0.30183206927322287; 1.1976989340941917e-6 0.0166390579428173; 0.40100342466421135 1.2172393732698055e-7; 0.0009464501976571901 0.09983276255596477; 1.2839594690372849e-5 0.0487545718630092; 0.0006614071649762933 0.0006614071649762933],"finalQSA_MB_record" => [0.0 0.0; 0.7183240915565519 0.7684563371688189; 0.8433909330759922 0.6628864325776349; 0.7130543326780394 0.9967684749839639; 0.8425667658380278 0.7889689401241788; 0.9997591024832876 0.7305620307526691; 0.7014145838340796 0.670341149490831])
POPULATION_SIGNALS
subject_id: 19
algorithm_name: hybrid_actorcritic_FWD
param_string: alpha=0.644,
                eta_critic=0.0002,
                gamma=0.972,
                lambda_actor=0.8563,
                lambda_critic=0.4629,
                eta_fwd=0.24,
                w_MB=12.1269,
                w_MF=2.8638
param_vector: [0.644030167544776, 0.00020351207271904898, 0.9720012726758733, 0.856341395594059, 0.4628830908282809, 0.24003847973901876, 12.126880916735841, 2.863789486249355]
LL: -61.996
RPE
[0.0, 0.0, 0.0, 0.0, 0.0, 0.0, 0.0, 0.0, 0.0, 0.0, 0.0, 0.0, 0.0, 1.0, 0.0, 0.0, 0.0, 1.0, 0.0, 1.0, 0.0, 0.0, 0.999, 0.001, 0.999, 0.0, 0.0, 0.001, 0.999, 0.0, -0.0, 1.0, -0.0, 0.0, -0.0, 1.0, -0.0, 0.0, 1.0, 0.001, 0.999, 0.0, 0.999, 0.001, 0.999, 0.0, 0.001, 0.999, 0.001, 0.998, 0.0, 0.999, 0.001, 0.998, 0.0, 0.999, 0.001, -0.002, 0.001, 0.001, 0.998, 0.001, 0.998, 0.0, 0.999, 0.0, 0.002, 0.998, 0.0, 0.002, 0.997, 0.0, 0.002, 0.997, 0.001, 0.002, 0.997, 0.002, 0.997, 0.0, 0.001, 0.998, 0.002, 0.997, 0.0, 0.998, 0.0, 0.001, 0.002, 0.996, 0.0, 0.003, 0.996, 0.002, 0.996, 0.0, 0.0, 0.003, 0.996, 0.003, 0.996, 0.003, 0.995, 0.003, -0.003, 0.003, 0.995, 0.0, 0.004, 0.995, 0.0, 0.001, 0.998, 0.0, 0.998, 0.0, 0.004, 0.995, 0.0, 0.002, 0.997, 0.0, 0.002, 0.997, 0.003, 0.995, 0.0, 0.002, 0.997, 0.0, 0.002, 0.997, 0.003, 0.994, 0.001, 0.997, 0.0, 0.005, -0.002, 0.996, 0.003, 0.994, 0.001, 0.996, 0.0, 0.003, 0.996, 0.001, 0.996, 0.0, 0.003, 0.996, 0.003, 0.994, 0.002, 0.003, 0.994, 0.004, 0.993, 0.002, 0.995, 0.0, 0.004, 0.995, 0.002, 0.004, 0.993, 0.004, 0.993, 0.002, 0.004, 0.993, -0.002, -0.0, 0.0, -0.0, 0.006, 0.993, 0.002, 0.995]
SPE
[0.857, 0.857, 0.857, 0.857, 0.651, 0.651, 0.651, 0.857, 0.857, 0.495, 0.495, 0.651, 0.857, 0.857, 0.376, 0.495, 0.651, 0.651, 0.857, 0.495, 0.857, 0.495, 0.376, 0.651, 0.286, 0.651, 0.937, 0.495, 0.217, 0.495, 0.495, 0.857, 0.937, 0.376, 0.376, 0.651, 0.286, 0.286, 0.495, 0.526, 0.165, 0.964, 0.376, 0.544, 0.125, 0.651, 0.937, 0.286, 0.413, 0.095, 0.845, 0.217, 0.479, 0.072, 0.728, 0.165, 0.517, 0.857, 0.952, 0.393, 0.055, 0.298, 0.042, 0.804, 0.125, 0.495, 0.526, 0.032, 0.457, 0.964, 0.024, 0.376, 0.4, 0.018, 0.952, 0.412, 0.014, 0.313, 0.011, 0.457, 0.834, 0.095, 0.238, 0.008, 0.829, 0.072, 0.348, 0.405, 0.991, 0.006, 0.348, 0.471, 0.005, 0.378, 0.004, 0.979, 0.526, 0.358, 0.003, 0.287, 0.002, 0.218, 0.002, 0.166, 1.0, 0.126, 0.241, 0.264, 0.797, 0.183, 0.201, 0.474, 0.282, 0.906, 0.214, 0.441, 0.272, 0.139, 0.806, 0.36, 0.163, 0.495, 0.839, 0.124, 0.313, 0.106, 0.705, 0.274, 0.094, 0.526, 0.638, 0.071, 0.238, 0.08, 0.82, 0.054, 0.4, 0.542, 1.0, 0.041, 0.377, 0.286, 0.714, 0.031, 0.153, 0.208, 0.024, 0.542, 0.018, 0.116, 0.158, 0.014, 0.588, 0.218, 0.947, 0.447, 0.165, 0.34, 0.126, 0.742, 0.01, 0.307, 0.12, 0.008, 0.977, 0.436, 0.096, 0.331, 0.073, 0.787, 0.252, 0.055, 0.217, 0.997, 0.417, 0.4, 0.412, 0.042, 0.809, 0.006]
action_selection_prob
[0.5, 0.5, 0.5, 0.5, 0.5, 0.5, 0.5, 0.5, 0.5, 0.5, 0.5, 0.5, 0.5, 0.5, 0.574, 0.614, 0.62, 0.786, 0.331, 0.868, 0.504, 0.769, 0.902, 0.594, 0.919, 0.35, 0.737, 0.749, 0.93, 0.499, 0.206, 0.405, 0.817, 0.646, 0.493, 0.731, 0.181, 0.699, 0.837, 0.617, 0.932, 0.743, 0.879, 0.812, 0.938, 0.247, 0.81, 0.903, 0.855, 0.944, 0.881, 0.919, 0.899, 0.949, 0.913, 0.93, 0.923, 0.047, 0.555, 0.923, 0.957, 0.932, 0.898, 0.939, 0.937, 0.314, 0.848, 0.914, 0.482, 0.803, 0.925, 0.358, 0.878, 0.935, 0.557, 0.943, 0.942, 0.948, 0.947, 0.687, 0.898, 0.944, 0.952, 0.952, 0.955, 0.95, 0.237, 0.849, 0.954, 0.956, 0.594, 0.912, 0.96, 0.958, 0.963, 0.711, 0.132, 0.923, 0.965, 0.961, 0.967, 0.963, 0.969, 0.966, 0.971, 0.963, 0.968, 0.235, 0.698, 0.971, 0.447, 0.785, 0.956, 0.966, 0.961, 0.376, 0.929, 0.972, 0.573, 0.837, 0.963, 0.696, 0.936, 0.966, 0.967, 0.973, 0.771, 0.869, 0.968, 0.818, 0.942, 0.97, 0.968, 0.975, 0.97, 0.971, 0.85, 0.947, 0.976, 0.973, 0.97, 0.975, 0.971, 0.975, 0.132, 0.892, 0.976, 0.973, 0.977, 0.317, 0.907, 0.978, 0.974, 0.977, 0.524, 0.975, 0.978, 0.976, 0.979, 0.977, 0.978, 0.667, 0.918, 0.979, 0.246, 0.978, 0.98, 0.979, 0.981, 0.538, 0.979, 0.982, 0.02, 0.926, 0.664, 0.085, 0.951, 0.983, 0.965, 0.98]
results_dict
Dict{String,Any}("finalQSA_Hybrid_record" => [0.0 0.0; 15.214466345437394 16.49158916452201; 17.416598825192537 14.092463754160091; 12.463808799912265 16.545046493625808; 15.03888149597934 11.987380082574422; 15.832467047152193 11.943261124403858; 19.881875127342227 20.901899552201243],"final_PolicyParameters_MF" => [0.0 0.0; 1.3084490312159542 1.7027359932106203; 1.9872456428918848 0.9599618442734474; 0.35284343015225345 1.5471791195982878; 1.1402219368859332 0.12866045261918085; 1.3076374399945814 0.1545721696629428; 2.9560946500343954 3.337918080988537],"final_Tsas" => [0.14285714285714285 0.14285714285714285; 0.027520199453215884 0.002326890801850721; 3.2046047452848686e-6 0.027520199453215884; 0.10856593146585447 0.9681297358623373; 0.003061853448910985 0.10856593146585447; 0.9954084313989785 0.0627013322405922; 0.002326890801850721 0.002326890801850721]

[0.14285714285714285 0.14285714285714285; 0.027520199453215884 0.002326890801850721; 3.2046047452848686e-6 0.8348788032807049; 0.10856593146585447 3.2046047452848686e-6; 0.003061853448910985 0.10856593146585447; 0.00011362754780947839 0.0627013322405922; 0.20367062264586813 0.68283952420223]

[0.14285714285714285 0.14285714285714285; 0.1661523860464525 0.002326890801850721; 3.2046047452848686e-6 0.027520199453215884; 0.10856593146585447 0.005147943134167132; 0.003061853448910985 0.10856593146585447; 0.00011362754780947839 0.623792006556447; 0.25778936626343574 0.30552602178851657]

[0.14285714285714285 0.14285714285714285; 0.027520199453215884 0.057764294642860106; 0.6144682943028884 0.027520199453215884; 0.10856593146585447 3.2046047452848686e-6; 0.68707592468247 0.10856593146585447; 0.0040234308619741515 0.0627013322405922; 0.002326890801850721 0.002326890801850721]

[0.14285714285714285 0.14285714285714285; 0.6962466166874682 0.002326890801850721; 3.2046047452848686e-6 0.027520199453215884; 0.10856593146585447 3.2046047452848686e-6; 0.003061853448910985 0.10856593146585447; 0.00011362754780947839 0.0627013322405922; 0.5292324478832934 0.002326890801850721]

[0.14285714285714285 0.14285714285714285; 0.027520199453215884 0.6905627716088677; 0.38549953957225114 0.027520199453215884; 0.10856593146585447 0.026709502584514457; 0.2976148080729752 0.34860441120487323; 0.00011362754780947839 0.0627013322405922; 0.002326890801850721 0.002326890801850721]

[0.14285714285714285 0.14285714285714285; 0.027520199453215884 0.24236537054086948; 1.9347705879458854e-5 0.027520199453215884; 0.34860441120487323 3.2046047452848686e-6; 0.003061853448910985 0.10856593146585447; 0.00011362754780947839 0.0627013322405922; 0.002326890801850721 0.002326890801850721],"finalQSA_MB_record" => [0.0 0.0; 0.9456887180998198 0.9578440576558289; 0.9713038695296574 0.9354143873324062; 0.9445022847654705 0.9989585448224; 0.9708623230174854 0.9581287103690703; 0.9998498315410292 0.9483684937539654; 0.9414063749568948 0.9353635844866435])