DateTime of fitting: 2021-01-04T21:49:13
DATA_STATS
nr_subjects: 1
all_subject_ids: [17]
nr_puzzles: 1
nr_episodes: 48
nr_actions: 197
max_state_id: 7
max_action_id: 2
SUBJECT_SIGNALS
subject_id: 17
algorithm_name: Actor-Critic (TD-Lambda, ReplTrc) modulated Actor
param_string: alpha(actor)=0.6624,
                surpriseprobability=0.0263,
                stochasticity=2.7934,
                eta(critic)=0.282,
                gamma=0.9974,
                lambda_actor=0.6424,
                lambda_critic=0.4095,
                temp=0.4982,
                nparticles=15,
                init_policy=nothing,
                init_Vs=nothing,
                use_replacing_trace=true
param_vector: [0.6624390970627605, 0.02632291954415212, 2.793357075679933, 0.2819563163436061, 0.9974072859370311, 0.6423810433877989, 0.40945399844903946, 0.4981868082070268, 15.0]
LL: -119.929
RPE
[0.0, 0.0, 0.0, 0.0, 0.0, 0.0, 1.0, -0.047, 1.0, -0.034, 0.166, 0.718, 0.052, -0.237, 0.17, 0.286, 0.516, -0.094, 0.177, 0.084, -0.203, 0.128, 0.035, -0.028, 0.126, -0.23, 0.0, 0.11, 0.056, 0.349, -0.468, 0.343, -0.3, 0.762, 0.123, 0.288, -0.089, 0.547, 0.077, 0.007, 0.229, 0.421, 0.084, 0.217, 0.393, 0.258, -0.092, 0.123, 0.201, 0.303, 0.142, 0.13, 0.282, 0.285, 0.203, 0.378, 0.125, 0.07, 0.145, 0.061, 0.428, 0.104, 0.308, 0.075, -0.114, 0.219, 0.125, 0.054, -0.035, 0.022, 0.256, 0.039, -0.067, 0.044, -0.062, 0.153, -0.387, 0.243, 0.056, 0.218, 0.157, -0.116, 0.093, 0.274, 0.028, 0.125, 0.065, 0.134, 0.02, 0.056, 0.172, 0.014, 0.16, 0.02, 0.117, -0.029, 0.152, 0.084, 0.075, 0.107, 0.01, 0.157, 0.026, 0.06, -0.024, 0.14, 0.043, 0.121, 0.064, 0.007, 0.144, 0.005, 0.043, 0.104, 0.004, 0.076, 0.003, 0.074, 0.022, 0.031, 0.059, 0.041, 0.002, 0.055, 0.001, 0.049, 0.009, 0.022, 0.04, 0.001, 0.001, -0.043, 0.03, -0.004, 0.019, 0.016, -0.083, 0.138, 0.001, 0.035, -0.03, -0.043, 0.066, -0.009, 0.027, 0.011, -0.053, 0.072, 0.008, 0.031, -0.027, -0.004, 0.02, -0.003, -0.022, 0.011, 0.041, 0.001, 0.038, 0.0, 0.016, 0.024, 0.006, 0.003, 0.022, 0.0, 0.022, 0.012, 0.004, -0.023, 0.054, -0.044, 0.017, 0.014, 0.01, 0.004, 0.005, -0.035, 0.016, 0.002, -0.021, 0.031, 0.003, 0.008, 0.009, -0.012, 0.002, 0.0, 0.014, 0.002, 0.003, 0.011, -0.019, -0.002, 0.018, 0.002, 0.013]
SPE
[0.857, 0.857, 0.857, 0.857, 0.857, 0.857, 0.857, 0.857, 0.857, 0.815, 0.821, 0.815, 0.778, 0.815, 0.815, 0.782, 0.778, 0.815, 0.815, 0.818, 0.857, 0.778, 0.78, 0.864, 0.743, 0.778, 0.78, 0.743, 0.712, 0.746, 0.876, 0.857, 0.857, 0.818, 0.745, 0.818, 0.815, 0.78, 0.683, 0.876, 0.78, 0.753, 0.656, 0.881, 0.745, 0.717, 0.712, 0.631, 0.728, 0.723, 0.608, 0.851, 0.713, 0.746, 0.684, 0.778, 0.71, 0.78, 0.657, 0.687, 0.875, 0.632, 0.714, 0.609, 0.902, 0.757, 0.745, 0.589, 0.876, 0.683, 0.684, 0.569, 0.846, 0.656, 0.625, 0.683, 0.881, 0.66, 0.726, 0.694, 0.743, 0.753, 0.712, 0.834, 0.55, 0.685, 0.669, 0.725, 0.533, 0.606, 0.816, 0.517, 0.658, 0.658, 0.668, 0.829, 0.697, 0.644, 0.6, 0.797, 0.503, 0.633, 0.648, 0.621, 0.812, 0.67, 0.601, 0.609, 0.78, 0.488, 0.657, 0.474, 0.902, 0.632, 0.461, 0.609, 0.45, 0.894, 0.64, 0.581, 0.602, 0.764, 0.439, 0.588, 0.427, 0.866, 0.633, 0.563, 0.568, 0.418, 0.595, 0.723, 0.875, 0.579, 0.616, 0.545, 0.659, 0.865, 0.408, 0.597, 0.694, 0.914, 0.631, 0.564, 0.601, 0.529, 0.807, 0.657, 0.513, 0.591, 0.668, 0.891, 0.608, 0.561, 0.645, 0.586, 0.764, 0.398, 0.549, 0.389, 0.84, 0.597, 0.499, 0.548, 0.751, 0.38, 0.57, 0.592, 0.485, 0.649, 0.841, 0.824, 0.587, 0.532, 0.371, 0.535, 0.74, 0.787, 0.567, 0.522, 0.869, 0.647, 0.473, 0.628, 0.821, 0.756, 0.549, 0.51, 0.588, 0.46, 0.499, 0.575, 0.929, 0.515, 0.363, 0.5, 0.356]
action_selection_prob
[0.5, 0.5, 0.5, 0.5, 0.5, 0.5, 0.5, 0.434, 0.5, 0.458, 0.585, 0.656, 0.522, 0.336, 0.484, 0.689, 0.725, 0.422, 0.542, 0.457, 0.344, 0.564, 0.458, 0.324, 0.539, 0.305, 0.426, 0.583, 0.539, 0.727, 0.76, 0.395, 0.254, 0.678, 0.455, 0.474, 0.285, 0.742, 0.568, 0.263, 0.552, 0.662, 0.607, 0.671, 0.776, 0.529, 0.377, 0.653, 0.714, 0.703, 0.691, 0.743, 0.795, 0.28, 0.807, 0.417, 0.762, 0.273, 0.815, 0.484, 0.594, 0.82, 0.365, 0.824, 0.563, 0.655, 0.305, 0.826, 0.577, 0.313, 0.426, 0.828, 0.537, 0.354, 0.532, 0.775, 0.337, 0.547, 0.644, 0.701, 0.4, 0.222, 0.415, 0.788, 0.829, 0.468, 0.781, 0.292, 0.83, 0.528, 0.789, 0.831, 0.507, 0.797, 0.679, 0.554, 0.661, 0.69, 0.569, 0.801, 0.831, 0.543, 0.806, 0.697, 0.59, 0.681, 0.702, 0.573, 0.808, 0.832, 0.4, 0.832, 0.595, 0.428, 0.832, 0.448, 0.832, 0.391, 0.811, 0.706, 0.59, 0.813, 0.832, 0.462, 0.832, 0.399, 0.814, 0.708, 0.471, 0.832, 0.521, 0.185, 0.589, 0.519, 0.819, 0.71, 0.406, 0.696, 0.832, 0.594, 0.181, 0.596, 0.292, 0.521, 0.824, 0.711, 0.523, 0.693, 0.712, 0.596, 0.176, 0.598, 0.3, 0.523, 0.172, 0.598, 0.83, 0.832, 0.477, 0.833, 0.397, 0.829, 0.713, 0.516, 0.83, 0.833, 0.597, 0.83, 0.713, 0.399, 0.696, 0.167, 0.302, 0.481, 0.837, 0.515, 0.831, 0.164, 0.307, 0.515, 0.17, 0.692, 0.714, 0.399, 0.693, 0.16, 0.307, 0.515, 0.83, 0.714, 0.517, 0.831, 0.714, 0.483, 0.841, 0.484, 0.842]
results_dict
Dict{String,Any}("Surprise" => [1.0000000000000002, 1.0000000000000002, 1.0000000000000002, 1.0000000000000002, 1.0000000000000002, 1.0000000000000002, 1.0000000000000002, 1.0000000000000002, 1.0000000000000002, 0.7740410828608271, 0.7980856934029051, 0.7740410828608271, 0.6423621926721274, 0.7740410828608271, 0.7740410828608271, 0.6542694424816922, 0.6423621926721274, 0.7740410828608271, 0.7740410828608271, 0.7858795151437429, 1.0000000000000002, 0.6423621926721274, 0.6481720016125674, 1.0511417405604575, 0.5561418814967867, 0.6423621926721274, 0.6497309532142498, 0.5561418814967867, 0.4953052827378033, 0.5629969302407185, 1.1534252216813738, 1.0000000000000002, 1.0000000000000002, 0.7858795151437429, 0.5603647804920093, 0.7858795151437429, 0.7740410828608271, 0.6481720016125672, 0.4500811082956342, 1.1534252216813738, 0.6481720016125677, 0.5790889169675378, 0.41514291997979835, 1.196583802561723, 0.5594661729266514, 0.5055319762974402, 0.4953052827378033, 0.38733981068657897, 0.5254276582578106, 0.514817873139545, 0.3646885941915447, 0.9568351681294913, 0.4974077979056093, 0.5631599733737565, 0.45150808651443775, 0.6423621926721274, 0.4921430125359828, 0.6497309532142497, 0.4161634551050317, 0.45710651084178094, 1.1474342389301713, 0.3880997173453456, 0.499005319537683, 0.3652728429061198, 1.4602756650441227, 0.5883864512290016, 0.5603647804920093, 0.34758893651823264, 1.1494284807681923, 0.4500811082956342, 0.45225949543146565, 0.33139248373604024, 0.9284542398192442, 0.41514291997979835, 0.3811124691840596, 0.45122047199288373, 1.2019510613777957, 0.4202154540539174, 0.5206795371918291, 0.4670408588841394, 0.5561418814967867, 0.5790889169675378, 0.4953052827378033, 0.85918311908316, 0.3175795555729111, 0.45283755031000633, 0.43186819196872983, 0.519278655313714, 0.30565850150181967, 0.3624601301160153, 0.7747853248318751, 0.29597007082646976, 0.41711870541014495, 0.41733867287568144, 0.43013067625395657, 0.8371671994620863, 0.4709941395688346, 0.4007584953155261, 0.35741611693646974, 0.7053633743410613, 0.2873567252619715, 0.38881368073070377, 0.4062490800153641, 0.3768291420607198, 0.7591014663336502, 0.43293296371634754, 0.35819227414137994, 0.3658234549375174, 0.6482529623648841, 0.2790899103020705, 0.4165313653978603, 0.2717215963269803, 1.457623687931835, 0.38827927187181155, 0.26511236341287076, 0.3653545695218885, 0.2595681739349119, 1.3503140520262213, 0.3964882541117803, 0.34118316392762627, 0.3589726078930102, 0.6056614086828489, 0.25450308661289417, 0.3463687625414028, 0.24950620222443123, 1.0672998860819127, 0.3888040691011126, 0.3266674145746249, 0.33038115804427537, 0.2455407575157448, 0.3530276249711267, 0.514817873139545, 1.1460968933262483, 0.3394628357036174, 0.37180988328792547, 0.31413298278096624, 0.4194654519694517, 1.0550294882632836, 0.24127850300380999, 0.35439221196311244, 0.46704085888413926, 1.655217392408478, 0.38733981068657897, 0.3275456336676194, 0.35781217600622456, 0.3031993346170856, 0.7403998110530047, 0.41684152240775313, 0.29357769629920416, 0.34967822792685554, 0.4301306762539568, 1.3165010439499227, 0.3646885941915447, 0.32530395944687585, 0.4025650064815956, 0.34543163354685646, 0.6044463434687465, 0.2373588948140992, 0.3167303560258729, 0.2337419099107188, 0.8950413231264577, 0.35425429244377543, 0.2850449236881648, 0.3161289266682838, 0.5734105063047036, 0.230393564213137, 0.3323479467456388, 0.3498605793564555, 0.27742583302977836, 0.40701631940898836, 0.9012812668827307, 0.8117009023840227, 0.34587872945914744, 0.30493710515156364, 0.22728480890675484, 0.3071922739260636, 0.5501362158940626, 0.6721653432827835, 0.3300094321823638, 0.2991332170850296, 1.093715797197873, 0.40415122890519856, 0.27101361520254375, 0.38407117850018596, 0.7958650225811973, 0.5861118511440305, 0.31644114069985, 0.29182815716144334, 0.34643096827214115, 0.26477915113579376, 0.28517572516702355, 0.3358830695425287, 2.0114301611104217, 0.2946453233659709, 0.22439066135134658, 0.2855847581210206, 0.22168951418831473],"trialByTrial_Vs" => [0.0, 0.0, 0.0, 0.0, 0.0, 0.0, 0.0, 0.04702590192167482, 0.0, 0.14891546893894336, 0.11514881709583967, 0.2819563163436061, 0.19220073126955264, 0.24465700679851654, 0.007843184647270018, 0.19740656647360635, 0.4844132683611565, 0.11280592926960233, 0.019205021009520026, 0.1970472277981928, 0.2819563163436061, 0.06933907662725593, 0.2033732479604981, 0.24099107538480397, 0.2100882506832479, 0.33734499951027075, 0.1079688021010736, 0.1086656869869116, 0.22141694029552683, 0.2788994029708524, 0.6297862039696842, 0.15355557049112, 0.5374284876346433, 0.23809778639260556, 0.12753177369150276, 0.2515818541283378, 0.5405959024905679, 0.4529209279553858, 0.2620202720357927, 0.3398713129385749, 0.348171996175551, 0.578539797898882, 0.30343114311246056, 0.38813062221776873, 0.6071733278577635, 0.201771243054264, 0.4612333655113852, 0.3705432269383133, 0.49468076004594136, 0.6973731639687449, 0.4425458520976819, 0.5861684836242095, 0.7179332892965059, 0.5108353177089708, 0.7974637800096207, 0.27604647511538666, 0.6552752186501029, 0.7827007118828381, 0.8545701465242663, 0.4030011237379589, 0.4647971541042778, 0.8955750122966746, 0.6143908576224697, 0.9250182971637306, 0.7099320625418465, 0.5976274118840876, 0.819086110315796, 0.946159861888616, 0.7099807412713585, 0.6763521116091484, 0.7025190614362211, 0.9613404289019328, 0.7792442139604133, 0.7138432958838754, 0.7654025703378751, 0.705490982218709, 0.8604233121920857, 0.4743319911232374, 0.7209187500149099, 0.7818204835735941, 0.5595317941613459, 0.7181565584985069, 0.5903759634544735, 0.6961958090289666, 0.9722407391601676, 0.6494836963315341, 0.7765141275276501, 0.8433375763268128, 0.9800676380909881, 0.7531669081975029, 0.8111279591298043, 0.9856876934308807, 0.6988690978232498, 0.861273654615695, 0.8834682078610098, 0.789395553023952, 0.7618982291969555, 0.9163250827094382, 0.8025289278027665, 0.8803042034854568, 0.98972313866949, 0.7518024012709863, 0.9116154124229128, 0.939917754159041, 0.8366018872064671, 0.8144050606489925, 0.9568583228740087, 0.8020000615103398, 0.9258267259239923, 0.9926207646338147, 0.8478944283248356, 0.9947013866550968, 0.8439788874551021, 0.8891705479181075, 0.9961953641555548, 0.9190567193831667, 0.9972681052632834, 0.8682762346805474, 0.9447837996072613, 0.9690223912373385, 0.8931158540585801, 0.954476672142175, 0.9980383802398864, 0.9406944530856532, 0.9985914713215149, 0.91452953497772, 0.9662554509865086, 0.9777567236931919, 0.9564510710590485, 0.9989886148791649, 0.9678309672696341, 0.9713448228698207, 0.93048608076186, 0.9645466400393047, 0.9624073002136792, 0.9840283559440726, 0.9396796320615375, 0.8588388766502579, 0.9992737813022403, 0.9321649647547614, 0.9696232530410684, 0.9385577603640034, 0.8977885070586538, 0.9662453751189035, 0.95910858612955, 0.9885316618680331, 0.9672151893527229, 0.9167800617771203, 0.9917652322423054, 0.9341623062944849, 0.9680025253670786, 0.939835142340133, 0.9381458157613325, 0.9610501024827957, 0.9606941219914523, 0.9404649893029581, 0.9557453127703434, 0.9994785432511205, 0.9590356838635686, 0.999625571275167, 0.9484647855391957, 0.9674055675614079, 0.99408707702521, 0.9697926156365883, 0.9748827442004455, 0.9997311438191542, 0.9561516762595546, 0.981189030331137, 0.9957542630060053, 0.9640733842242146, 0.9430785923357501, 0.9998069495175317, 0.9532819402487328, 0.9730905782863147, 0.9900522664994158, 0.9781129032370962, 0.9850567529389205, 0.9928570927932084, 0.9602068297531114, 0.978598727191073, 0.9832552664712179, 0.9638471750080964, 0.9969513753689958, 0.9621029972688429, 0.9728033554533447, 0.9846850264731319, 0.9740771303453775, 0.9782659046533947, 0.9810128034162798, 0.9978109543398681, 0.9800625928861911, 0.9852717823465449, 0.9984281695905068, 0.9811369868340489, 0.9818533964645761, 0.9827107766291585, 0.9869699459515722, 0.0, 0.0, 0.0, 0.0, 0.0, 0.0, 0.0, 0.0, 0.0, 0.0, 0.0, 0.0, 0.0, 0.0, 0.0, 0.0, 0.0, 0.0, 0.0, 0.0, 0.0, 0.0, 0.0, 0.0, 0.0, 0.0, 0.0, 0.0, 0.0, 0.0, 0.0, 0.0, 0.0, 0.0, 0.0, 0.0, 0.0, 0.0, 0.0, 0.0, 0.0, 0.0, 0.0, 0.0, 0.0, 0.0, 0.0, 0.0],"final_V" => Dict{Int64,Any}(1 => [0.0, 0.993728855379374, 0.990643851992825, 0.975276791756034, 0.9863322615670203, 0.9846905649136934, 0.9650107934394465]),"nparticles" => 15,"trial_by_trial_p_sa_max" => [0.5, 0.5, 0.5, 0.5, 0.5, 0.5, 0.5, 0.4339526945245779, 0.5, 0.4577656618259617, 0.585370999246327, 0.6564097575269312, 0.522452724481242, 0.33560736931679697, 0.4839286221330305, 0.6886575986332191, 0.7248516715931607, 0.42167949412695244, 0.542463746019751, 0.4570411811166097, 0.3435902424730688, 0.5643016708606206, 0.4583096672372213, 0.32354349803648164, 0.5386215094930868, 0.30471892952453256, 0.4260786843784417, 0.5828755250657308, 0.539300461949559, 0.7268725776720706, 0.7602527720701548, 0.3949792844729942, 0.2539381415445372, 0.6780520964406862, 0.45530682852944354, 0.47397478261983406, 0.2854548725857263, 0.7419985432127127, 0.5682715702028752, 0.2633800247764653, 0.5518543503359813, 0.6621634987684987, 0.6074860745804326, 0.6711617795498839, 0.7757079234957887, 0.528973695276406, 0.3773933049699402, 0.6532387445179227, 0.7138102297467768, 0.7025261107657159, 0.6909092125757648, 0.7430929701185119, 0.7951469286487354, 0.28039405414474117, 0.8072196317016378, 0.4170977265558437, 0.762471703957, 0.2734052240549572, 0.8150756306160306, 0.48363843030541914, 0.5935601437544916, 0.8203462003200643, 0.36548312254909815, 0.8239555710190164, 0.5633861576653632, 0.6545431371540609, 0.3052841291224164, 0.8264623679803623, 0.5766505791391899, 0.31336599687265826, 0.4261679910675989, 0.8282204522816532, 0.5373662724247609, 0.3538319867847961, 0.5316374503522077, 0.7751912672689146, 0.3368659653440172, 0.5467536286308115, 0.6444881037417234, 0.701059966889425, 0.3996371273677578, 0.22170038547452842, 0.41529926048519317, 0.7880018984259985, 0.8294619779239109, 0.46789909932110524, 0.7811175438224556, 0.29151780797638677, 0.8303429704902987, 0.5281174362400726, 0.7888193399526809, 0.8309702737214125, 0.5074692853182845, 0.7970058602831162, 0.6794901650520171, 0.5544540782782466, 0.6611488152640874, 0.6900859993605407, 0.5692351272878788, 0.801057692563173, 0.8314180208453801, 0.5431014710981673, 0.8057116423157797, 0.6973335982444832, 0.5896298675139473, 0.6813452570780891, 0.7023615121493815, 0.5725558191096359, 0.8082743709867168, 0.8317381636619968, 0.39954073217845226, 0.8319673559621554, 0.5951548495179071, 0.4278038695571183, 0.8321315809056593, 0.44760851801008167, 0.8322493282769516, 0.390785656308054, 0.810938828076262, 0.7058843957521139, 0.5901943698493609, 0.8125201731217484, 0.8323337886516847, 0.4615616272238788, 0.8323943916600577, 0.3986583060250038, 0.8140933160616551, 0.7083703572867042, 0.4714846131305886, 0.8324378865867033, 0.5214639003435199, 0.18504777668480857, 0.5892880914731469, 0.5191842434556908, 0.8191221137585375, 0.710133427552601, 0.40565329130626726, 0.696393246735379, 0.8324691075042184, 0.593578655704755, 0.18106938285516178, 0.5956108828876878, 0.2922520095524392, 0.5214519274572306, 0.8240040581889815, 0.7113882909533016, 0.5234133380368151, 0.6933016537400896, 0.7122837170475395, 0.5963409976529781, 0.17574783471162475, 0.5981034461862615, 0.30007580763397146, 0.523011455395257, 0.17226419886010136, 0.5983663887255932, 0.8300324087989234, 0.8324915210096976, 0.47721967913730096, 0.8325076129493306, 0.3968270118079751, 0.8287282732125093, 0.7129238243458814, 0.5162016769794405, 0.8296196796161983, 0.8325191669158171, 0.5966762134229211, 0.8303258116648233, 0.7133820081389676, 0.39924851498259856, 0.696142636413746, 0.16747253705029191, 0.30169997535937115, 0.4811170345278159, 0.8365676738658866, 0.5154421148923363, 0.8307884464978849, 0.16353218029208874, 0.30652924167348833, 0.5150463515339242, 0.1695310527139428, 0.691823873976821, 0.7137102767212553, 0.39941939655258, 0.6929682794019524, 0.1599550468467905, 0.3068839026821698, 0.5154035908992618, 0.8304298067699692, 0.7139456197073071, 0.5170312668615412, 0.8309204600294713, 0.7141144241183891, 0.4826531982756716, 0.8410023478403158, 0.4839157742489531, 0.8415115759881795],"final_Tsas" => Dict{Tuple{Int64,Int64},Float64}[Dict((1, 6) => 0.06055453636864171,(2, 3) => 0.11404757456503724,(2, 6) => 0.08088095895856365,(2, 2) => 0.109517748261657,(2, 1) => 1.0,(2, 5) => 0.059559846720262835,(1, 7) => 0.08647967406583908,(1, 4) => 0.08852764724386246,(1, 3) => 0.6518318137435948,(2, 4) => 0.08642736709257354,(1, 1) => 1.0,(1, 2) => 0.5376450424891936,(2, 7) => 0.07485984340197552,(1, 5) => 0.09516491008313517), Dict((1, 6) => 0.06055453636864171,(2, 3) => 0.11404757456503724,(2, 6) => 0.08088095895856365,(2, 2) => 0.109517748261657,(2, 1) => 0.0,(2, 5) => 0.43770124363961455,(1, 7) => 0.08647967406583908,(1, 4) => 0.08852764724386246,(1, 3) => 0.058028031042734136,(2, 4) => 0.36248067761126973,(1, 1) => 0.0,(1, 2) => 0.06926874083910242,(2, 7) => 0.07485984340197552,(1, 5) => 0.09516491008313517), Dict((1, 6) => 0.06055453636864171,(2, 3) => 0.11404757456503724,(2, 6) => 0.5147142462486182,(2, 2) => 0.3036870125515157,(2, 1) => 0.0,(2, 5) => 0.2644995227590712,(1, 7) => 0.08647967406583908,(1, 4) => 0.08852764724386246,(1, 3) => 0.058028031042734136,(2, 4) => 0.20538248692586258,(1, 1) => 0.0,(1, 2) => 0.06926874083910242,(2, 7) => 0.07485984340197552,(1, 5) => 0.09516491008313517), Dict((1, 6) => 0.185363313720324,(2, 3) => 0.2748864123200941,(2, 6) => 0.08088095895856365,(2, 2) => 0.109517748261657,(2, 1) => 0.0,(2, 5) => 0.059559846720262835,(1, 7) => 0.3915917094653093,(1, 4) => 0.08852764724386246,(1, 3) => 0.058028031042734136,(2, 4) => 0.08642736709257354,(1, 1) => 0.0,(1, 2) => 0.09121358550469325,(2, 7) => 0.12686755566643018,(1, 5) => 0.1587326312915741), Dict((1, 6) => 0.5118640044364672,(2, 3) => 0.11404757456503724,(2, 6) => 0.08088095895856365,(2, 2) => 0.109517748261657,(2, 1) => 0.0,(2, 5) => 0.059559846720262835,(1, 7) => 0.17600992020549544,(1, 4) => 0.08852764724386246,(1, 3) => 0.058028031042734136,(2, 4) => 0.08642736709257354,(1, 1) => 0.0,(1, 2) => 0.06926874083910242,(2, 7) => 0.4452347496684474,(1, 5) => 0.09516491008313517), Dict((1, 6) => 0.06055453636864171,(2, 3) => 0.15487571485471965,(2, 6) => 0.08088095895856365,(2, 2) => 0.109517748261657,(2, 1) => 0.0,(2, 5) => 0.059559846720262835,(1, 7) => 0.08647967406583908,(1, 4) => 0.46883411653682505,(1, 3) => 0.058028031042734136,(2, 4) => 0.08642736709257354,(1, 1) => 0.0,(1, 2) => 0.09406640864970332,(2, 7) => 0.12845832105722035,(1, 5) => 0.09516491008313517), Dict((1, 6) => 0.06055453636864171,(2, 3) => 0.11404757456503724,(2, 6) => 0.08088095895856365,(2, 2) => 0.14872424614019944,(2, 1) => 0.0,(2, 5) => 0.059559846720262835,(1, 7) => 0.08647967406583908,(1, 4) => 0.08852764724386246,(1, 3) => 0.058028031042734136,(2, 4) => 0.08642736709257354,(1, 1) => 0.0,(1, 2) => 0.06926874083910242,(2, 7) => 0.07485984340197552,(1, 5) => 0.3654428182927505)],"gamma_surprise" => [0.02632291954415213, 0.02632291954415213, 0.02632291954415213, 0.02632291954415213, 0.02632291954415213, 0.02632291954415213, 0.02632291954415213, 0.02632291954415213, 0.02632291954415213, 0.020496934833837868, 0.02112019880530901, 0.020496934833837868, 0.017069542202036953, 0.020496934833837868, 0.020496934833837868, 0.017380455118863176, 0.017069542202036953, 0.020496934833837868, 0.020496934833837868, 0.020803899775688313, 0.02632291954415213, 0.017069542202036953, 0.017221268025011664, 0.0276319213758687, 0.01481234007359702, 0.017069542202036953, 0.01726197279009229, 0.01481234007359702, 0.013213421925462822, 0.014992180903412736, 0.030239394498956202, 0.02632291954415213, 0.02632291954415213, 0.020803899775688313, 0.01492313474816324, 0.020803899775688313, 0.020496934833837868, 0.017221268025011657, 0.012021465169345349, 0.030239394498956202, 0.01722126802501167, 0.015414093088185522, 0.011098638845856447, 0.03133542898367714, 0.014899560393535665, 0.013482564468012673, 0.013213421925462822, 0.010363039460814957, 0.014005751638783355, 0.013726820305896725, 0.009762936562405055, 0.02521534543834018, 0.013268767175712057, 0.014996457507943279, 0.012059119498881162, 0.017069542202036953, 0.013130168676407622, 0.017261972790092287, 0.011125618797480585, 0.012206819977124455, 0.030087054316220135, 0.010383159199846859, 0.013310815152111685, 0.009778424316230142, 0.03797857801435304, 0.015657698347796966, 0.01492313474816324, 0.009309429837013536, 0.03013776970220906, 0.012021465169345349, 0.012078946117438939, 0.008879494136363563, 0.024485740085166578, 0.011098638845856447, 0.010198129849258117, 0.012051530313380045, 0.03147156011091787, 0.011232727224707644, 0.013880943005818484, 0.012468804314093952, 0.01481234007359702, 0.015414093088185522, 0.013213421925462822, 0.02270035177062097, 0.008512534284159063, 0.012094198087949246, 0.01154062035425734, 0.013844113528996192, 0.008195616202217504, 0.009703858123491805, 0.020516238344824654, 0.007937902549702426, 0.011150871476300037, 0.011156686280246146, 0.011494723209488297, 0.022131545836342623, 0.012573019875632058, 0.01071820022456596, 0.009570111093498538, 0.018712350658919803, 0.007708673827791611, 0.010402061772169683, 0.01086344949983082, 0.010084668832032236, 0.020109282857839885, 0.011568744602655131, 0.009590694026136019, 0.009793019957281457, 0.017223382021244474, 0.007488567747985162, 0.011135344904124222, 0.007292302168841909, 0.037912220773182514, 0.010387913072409622, 0.007116189748797831, 0.009780590755125244, 0.006968408726139185, 0.03521943953431312, 0.010605204722388626, 0.009139432859233106, 0.009611386854320988, 0.016110000642353888, 0.006833359769104656, 0.009277053246030651, 0.0067000932884958625, 0.028044766899308148, 0.010401807303798345, 0.008753996603039247, 0.008852636063899888, 0.00659430976079269, 0.009453716467952596, 0.013726820305896725, 0.030053041428518945, 0.009093768693415435, 0.00995168062306338, 0.008420928869609651, 0.01121290381061748, 0.027731286547405927, 0.006480583308700584, 0.009489911920599278, 0.012468804314093949, 0.04283143051365974, 0.010363039460814957, 0.008777324450224347, 0.009580614300925917, 0.00813021468920484, 0.01962358112069758, 0.011143544091619417, 0.007874244422130371, 0.009364863028696694, 0.011494723209488304, 0.034367824754967156, 0.009762936562405055, 0.008717777413693329, 0.010765994822844125, 0.009252185648540327, 0.01607820073711735, 0.006375976438614497, 0.008489965237978424, 0.00627942646269111, 0.023625373363194778, 0.009486253747480014, 0.007647131348414609, 0.008473980520602067, 0.015265253388811587, 0.006190030680317928, 0.008904867310043151, 0.009369700892263647, 0.0074442494548189, 0.01088374284268345, 0.023786164174921538, 0.021472769088053203, 0.009264049913949425, 0.0081764315691304, 0.006107017199963166, 0.008236402493975543, 0.014654728662899012, 0.017847369290190086, 0.008842763665508674, 0.00802205742006878, 0.028718946927852554, 0.010807957466895968, 0.007273439991697601, 0.010276487889564558, 0.02106266970893678, 0.015598112551574915, 0.008482278572039868, 0.007827686177326872, 0.009278703889302024, 0.007107309178703884, 0.007650613618871128, 0.008998734359271912, 0.05157362859703003, 0.007902653667436293, 0.006029721950855431, 0.007661502966267821, 0.005957570399164998],"final_PolicyParameters" => Dict{Int64,Any}(1 => [0.0 0.0; 0.8228890121920527 0.3690336289751434; 0.758593297197694 -0.07452402886433548; 0.46621585360615747 0.8690616673454539; 0.18494716602010078 0.9784975362659631; 0.8956017145202846 0.8669521824689578; 0.698175004619361 0.8968783450026633]),"particlefilterseeds" => [1, 2, 3])
POPULATION_SIGNALS
subject_id: 17
algorithm_name: Actor-Critic (TD-Lambda, ReplTrc) modulated Actor
param_string: alpha(actor)=0.7972,
                surpriseprobability=0.0043,
                stochasticity=2.7816,
                eta(critic)=0.0,
                gamma=0.9966,
                lambda_actor=0.7939,
                lambda_critic=0.305,
                temp=0.392,
                nparticles=15,
                init_policy=nothing,
                init_Vs=nothing,
                use_replacing_trace=true
param_vector: [0.7972414808175023, 0.004336552046615557, 2.7816353998652787, 3.24411867293681e-5, 0.9966448663088217, 0.7939275473003868, 0.3049775441960644, 0.39196929107560724, 15.0]
LL: -128.928
RPE
[0.0, 0.0, 0.0, 0.0, 0.0, 0.0, 1.0, -0.0, 1.0, -0.0, 0.0, 1.0, 0.0, -0.0, 0.0, 0.0, 1.0, -0.0, 0.0, 0.0, -0.0, 0.0, 0.0, -0.0, 0.0, -0.0, -0.0, 0.0, 0.0, 0.0, -0.0, 0.0, -0.0, 1.0, 0.0, 0.0, -0.0, 1.0, 0.0, -0.0, 0.0, 1.0, 0.0, 0.0, 1.0, 0.0, 0.0, 0.0, 0.0, 1.0, 0.0, 0.0, 1.0, 0.0, 1.0, 0.0, 0.0, 0.0, 1.0, 0.0, 0.0, 1.0, 0.0, 1.0, -0.0, 0.0, 0.0, 1.0, -0.0, 0.0, 0.0, 1.0, -0.0, 0.0, 0.0, 0.0, -0.0, 0.0, 0.0, 1.0, 0.0, -0.0, 0.0, 0.0, 1.0, 0.0, 0.0, 0.0, 1.0, 0.0, 0.0, 1.0, 0.0, 0.0, 1.0, -0.0, 0.0, 1.0, 0.0, 0.0, 1.0, 0.0, 0.0, 1.0, -0.0, 0.0, 1.0, 0.0, 0.0, 1.0, 0.0, 0.999, 0.0, 0.0, 0.999, 0.0, 0.999, 0.0, 0.0, 1.0, 0.0, 0.0, 0.999, 0.001, 0.999, 0.0, 0.0, 1.0, 0.001, 0.999, 0.0, -0.0, 0.0, 0.0, 0.0, 1.0, 0.0, 0.001, 0.999, 0.0, -0.0, 0.0, 0.0, 0.0, 0.0, 1.0, -0.0, 0.0, 0.999, 0.0, -0.0, 0.0, 0.0, 0.0, -0.0, 0.0, 0.001, 0.999, 0.001, 0.999, 0.0, 0.0, 0.999, 0.0, 0.001, 0.999, 0.0, 0.0, 0.999, 0.0, 0.001, -0.001, 0.0, 0.001, 0.999, 0.0, 0.001, -0.001, 0.0, 0.0, -0.0, 0.001, 0.999, 0.0, 0.001, -0.001, 0.0, 0.0, 0.0, 0.999, 0.0, 0.0, -0.001, 0.001, 0.999, 0.001, 0.999]
SPE
[0.857, 0.857, 0.857, 0.857, 0.857, 0.857, 0.857, 0.857, 0.857, 0.815, 0.818, 0.815, 0.777, 0.815, 0.818, 0.779, 0.777, 0.815, 0.815, 0.815, 0.857, 0.777, 0.777, 0.864, 0.743, 0.777, 0.777, 0.743, 0.711, 0.744, 0.876, 0.857, 0.857, 0.815, 0.743, 0.815, 0.815, 0.777, 0.682, 0.876, 0.777, 0.754, 0.655, 0.881, 0.743, 0.711, 0.711, 0.632, 0.724, 0.723, 0.609, 0.851, 0.711, 0.743, 0.682, 0.779, 0.707, 0.777, 0.655, 0.682, 0.876, 0.63, 0.711, 0.608, 0.902, 0.754, 0.743, 0.588, 0.871, 0.682, 0.682, 0.568, 0.843, 0.655, 0.627, 0.681, 0.881, 0.655, 0.723, 0.694, 0.744, 0.754, 0.712, 0.832, 0.549, 0.683, 0.668, 0.723, 0.531, 0.608, 0.812, 0.515, 0.656, 0.657, 0.668, 0.827, 0.694, 0.644, 0.601, 0.793, 0.499, 0.631, 0.648, 0.621, 0.808, 0.668, 0.6, 0.608, 0.775, 0.485, 0.655, 0.471, 0.902, 0.63, 0.458, 0.608, 0.446, 0.895, 0.64, 0.581, 0.601, 0.76, 0.434, 0.586, 0.423, 0.862, 0.632, 0.562, 0.566, 0.413, 0.596, 0.723, 0.876, 0.58, 0.616, 0.545, 0.656, 0.862, 0.403, 0.594, 0.694, 0.914, 0.63, 0.565, 0.6, 0.529, 0.803, 0.656, 0.513, 0.589, 0.668, 0.89, 0.608, 0.561, 0.644, 0.584, 0.759, 0.393, 0.548, 0.384, 0.838, 0.595, 0.499, 0.548, 0.747, 0.376, 0.568, 0.591, 0.485, 0.646, 0.838, 0.827, 0.586, 0.53, 0.367, 0.535, 0.735, 0.789, 0.566, 0.523, 0.867, 0.646, 0.472, 0.626, 0.816, 0.755, 0.548, 0.511, 0.588, 0.46, 0.5, 0.575, 0.93, 0.514, 0.359, 0.499, 0.352]
action_selection_prob
[0.5, 0.5, 0.5, 0.5, 0.5, 0.5, 0.5, 0.347, 0.5, 0.398, 0.619, 0.734, 0.587, 0.25, 0.463, 0.75, 0.825, 0.37, 0.623, 0.336, 0.266, 0.623, 0.336, 0.266, 0.664, 0.322, 0.37, 0.623, 0.664, 0.678, 0.871, 0.377, 0.129, 0.734, 0.429, 0.525, 0.345, 0.804, 0.687, 0.312, 0.669, 0.399, 0.751, 0.479, 0.859, 0.572, 0.225, 0.805, 0.68, 0.692, 0.841, 0.78, 0.89, 0.134, 0.91, 0.348, 0.835, 0.192, 0.924, 0.493, 0.612, 0.934, 0.383, 0.942, 0.374, 0.746, 0.466, 0.948, 0.529, 0.197, 0.471, 0.953, 0.435, 0.406, 0.435, 0.862, 0.673, 0.65, 0.594, 0.327, 0.257, 0.126, 0.257, 0.874, 0.957, 0.471, 0.779, 0.422, 0.961, 0.524, 0.824, 0.963, 0.602, 0.861, 0.351, 0.668, 0.676, 0.669, 0.754, 0.886, 0.966, 0.715, 0.903, 0.798, 0.808, 0.779, 0.856, 0.783, 0.916, 0.968, 0.157, 0.97, 0.826, 0.42, 0.972, 0.648, 0.973, 0.144, 0.926, 0.889, 0.666, 0.934, 0.975, 0.764, 0.976, 0.247, 0.94, 0.909, 0.826, 0.977, 0.138, 0.055, 0.54, 0.138, 0.945, 0.923, 0.349, 0.834, 0.978, 0.449, 0.101, 0.449, 0.132, 0.323, 0.899, 0.934, 0.531, 0.732, 0.941, 0.558, 0.144, 0.558, 0.192, 0.672, 0.144, 0.558, 0.856, 0.979, 0.273, 0.98, 0.311, 0.759, 0.948, 0.453, 0.823, 0.981, 0.48, 0.861, 0.953, 0.359, 0.717, 0.019, 0.283, 0.376, 0.981, 0.378, 0.885, 0.047, 0.44, 0.378, 0.115, 0.56, 0.957, 0.456, 0.623, 0.082, 0.377, 0.532, 0.726, 0.96, 0.674, 0.805, 0.963, 0.326, 0.844, 0.525, 0.881]
results_dict
Dict{String,Any}("Surprise" => [1.0000000000000002, 1.0000000000000002, 1.0000000000000002, 1.0000000000000002, 1.0000000000000002, 1.0000000000000002, 1.0000000000000002, 1.0000000000000002, 1.0000000000000002, 0.773340693506996, 0.785205637862483, 0.773340693506996, 0.6414854812363958, 0.773340693506996, 0.785205637862483, 0.647267870951337, 0.6414854812363958, 0.773340693506996, 0.773340693506996, 0.773340693506996, 1.0000000000000002, 0.6414854812363958, 0.6414854812363958, 1.047769877434729, 0.5552420044528426, 0.6414854812363958, 0.6414854812363958, 0.5552420044528426, 0.4944329462714055, 0.558536880436043, 1.154071748077475, 1.0000000000000002, 1.0000000000000002, 0.773340693506996, 0.5552420044528426, 0.773340693506996, 0.773340693506996, 0.6414854812363958, 0.44925275144753235, 1.154071748077475, 0.6414854812363958, 0.5799507819832401, 0.4143622561537865, 1.2033823553830338, 0.5552420044528426, 0.4944329462714055, 0.4944329462714055, 0.38833987007260556, 0.5177909585701321, 0.5154982401767637, 0.3653328483158434, 0.9608263948174189, 0.4944329462714055, 0.5552420044528426, 0.44925275144753235, 0.647267870951337, 0.48766954603997875, 0.6414854812363958, 0.4143622561537865, 0.44925275144753235, 1.154071748077475, 0.38660563855379065, 0.4944329462714055, 0.36399789059565696, 1.4590787278609787, 0.5799507819832401, 0.5552420044528426, 0.3464188351701902, 1.1109471198676693, 0.44925275144753235, 0.44925275144753235, 0.33035635543157965, 0.9084276269678585, 0.4143622561537865, 0.38297053521038177, 0.4481087149233758, 1.2054289974366323, 0.4143622561537865, 0.5154982401767637, 0.46761099306594756, 0.558536880436043, 0.5799507819832401, 0.4965111315389814, 0.8496601485123965, 0.31664984673672086, 0.45066047374308094, 0.4303508307234988, 0.5154982401767637, 0.3048152040947201, 0.36402482653220797, 0.7600226642330976, 0.2944927208807798, 0.4153675672799668, 0.41696964977667333, 0.43062997126062574, 0.825541827156656, 0.46761099306594756, 0.4012102662072718, 0.3582961560073648, 0.6886720776801851, 0.2854094708739391, 0.38735337927335683, 0.4058452921078136, 0.3772479345415808, 0.7459610587842634, 0.43062997126062574, 0.35735334574051164, 0.36457228242694184, 0.6360902963040477, 0.2773545846838093, 0.4143622561537865, 0.2701625352444951, 1.460864040575606, 0.3866056385537907, 0.2637015565411037, 0.36399789059565696, 0.25786544370884507, 1.3595007455141077, 0.39645454539476593, 0.34057175276175783, 0.3578497481356044, 0.5957011374416326, 0.25256763490482464, 0.34522793716957806, 0.2477368662824897, 1.0377765510821682, 0.388422973549946, 0.3262255156013591, 0.3293950028085676, 0.24331393248225167, 0.3533494209979532, 0.5154982401767637, 1.1501323771458922, 0.3399293932136209, 0.3717415528068615, 0.31382036774161076, 0.415814893860753, 1.0377765510821673, 0.2392492375547744, 0.35218410032506126, 0.46761099306594756, 1.6663433203982978, 0.38660563855379065, 0.3281212857415501, 0.3571833865504767, 0.3029873190395781, 0.7236213175046766, 0.415814893860753, 0.29344533029015496, 0.3473440768286663, 0.43062997126062574, 1.3012700411195683, 0.3639978905956569, 0.32572287427638524, 0.4012102662072718, 0.3431614108624381, 0.5932139668549745, 0.23550091992869718, 0.31585975430291857, 0.23203340023599262, 0.8804951604121317, 0.3529378008910328, 0.2849765823911762, 0.3159412119177532, 0.564433818156859, 0.22881624469497253, 0.33043621153812835, 0.34916685456303215, 0.27740964604573676, 0.4037480224334283, 0.8804951604121317, 0.8242709989111223, 0.345227937169578, 0.30415586587881666, 0.22582326679866846, 0.3071543751386005, 0.5397049533061073, 0.6777619095006342, 0.3293950028085676, 0.29921774309283455, 1.075553102164335, 0.4037480224334283, 0.27060775628946765, 0.381604162882379, 0.7776210022264212, 0.5835918419699079, 0.3158597543029183, 0.2920134652109625, 0.3466038042681167, 0.2644604723546743, 0.2854445340813144, 0.3362135314413256, 2.0271449871831635, 0.29393520629983216, 0.22303181095246, 0.2849326234261808, 0.22042217644672288],"trialByTrial_Vs" => [0.0, 0.0, 0.0, 0.0, 0.0, 0.0, 0.0, 2.9971834568972844e-6, 0.0, 1.2857724550262763e-5, 9.860638325553667e-6, 3.24411867293681e-5, 1.585493405800614e-5, 1.972168576904001e-5, 2.7690444092683574e-7, 1.972124600640735e-5, 6.488132102813979e-5, 3.27496524203856e-6, 9.110068108896351e-7, 1.6131851103502066e-5, 3.24411867293681e-5, 9.115640755136947e-7, 1.6132111191636994e-5, 3.2440361877437075e-5, 1.6132475379809347e-5, 2.9582702545170614e-5, 3.275063022352743e-6, 9.121714632748452e-7, 1.613265570820639e-5, 2.9581883026079896e-5, 9.732040293045717e-5, 9.129093321435159e-7, 9.731822264939388e-5, 3.2439888170033084e-5, 3.2829926924229955e-6, 3.912471625304788e-6, 0.00010717643283587694, 6.488002251093158e-5, 1.6217697660887073e-5, 2.9860243499866946e-5, 6.912379748672963e-6, 0.00011703505219541393, 1.712913955398125e-5, 3.285741298081915e-5, 9.73191044553744e-5, 4.194847672605288e-6, 1.6775423805461585e-5, 2.01271704089181e-5, 4.271917229900056e-5, 0.0001494724421687999, 2.312568184136249e-5, 5.258178366436817e-5, 0.00012975713403750254, 2.612418296534867e-5, 0.00016219411129145587, 4.472313490212602e-6, 6.244363203835251e-5, 0.0001819087798347607, 0.00019463003625137316, 5.386225008674185e-6, 1.7686940804139315e-5, 0.0002270649089513921, 3.5987618569445475e-5, 0.0002594987294256492, 4.585292079255143e-5, 2.7552107879740368e-5, 0.00019176789049216186, 0.00029193149770827997, 4.676497515396791e-5, 3.055470086527867e-5, 4.676460423901098e-5, 0.00032436321383341873, 5.663101445939873e-5, 3.355415948776509e-5, 5.6630487838211625e-5, 6.544420694533385e-5, 0.00020162886783794265, 8.385182123330506e-6, 3.355522369320238e-5, 0.000201623346655229, 1.1384224755146413e-5, 6.572377341442958e-5, 1.1385444258903818e-5, 6.572254301152517e-5, 0.00035679387783519873, 1.4386172273344852e-5, 7.558906698615946e-5, 0.00023405799248395925, 0.0003892234897477521, 5.6715742073945087e-5, 7.859171646679825e-5, 0.0004216520496052098, 1.5300817772755338e-5, 8.845928042380397e-5, 0.00024391978420548, 5.971573173462112e-5, 4.3419304251399654e-5, 0.00027635305788758173, 6.271384124200498e-5, 9.832253031848587e-5, 0.0004540795574417019, 1.830115874636863e-5, 0.00010819018288582895, 0.0003087852793957957, 6.571430119414484e-5, 5.3284744127281075e-5, 0.0003412164487642556, 2.1302288827761967e-5, 0.00011805425032482004, 0.000486506013291357, 6.871288083509139e-5, 0.0005189314171883029, 2.430475710990276e-5, 7.858295130639098e-5, 0.0005513557691666662, 8.845343021132769e-5, 0.0005837790692605725, 2.7306683948964798e-5, 0.00012792199144946378, 0.0003736465660270942, 3.0308408314450886e-5, 0.00013778687630879553, 0.000616201317504146, 9.832431751301385e-5, 0.0006486225139315102, 3.3311913720174535e-5, 0.00014765689175810665, 0.00040607563121844307, 0.00010819634173408941, 0.0006810426585767869, 0.00011806877423087419, 0.00015752186513020268, 3.631410824826617e-5, 0.00011806908444994827, 0.00015751884795565122, 0.00043850364437243255, 3.722857648954142e-5, 6.315132154749808e-5, 0.0007134617514740974, 4.023084453356941e-5, 0.0001673842301068939, 4.0233696217263195e-5, 7.302594387044979e-5, 0.00012106897246138946, 0.00016738060624544129, 0.00047093060552319207, 0.00012406920625401832, 7.39394232391805e-5, 0.0005033565147048499, 4.051240807374282e-5, 0.00017724639715861068, 4.0515475013003847e-5, 8.380897416064536e-5, 0.0001270674644152481, 0.0001772425547517069, 4.051731665592404e-5, 0.00017723945710730965, 0.0007458797926575617, 0.0001273453449779357, 0.0007782967821612986, 4.352226314796982e-5, 0.00018711110676437407, 0.000535781371951533, 0.0001372193417241974, 0.0001969777149039118, 0.0008107127200194257, 4.652589898198989e-5, 0.000206850181134815, 0.0005682051772973674, 4.953010241175649e-5, 8.38948266797692e-5, 0.0008431276062660598, 8.391187626807855e-5, 0.00014022203751642856, 0.0008431056163171858, 0.00015009707282459417, 0.00021671687753350776, 0.0008755194516998224, 8.691524725585758e-5, 0.0001501033703505801, 0.00021673062347118908, 8.691754068367633e-5, 0.0006006279307764783, 4.96207304619804e-5, 9.678885643406823e-5, 0.0008755788135151743, 9.680634368165209e-5, 0.00015101621859342382, 0.00021972683163897045, 0.0006330496324229892, 0.0001540177645051905, 0.00022959456746923394, 0.0006654702822710229, 0.00015402293286697903, 0.0008758313759517558, 0.00016389825592914075, 0.0009082441496719132, 0.0, 0.0, 0.0, 0.0, 0.0, 0.0, 0.0, 0.0, 0.0, 0.0, 0.0, 0.0, 0.0, 0.0, 0.0, 0.0, 0.0, 0.0, 0.0, 0.0, 0.0, 0.0, 0.0, 0.0, 0.0, 0.0, 0.0, 0.0, 0.0, 0.0, 0.0, 0.0, 0.0, 0.0, 0.0, 0.0, 0.0, 0.0, 0.0, 0.0, 0.0, 0.0, 0.0, 0.0, 0.0, 0.0, 0.0, 0.0],"final_V" => Dict{Int64,Any}(1 => [0.0, 0.0006684553205429078, 0.000940655871883226, 9.772041867486123e-5, 0.00023051595059153126, 0.00017377398699435612, 4.9653234309330836e-5]),"nparticles" => 15,"trial_by_trial_p_sa_max" => [0.5, 0.5, 0.5, 0.5, 0.5, 0.5, 0.5, 0.34661584528824335, 0.5, 0.398190485397203, 0.6194279677049173, 0.7335160141443056, 0.5868033685821806, 0.25020266470013297, 0.46296621128564025, 0.7497985081521059, 0.825301781459475, 0.3696840527438876, 0.6228400779802354, 0.3364217304004019, 0.2664839858556945, 0.6228415618836665, 0.33642196327312607, 0.2664812695753121, 0.6635770525387567, 0.3217623475525971, 0.3696869361199295, 0.6228439562017708, 0.6635771038590244, 0.6782412769640493, 0.8706795814363371, 0.37715239465965833, 0.129321017809931, 0.7335212323059642, 0.42912886302989245, 0.5252829198190966, 0.3451354675415392, 0.803712611135816, 0.6874893303589658, 0.31214453213985366, 0.669090509339244, 0.3988275692663441, 0.7507290689610832, 0.47911342898258286, 0.8590884394249723, 0.5715637636624836, 0.22525729928109514, 0.8052070442954159, 0.6797571904540398, 0.691927320798905, 0.8411297049275896, 0.7802065825574024, 0.890280066386494, 0.13371233083102316, 0.9102131049667039, 0.34772036622512426, 0.834769559740162, 0.1924408628249325, 0.9240333777443669, 0.4932334083829181, 0.6121555512238339, 0.9341733231965085, 0.38293667992838265, 0.9419281762153291, 0.37415851514555043, 0.7464047171903321, 0.46576188708324157, 0.9480499760715511, 0.5287863955420393, 0.19749894354180175, 0.47121445389250766, 0.9530049517880728, 0.4352654151965302, 0.40576385132801157, 0.43526399736565197, 0.8617423735671568, 0.6728644384347086, 0.6495834778915771, 0.5942277364302462, 0.32714550643607054, 0.2568227937823431, 0.12566543909365765, 0.25682598756459285, 0.8743368099587814, 0.9570974628265722, 0.47068955513644034, 0.7793801778780117, 0.42178603843040935, 0.9605345283747446, 0.5237705664101581, 0.8238476937711511, 0.9634618565699022, 0.6023703076173631, 0.8612554478471978, 0.3512186219362631, 0.6683745833107304, 0.676371749319729, 0.6688691107263173, 0.7544330197020364, 0.8858065865225005, 0.965984966099675, 0.7152020035399979, 0.9030988387309702, 0.798217725225868, 0.8076369167894105, 0.7785218007319931, 0.8562866204609065, 0.7829402737258407, 0.9158930964105297, 0.968182142956393, 0.15718827208084013, 0.9701126901816075, 0.8262080828201191, 0.4195871898091939, 0.9718223509716253, 0.6476184345063946, 0.9733469736675205, 0.1442951029761011, 0.9257377847228577, 0.8885994212680687, 0.6663950209349484, 0.9335350880499905, 0.974715049316055, 0.7640608376962758, 0.9759495065939339, 0.246690832768954, 0.9398645784111063, 0.9090967131034374, 0.8255455994541875, 0.9770690058089154, 0.13766234672613237, 0.05490108244384745, 0.5395002377646609, 0.13766104771426937, 0.9451021754483683, 0.9232388473514, 0.34937976722835307, 0.8338210492804304, 0.9780888877927839, 0.44868087433528564, 0.10140682484114676, 0.44868805488839814, 0.13237369344084554, 0.3233800940519439, 0.8986013431349691, 0.9335791589742926, 0.5305093678871327, 0.7324340700414099, 0.9414670127868906, 0.5580057852281048, 0.14446799128145307, 0.5580119577729517, 0.19199896505529032, 0.6724435710832204, 0.1444569237736664, 0.5580208090477694, 0.8555493278272308, 0.9790218804771074, 0.27286123185506583, 0.979878632386463, 0.3109921905927019, 0.7594933549222552, 0.9476815354868005, 0.4529075945363863, 0.8229462417756931, 0.9806681205662224, 0.47977693182482956, 0.86069492399825, 0.9527037275525033, 0.35874410534970874, 0.7166239591766715, 0.018602033881943845, 0.28335793388630504, 0.3758752463212529, 0.9814079769897508, 0.3783880522220615, 0.8854370542127648, 0.04665295934387693, 0.4398430912692534, 0.3784243585657637, 0.11456049406810848, 0.560147479131409, 0.9568464882123081, 0.45601016952825363, 0.6231020046830333, 0.081806973444589, 0.3768694920784626, 0.5322824826193379, 0.7263329767318626, 0.9603221018232375, 0.6735358917724131, 0.8047040595475901, 0.9632796488072477, 0.326449565995515, 0.8439931860360341, 0.5246378967537781, 0.881315481217901],"final_Tsas" => Dict{Tuple{Int64,Int64},Float64}[Dict((1, 6) => 0.05991854543517468,(2, 3) => 0.11386158047764985,(2, 6) => 0.08069389530953722,(2, 2) => 0.10920601851176534,(2, 1) => 1.0,(2, 5) => 0.05877306953567736,(1, 7) => 0.0856640398998798,(1, 4) => 0.08838600046702115,(1, 3) => 0.6553766869856962,(2, 4) => 0.08566403989987982,(1, 1) => 1.0,(1, 2) => 0.5381975833435054,(2, 7) => 0.07428046418896903,(1, 5) => 0.09438407705081553), Dict((1, 6) => 0.05991854543517468,(2, 3) => 0.11386158047764985,(2, 6) => 0.08069389530953722,(2, 2) => 0.10920601851176534,(2, 1) => 0.0,(2, 5) => 0.43709465458465796,(1, 7) => 0.0856640398998798,(1, 4) => 0.08838600046702115,(1, 3) => 0.0574372188357173,(2, 4) => 0.3628306157696931,(1, 1) => 0.0,(1, 2) => 0.06873081026594992,(2, 7) => 0.07428046418896903,(1, 5) => 0.09438407705081553), Dict((1, 6) => 0.05991854543517468,(2, 3) => 0.11386158047764985,(2, 6) => 0.5158366281427766,(2, 2) => 0.3055042438598007,(2, 1) => 0.0,(2, 5) => 0.2690399977369551,(1, 7) => 0.0856640398998798,(1, 4) => 0.08838600046702115,(1, 3) => 0.0574372188357173,(2, 4) => 0.2088491847309079,(1, 1) => 0.0,(1, 2) => 0.06873081026594992,(2, 7) => 0.07428046418896903,(1, 5) => 0.09438407705081553), Dict((1, 6) => 0.18916311595957197,(2, 3) => 0.27589719406697105,(2, 6) => 0.08069389530953722,(2, 2) => 0.10920601851176534,(2, 1) => 0.0,(2, 5) => 0.05877306953567736,(1, 7) => 0.39362690197745,(1, 4) => 0.08838600046702115,(1, 3) => 0.0574372188357173,(2, 4) => 0.08566403989987982,(1, 1) => 0.0,(1, 2) => 0.09343958779634758,(2, 7) => 0.12768822869510568,(1, 5) => 0.1622463691796737), Dict((1, 6) => 0.5112441568645547,(2, 3) => 0.11386158047764985,(2, 6) => 0.08069389530953722,(2, 2) => 0.10920601851176534,(2, 1) => 0.0,(2, 5) => 0.05877306953567736,(1, 7) => 0.17805289852315093,(1, 4) => 0.08838600046702115,(1, 3) => 0.0574372188357173,(2, 4) => 0.08566403989987982,(1, 1) => 0.0,(1, 2) => 0.06873081026594992,(2, 7) => 0.4475016858539125,(1, 5) => 0.09438407705081553), Dict((1, 6) => 0.05991854543517468,(2, 3) => 0.15479490354477954,(2, 6) => 0.08069389530953722,(2, 2) => 0.10920601851176534,(2, 1) => 0.0,(2, 5) => 0.05877306953567736,(1, 7) => 0.0856640398998798,(1, 4) => 0.46968399719787357,(1, 3) => 0.0574372188357173,(2, 4) => 0.08566403989987982,(1, 1) => 0.0,(1, 2) => 0.09343958779634758,(2, 7) => 0.12768822869510568,(1, 5) => 0.09438407705081553), Dict((1, 6) => 0.05991854543517468,(2, 3) => 0.11386158047764985,(2, 6) => 0.08069389530953722,(2, 2) => 0.14846566358137236,(2, 1) => 0.0,(2, 5) => 0.05877306953567736,(1, 7) => 0.0856640398998798,(1, 4) => 0.08838600046702115,(1, 3) => 0.0574372188357173,(2, 4) => 0.08566403989987982,(1, 1) => 0.0,(1, 2) => 0.06873081026594992,(2, 7) => 0.07428046418896903,(1, 5) => 0.3658332455662484)],"gamma_surprise" => [0.004336552046615559, 0.004336552046615559, 0.004336552046615559, 0.004336552046615559, 0.004336552046615559, 0.004336552046615559, 0.004336552046615559, 0.004336552046615559, 0.004336552046615559, 0.0033569317621218275, 0.00340825979717903, 0.0033569317621218275, 0.0027861668771766786, 0.0033569317621218275, 0.00340825979717903, 0.002811210954682266, 0.0027861668771766786, 0.0033569317621218275, 0.0033569317621218275, 0.0033569317621218275, 0.004336552046615559, 0.0027861668771766786, 0.0027861668771766786, 0.0045427675422758775, 0.0024124888571078833, 0.0027861668771766786, 0.0027861668771766786, 0.0024124888571078833, 0.002148845371999724, 0.0024267701281497486, 0.00500135059790562, 0.004336552046615559, 0.004336552046615559, 0.0033569317621218275, 0.0024124888571078833, 0.0033569317621218275, 0.0033569317621218275, 0.0027861668771766786, 0.0019528720692374697, 0.00500135059790562, 0.0027861668771766786, 0.002519576323337103, 0.0018014786125220737, 0.005213931642211745, 0.0024124888571078833, 0.002148845371999724, 0.002148845371999724, 0.0016885348903685335, 0.002250132749063567, 0.002240191741627144, 0.0015886573203925379, 0.004167381616916181, 0.002148845371999724, 0.0024124888571078833, 0.0019528720692374697, 0.002811210954682266, 0.002119513391910123, 0.0027861668771766786, 0.0018014786125220737, 0.0019528720692374697, 0.00500135059790562, 0.0016810069795292926, 0.002148845371999724, 0.001582861418252554, 0.006314799222488205, 0.002519576323337103, 0.0024124888571078833, 0.0015065332588925253, 0.004815363200471806, 0.0019528720692374697, 0.0019528720692374697, 0.00143677985825129, 0.003941008692434825, 0.0018014786125220737, 0.0016652274411893225, 0.0019479087049993882, 0.005222752877997482, 0.0018014786125220737, 0.002240191741627144, 0.002032511935642228, 0.0024267701281497486, 0.002519576323337103, 0.002157857842719617, 0.0036869992193999442, 0.0013772498604462885, 0.0019589793576406823, 0.001870860386978609, 0.002240191741627144, 0.0013258440258359803, 0.0015829783649827281, 0.003299311348273812, 0.0012810021980077149, 0.0018058414037829952, 0.001812793950215653, 0.001872071620415537, 0.003582715592664726, 0.002032511935642228, 0.001744398851618148, 0.001558105797579662, 0.0029904997509383356, 0.0012415403836603981, 0.0016842527685437397, 0.0017645156528063935, 0.0016403853218769466, 0.0032384666229298732, 0.001872071620415537, 0.0015540122138859667, 0.0015853552274603994, 0.0027627986858152734, 0.001206543645602085, 0.0018014786125220737, 0.0011752936739329357, 0.006322477089493317, 0.001681006979529293, 0.0011472185896807428, 0.001582861418252554, 0.001121857397081999, 0.005886368928296463, 0.0017237573712083564, 0.0014811426735735554, 0.001556167545415868, 0.0025878261266970358, 0.0010988343230585824, 0.0015013619644094057, 0.001077839974493953, 0.004499634896426679, 0.0016888956211116052, 0.001418839575272249, 0.0014326047507516348, 0.001058617287657558, 0.0015366272169198706, 0.002240191741627144, 0.004984363809703032, 0.0014783531891640206, 0.0016164806535005512, 0.0013649600062770205, 0.0018077826736261778, 0.004499634896426675, 0.0010409509045238166, 0.0015315672936978017, 0.002032511935642228, 0.0072053636834367605, 0.0016810069795292926, 0.0014270730059516045, 0.0015532742652656262, 0.0013179038164225093, 0.003141787033112733, 0.0018077826736261778, 0.0012764520107678527, 0.0015105509439075123, 0.001872071620415537, 0.005635662418027652, 0.0015828614182525538, 0.001416656554457798, 0.001744398851618148, 0.0014923882592926825, 0.0025770492827524296, 0.0010246590382109884, 0.0013738181210067933, 0.001009587172226264, 0.0038202929145346224, 0.0015348399326473698, 0.0012396596392055155, 0.0013741719304588408, 0.0024523287237019457, 0.0009956031283599944, 0.0014371266678522196, 0.0015184659131516126, 0.0012067828836341157, 0.0017554132459439973, 0.0038202929145346224, 0.0035772201363710445, 0.0015013619644094055, 0.0013229799196472782, 0.0009825931682862351, 0.001336005042932294, 0.0023451397378437618, 0.002943262717709621, 0.0014326047507516348, 0.0013015286340287693, 0.004662664331280309, 0.0017554132459439973, 0.001177228248148726, 0.0016592960572943056, 0.0033754490903606313, 0.0025353546784249903, 0.001373818121006792, 0.0012702314808768717, 0.001507336454423791, 0.0011505164110984453, 0.0012416927203503993, 0.001462216533332075, 0.008751836719372871, 0.0012785801881583614, 0.0009704588844953584, 0.0012394686529482138, 0.0009591147000879335],"final_PolicyParameters" => Dict{Int64,Any}(1 => [0.0 0.0; 3.5961874974573194 2.2972192093922694; 1.844087378586135 0.963737614144986; 2.4115980616293395 2.455955736368035; 2.484180858088236 3.1162750651097344; 4.332613324430301 4.670867370317612; 2.773398836547557 2.7361456284676526]),"particlefilterseeds" => [1, 2, 3])