DateTime of fitting: 2021-01-04T19:26:03.567
DATA_STATS
nr_subjects: 1
all_subject_ids: [5]
nr_puzzles: 1
nr_episodes: 54
nr_actions: 175
max_state_id: 7
max_action_id: 2
SUBJECT_SIGNALS
subject_id: 5
algorithm_name: Actor-Critic (TD-Lambda, ReplTrc) modulated Actor
param_string: alpha(actor)=0.7182,
                surpriseprobability=0.0238,
                stochasticity=2.7991,
                eta(critic)=0.0136,
                gamma=0.9311,
                lambda_actor=0.6204,
                lambda_critic=0.2906,
                temp=0.401,
                nparticles=15,
                init_policy=nothing,
                init_Vs=nothing,
                use_replacing_trace=true
param_vector: [0.7181986129030271, 0.023751275277581932, 2.799148068783197, 0.013588539449954869, 0.9311467246612506, 0.6203610548516395, 0.2906097201718359, 0.4009707512031176, 15.0]
LL: -77.615
RPE
[0.0, 0.0, 0.0, 0.0, 0.0, 0.0, 0.0, 0.0, 0.0, 0.0, 0.0, 0.0, 0.0, 0.0, 0.0, 1.0, 0.002, 0.009, 0.986, -0.002, 1.0, 0.007, -0.007, 0.013, -0.014, 0.0, 0.025, 0.973, 0.006, 0.03, 0.96, 0.007, 0.986, 0.04, 0.947, 0.012, 0.973, 0.044, 0.934, 0.008, 0.062, -0.067, 0.061, 0.922, 0.001, 0.08, 0.909, 0.016, 0.96, 0.004, 0.087, 0.897, -0.01, 0.034, 0.947, 0.007, 0.049, 0.934, -0.01, 0.09, 0.885, 0.014, 0.097, 0.873, 0.017, 0.047, -0.071, 0.011, 0.109, 0.861, 0.014, 0.0, -0.004, 0.116, 0.849, 0.016, 0.045, 0.922, -0.005, 0.055, -0.081, 0.017, 0.121, 0.838, 0.129, 0.826, 0.047, 0.91, 0.131, 0.815, 0.02, 0.148, 0.804, 0.028, 0.05, 0.897, 0.057, 0.885, 0.139, 0.793, 0.059, 0.873, 0.021, 0.163, 0.782, 0.066, 0.861, 0.146, 0.772, 0.007, 0.113, -0.134, 0.049, 0.067, 0.851, -0.034, 0.105, 0.84, 0.006, 0.195, -0.079, 0.828, 0.094, 0.817, 0.025, -0.02, 0.15, 0.806, 0.11, 0.795, 0.116, 0.784, 0.012, -0.016, 0.026, 0.174, 0.759, 0.06, 0.121, 0.774, 0.027, 0.165, 0.763, 0.03, 0.173, 0.749, 0.149, 0.739, 0.033, 0.187, 0.729, 0.163, 0.719, 0.127, 0.753, 0.07, 0.132, 0.742, 0.033, 0.178, 0.732, 0.036, 0.195, 0.709, 0.069, 0.146, 0.722, 0.15, 0.713, 0.075, 0.155, 0.703, 0.035, 0.204, 0.693]
SPE
[0.857, 0.857, 0.857, 0.857, 0.857, 0.818, 0.816, 0.818, 0.782, 0.778, 0.821, 0.857, 0.857, 0.857, 0.816, 0.857, 0.816, 0.78, 0.816, 0.857, 0.857, 0.782, 0.816, 0.747, 0.746, 0.78, 0.857, 0.778, 0.746, 0.748, 0.743, 0.818, 0.821, 0.87, 0.712, 0.79, 0.782, 0.839, 0.683, 0.714, 0.72, 0.891, 0.689, 0.669, 0.745, 0.881, 0.645, 0.766, 0.746, 0.713, 0.816, 0.622, 0.778, 0.889, 0.717, 0.684, 0.726, 0.687, 0.876, 0.778, 0.601, 0.657, 0.851, 0.582, 0.634, 0.709, 0.714, 0.898, 0.676, 0.564, 0.685, 0.87, 0.756, 0.65, 0.547, 0.902, 0.736, 0.66, 0.727, 0.868, 0.684, 0.658, 0.639, 0.531, 0.819, 0.516, 0.718, 0.634, 0.799, 0.502, 0.635, 0.618, 0.488, 0.898, 0.703, 0.611, 0.68, 0.59, 0.786, 0.475, 0.669, 0.569, 0.871, 0.598, 0.462, 0.649, 0.551, 0.776, 0.451, 0.648, 0.683, 0.657, 0.867, 0.64, 0.533, 0.698, 0.856, 0.517, 0.628, 0.743, 0.931, 0.501, 0.623, 0.487, 0.854, 0.793, 0.661, 0.473, 0.607, 0.46, 0.591, 0.448, 0.619, 0.881, 0.638, 0.592, 0.452, 0.842, 0.576, 0.436, 0.629, 0.835, 0.425, 0.61, 0.587, 0.441, 0.784, 0.431, 0.591, 0.571, 0.422, 0.765, 0.412, 0.583, 0.414, 0.832, 0.569, 0.405, 0.586, 0.821, 0.395, 0.57, 0.567, 0.403, 0.819, 0.557, 0.386, 0.545, 0.377, 0.799, 0.534, 0.369, 0.577, 0.805, 0.362]
action_selection_prob
[0.5, 0.5, 0.5, 0.5, 0.5, 0.5, 0.5, 0.5, 0.5, 0.5, 0.5, 0.5, 0.5, 0.5, 0.5, 0.5, 0.572, 0.624, 0.669, 0.367, 0.492, 0.511, 0.292, 0.505, 0.298, 0.488, 0.494, 0.782, 0.444, 0.692, 0.839, 0.523, 0.653, 0.64, 0.873, 0.721, 0.774, 0.774, 0.895, 0.528, 0.756, 0.91, 0.758, 0.91, 0.444, 0.401, 0.921, 0.812, 0.835, 0.53, 0.44, 0.93, 0.161, 0.801, 0.87, 0.602, 0.411, 0.893, 0.237, 0.437, 0.937, 0.659, 0.414, 0.942, 0.706, 0.569, 0.091, 0.708, 0.832, 0.947, 0.255, 0.144, 0.329, 0.856, 0.951, 0.711, 0.575, 0.888, 0.324, 0.836, 0.095, 0.253, 0.837, 0.954, 0.657, 0.957, 0.735, 0.885, 0.784, 0.96, 0.355, 0.859, 0.962, 0.458, 0.821, 0.903, 0.846, 0.916, 0.865, 0.964, 0.881, 0.925, 0.456, 0.877, 0.966, 0.893, 0.933, 0.903, 0.967, 0.547, 0.592, 0.061, 0.447, 0.911, 0.947, 0.082, 0.891, 0.936, 0.476, 0.38, 0.969, 0.941, 0.872, 0.946, 0.535, 0.099, 0.505, 0.95, 0.886, 0.953, 0.897, 0.956, 0.58, 0.363, 0.42, 0.842, 0.969, 0.493, 0.906, 0.959, 0.58, 0.864, 0.961, 0.646, 0.88, 0.97, 0.914, 0.972, 0.699, 0.893, 0.973, 0.921, 0.973, 0.926, 0.963, 0.74, 0.931, 0.964, 0.774, 0.904, 0.966, 0.799, 0.912, 0.974, 0.821, 0.935, 0.967, 0.939, 0.969, 0.838, 0.943, 0.97, 0.853, 0.919, 0.971]
results_dict
Dict{String,Any}("Surprise" => [1.0000000000000002, 1.0000000000000002, 1.0000000000000002, 1.0000000000000002, 1.0000000000000002, 0.7862108803292358, 0.7743855091656416, 0.7862108803292358, 0.6562137491959477, 0.6427937438653846, 0.798403014443548, 1.0000000000000002, 1.0000000000000002, 1.0000000000000002, 0.7743855091656416, 1.0000000000000002, 0.7743855091656416, 0.6501592051695921, 0.7743855091656416, 1.0000000000000002, 1.0000000000000002, 0.6546939701050382, 0.7743855091656416, 0.5643254539891202, 0.5616064589174409, 0.6486001470866576, 1.0000000000000002, 0.6427937438653846, 0.5634383413686996, 0.5659636699491287, 0.5565851154464282, 0.7862108803292358, 0.798403014443548, 1.0992598584019933, 0.49573514300814153, 0.6789774220446632, 0.6546939701050382, 0.8853836291003595, 0.4504894319331815, 0.5000897342561416, 0.5094400888256901, 1.3062156184954732, 0.459955112748027, 0.4317631706030113, 0.5599085036323931, 1.199368615950036, 0.4022804007011842, 0.60988061289152, 0.5634383413686996, 0.4978375166047419, 0.7743855091656416, 0.37825783371796556, 0.6427937438653846, 1.2914464883695649, 0.5040251462723957, 0.4519165118499557, 0.5221596485746202, 0.4561687452331425, 1.149558808394714, 0.6427937438653846, 0.3583071822396933, 0.4165485391369045, 0.9591184793119781, 0.34147402754652845, 0.39027775893288474, 0.491153012244148, 0.49891840921830644, 1.4033994195358597, 0.44060578889954904, 0.3280023159389968, 0.45345520877642304, 1.0949825548097882, 0.5850171098569964, 0.4087119189533026, 0.3154012916114038, 1.454281195022418, 0.5402978212267927, 0.4196194401241854, 0.5225875498468184, 1.0854506210926471, 0.4526536844250385, 0.4176546327081686, 0.39609067356187394, 0.30440988108679295, 0.7904755738044008, 0.2953642395877372, 0.50600513984814, 0.3907666086573574, 0.7107025739628503, 0.2867031150053183, 0.39118911353434876, 0.37376379444679275, 0.278975675520511, 1.4016782684035336, 0.4808878311385936, 0.3673970544448915, 0.4461297519961219, 0.3480757896903696, 0.6684126649082287, 0.27203828866168767, 0.43126649122318134, 0.33183036367147223, 1.1089796564476355, 0.3550774456510942, 0.265775409688361, 0.4066831526867968, 0.31797778424591605, 0.6371873059766019, 0.2600930227372408, 0.4063208103430408, 0.4508837454009871, 0.4170777345011674, 1.0701875909340777, 0.39724189301050805, 0.3060239598173182, 0.47242277703313634, 0.990911930819031, 0.2956024432749919, 0.383732932189509, 0.5565851154464282, 2.065983992908214, 0.28643561491579267, 0.37872224297526175, 0.2783092477088341, 0.9798937191959931, 0.6889773373390657, 0.42110469172332016, 0.27105535514963375, 0.363792641307333, 0.26454033181607683, 0.3496516101239386, 0.2586565715357701, 0.37510825031267847, 1.2041437456636488, 0.3946892915116799, 0.3501974569891486, 0.2607838341094493, 0.9068282448079062, 0.33721567333872926, 0.25331642720794395, 0.38526708129023124, 0.8632096323628419, 0.2484477820171998, 0.3660141565888557, 0.3459070951199075, 0.255783300344761, 0.6615270859554391, 0.2511896296011177, 0.34960846718072003, 0.33270328236547864, 0.24695502969816177, 0.6079238130250495, 0.24303892259888063, 0.3424653531877987, 0.24399075125220615, 0.8493160761852623, 0.33175315664835386, 0.23989519136324294, 0.3452295045017749, 0.7971119521703466, 0.23611879454973175, 0.3322700554302303, 0.32958457841644917, 0.23940663090559214, 0.7875448876018584, 0.3227961351259927, 0.23262561419922478, 0.3140328762298027, 0.22938491154121607, 0.7103437658124349, 0.30663563389778536, 0.22637024467161698, 0.33748233508072367, 0.7329958549165152, 0.22377384509034284],"trialByTrial_Vs" => [0.0, 0.0, 0.0, 0.0, 0.0, 0.0, 0.0, 0.0, 0.0, 0.0, 0.0, 0.0, 0.0, 0.0, 0.0, 0.0, 0.0009950142305807342, 0.0036770627035057203, 0.013588539449954869, 0.0020425172806592265, 5.335096963271524e-6, 1.9715784418261754e-5, 0.0074261283407534885, 1.4436787805990072e-6, 0.013593802050742584, 9.506659457256627e-5, 0.00012379817559741575, 0.026992430495526756, 0.0011554610725909265, 0.007379351362156656, 0.040214182238842995, 0.005691873044609849, 0.013697274056452477, 0.009414536338799588, 0.05325626968699767, 0.013441690133835182, 0.027099687557534398, 0.017179342937425554, 0.06612113421535333, 0.0022986853565444302, 0.011317096380561035, 0.0788111840245471, 0.011912347997531816, 0.07811701914705509, 0.002655208676122631, 0.004041458954940699, 0.09064406240061731, 0.021216457591301745, 0.04031998183403226, 0.003870580777746229, 0.00847721266561969, 0.10300088143273722, 0.024967126188329997, 0.016125886507091906, 0.053360631620213914, 0.005139265572905562, 0.012963604055730719, 0.066224078022323, 0.02589722343300439, 0.0170589284530444, 0.11518978934196322, 0.0063416539226719346, 0.021538112806400063, 0.12721306779521283, 0.007752801540134291, 0.026064350866213136, 0.07891272897553464, 0.008080623584115541, 0.020062779593840563, 0.13907296745488265, 0.009483704919786024, 0.024715518091570687, 0.026973231896926134, 0.024706420010598536, 0.15077170840015455, 0.00975811923680193, 0.028189869660559645, 0.07832323591348989, 0.032186891710083355, 0.029401064493423057, 0.09084747698238618, 0.011063800249140866, 0.02987151451795494, 0.16231148054257682, 0.03227418314350575, 0.17369444403599832, 0.03707174407409463, 0.09016072748734645, 0.04105432610524662, 0.18492272968093204, 0.012570619061154713, 0.0345995523044673, 0.19599843932342423, 0.014181432580281367, 0.045833361251389704, 0.10252411433500289, 0.04980785774740379, 0.11471950081274489, 0.053837810738490845, 0.20692364624850315, 0.058640614174932076, 0.12674916980022666, 0.01564415356168563, 0.0395657124325735, 0.21770039556828172, 0.06265851954714731, 0.13861537315610212, 0.06672833684916518, 0.22833070460478622, 0.017310489045330474, 0.026549134175721245, 0.1503203321395551, 0.017695192717861564, 0.07154812364963038, 0.14874974821931214, 0.0755872667287618, 0.04465918344701867, 0.16031699584741804, 0.01945302714944719, 0.02772738310738697, 0.23881656326758297, 0.17172706147480202, 0.07634540428765789, 0.1829820809752817, 0.020399739894230398, 0.049168376192930345, 0.030906309867899072, 0.19408416119926913, 0.08062746623207728, 0.20503538036815633, 0.08504928856535701, 0.215837788463342, 0.021035746733896434, 0.03590547347162414, 0.02114478498659018, 0.050244080079665576, 0.24078985596477837, 0.022888303782972286, 0.08950798570816976, 0.22649340760997175, 0.02492583385237493, 0.0553996954680475, 0.23700423245546381, 0.026655055015835583, 0.060451274341788604, 0.2511064129578069, 0.0940017390284691, 0.2612827830091479, 0.028440373233101387, 0.06556078885291124, 0.27132087105458896, 0.09874669341273297, 0.28122255614462244, 0.1036061474351406, 0.24737223054289134, 0.030296392181117175, 0.10809573274735777, 0.2575993426792908, 0.03247565048145259, 0.07078231469662535, 0.2676874832989657, 0.03431487856820216, 0.07590027484588598, 0.29098969179618894, 0.036231650382549704, 0.1126161082924639, 0.2776385408218534, 0.11725492759920256, 0.2874543780070226, 0.03841950407703989, 0.12191881771989066, 0.29713683230136684, 0.04070848669294715, 0.08115784678316905, 0.30668771618355994, 0.0, 0.0, 0.0, 0.0, 0.0, 0.0, 0.0, 0.0, 0.0, 0.0, 0.0, 0.0, 0.0, 0.0, 0.0, 0.0, 0.0, 0.0, 0.0, 0.0, 0.0, 0.0, 0.0, 0.0, 0.0, 0.0, 0.0, 0.0, 0.0, 0.0, 0.0, 0.0, 0.0, 0.0, 0.0, 0.0, 0.0, 0.0, 0.0, 0.0, 0.0, 0.0, 0.0, 0.0, 0.0, 0.0, 0.0, 0.0, 0.0, 0.0, 0.0, 0.0, 0.0, 0.0],"final_V" => Dict{Int64,Any}(1 => [0.0, 0.08648487928632896, 0.12660624075245622, 0.31610881750333797, 0.03615766248809096, 0.3006241063396411, 0.04262369841842707]),"nparticles" => 15,"trial_by_trial_p_sa_max" => [0.5, 0.5, 0.5, 0.5, 0.5, 0.5, 0.5, 0.5, 0.5, 0.5, 0.5, 0.5, 0.5, 0.5, 0.5, 0.5, 0.5724192414009881, 0.6235458190719818, 0.669465569321665, 0.36705459465751317, 0.4918804610900552, 0.5113459779214482, 0.29158961152328605, 0.5046905033858033, 0.2981765808968888, 0.487740794205432, 0.4942456036970068, 0.7822699285786521, 0.44406350509338594, 0.6924881331838396, 0.8392346101800888, 0.523028438006428, 0.6525718810321884, 0.640043889306657, 0.8727182822041474, 0.7209473594278627, 0.7742422981971616, 0.774072029735542, 0.894585508766977, 0.5281256242779951, 0.7557274838396515, 0.9099365946558334, 0.7576224560936695, 0.9095288782537138, 0.44359078551046016, 0.4009280759057651, 0.9209784201194942, 0.812289712778379, 0.8347461709252829, 0.5296910436515803, 0.44019843950169485, 0.9297700181442102, 0.16053929067216793, 0.8013076829511977, 0.8698741904243424, 0.6020082372870164, 0.41084311418586805, 0.8926207899094195, 0.23657970996547967, 0.43703343354320506, 0.9367281722924647, 0.6588557923173423, 0.4140479927143575, 0.9423695152271175, 0.7060762970554518, 0.568786330509411, 0.09150441502329373, 0.7082472981091742, 0.8317818034369671, 0.9470338306100214, 0.2546710045837281, 0.14435534438275002, 0.3286087258155547, 0.8559967656010861, 0.9509534890265987, 0.7115015662054384, 0.5747947342928216, 0.8883279504222232, 0.3237813467779097, 0.8361723485154658, 0.09481168181040996, 0.2532395423991319, 0.8367054185732159, 0.9542929197402668, 0.6574474502804899, 0.9571714916817774, 0.7350963237091123, 0.8854500251098858, 0.7840833460766264, 0.9596779612855473, 0.3554101671113613, 0.8593044800264669, 0.96187978028102, 0.45822820753942844, 0.8205814932406772, 0.9029103241634898, 0.8456882398611767, 0.9156502610239281, 0.864936533517191, 0.9638290217340963, 0.8808023536653985, 0.9253440198383545, 0.45641558765641915, 0.8768250717364348, 0.9655665502989449, 0.8927765159175839, 0.9329614221461955, 0.9026365274085438, 0.9671248799584252, 0.5470602084638114, 0.5923912403317669, 0.060898317974617214, 0.4473227484889323, 0.9112632800619221, 0.9465886146568655, 0.08186622031588084, 0.8906536663237808, 0.9359416794226373, 0.47622643434064305, 0.37999629600547896, 0.9685302008028374, 0.9414422829310298, 0.8719227013287101, 0.9460204207172032, 0.5349519715911376, 0.09870002022120071, 0.5049266626496252, 0.949889091414452, 0.8856413460781332, 0.9532005711544235, 0.8968602962261929, 0.9560665681152097, 0.5795183146502487, 0.3632454260151812, 0.41989166945987094, 0.8421873126476573, 0.9692099970680411, 0.49339517098483116, 0.9061238141304564, 0.9585708633529297, 0.5800854954838435, 0.8637186567330182, 0.960777509771298, 0.6464918709288437, 0.880057082817285, 0.970427274024131, 0.9138915772462308, 0.9715375346077877, 0.6989649654889855, 0.8930477140132814, 0.972554185299547, 0.9205738805721295, 0.9734884857516688, 0.9263377010624545, 0.9627363069459197, 0.7403755129906229, 0.9312047270628768, 0.9644865510361039, 0.773750450545644, 0.9036060652813485, 0.9660596614539251, 0.799389526398936, 0.912199201431164, 0.9743499615687321, 0.8205557423322557, 0.9354735702549934, 0.9674810577382978, 0.9392694413968073, 0.9687715247508591, 0.8383047580249146, 0.9426437640142155, 0.9699482217137215, 0.8532466925544616, 0.9194756756715179, 0.9710254388797065],"final_Tsas" => Dict{Tuple{Int64,Int64},Float64}[Dict((1, 6) => 0.6052541906136691,(2, 3) => 0.106003633157652,(2, 6) => 0.13592032194854659,(2, 2) => 0.06962098174158887,(2, 1) => 1.0,(2, 5) => 0.11381409761227138,(1, 7) => 0.08143775017250424,(1, 4) => 0.10543718663097859,(1, 3) => 0.05916569296638435,(2, 4) => 0.6460329665165843,(1, 1) => 1.0,(1, 2) => 0.11925801312450095,(2, 7) => 0.06926784792646523,(1, 5) => 0.09503617453168003), Dict((1, 6) => 0.08013275451425068,(2, 3) => 0.3291202353310735,(2, 6) => 0.13592032194854659,(2, 2) => 0.06962098174158887,(2, 1) => 0.0,(2, 5) => 0.11381409761227138,(1, 7) => 0.16480281364879396,(1, 4) => 0.10543718663097859,(1, 3) => 0.05916569296638435,(2, 4) => 0.05899450558056926,(1, 1) => 0.0,(1, 2) => 0.11925801312450095,(2, 7) => 0.43764872237515456,(1, 5) => 0.09503617453168003), Dict((1, 6) => 0.059040458803882166,(2, 3) => 0.106003633157652,(2, 6) => 0.1844780683087209,(2, 2) => 0.06962098174158887,(2, 1) => 0.0,(2, 5) => 0.11381409761227138,(1, 7) => 0.11053151305011635,(1, 4) => 0.10543718663097859,(1, 3) => 0.05916569296638435,(2, 4) => 0.05899450558056926,(1, 1) => 0.0,(1, 2) => 0.16186312374887127,(2, 7) => 0.21601203799251933,(1, 5) => 0.09503617453168003), Dict((1, 6) => 0.07845121965655134,(2, 3) => 0.106003633157652,(2, 6) => 0.13592032194854659,(2, 2) => 0.2152205268600417,(2, 1) => 0.0,(2, 5) => 0.11381409761227138,(1, 7) => 0.08143775017250424,(1, 4) => 0.10543718663097859,(1, 3) => 0.47724412100231134,(2, 4) => 0.05899450558056926,(1, 1) => 0.0,(1, 2) => 0.11925801312450095,(2, 7) => 0.06926784792646523,(1, 5) => 0.36187931056137473), Dict((1, 6) => 0.059040458803882166,(2, 3) => 0.14086159888066624,(2, 6) => 0.13592032194854659,(2, 2) => 0.06962098174158887,(2, 1) => 0.0,(2, 5) => 0.11381409761227138,(1, 7) => 0.39891467261107255,(1, 4) => 0.10543718663097859,(1, 3) => 0.05916569296638435,(2, 4) => 0.05899450558056926,(1, 1) => 0.0,(1, 2) => 0.24184681062862393,(2, 7) => 0.06926784792646523,(1, 5) => 0.09503617453168003), Dict((1, 6) => 0.059040458803882166,(2, 3) => 0.106003633157652,(2, 6) => 0.13592032194854659,(2, 2) => 0.43667456443201386,(2, 1) => 0.0,(2, 5) => 0.27645515098355217,(1, 7) => 0.08143775017250424,(1, 4) => 0.10543718663097859,(1, 3) => 0.22692741416576678,(2, 4) => 0.05899450558056926,(1, 1) => 0.0,(1, 2) => 0.11925801312450095,(2, 7) => 0.06926784792646523,(1, 5) => 0.1629398167802251), Dict((1, 6) => 0.059040458803882166,(2, 3) => 0.106003633157652,(2, 6) => 0.13592032194854659,(2, 2) => 0.06962098174158887,(2, 1) => 0.0,(2, 5) => 0.1544743609550916,(1, 7) => 0.08143775017250424,(1, 4) => 0.36737688021412834,(1, 3) => 0.05916569296638435,(2, 4) => 0.05899450558056926,(1, 1) => 0.0,(1, 2) => 0.11925801312450095,(2, 7) => 0.06926784792646523,(1, 5) => 0.09503617453168003)],"gamma_surprise" => [0.02375127527758194, 0.02375127527758194, 0.02375127527758194, 0.02375127527758194, 0.02375127527758194, 0.0187688146607031, 0.0184917337933559, 0.0187688146607031, 0.01571422573789303, 0.015397807761527832, 0.01905432542318602, 0.02375127527758194, 0.02375127527758194, 0.02375127527758194, 0.0184917337933559, 0.02375127527758194, 0.0184917337933559, 0.015571496389365369, 0.0184917337933559, 0.02375127527758194, 0.02375127527758194, 0.01567840247489577, 0.0184917337933559, 0.013543595979450346, 0.013479220717700463, 0.015534736573645293, 0.02375127527758194, 0.015397807761527832, 0.013522593515358282, 0.013582378526207826, 0.01336031268309003, 0.0187688146607031, 0.01905432542318602, 0.026047415460522964, 0.011917071822268237, 0.016250484657425283, 0.01567840247489577, 0.021086393473188927, 0.010841193172456246, 0.012020494357725977, 0.012242494272482828, 0.03080027596701687, 0.011066467361327296, 0.01039522348755485, 0.01343901545756173, 0.028352278776899588, 0.009692269840420098, 0.014620917300593318, 0.013522593515358282, 0.011967006378004337, 0.0184917337933559, 0.009118764270722274, 0.015397807761527832, 0.03046263183629251, 0.012113942667967626, 0.010875162885421877, 0.012544327106120464, 0.010976367734716965, 0.027206843219331492, 0.015397807761527832, 0.008641964903073607, 0.010032587774224581, 0.022802427915569162, 0.008239313341277962, 0.009405806372597435, 0.011808221789426452, 0.011992677249541204, 0.03301618954987246, 0.0106058623243038, 0.007916832290041984, 0.01091178687683886, 0.02594869295296693, 0.01403321905775803, 0.009845700801928831, 0.007615003561330441, 0.03417232191986587, 0.012974423697563525, 0.0101058030908135, 0.012554477918137453, 0.025728618694937963, 0.010892709370593088, 0.010058960107147399, 0.009544562163462781, 0.007351579447298775, 0.01886870252956004, 0.007134683408253719, 0.012160951913387414, 0.00941747684048203, 0.016996881152153375, 0.006926918455744495, 0.00942756321478739, 0.009011401532614208, 0.0067414775343913, 0.03297703326745486, 0.011564281948441817, 0.008859260081497544, 0.010737402417237054, 0.008397267451110075, 0.016001676358815147, 0.006574937066839294, 0.01038338949360711, 0.008008488065324056, 0.026271679329848942, 0.00856473447343664, 0.0064245410129133715, 0.00979730747843979, 0.0076767324876520935, 0.015265558457561734, 0.006288045420272481, 0.009788663821144076, 0.010850579506094742, 0.010045205432081507, 0.025376017113722248, 0.009572037461078133, 0.007390271801197801, 0.011363029362387136, 0.023540503338471765, 0.007140396262110955, 0.009249533112759745, 0.01336031268309003, 0.047858061204745464, 0.006920500220780132, 0.009129857696145674, 0.006725481543031683, 0.02328484514077475, 0.016485874602728486, 0.010141210039738578, 0.006551336026983232, 0.008773107276569462, 0.006394876619458486, 0.008434963176155224, 0.006253534746218616, 0.00904352306402841, 0.028461946866750683, 0.009511114363945625, 0.008448019892376833, 0.006304641278181825, 0.021586096180411525, 0.008137401032666226, 0.006125217001789377, 0.009286168984943425, 0.02056915767642398, 0.006008199976722024, 0.008826207780813883, 0.008345384699829964, 0.006184497344818291, 0.015839447830675604, 0.006074103187052408, 0.008433931177610694, 0.008029386175319207, 0.005972316419474475, 0.014574689852954523, 0.005878166683633044, 0.008263035061697633, 0.005901051870045517, 0.020244794734771365, 0.00800663964820255, 0.005802573243367576, 0.008329173251647715, 0.019024099683421187, 0.0057117516708239035, 0.008019014615934567, 0.007954718796419714, 0.005790824398508153, 0.01880006203325232, 0.007792152391636751, 0.005627726621762987, 0.007582215244046005, 0.005549761977593093, 0.01698844581838379, 0.007404933934739539, 0.005477224312628957, 0.00814378348234447, 0.01752069713889301, 0.005414742339607682],"final_PolicyParameters" => Dict{Int64,Any}(1 => [0.0 0.0; 0.3681625939783303 1.379320268334258; 2.140497404414362 0.9949905472989268; 0.3311034693773985 1.7537700890588228; 1.1050538661813598 0.972332336792439; 1.5391303054163283 0.06757141027306755; 1.103955495699418 1.8499277825356404]),"particlefilterseeds" => [1, 2, 3])
POPULATION_SIGNALS
subject_id: 5
algorithm_name: Actor-Critic (TD-Lambda, ReplTrc) modulated Actor
param_string: alpha(actor)=0.7972,
                surpriseprobability=0.0043,
                stochasticity=2.7816,
                eta(critic)=0.0,
                gamma=0.9966,
                lambda_actor=0.7939,
                lambda_critic=0.305,
                temp=0.392,
                nparticles=15,
                init_policy=nothing,
                init_Vs=nothing,
                use_replacing_trace=true
param_vector: [0.7972414808175023, 0.004336552046615557, 2.7816353998652787, 3.24411867293681e-5, 0.9966448663088217, 0.7939275473003868, 0.3049775441960644, 0.39196929107560724, 15.0]
LL: -79.791
RPE
[0.0, 0.0, 0.0, 0.0, 0.0, 0.0, 0.0, 0.0, 0.0, 0.0, 0.0, 0.0, 0.0, 0.0, 0.0, 1.0, 0.0, 0.0, 1.0, -0.0, 1.0, 0.0, -0.0, 0.0, -0.0, -0.0, 0.0, 1.0, 0.0, 0.0, 1.0, 0.0, 1.0, 0.0, 1.0, 0.0, 1.0, 0.0, 1.0, 0.0, 0.0, -0.0, 0.0, 1.0, 0.0, 0.0, 1.0, 0.0, 1.0, 0.0, 0.0, 1.0, -0.0, 0.0, 1.0, 0.0, 0.0, 1.0, -0.0, 0.0, 1.0, 0.0, 0.0, 1.0, 0.0, 0.0, -0.0, 0.0, 0.0, 1.0, 0.0, 0.0, -0.0, 0.0, 1.0, 0.0, 0.0, 1.0, -0.0, 0.0, -0.0, 0.0, 0.0, 1.0, 0.0, 1.0, 0.0, 1.0, 0.0, 1.0, 0.0, 0.0, 0.999, 0.0, 0.0, 1.0, 0.0, 1.0, 0.0, 0.999, 0.0, 1.0, 0.0, 0.0, 0.999, 0.0, 1.0, 0.0, 0.999, 0.0, 0.0, -0.0, 0.0, 0.0, 1.0, -0.0, 0.0, 1.0, 0.0, 0.001, -0.0, 1.0, 0.0, 1.0, 0.0, -0.0, 0.0, 0.999, 0.0, 0.999, 0.0, 0.999, 0.0, -0.0, 0.0, 0.001, 0.999, 0.0, 0.0, 0.999, 0.0, 0.001, 0.999, 0.0, 0.001, 0.999, 0.0, 0.999, 0.0, 0.001, 0.999, 0.001, 0.999, 0.0, 0.999, 0.0, 0.0, 0.999, 0.0, 0.001, 0.999, 0.0, 0.001, 0.999, 0.0, 0.001, 0.999, 0.001, 0.999, 0.0, 0.001, 0.999, 0.0, 0.001, 0.999]
SPE
[0.857, 0.857, 0.857, 0.857, 0.857, 0.815, 0.815, 0.815, 0.777, 0.777, 0.815, 0.857, 0.857, 0.857, 0.815, 0.857, 0.815, 0.777, 0.815, 0.857, 0.857, 0.777, 0.815, 0.743, 0.743, 0.777, 0.857, 0.777, 0.743, 0.743, 0.743, 0.815, 0.815, 0.87, 0.711, 0.787, 0.777, 0.839, 0.682, 0.711, 0.711, 0.891, 0.682, 0.668, 0.743, 0.881, 0.644, 0.764, 0.745, 0.711, 0.815, 0.621, 0.777, 0.891, 0.713, 0.682, 0.723, 0.684, 0.876, 0.777, 0.6, 0.655, 0.852, 0.581, 0.63, 0.706, 0.711, 0.899, 0.668, 0.562, 0.682, 0.87, 0.754, 0.644, 0.545, 0.902, 0.734, 0.657, 0.723, 0.867, 0.682, 0.655, 0.634, 0.529, 0.819, 0.513, 0.717, 0.632, 0.797, 0.499, 0.63, 0.613, 0.485, 0.899, 0.702, 0.608, 0.679, 0.587, 0.785, 0.472, 0.668, 0.567, 0.872, 0.594, 0.46, 0.648, 0.548, 0.774, 0.448, 0.646, 0.68, 0.655, 0.867, 0.64, 0.531, 0.694, 0.852, 0.515, 0.626, 0.743, 0.931, 0.499, 0.622, 0.485, 0.853, 0.787, 0.656, 0.471, 0.606, 0.458, 0.59, 0.446, 0.617, 0.881, 0.634, 0.59, 0.45, 0.843, 0.575, 0.434, 0.627, 0.832, 0.423, 0.608, 0.584, 0.439, 0.783, 0.429, 0.589, 0.568, 0.419, 0.764, 0.41, 0.581, 0.413, 0.832, 0.568, 0.403, 0.584, 0.819, 0.393, 0.568, 0.565, 0.401, 0.819, 0.555, 0.384, 0.543, 0.376, 0.797, 0.531, 0.367, 0.576, 0.803, 0.359]
action_selection_prob
[0.5, 0.5, 0.5, 0.5, 0.5, 0.5, 0.5, 0.5, 0.5, 0.5, 0.5, 0.5, 0.5, 0.5, 0.5, 0.5, 0.653, 0.682, 0.625, 0.255, 0.438, 0.54, 0.219, 0.549, 0.291, 0.46, 0.451, 0.781, 0.426, 0.686, 0.848, 0.53, 0.544, 0.706, 0.883, 0.794, 0.75, 0.843, 0.906, 0.606, 0.783, 0.921, 0.783, 0.921, 0.322, 0.419, 0.932, 0.873, 0.833, 0.529, 0.353, 0.94, 0.106, 0.837, 0.875, 0.672, 0.393, 0.9, 0.269, 0.368, 0.947, 0.756, 0.384, 0.952, 0.809, 0.626, 0.083, 0.809, 0.869, 0.956, 0.156, 0.109, 0.483, 0.891, 0.96, 0.734, 0.357, 0.815, 0.391, 0.799, 0.135, 0.205, 0.799, 0.963, 0.515, 0.965, 0.698, 0.728, 0.79, 0.968, 0.415, 0.846, 0.97, 0.599, 0.841, 0.823, 0.872, 0.87, 0.893, 0.971, 0.909, 0.897, 0.287, 0.876, 0.973, 0.92, 0.915, 0.929, 0.974, 0.499, 0.693, 0.073, 0.501, 0.936, 0.927, 0.058, 0.896, 0.853, 0.42, 0.258, 0.976, 0.887, 0.831, 0.908, 0.565, 0.09, 0.528, 0.922, 0.866, 0.933, 0.889, 0.941, 0.668, 0.295, 0.332, 0.762, 0.977, 0.472, 0.905, 0.947, 0.636, 0.824, 0.952, 0.735, 0.861, 0.978, 0.918, 0.979, 0.795, 0.886, 0.979, 0.927, 0.98, 0.935, 0.957, 0.835, 0.941, 0.96, 0.862, 0.903, 0.963, 0.881, 0.916, 0.981, 0.896, 0.946, 0.966, 0.95, 0.968, 0.908, 0.954, 0.97, 0.917, 0.926, 0.972]
results_dict
Dict{String,Any}("Surprise" => [1.0000000000000002, 1.0000000000000002, 1.0000000000000002, 1.0000000000000002, 1.0000000000000002, 0.773340693506996, 0.773340693506996, 0.773340693506996, 0.6414854812363958, 0.6414854812363958, 0.773340693506996, 1.0000000000000002, 1.0000000000000002, 1.0000000000000002, 0.773340693506996, 1.0000000000000002, 0.773340693506996, 0.6414854812363958, 0.773340693506996, 1.0000000000000002, 1.0000000000000002, 0.6414854812363958, 0.773340693506996, 0.5552420044528426, 0.5552420044528426, 0.6414854812363958, 1.0000000000000002, 0.6414854812363958, 0.5552420044528426, 0.5552420044528426, 0.5552420044528426, 0.773340693506996, 0.773340693506996, 1.1027144987183164, 0.4944329462714055, 0.6713616911333633, 0.6414854812363958, 0.8866703467534981, 0.44925275144753235, 0.4944329462714055, 0.4944329462714055, 1.308143496154949, 0.44925275144753235, 0.4306299712606256, 0.5552420044528426, 1.2054289974366323, 0.40121026620727174, 0.6046595595136378, 0.5602635864972367, 0.4944329462714055, 0.773340693506996, 0.3772479345415808, 0.6414854812363958, 1.308143496154949, 0.49760718912223634, 0.44925275144753235, 0.5154982401767637, 0.45140647084768337, 1.154071748077475, 0.6414854812363958, 0.35735334574051164, 0.4143622561537865, 0.9622234489178327, 0.34057175276175783, 0.38660563855379065, 0.4859692346843635, 0.4944329462714055, 1.4108579948732656, 0.4306299712606256, 0.3262255156013591, 0.44925275144753235, 1.1027144987183164, 0.5799507819832401, 0.40121026620727174, 0.31382036774161076, 1.4622152442324239, 0.5365635340821214, 0.41590228884263736, 0.5154982401767637, 1.075553102164335, 0.44925275144753235, 0.4143622561537865, 0.39049797848750434, 0.3029873190395781, 0.7908665307212308, 0.29344533029015496, 0.5043274763027786, 0.3877522769483748, 0.703494669635228, 0.2849765823911762, 0.38660563855379065, 0.36947875431144556, 0.27740964604573676, 1.4108579948732656, 0.47943311658114374, 0.36487944414911744, 0.4450241491677154, 0.3459235649259168, 0.6629552975142704, 0.27060775628946765, 0.4302481103252759, 0.3299558688925804, 1.1133296532465025, 0.3517485027149484, 0.2644604723546743, 0.40585498002424664, 0.3163202258525049, 0.6328351676316879, 0.25887763492005783, 0.4037480224334283, 0.44689768636746485, 0.4143622561537865, 1.075553102164335, 0.3964555025277108, 0.3045397862736966, 0.46761099306594756, 0.9680730993615023, 0.2942595800723356, 0.381604162882379, 0.5552420044528426, 2.0785022365423225, 0.285209869608194, 0.3780543220935624, 0.277181989935841, 0.9701237901030335, 0.6713616911333633, 0.415814893860753, 0.27001197399480636, 0.36214287705558185, 0.26356918268584273, 0.3482478827383066, 0.2577482402423412, 0.3733355128010801, 1.2054289974366323, 0.39049797848750434, 0.3480079119395773, 0.25962795721207854, 0.9083166885602794, 0.336008864610025, 0.2524632048850343, 0.38304881631750354, 0.85007583809011, 0.2476432833905163, 0.3640880238705173, 0.34375801731934724, 0.25470865238144674, 0.6583779827563756, 0.2501863885591054, 0.3479100140815946, 0.330939638809852, 0.24601496516951524, 0.6056750533560081, 0.24215508197367924, 0.3412143792817577, 0.24322963239941975, 0.8502312744698229, 0.33065314581078775, 0.23917293781187815, 0.3436699993257167, 0.7879896575793983, 0.2354315599481662, 0.33086527136782456, 0.3282256114837239, 0.23857309718120365, 0.7881162797351388, 0.3211596939723759, 0.23197009591368825, 0.3125798807053033, 0.228758253597312, 0.7051687017878371, 0.3047878699250101, 0.22576996120949194, 0.33671750950720114, 0.7234538582803487, 0.22298265679333654],"trialByTrial_Vs" => [0.0, 0.0, 0.0, 0.0, 0.0, 0.0, 0.0, 0.0, 0.0, 0.0, 0.0, 0.0, 0.0, 0.0, 0.0, 0.0, 2.9971834568972844e-6, 9.860638325553667e-6, 3.24411867293681e-5, 5.994712852295524e-6, 2.558270806832069e-8, 8.416629655065494e-8, 1.972168576904001e-5, 7.775974219265178e-9, 3.246676860750301e-5, 8.467428092864168e-8, 8.505909623290909e-9, 6.488132102813979e-5, 3.0822983455420845e-6, 1.980544683159501e-5, 9.732040293045717e-5, 1.58551572771372e-5, 3.337685882117299e-5, 2.5716031277461062e-5, 0.00012975843247046124, 3.557875123751321e-5, 6.581696276563163e-5, 4.543971436545227e-5, 0.00016219540968229185, 6.080491605628172e-6, 2.9667629600226398e-5, 0.0001946313346000878, 2.96713324574665e-5, 0.0001946276000440765, 6.359379298215171e-6, 9.870601953068981e-6, 0.0002270624728231289, 5.53025233799652e-5, 9.825601431462069e-5, 9.358129179499679e-6, 1.9736022545234287e-5, 0.0002594962933764169, 6.516357560608992e-5, 3.953538177119724e-5, 0.00013069401350228113, 1.2357225005620439e-5, 2.9601851934659337e-5, 0.0001631309603627528, 6.816042619526908e-5, 3.946519577164265e-5, 0.00029192906173807604, 1.53557870285236e-5, 4.933111394284185e-5, 0.00032436077794224057, 1.835579638413785e-5, 5.919744084787043e-5, 0.00019556685493017444, 1.835792180091729e-5, 4.939767443921945e-5, 0.0003567914420230438, 2.135805677291554e-5, 5.926472795722657e-5, 7.115827928107488e-5, 5.926498681796501e-5, 0.0003892210540146178, 2.163645480794797e-5, 7.415714459227862e-5, 0.00019647300801771124, 8.401979225531487e-5, 6.913244897728652e-5, 0.00022890782092953896, 2.4635944773526543e-5, 6.913572497684393e-5, 0.0004216496139510936, 8.410452555049954e-5, 0.0004540771218666011, 9.39726393120587e-5, 0.00022981330292756594, 0.00010383539335016526, 0.0004865035777952692, 2.763676262773011e-5, 7.9003595642702e-5, 0.0005189289817712255, 3.063836933818215e-5, 0.00011370359569667346, 0.0002622470342406609, 0.00012356643848034557, 0.00029467971336502195, 0.00013342969011925472, 0.0005513533338285967, 0.00014329838967616992, 0.0003271113403347834, 3.363890520811788e-5, 8.887333221627295e-5, 0.0005837766340015082, 0.0001531617299810836, 0.00035954191518407843, 0.0001630254790778075, 0.0006161988823240844, 3.6640981925269666e-5, 5.947727267794115e-5, 0.000391971437947039, 3.664391657761128e-5, 0.00017289467570217074, 0.00039196189718712816, 0.00018275851314985192, 9.874420584111533e-5, 0.00042439036820739884, 3.964647373912852e-5, 5.976191246920139e-5, 0.0006486200788304486, 0.0004568177872095858, 0.00018575488539796162, 0.0004892441542278177, 4.056291604806985e-5, 0.00010861117756213497, 6.277485301209819e-5, 0.0005216694692962222, 0.00019562049176435358, 0.0005540937324489259, 0.0002054872353592861, 0.0005865169437200541, 4.147655945236992e-5, 7.264517764876338e-5, 4.147725398749126e-5, 0.0001116098113975198, 0.0006584699406249522, 4.448009752973778e-5, 0.00021535438747014992, 0.000618939103143731, 4.7484904963279194e-5, 0.00012148162590986415, 0.0006513602107540799, 5.048772688459764e-5, 0.00013135296040108619, 0.0006908897658080208, 0.00022522194806005551, 0.0007233085392534869, 5.349094321804584e-5, 0.00014122486295095862, 0.0007557262609954701, 0.00023509153389364838, 0.000788142931068089, 0.0002449622564854187, 0.0006837802665852228, 5.649472681938658e-5, 0.00025483031365234135, 0.0007161992706712808, 5.9500695898457806e-5, 0.00015109790223111785, 0.0007486172230463736, 6.250445784293737e-5, 0.0001609704614659705, 0.0008205585495054609, 6.550883558100032e-5, 0.0002646987791980389, 0.00078103412374462, 0.0002745683815486226, 0.0008134499728001377, 6.851517683902883e-5, 0.00028443839215695467, 0.0008458647702470432, 7.152230696789126e-5, 0.00017084431706747082, 0.000878278516119452, 0.0, 0.0, 0.0, 0.0, 0.0, 0.0, 0.0, 0.0, 0.0, 0.0, 0.0, 0.0, 0.0, 0.0, 0.0, 0.0, 0.0, 0.0, 0.0, 0.0, 0.0, 0.0, 0.0, 0.0, 0.0, 0.0, 0.0, 0.0, 0.0, 0.0, 0.0, 0.0, 0.0, 0.0, 0.0, 0.0, 0.0, 0.0, 0.0, 0.0, 0.0, 0.0, 0.0, 0.0, 0.0, 0.0, 0.0, 0.0, 0.0, 0.0, 0.0, 0.0, 0.0, 0.0],"final_V" => Dict{Int64,Any}(1 => [0.0, 0.00018071914941537585, 0.0002943088109861593, 0.0009106912104514782, 7.355688923793253e-5, 0.000852973116341702, 7.452700828737847e-5]),"nparticles" => 15,"trial_by_trial_p_sa_max" => [0.5, 0.5, 0.5, 0.5, 0.5, 0.5, 0.5, 0.5, 0.5, 0.5, 0.5, 0.5, 0.5, 0.5, 0.5, 0.5, 0.6533841547117566, 0.6820041415444427, 0.6250215447292777, 0.25467092268374714, 0.4381908928856701, 0.5395357630758881, 0.21873763901254473, 0.5490009633198603, 0.2912755302385936, 0.46046233556190236, 0.4509975233239255, 0.7809127897021733, 0.4261795383949415, 0.686016543736077, 0.8475240353263961, 0.5300702977440401, 0.5441609174744132, 0.7056101852210885, 0.8833599496868486, 0.7936240036957727, 0.7504638074258189, 0.8426524355068634, 0.9056223204883815, 0.6062354096724475, 0.7834092642818948, 0.9207695999275746, 0.7834118126062175, 0.9207691958991486, 0.32193054969144147, 0.41924603124108, 0.9317343759049865, 0.8733396543809421, 0.833016747019037, 0.5292390722352541, 0.35270314679299497, 0.9400372218584144, 0.10582267236057823, 0.8366580988672688, 0.8750003306990158, 0.6716410567520636, 0.3934382158052971, 0.9002092115778081, 0.26932679778709473, 0.36786753431439273, 0.9465412413471062, 0.7563819277876577, 0.38357764446301795, 0.9517733367155814, 0.8088771586538064, 0.6262586432863373, 0.08301514578087484, 0.8088793810703638, 0.8694223361307799, 0.956073102121288, 0.1563304890112663, 0.10854380481268641, 0.482743090906199, 0.8914558346353569, 0.9596692005249942, 0.7338003423726405, 0.3569251559082938, 0.8145304144506561, 0.3907213984817363, 0.7994949554236891, 0.13514918980474772, 0.2054832195800009, 0.799496560239223, 0.962721211957783, 0.5150959257057707, 0.965343877024016, 0.6984214973282368, 0.7283352770673099, 0.7898936314604916, 0.9676218053542236, 0.4153565917330821, 0.8462391325749121, 0.9696187531361937, 0.5991247846120163, 0.8405047917629486, 0.8231246679238364, 0.8719414821923959, 0.8695210155397369, 0.8932128944719967, 0.9713836727443445, 0.9085141638595476, 0.8967495184211246, 0.286689234730351, 0.8757252403739865, 0.972954772482151, 0.9200201367298461, 0.9146072385893519, 0.9289804792012973, 0.9743623101508105, 0.4989732583477953, 0.6929131961148779, 0.07279041929351528, 0.5010109485446502, 0.9361524716571983, 0.927223815324226, 0.05798310493324686, 0.8958858276864861, 0.8532049506849415, 0.41994592749255993, 0.2576269820335331, 0.975630558281736, 0.8867540013149627, 0.8306294265445779, 0.9078723957754772, 0.5648599862591428, 0.08950846719920247, 0.5284541763333761, 0.9223686153371217, 0.86556512847492, 0.9329293212698044, 0.8887833622504151, 0.9409634641998571, 0.667943364004565, 0.29484444112496616, 0.3320557024667881, 0.7616313407662938, 0.9765437307970417, 0.47161732910809157, 0.9052635921800667, 0.9472799652851475, 0.6361210864150573, 0.824166133581451, 0.9523760425833797, 0.7352640794135498, 0.8614635826729621, 0.9776097454430466, 0.9175408824236024, 0.9785830491068562, 0.7954809308290276, 0.8859675812402452, 0.9794752302233604, 0.9270294506097572, 0.980296023448378, 0.9345767642337909, 0.9565740279851987, 0.8345853208553439, 0.9407195791358308, 0.9600919920957831, 0.8616344690595535, 0.9032186375958621, 0.9630827231948081, 0.8813175226349786, 0.9159918167857847, 0.9810536660326278, 0.8962242021816863, 0.9458149888124957, 0.9656564444521905, 0.95010878640723, 0.9678946660755359, 0.9078774158290962, 0.9537755205422789, 0.9698589603680634, 0.9172228547679457, 0.9258168573647514, 0.971596704986105],"final_Tsas" => Dict{Tuple{Int64,Int64},Float64}[Dict((1, 6) => 0.6072824173651274,(2, 3) => 0.10508059177497553,(2, 6) => 0.13587878234940565,(2, 2) => 0.068842015244757,(2, 1) => 1.0,(2, 5) => 0.11366860770585357,(1, 7) => 0.08085921987082224,(1, 4) => 0.10508059177497553,(1, 3) => 0.05859596723571044,(2, 4) => 0.6482406355587332,(1, 1) => 1.0,(1, 2) => 0.11851145373218261,(2, 7) => 0.06883163620399918,(1, 5) => 0.09438407705081557), Dict((1, 6) => 0.07979118126256564,(2, 3) => 0.3317398982679792,(2, 6) => 0.13587878234940565,(2, 2) => 0.068842015244757,(2, 1) => 0.0,(2, 5) => 0.11366860770585357,(1, 7) => 0.1660172828720698,(1, 4) => 0.10508059177497553,(1, 3) => 0.05859596723571044,(2, 4) => 0.05862656074021114,(1, 1) => 0.0,(1, 2) => 0.11851145373218261,(2, 7) => 0.4385400355942429,(1, 5) => 0.09438407705081557), Dict((1, 6) => 0.05869153181846319,(2, 3) => 0.10508059177497553,(2, 6) => 0.18472730590356617,(2, 2) => 0.068842015244757,(2, 1) => 0.0,(2, 5) => 0.11366860770585357,(1, 7) => 0.10992816969607198,(1, 4) => 0.10508059177497553,(1, 3) => 0.05859596723571044,(2, 4) => 0.05862656074021114,(1, 1) => 0.0,(1, 2) => 0.161116409700863,(2, 7) => 0.21730178338576042,(1, 5) => 0.09438407705081557), Dict((1, 6) => 0.0781602740984543,(2, 3) => 0.10508059177497553,(2, 6) => 0.13587878234940565,(2, 2) => 0.21733455006385924,(2, 1) => 0.0,(2, 5) => 0.11366860770585357,(1, 7) => 0.08085921987082224,(1, 4) => 0.10508059177497553,(1, 3) => 0.4799018453428725,(2, 4) => 0.05862656074021114,(1, 1) => 0.0,(1, 2) => 0.11851145373218261,(2, 7) => 0.06883163620399918,(1, 5) => 0.3658332455662486), Dict((1, 6) => 0.05869153181846319,(2, 3) => 0.1428571428571428,(2, 6) => 0.13587878234940565,(2, 2) => 0.068842015244757,(2, 1) => 0.0,(2, 5) => 0.11366860770585357,(1, 7) => 0.4006176679485693,(1, 4) => 0.10508059177497553,(1, 3) => 0.05859596723571044,(2, 4) => 0.05862656074021114,(1, 1) => 0.0,(1, 2) => 0.24632632163822354,(2, 7) => 0.06883163620399918,(1, 5) => 0.09438407705081557), Dict((1, 6) => 0.05869153181846319,(2, 3) => 0.10508059177497553,(2, 6) => 0.13587878234940565,(2, 2) => 0.4384553737123561,(2, 1) => 0.0,(2, 5) => 0.27712440455307347,(1, 7) => 0.08085921987082224,(1, 4) => 0.10508059177497553,(1, 3) => 0.2271183184785754,(2, 4) => 0.05862656074021114,(1, 1) => 0.0,(1, 2) => 0.11851145373218261,(2, 7) => 0.06883163620399918,(1, 5) => 0.16224636917967383), Dict((1, 6) => 0.05869153181846319,(2, 3) => 0.10508059177497553,(2, 6) => 0.13587878234940565,(2, 2) => 0.068842015244757,(2, 1) => 0.0,(2, 5) => 0.15453255691765852,(1, 7) => 0.08085921987082224,(1, 4) => 0.3695164493501465,(1, 3) => 0.05859596723571044,(2, 4) => 0.05862656074021114,(1, 1) => 0.0,(1, 2) => 0.11851145373218261,(2, 7) => 0.06883163620399918,(1, 5) => 0.09438407705081557)],"gamma_surprise" => [0.004336552046615559, 0.004336552046615559, 0.004336552046615559, 0.004336552046615559, 0.004336552046615559, 0.0033569317621218275, 0.0033569317621218275, 0.0033569317621218275, 0.0027861668771766786, 0.0027861668771766786, 0.0033569317621218275, 0.004336552046615559, 0.004336552046615559, 0.004336552046615559, 0.0033569317621218275, 0.004336552046615559, 0.0033569317621218275, 0.0027861668771766786, 0.0033569317621218275, 0.004336552046615559, 0.004336552046615559, 0.0027861668771766786, 0.0033569317621218275, 0.0024124888571078833, 0.0024124888571078833, 0.0027861668771766786, 0.004336552046615559, 0.0027861668771766786, 0.0024124888571078833, 0.0024124888571078833, 0.0024124888571078833, 0.0033569317621218275, 0.0033569317621218275, 0.004779849743219105, 0.002148845371999724, 0.0029155500326231917, 0.0027861668771766786, 0.003846982744795101, 0.0019528720692374697, 0.002148845371999724, 0.002148845371999724, 0.005665261977492279, 0.0019528720692374697, 0.0018720716204155363, 0.0024124888571078833, 0.005222752877997482, 0.0017443988516181476, 0.0026266408011178756, 0.002434254178952904, 0.002148845371999724, 0.0033569317621218275, 0.0016403853218769466, 0.0027861668771766786, 0.005665261977492279, 0.00216261105253095, 0.0019528720692374697, 0.002240191741627144, 0.001962215774955925, 0.00500135059790562, 0.0027861668771766786, 0.0015540122138859667, 0.0018014786125220737, 0.004173415755591343, 0.0014811426735735554, 0.0016810069795292926, 0.002112139093223771, 0.002148845371999724, 0.006107377567308616, 0.0018720716204155363, 0.001418839575272249, 0.0019528720692374697, 0.004779849743219105, 0.002519576323337103, 0.0017443988516181476, 0.0013649600062770205, 0.0063282879600834036, 0.002331521388529082, 0.00180816194205255, 0.002240191741627144, 0.004662664331280309, 0.0019528720692374697, 0.0018014786125220737, 0.0016979025973922583, 0.0013179038164225093, 0.0034327470931251438, 0.0012764520107678527, 0.002191753545023935, 0.0016859842928574707, 0.003054668975740742, 0.0012396596392055155, 0.0016810069795292926, 0.0016066569112215376, 0.0012067828836341157, 0.006107377567308616, 0.002083790748406616, 0.0015866888115277492, 0.0019345261735326175, 0.0015043826292563823, 0.0028791483497237337, 0.001177228248148726, 0.0018704146667374538, 0.001435040569010537, 0.0048256403774148745, 0.0015296758780050062, 0.0011505164110984453, 0.0017645576991632797, 0.0013758181662867938, 0.0027486992010576122, 0.0011262560294811672, 0.0017554132459439973, 0.0019426546442822656, 0.0018014786125220737, 0.004662664331280309, 0.0017237615255837177, 0.001324647637473583, 0.002032511935642228, 0.004198680698847311, 0.0012799893661340803, 0.0016592960572943056, 0.0024124888571078833, 0.008971573249416885, 0.0012406731889723255, 0.0016438859687281345, 0.0012057937319186957, 0.004207537434894381, 0.0029155500326231917, 0.0018077826736261778, 0.0011746394535860636, 0.0015748075106816342, 0.0011466433651038859, 0.001514475517063998, 0.001121348068911169, 0.001623400575717597, 0.005222752877997482, 0.0016979025973922583, 0.001513433501044698, 0.0011295166452620878, 0.0039405293076386246, 0.001461327723486203, 0.0010983804832403136, 0.0016655672551418577, 0.0036887964009294427, 0.001077433257861351, 0.0015832527463527694, 0.0014949789858761877, 0.0011081388266108013, 0.0028593263709551955, 0.0010884856214482242, 0.0015130084022964238, 0.0014393130124643072, 0.0010703564401748225, 0.002631040499501291, 0.0010535806394932378, 0.0014839333017290666, 0.0010582509005616647, 0.0036894684088730977, 0.0014380687973231865, 0.0010406192769844764, 0.0014945967740363339, 0.0034203027677350366, 0.0010243575636794595, 0.001438990041179443, 0.0014275260942644159, 0.001038012135072906, 0.003420850496480904, 0.00139683777599388, 0.0010093120104378913, 0.0013595718501247577, 0.0009953510542530248, 0.003061915593016349, 0.0013257252889760092, 0.0009823614549882348, 0.0014644051600073446, 0.0031410622498215567, 0.0009702452118021988],"final_PolicyParameters" => Dict{Int64,Any}(1 => [0.0 0.0; 1.0131696446988356 2.0493553202139707; 3.323923928976026 2.1082570239725666; 1.4446152743695393 2.8519580073194075; 1.8631831182545437 1.7996055161000837; 1.7590129567228814 0.19662392942953794; 2.3986660859831326 3.3827582899022515]),"particlefilterseeds" => [1, 2, 3])