DateTime of fitting: 2020-02-09T16:30:18.405
DATA_STATS
nr_subjects: 1
all_subject_ids: [4]
nr_puzzles: 1
nr_episodes: 60
nr_actions: 189
max_state_id: 7
max_action_id: 2
SUBJECT_SIGNALS
subject_id: 4
algorithm_name: Sarsa-Lambda (ReplTrc)
param_string: alpha=0.1089, gamma=0.9982,
                lambda=0.4701, temp=0.1717,
                reward_magnitude=1.0,
                action_cost=0.0,
                initQSA=nothing, use_replacing_trace=true
param_vector: [0.10892186454027894, 0.9981677035934761, 0.4700807832485412, 0.17174032823517554, 1.0, 0.0, 0.0]
LL: -73.999
RPE
[0.0, 0.0, 0.0, 1.0, 0.013, -0.024, 0.0, 1.0, 0.023, 0.006, 0.058, 0.891, 0.0, 0.206, 0.794, 0.109, 0.891, 0.033, 0.143, 0.794, 0.033, 0.032, 0.189, 0.708, 0.051, 0.318, 0.63, 0.063, 0.319, 0.562, 0.059, 0.173, 0.708, 0.068, 0.209, 0.63, 0.144, -0.181, 0.091, 0.009, 0.114, 0.284, 0.501, 0.123, 0.382, 0.446, 0.146, -0.252, 0.091, 0.063, -0.142, 0.081, -0.021, 0.143, 0.366, 0.397, 0.587, -0.511, 0.16, 0.302, 0.394, 0.036, 0.481, 0.351, 0.069, -0.191, 0.203, 0.188, 0.562, -0.036, -0.035, 0.581, 0.313, 0.536, 0.279, -0.014, 0.083, 0.493, 0.249, 0.17, 0.15, 0.501, 0.174, 0.387, 0.222, 0.23, 0.446, 0.183, 0.357, 0.197, 0.52, 0.176, 0.471, 0.157, 0.061, 0.429, 0.14, 0.39, 0.124, 0.132, 0.355, 0.111, 0.057, 0.109, 0.397, 0.067, 0.375, 0.099, 0.008, 0.357, 0.074, 0.354, 0.11, 0.313, 0.088, 0.061, 0.343, 0.078, 0.093, 0.048, 0.316, 0.31, 0.07, 0.093, 0.28, 0.062, 0.253, 0.056, -0.002, 0.281, 0.068, 0.292, 0.049, 0.122, 0.22, 0.044, 0.199, 0.039, 0.053, 0.057, 0.251, 0.179, 0.035, -0.03, 0.223, 0.154, 0.031, 0.179, 0.139, 0.028, 0.125, 0.025, -0.064, 0.199, 0.03, 0.266, 0.022, -0.172, 0.043, 0.238, 0.02, -0.035, 0.177, 0.052, 0.213, 0.018, 0.129, 0.121, 0.016, 0.109, -0.196, 0.172, 0.027, 0.059, 0.029, 0.158, 0.058, 0.152, 0.024, -0.647, 0.107, 0.62, 0.141, 0.083, 0.665, 0.021, 0.11, 0.139, 0.019]
SPE
Float64[]
action_selection_prob
[0.5, 0.5, 0.5, 0.5, 0.516, 0.535, 0.426, 0.5, 0.533, 0.566, 0.5, 0.653, 0.5, 0.399, 0.768, 0.447, 0.653, 0.543, 0.489, 0.768, 0.47, 0.429, 0.575, 0.846, 0.414, 0.347, 0.896, 0.496, 0.44, 0.928, 0.533, 0.527, 0.846, 0.579, 0.468, 0.896, 0.375, 0.452, 0.072, 0.549, 0.394, 0.568, 0.948, 0.389, 0.358, 0.962, 0.549, 0.552, 0.08, 0.577, 0.55, 0.084, 0.579, 0.443, 0.48, 0.971, 0.395, 0.977, 0.507, 0.567, 0.971, 0.432, 0.54, 0.978, 0.486, 0.639, 0.093, 0.36, 0.891, 0.497, 0.361, 0.462, 0.982, 0.577, 0.985, 0.514, 0.407, 0.676, 0.988, 0.461, 0.572, 0.915, 0.517, 0.631, 0.989, 0.754, 0.937, 0.58, 0.7, 0.991, 0.639, 0.992, 0.802, 0.993, 0.722, 0.851, 0.993, 0.887, 0.994, 0.758, 0.912, 0.994, 0.793, 0.756, 0.951, 0.813, 0.789, 0.995, 0.163, 0.464, 0.83, 0.962, 0.816, 0.85, 0.995, 0.841, 0.931, 0.995, 0.86, 0.877, 0.969, 0.945, 0.996, 0.874, 0.955, 0.996, 0.963, 0.996, 0.969, 0.975, 0.89, 0.89, 0.996, 0.902, 0.971, 0.996, 0.975, 0.996, 0.915, 0.908, 0.979, 0.978, 0.996, 0.981, 0.982, 0.982, 0.996, 0.921, 0.983, 0.997, 0.985, 0.997, 0.986, 0.984, 0.932, 0.917, 0.997, 0.986, 0.938, 0.929, 0.997, 0.986, 0.986, 0.944, 0.939, 0.997, 0.949, 0.986, 0.997, 0.987, 0.997, 0.946, 0.997, 0.954, 0.952, 0.988, 0.957, 0.955, 0.997, 0.961, 0.012, 0.461, 0.989, 0.052, 0.57, 0.997, 0.934, 0.959, 0.997]
results_dict
Dict{String,Any}("trialByTrial_Qsa" => [0.0, 0.0, 0.0, 0.0, 0.011252346620257933, 0.023980989019793616, 0.0, 0.0, 0.022660708072181082, 0.045349924002031354, 0.05110825801723119, 0.10892186454027894, 0.0, 0.0, 0.205979756505627, 0.0, 0.10892186454027894, 0.029549368209893366, 0.06297558176065568, 0.205979756505627, 0.0368208827833357, 0.07028042010090496, 0.10292513678179215, 0.2924659219097604, 0.0, 0.05110825801723119, 0.3695318529211366, 0.054604050883525754, 0.11793992830962485, 0.4382036190342212, 0.05950844115628856, 0.11909174573543196, 0.2924659219097604, 0.09177542877273298, 0.15967273721084713, 0.3695318529211366, 0.03691532668935596, 0.18144862561398695, 0.0, 0.09127869102662359, 0.10044268020264988, 0.21467936200662782, 0.4993955283409947, 0.04752049788469508, 0.17057641614056399, 0.5539223007912948, 0.1249492417352882, 0.2711765322788864, 0.01894958325910868, 0.1105139445226903, 0.17407844897396293, 0.02872785957074307, 0.11209281439248099, 0.09112758726129874, 0.23501886857833362, 0.6025099155189446, 0.05738368552120344, 0.6458052766568941, 0.13501119978830836, 0.29524145720355616, 0.6055445586001832, 0.13047905916277242, 0.1667885795411694, 0.64850938075551, 0.16738894634585896, 0.23709315300814043, 0.046155693041185455, 0.2491326657304881, 0.4382036190342212, 0.1751124194069095, 0.13935227898642583, 0.10453831588367207, 0.6867943943720372, 0.1838290580357368, 0.7209093329215022, 0.1868576728821671, 0.17274417264700487, 0.25644880378377216, 0.7513084087554824, 0.1772972121089913, 0.3482920224757104, 0.4993955283409947, 0.21553363572523893, 0.39023585264348926, 0.7783963605693242, 0.3229100846707769, 0.5539223007912948, 0.2595642333117429, 0.4436854447690547, 0.802533842165025, 0.3025309060736609, 0.8240422242600155, 0.37076006989997495, 0.8432078732739748, 0.3681633266408625, 0.4300650529926068, 0.8602859640622093, 0.48389436437472216, 0.8755038773590009, 0.4000777071388312, 0.5327372520979933, 0.8890642271650938, 0.4352092536335723, 0.49270386523524967, 0.6025099155189446, 0.456461120473895, 0.5248589235605453, 0.9011475583864886, 0.2041724849854937, 0.21299518187946348, 0.5707173109094077, 0.6458052766568941, 0.48532403443430355, 0.596869419481371, 0.9119147506413914, 0.5154830370396636, 0.5770413478130735, 0.9215091602400265, 0.5414740614018713, 0.6355046306790032, 0.6843848263337535, 0.6183890421435743, 0.930058528856015, 0.5615920702558087, 0.655725632087795, 0.937676684301708, 0.6894343636714005, 0.9444650560518985, 0.7198625828091039, 0.7187622195266851, 0.5875311981728071, 0.656822706891724, 0.9505140256938656, 0.6110552346667175, 0.7339728537285107, 0.9559041302838821, 0.7602089086442899, 0.9607071346318868, 0.636607634129102, 0.6911515540063007, 0.7493951629550082, 0.7838640039740895, 0.9649869867909119, 0.80518912174273, 0.7766915090687615, 0.8133430067364765, 0.9688006694728192, 0.6513270253019342, 0.8316769381855391, 0.9721989587262482, 0.848209692773712, 0.9752270999779464, 0.8631161323252027, 0.801014686268668, 0.6785625804900423, 0.7101539710185167, 0.9779254104384184, 0.8663618555649223, 0.695984967164008, 0.7402531577321887, 0.9803298158924273, 0.8557938687271908, 0.822688537656417, 0.7133088102162343, 0.7672124123943351, 0.9824723290212747, 0.7303568591657439, 0.8610858644813373, 0.984381475625326, 0.8751172278698152, 0.9860826744215833, 0.7913586535864213, 0.9734846353180446, 0.7510080418141731, 0.8114035727918009, 0.8420016327392436, 0.7626984190609956, 0.8226433475742853, 0.9763727382781686, 0.7773955652145766, 0.13038210057317828, 0.23747352785506554, 0.8592111094956049, 0.2290778990013943, 0.3122183405472362, 0.9789462636788917, 0.7288029824893621, 0.8404005259530681, 0.9812394758945262],"StateValue_V2_record" => [0.0, 0.0, 0.0, 0.0, 1.0, 0.011231728985980674, 0.023937048739787758, 0.051014612539722524, 0.0, 1.0, 0.022619186938211137, 0.0452668294992463, 0.051014612539722524, 0.1087222873992899, 1.0, 0.0, 0.07015164553970508, 0.20560234053796506, 1.0, 0.036753416012126755, 0.1087222873992899, 1.0, 0.029495225008707326, 0.07015164553970508, 0.20560234053796506, 1.0, 0.05727854160042984, 0.11887353435767427, 0.10273654742352588, 0.2919300376520144, 1.0, 0.05939940405340005, 0.15938016942823585, 0.3688547610349331, 1.0, 0.05727854160042984, 0.15938016942823585, 0.437400700117739, 1.0, 0.05939940405340005, 0.11887353435767427, 0.2919300376520144, 1.0, 0.09160726898438551, 0.18111615794930574, 0.3688547610349331, 1.0, 0.12472029768865874, 0.21428600578306822, 0.437400700117739, 0.0911114414090633, 0.1737594856574547, 0.21428600578306822, 0.4984804877089814, 1.0, 0.12472029768865874, 0.27067965649325815, 0.5529073509500614, 1.0, 0.12472029768865874, 0.27067965649325815, 0.437400700117739, 0.11031145021927058, 0.1737594856574547, 0.437400700117739, 0.1118874271314725, 0.13002063268586295, 0.24837516107590224, 0.6014059387658443, 1.0, 0.130143201918823, 0.6446219699691615, 0.13476381925209577, 0.2947004873424652, 0.60443502148147, 1.0, 0.17697235106435727, 0.1664829734262269, 0.6473211193475547, 1.0, 0.17697235106435727, 0.23665872807587218, 0.437400700117739, 0.3476538482545072, 0.437400700117739, 1.0, 0.17697235106435727, 0.23703840596333214, 0.130143201918823, 0.6855359834712085, 1.0, 0.18349222871328322, 0.7195884133413605, 1.0, 0.18651529423961366, 0.23703840596333214, 0.2559789135621418, 0.7499317890579286, 1.0, 0.20379838047494372, 0.3476538482545072, 0.4984804877089814, 1.0, 0.21513871421901454, 0.3895208248929938, 0.7769701077150016, 1.0, 0.3223184176830043, 0.5529073509500614, 1.0, 0.25908863469978366, 0.44287248152297737, 0.8010633622899122, 1.0, 0.3019765797815997, 0.8225323346536799, 1.0, 0.3700807275562147, 0.8416628665178223, 1.0, 0.36748874230044454, 0.4292770463414369, 0.8587096651816751, 1.0, 0.48300772646974116, 0.8738996947506182, 1.0, 0.39934464619371035, 0.5317611195453527, 0.8874351979764902, 1.0, 0.4344118212820536, 0.4918010857134987, 0.6014059387658443, 1.0, 0.4556247484031328, 0.5238972264409733, 0.8994963889535093, 1.0, 0.48443477695000986, 0.23703840596333214, 0.5696715876314874, 0.6446219699691615, 1.0, 0.48443477695000986, 0.5957757777888912, 0.910243852520735, 1.0, 0.5145385193232718, 0.5759840370250598, 0.9198206823171398, 1.0, 0.5404819204249387, 0.6343401978278808, 0.6831308304757827, 1.0, 0.6172559701238208, 0.9283543859557352, 1.0, 0.5605630671235466, 0.6545241483684549, 0.9359585826825807, 1.0, 0.6881711155643113, 0.9427345161236071, 1.0, 0.7185435811854317, 0.7174452340947012, 1.0, 0.5864546668696743, 0.6556192130061629, 0.9487724022602361, 1.0, 0.6099356003560501, 0.7326279979061379, 0.9541526305809815, 1.0, 0.7588159805927736, 0.958946834401379, 1.0, 0.6354411802487215, 0.6898851594975315, 0.7480220488908593, 1.0, 0.7824277327764043, 0.9632188446026725, 1.0, 0.8037137766083887, 0.7752683800077171, 1.0, 0.8118527212679619, 0.9670255394875061, 1.0, 0.6501336011340015, 0.8301530595203129, 0.9704176020677477, 1.0, 0.846655521201664, 0.9734401948671121, 1.0, 0.8615346477375304, 0.799546989937445, 1.0, 0.6773192527122087, 0.7088527584493408, 0.9761335612230236, 1.0, 0.8647744238502213, 0.6947097164096787, 0.738896794531358, 0.9785335610935594, 1.0, 0.8542258006967968, 0.8211811284051808, 1.0, 0.7120018170465332, 0.7658066518480644, 0.9806721485032998, 1.0, 0.7290186289172144, 0.8595080999461395, 0.9825777969848889, 1.0, 0.8735137537179021, 0.9842758786807051, 0.7899086499691833, 0.9717009229189452, 1.0, 0.7496319724778865, 0.8099168409411338, 0.8404588361732882, 1.0, 0.7613009294884886, 0.8211360211246741, 0.9745837340183936, 1.0, 0.7759711461139863, 0.8797791314128208, 0.26363218017066936, 0.8576367800672307, 1.0, 0.7274675994034829, 0.31164626400380063, 0.9771525439577728, 1.0, 0.7274675994034829, 0.8388606630893235, 0.9794415543289052, 1.0],"final_QSA" => Dict{Int64,Any}(1 => [0.0 0.0; 0.2641161191867603 0.3857202335674429; 0.8813941066671985 0.17707102456541063; 0.0 0.9832829071598472; 0.8565039517178832 0.29835160546082656; 0.8745460979559008 0.09130908630125281; 0.7483467109430808 0.27255991752142866]),"trialByTrial_Vs" => [0.0, 0.0, 0.0, 0.0, 0.011252346620257933, 0.023980989019793616, 0.05110825801723119, 0.0, 0.022660708072181082, 0.045349924002031354, 0.05110825801723119, 0.10892186454027894, 0.0, 0.07028042010090496, 0.205979756505627, 0.0368208827833357, 0.10892186454027894, 0.029549368209893366, 0.07028042010090496, 0.205979756505627, 0.05738368552120344, 0.11909174573543196, 0.10292513678179215, 0.2924659219097604, 0.05950844115628856, 0.15967273721084713, 0.3695318529211366, 0.05738368552120344, 0.15967273721084713, 0.4382036190342212, 0.05950844115628856, 0.11909174573543196, 0.2924659219097604, 0.09177542877273298, 0.18144862561398695, 0.3695318529211366, 0.1249492417352882, 0.21467936200662782, 0.4382036190342212, 0.09127869102662359, 0.17407844897396293, 0.21467936200662782, 0.4993955283409947, 0.1249492417352882, 0.2711765322788864, 0.5539223007912948, 0.1249492417352882, 0.2711765322788864, 0.4382036190342212, 0.1105139445226903, 0.17407844897396293, 0.4382036190342212, 0.11209281439248099, 0.13025930634479482, 0.2488310933941598, 0.6025099155189446, 0.13038210057317828, 0.6458052766568941, 0.13501119978830836, 0.29524145720355616, 0.6055445586001832, 0.1772972121089913, 0.1667885795411694, 0.64850938075551, 0.1772972121089913, 0.23709315300814043, 0.4382036190342212, 0.3482920224757104, 0.4382036190342212, 0.1772972121089913, 0.23747352785506554, 0.13038210057317828, 0.6867943943720372, 0.1838290580357368, 0.7209093329215022, 0.1868576728821671, 0.23747352785506554, 0.25644880378377216, 0.7513084087554824, 0.2041724849854937, 0.3482920224757104, 0.4993955283409947, 0.21553363572523893, 0.39023585264348926, 0.7783963605693242, 0.3229100846707769, 0.5539223007912948, 0.2595642333117429, 0.4436854447690547, 0.802533842165025, 0.3025309060736609, 0.8240422242600155, 0.37076006989997495, 0.8432078732739748, 0.3681633266408625, 0.4300650529926068, 0.8602859640622093, 0.48389436437472216, 0.8755038773590009, 0.4000777071388312, 0.5327372520979933, 0.8890642271650938, 0.4352092536335723, 0.49270386523524967, 0.6025099155189446, 0.456461120473895, 0.5248589235605453, 0.9011475583864886, 0.48532403443430355, 0.23747352785506554, 0.5707173109094077, 0.6458052766568941, 0.48532403443430355, 0.596869419481371, 0.9119147506413914, 0.5154830370396636, 0.5770413478130735, 0.9215091602400265, 0.5414740614018713, 0.6355046306790032, 0.6843848263337535, 0.6183890421435743, 0.930058528856015, 0.5615920702558087, 0.655725632087795, 0.937676684301708, 0.6894343636714005, 0.9444650560518985, 0.7198625828091039, 0.7187622195266851, 0.5875311981728071, 0.656822706891724, 0.9505140256938656, 0.6110552346667175, 0.7339728537285107, 0.9559041302838821, 0.7602089086442899, 0.9607071346318868, 0.636607634129102, 0.6911515540063007, 0.7493951629550082, 0.7838640039740895, 0.9649869867909119, 0.80518912174273, 0.7766915090687615, 0.8133430067364765, 0.9688006694728192, 0.6513270253019342, 0.8316769381855391, 0.9721989587262482, 0.848209692773712, 0.9752270999779464, 0.8631161323252027, 0.801014686268668, 0.6785625804900423, 0.7101539710185167, 0.9779254104384184, 0.8663618555649223, 0.695984967164008, 0.7402531577321887, 0.9803298158924273, 0.8557938687271908, 0.822688537656417, 0.7133088102162343, 0.7672124123943351, 0.9824723290212747, 0.7303568591657439, 0.8610858644813373, 0.984381475625326, 0.8751172278698152, 0.9860826744215833, 0.7913586535864213, 0.9734846353180446, 0.7510080418141731, 0.8114035727918009, 0.8420016327392436, 0.7626984190609956, 0.8226433475742853, 0.9763727382781686, 0.7773955652145766, 0.8813941066671985, 0.2641161191867603, 0.8592111094956049, 0.7288029824893621, 0.3122183405472362, 0.9789462636788917, 0.7288029824893621, 0.8404005259530681, 0.9812394758945262],"RPE_QV" => [0.0, 0.0, 0.0, 1.0, 0.012684702119529824, 0.02703362351992891, 0.0, 1.0, 0.022606121427065216, 0.00566468853769117, 0.0576140293820587, 0.891078135459721, 0.07015164553970508, 0.20560234053796506, 0.7940202434943731, 0.1087222873992899, 0.891078135459721, 0.04060227732981172, 0.14262675877730938, 0.7940202434943731, 0.08205265157433857, 0.03245612732262092, 0.18900490087022226, 0.7075340780902396, 0.15938016942823585, 0.3177465030177019, 0.6304681470788633, 0.1047761185447101, 0.31946077180811416, 0.5617963809657788, 0.05936509320138571, 0.17283829191658245, 0.7075340780902396, 0.08934072917657276, 0.20918202382408596, 0.6304681470788633, 0.17737067909371226, 0.25595207450375207, 0.0911114414090633, 0.0824807946308311, 0.11384332558041835, 0.2838011257023536, 0.5006044716590052, 0.22315915860856306, 0.3823309348094974, 0.4460776992087052, 0.14573041475796994, 0.16622416783885263, 0.0913618669601619, 0.0632455411347644, 0.26332225114377605, 0.08121550798760353, 0.017952338230964884, 0.1570811147437503, 0.3663870701875106, 0.3974900844810554, 0.5872382844479581, -0.5110414574047983, 0.15968928755415682, 0.3019654036920086, 0.3944554413998168, 0.03600391426345448, 0.4805325398063852, 0.35149061924449, 0.06926978173001322, 0.20030754710959858, 0.30149815521332174, 0.18826803438725093, 0.5617963809657788, 0.061925986556422646, -0.009209077067602822, 0.5809976675875363, 0.31320560562796285, 0.5357593553056237, 0.27909066707849783, 0.05018073308116505, 0.08323474091513694, 0.4934829852741564, 0.24869159124451756, 0.17035663614551588, 0.150188465233271, 0.5006044716590052, 0.17398718916775485, 0.3867342550715124, 0.22160363943067585, 0.22999726627928446, 0.4460776992087052, 0.18330824821123448, 0.35737791752085746, 0.197466157834975, 0.520001428580019, 0.1759577757399845, 0.47090279661784734, 0.15679212672602516, 0.06111371970057439, 0.42864461218906835, 0.13971403593779075, 0.3900053303758961, 0.12449612264099907, 0.13168341240652148, 0.3546979458784969, 0.11093577283490619, 0.05659183207992635, 0.10870207353059458, 0.3974900844810554, 0.06743610596707827, 0.37463746539296394, 0.09885244161351137, 0.03286592097783844, 0.3566764057520239, 0.07390465905975385, 0.35419472334310587, 0.11045174335458768, 0.3133744330393641, 0.08808524935860862, 0.060500999985396264, 0.3427793345040663, 0.07849083975997351, 0.0928661364260095, 0.04762619979677951, 0.3156151736662465, 0.3099653438121609, 0.06994147114398497, 0.09293207811264614, 0.2802329505947857, 0.06232331569829197, 0.2533001524522066, 0.055534943948101545, -0.0024173487144026895, 0.28123778047331494, 0.0680880148333558, 0.2919496953685121, 0.04948597430613444, 0.12157276323942035, 0.2201797768524708, 0.0440958697161179, 0.19873792575708904, 0.03929286536811316, 0.053277525368429446, 0.05687049488455864, 0.2506048370449918, 0.17935484062858298, 0.03501301320908812, -0.029920741735012912, 0.2233084909312385, 0.1536825327510296, 0.031199330527180824, 0.17882603421837873, 0.13874066388220863, 0.027801041273751825, 0.12523050209340003, 0.024772900022053568, -0.06356914238775768, 0.198985313731332, 0.03029017795929856, 0.2659795902045069, 0.022074589561581592, -0.17165213915524358, 0.04291182736735, 0.23828040336137069, 0.019670184107572708, -0.034612740322010005, 0.17731146234358297, 0.05249784163183013, 0.21345973610896463, 0.017527670978725318, 0.12915124078039564, 0.12149193250355161, 0.015618524374674037, 0.10915865081088993, -0.19617402445239995, 0.17158873642749461, 0.026515364681955367, 0.058908799126960676, 0.02905526338148734, 0.15799836726075644, 0.05843760206367854, 0.15194038644410834, 0.023627261721831383, 0.10238356619824418, 0.13325007959749108, 0.6201632522121652, 0.14078889050439514, 0.08256836500240633, 0.6649342034105367, 0.021053736321108296, 0.11005768059996135, 0.1390410283758371, 0.018760524105473797],"StateValue_V3_record" => [0.0, 0.0, 0.0, 0.0, 0.10892186454027894, 0.011252346620257933, 0.01263398802625515, 0.021368934982237738, 0.05110825801723119, 0.10892186454027894, 0.022660708072181082, 0.025123008968040976, 0.045966932439596625, 0.05738368552120344, 0.205979756505627, 0.0, 0.0, 0.07028042010090496, 0.2924659219097604, 0.0368208827833357, 0.0368208827833357, 0.205979756505627, 0.029549368209893366, 0.033177645227804024, 0.07851075426001682, 0.2924659219097604, 0.05738368552120344, 0.05738368552120344, 0.11909174573543196, 0.12351190299182735, 0.3695318529211366, 0.05950844115628856, 0.05950844115628856, 0.15967273721084713, 0.4382036190342212, 0.05738368552120344, 0.061479174631370544, 0.15967273721084713, 0.4993955283409947, 0.05950844115628856, 0.06597459779639094, 0.13791761475494316, 0.3695318529211366, 0.09177542877273298, 0.09913906317669235, 0.18245723327407562, 0.4382036190342212, 0.1249492417352882, 0.1249492417352882, 0.21467936200662782, 0.4382036190342212, 0.09225680375135518, 0.17407844897396293, 0.24559150977675825, 0.5539223007912948, 0.1249492417352882, 0.1249492417352882, 0.2711765322788864, 0.6025099155189446, 0.1249492417352882, 0.14082247023095446, 0.24369972080069652, 0.4382036190342212, 0.11740276678694775, 0.15861110100232814, 0.4382036190342212, 0.10979105577951134, 0.13033755555520032, 0.27492643140660733, 0.6458052766568941, 0.13038210057317828, 0.13038210057317828, 0.590141688258982, 0.1524048547358159, 0.32813209200034776, 0.64850938075551, 0.1772972121089913, 0.1772972121089913, 0.21912907974915669, 0.6867943943720372, 0.1772972121089913, 0.1772972121089913, 0.2162866772366973, 0.4382036190342212, 0.3482920224757104, 0.4993955283409947, 0.1772972121089913, 0.1772972121089913, 0.23747352785506554, 0.16782166513085972, 0.7209093329215022, 0.1838290580357368, 0.2421849659605231, 0.7513084087554824, 0.1868576728821671, 0.18528592833326415, 0.23747352785506554, 0.3101998906587363, 0.7783963605693242, 0.2041724849854937, 0.2041724849854937, 0.3646508301413611, 0.5539223007912948, 0.21553363572523893, 0.234484644775513, 0.4323596687874742, 0.802533842165025, 0.3229100846707769, 0.3479618157530836, 0.6025099155189446, 0.2595642333117429, 0.2795305094925228, 0.4826117138909485, 0.8240422242600155, 0.3025309060736609, 0.35917043123820525, 0.8432078732739748, 0.37076006989997495, 0.42205168052482267, 0.8602859640622093, 0.3681633266408625, 0.37481994693964105, 0.47675382337738487, 0.8755038773590009, 0.48389436437472216, 0.5263744721399123, 0.8890642271650938, 0.4000777071388312, 0.414420909947176, 0.5713716137116861, 0.9011475583864886, 0.4352092536335723, 0.4413733415014683, 0.5045438977635965, 0.6458052766568941, 0.456461120473895, 0.463806386873165, 0.5656651348177911, 0.9119147506413914, 0.48532403443430355, 0.48532403443430355, 0.251845041031499, 0.5787671441724097, 0.6843848263337535, 0.48532403443430355, 0.4973546442622096, 0.6310027470272713, 0.9215091602400265, 0.5154830370396636, 0.5220729187646244, 0.6143775120531324, 0.930058528856015, 0.5414740614018713, 0.5515892141340442, 0.6406921651618362, 0.7187622195266851, 0.6183890421435743, 0.6521510453344634, 0.937676684301708, 0.5615920702558087, 0.571714405479441, 0.6862491275722029, 0.9444650560518985, 0.6894343636714005, 0.7170242885648318, 0.9505140256938656, 0.7198625828091039, 0.7195992806798871, 0.7493951629550082, 0.5875311981728071, 0.5949474717013024, 0.6886224120632287, 0.9559041302838821, 0.6110552346667175, 0.624297166716069, 0.7579552455573444, 0.9607071346318868, 0.7602089086442899, 0.7818558140726196, 0.9649869867909119, 0.636607634129102, 0.6424107215303234, 0.6973459943464552, 0.7766915090687615, 0.7838640039740895, 0.8033996676296793, 0.9688006694728192, 0.80518912174273, 0.8019300987645243, 0.801014686268668, 0.8133430067364765, 0.8300823947509911, 0.9721989587262482, 0.6513270253019342, 0.6708050903773437, 0.8467888299831454, 0.9752270999779464, 0.848209692773712, 0.8618500325590405, 0.9779254104384184, 0.8631161323252027, 0.8561920628091017, 0.822688537656417, 0.6785625804900423, 0.6818618431506259, 0.7391249639132509, 0.9803298158924273, 0.8663618555649223, 0.8476651845158057, 0.7006590034116904, 0.7662071035497189, 0.9824723290212747, 0.8557938687271908, 0.8520237845144689, 0.8420016327392436, 0.7133088102162343, 0.7190269730111135, 0.7904628448555995, 0.984381475625326, 0.7303568591657439, 0.7444242531192351, 0.8743189922962259, 0.9860826744215833, 0.8751172278698152, 0.8870069916468385, 0.9647150339038576, 0.8100484186922146, 0.9763727382781686, 0.7510080418141731, 0.7574244980529105, 0.8145683262540213, 0.8592111094956049, 0.7626984190609956, 0.7690635516370343, 0.8391929777647481, 0.9789462636788917, 0.7773955652145766, 0.7068956309763011, 0.8813941066671985, 0.30502286560537784, 0.8745460979559008, 0.7288029824893621, 0.7288029824893621, 0.38464421377931696, 0.9812394758945262, 0.7288029824893621, 0.7407906702672884, 0.8555451340113621, 0.9832829071598472],"StateValue_V1_record" => [0.0, 0.0, 0.0, 0.0, 0.0, 0.011252346620257933, 0.023980989019793616, 0.05110825801723119, 0.0, 0.0, 0.022660708072181082, 0.045349924002031354, 0.05110825801723119, 0.10892186454027894, 0.0, 0.0, 0.07028042010090496, 0.205979756505627, 0.0, 0.0368208827833357, 0.10892186454027894, 0.0, 0.029549368209893366, 0.07028042010090496, 0.205979756505627, 0.0, 0.05738368552120344, 0.11909174573543196, 0.10292513678179215, 0.2924659219097604, 0.0, 0.05950844115628856, 0.15967273721084713, 0.3695318529211366, 0.0, 0.05738368552120344, 0.15967273721084713, 0.4382036190342212, 0.0, 0.05950844115628856, 0.11909174573543196, 0.2924659219097604, 0.0, 0.09177542877273298, 0.18144862561398695, 0.3695318529211366, 0.0, 0.1249492417352882, 0.21467936200662782, 0.4382036190342212, 0.09127869102662359, 0.17407844897396293, 0.21467936200662782, 0.4993955283409947, 0.0, 0.1249492417352882, 0.2711765322788864, 0.5539223007912948, 0.0, 0.1249492417352882, 0.2711765322788864, 0.4382036190342212, 0.1105139445226903, 0.17407844897396293, 0.4382036190342212, 0.11209281439248099, 0.13025930634479482, 0.2488310933941598, 0.6025099155189446, 0.0, 0.13038210057317828, 0.6458052766568941, 0.13501119978830836, 0.29524145720355616, 0.6055445586001832, 0.0, 0.1772972121089913, 0.1667885795411694, 0.64850938075551, 0.0, 0.1772972121089913, 0.23709315300814043, 0.4382036190342212, 0.3482920224757104, 0.4382036190342212, 0.0, 0.1772972121089913, 0.23747352785506554, 0.13038210057317828, 0.6867943943720372, 0.0, 0.1838290580357368, 0.7209093329215022, 0.0, 0.1868576728821671, 0.23747352785506554, 0.25644880378377216, 0.7513084087554824, 0.0, 0.2041724849854937, 0.3482920224757104, 0.4993955283409947, 0.0, 0.21553363572523893, 0.39023585264348926, 0.7783963605693242, 0.0, 0.3229100846707769, 0.5539223007912948, 0.0, 0.2595642333117429, 0.4436854447690547, 0.802533842165025, 0.0, 0.3025309060736609, 0.8240422242600155, 0.0, 0.37076006989997495, 0.8432078732739748, 0.0, 0.3681633266408625, 0.4300650529926068, 0.8602859640622093, 0.0, 0.48389436437472216, 0.8755038773590009, 0.0, 0.4000777071388312, 0.5327372520979933, 0.8890642271650938, 0.0, 0.4352092536335723, 0.49270386523524967, 0.6025099155189446, 0.0, 0.456461120473895, 0.5248589235605453, 0.9011475583864886, 0.0, 0.48532403443430355, 0.23747352785506554, 0.5707173109094077, 0.6458052766568941, 0.0, 0.48532403443430355, 0.596869419481371, 0.9119147506413914, 0.0, 0.5154830370396636, 0.5770413478130735, 0.9215091602400265, 0.0, 0.5414740614018713, 0.6355046306790032, 0.6843848263337535, 0.0, 0.6183890421435743, 0.930058528856015, 0.0, 0.5615920702558087, 0.655725632087795, 0.937676684301708, 0.0, 0.6894343636714005, 0.9444650560518985, 0.0, 0.7198625828091039, 0.7187622195266851, 0.0, 0.5875311981728071, 0.656822706891724, 0.9505140256938656, 0.0, 0.6110552346667175, 0.7339728537285107, 0.9559041302838821, 0.0, 0.7602089086442899, 0.9607071346318868, 0.0, 0.636607634129102, 0.6911515540063007, 0.7493951629550082, 0.0, 0.7838640039740895, 0.9649869867909119, 0.0, 0.80518912174273, 0.7766915090687615, 0.0, 0.8133430067364765, 0.9688006694728192, 0.0, 0.6513270253019342, 0.8316769381855391, 0.9721989587262482, 0.0, 0.848209692773712, 0.9752270999779464, 0.0, 0.8631161323252027, 0.801014686268668, 0.0, 0.6785625804900423, 0.7101539710185167, 0.9779254104384184, 0.0, 0.8663618555649223, 0.695984967164008, 0.7402531577321887, 0.9803298158924273, 0.0, 0.8557938687271908, 0.822688537656417, 0.0, 0.7133088102162343, 0.7672124123943351, 0.9824723290212747, 0.0, 0.7303568591657439, 0.8610858644813373, 0.984381475625326, 0.0, 0.8751172278698152, 0.9860826744215833, 0.7913586535864213, 0.9734846353180446, 0.0, 0.7510080418141731, 0.8114035727918009, 0.8420016327392436, 0.0, 0.7626984190609956, 0.8226433475742853, 0.9763727382781686, 0.0, 0.7773955652145766, 0.8813941066671985, 0.2641161191867603, 0.8592111094956049, 0.0, 0.7288029824893621, 0.3122183405472362, 0.9789462636788917, 0.0, 0.7288029824893621, 0.8404005259530681, 0.9812394758945262, 0.0])
POPULATION_SIGNALS
subject_id: 4
algorithm_name: Sarsa-Lambda (ReplTrc)
param_string: alpha=0.1974, gamma=0.9961,
                lambda=0.6128, temp=0.2507,
                reward_magnitude=1.0,
                action_cost=0.0,
                initQSA=nothing, use_replacing_trace=true
param_vector: [0.197445163350583, 0.9960525723724495, 0.6127972592361022, 0.2507274927826116, 1.0, 0.0, 0.0]
LL: -77.226
RPE
[0.0, 0.0, 0.0, 1.0, 0.028, -0.074, 0.0, 1.0, 0.046, -0.013, 0.076, 0.803, 0.0, 0.355, 0.644, 0.197, 0.803, 0.057, 0.207, 0.644, 0.062, 0.033, 0.249, 0.517, 0.12, 0.462, 0.415, 0.067, 0.403, 0.333, 0.091, 0.215, 0.517, 0.087, 0.239, 0.415, 0.27, -0.381, 0.279, -0.008, 0.166, 0.289, 0.267, 0.208, 0.423, 0.214, 0.196, -0.444, 0.244, 0.038, -0.232, 0.188, -0.068, 0.209, 0.356, 0.172, 0.723, -0.509, 0.203, 0.223, 0.198, 0.027, 0.473, 0.159, 0.065, -0.291, 0.284, 0.191, 0.333, -0.068, -0.114, 0.622, 0.127, 0.509, 0.102, -0.031, 0.074, 0.416, 0.082, 0.189, 0.102, 0.267, 0.172, 0.251, 0.066, 0.192, 0.214, 0.16, 0.206, 0.053, 0.319, 0.042, 0.308, 0.034, 0.013, 0.25, 0.027, 0.203, 0.022, 0.074, 0.164, 0.018, 0.008, 0.04, 0.172, 0.018, 0.169, 0.014, 0.003, 0.352, 0.01, 0.138, 0.046, 0.118, 0.011, 0.004, 0.138, 0.009, 0.029, -0.006, 0.111, 0.112, 0.007, 0.024, 0.09, 0.006, 0.073, 0.005, -0.026, 0.089, 0.012, 0.089, 0.004, 0.034, 0.054, 0.003, 0.044, 0.002, 0.003, 0.003, 0.071, 0.035, 0.002, -0.027, 0.057, 0.027, 0.002, 0.048, 0.022, 0.001, 0.017, 0.001, -0.031, 0.046, -0.006, 0.064, 0.001, -0.044, -0.0, 0.052, 0.001, -0.016, 0.037, 0.004, 0.042, 0.001, 0.021, 0.019, 0.0, 0.015, -0.041, 0.025, 0.005, 0.006, -0.001, 0.03, 0.006, 0.021, 0.004, -0.597, 0.111, 0.489, 0.024, 0.042, 0.41, 0.003, 0.074, 0.017, 0.003]
SPE
Float64[]
action_selection_prob
[0.5, 0.5, 0.5, 0.5, 0.545, 0.573, 0.382, 0.5, 0.585, 0.629, 0.5, 0.687, 0.5, 0.312, 0.805, 0.368, 0.687, 0.589, 0.45, 0.805, 0.5, 0.433, 0.61, 0.873, 0.333, 0.291, 0.912, 0.557, 0.419, 0.935, 0.563, 0.493, 0.873, 0.641, 0.462, 0.912, 0.292, 0.441, 0.065, 0.64, 0.404, 0.593, 0.949, 0.326, 0.336, 0.958, 0.574, 0.561, 0.09, 0.686, 0.511, 0.102, 0.68, 0.425, 0.498, 0.964, 0.282, 0.969, 0.518, 0.585, 0.961, 0.402, 0.504, 0.966, 0.474, 0.615, 0.128, 0.351, 0.832, 0.491, 0.38, 0.38, 0.97, 0.515, 0.973, 0.515, 0.439, 0.625, 0.975, 0.448, 0.575, 0.854, 0.517, 0.626, 0.976, 0.706, 0.878, 0.585, 0.678, 0.978, 0.642, 0.979, 0.756, 0.979, 0.702, 0.801, 0.98, 0.832, 0.98, 0.73, 0.854, 0.981, 0.757, 0.717, 0.895, 0.771, 0.74, 0.981, 0.212, 0.51, 0.766, 0.907, 0.753, 0.779, 0.981, 0.77, 0.871, 0.981, 0.783, 0.795, 0.916, 0.883, 0.981, 0.791, 0.892, 0.981, 0.899, 0.981, 0.904, 0.922, 0.802, 0.803, 0.982, 0.81, 0.906, 0.982, 0.91, 0.982, 0.818, 0.814, 0.927, 0.913, 0.982, 0.915, 0.931, 0.915, 0.982, 0.822, 0.917, 0.982, 0.918, 0.982, 0.92, 0.934, 0.829, 0.82, 0.982, 0.919, 0.833, 0.827, 0.982, 0.918, 0.936, 0.836, 0.833, 0.982, 0.839, 0.918, 0.982, 0.919, 0.982, 0.837, 0.981, 0.843, 0.841, 0.938, 0.844, 0.842, 0.981, 0.846, 0.081, 0.411, 0.939, 0.192, 0.509, 0.982, 0.769, 0.845, 0.982]
results_dict
Dict{String,Any}("trialByTrial_Qsa" => [0.0, 0.0, 0.0, 0.0, 0.044899729702436025, 0.07356049633890632, 0.0, 0.0, 0.08653582160257589, 0.13259682846202733, 0.12051624046486566, 0.197445163350583, 0.0, 0.0, 0.3559057341706276, 0.0, 0.197445163350583, 0.09010300019774978, 0.14761829213888222, 0.3559057341706276, 0.1356498503576185, 0.19833123064947378, 0.2322724870326988, 0.48307903170048183, 0.0, 0.12051624046486566, 0.5851425767257217, 0.1933701718145054, 0.26179545989420977, 0.6670541684313135, 0.17365666124592066, 0.26609006647286876, 0.48307903170048183, 0.25564564184783845, 0.3437138858956025, 0.5851425767257217, 0.10993518622768829, 0.3814173093521138, 0.0, 0.27969094997497673, 0.2728731443420461, 0.4409238097634092, 0.7327927125322885, 0.14953238904646926, 0.3589585279787158, 0.785551499054817, 0.3321012266598041, 0.530183591656768, 0.08658601191017906, 0.3314299757108381, 0.3708543478390868, 0.12216812953320363, 0.32474257003822943, 0.2574154043188856, 0.4684195147188537, 0.8278933183542263, 0.1355515953528167, 0.8618749502255029, 0.3543008902747009, 0.559492268368469, 0.8022658106676929, 0.3360506615366024, 0.3646234716790815, 0.8413074699804054, 0.41012946715083715, 0.4772117332414693, 0.1870584443238519, 0.4732553793362064, 0.6670541684313135, 0.42656873073650037, 0.3601925119096966, 0.2473238261984264, 0.8726405424926416, 0.3854583339306191, 0.8977870513844236, 0.4509257847978067, 0.42202867563322577, 0.4982337458612367, 0.9179685037203709, 0.435829441785282, 0.6274019168890871, 0.7327927125322885, 0.5051740953796141, 0.6798424984597089, 0.934165225903195, 0.5902790061178633, 0.785551499054817, 0.5741801051979446, 0.7372633615521883, 0.9471639836288873, 0.6345379658893338, 0.9575961995120758, 0.6540668832654822, 0.9659686248260995, 0.7026882472652116, 0.7189988305489001, 0.9726879552563552, 0.7716219526973368, 0.9780805863922026, 0.737468316125435, 0.814265540182594, 0.9824084685925432, 0.7730875526523282, 0.7843366021441553, 0.8278933183542263, 0.7922130023683192, 0.8130330548618416, 0.9858818313848754, 0.48813071952626197, 0.4928691027726493, 0.8480942815959631, 0.8618749502255029, 0.8170907541635272, 0.8667897739165649, 0.9886693954932998, 0.8412796286947076, 0.8488189237334988, 0.990906568550986, 0.85942803912163, 0.8914492681512315, 0.8891470732410358, 0.877197035077963, 0.9927020226088539, 0.8725096311868566, 0.9001087485614236, 0.9941429729469776, 0.9186063827135408, 0.9952994146102104, 0.9335398109492243, 0.9110344474728497, 0.888547952459379, 0.9036612872116414, 0.9962275224603407, 0.9017869987825018, 0.9391079690055588, 0.9969723799043951, 0.950120853695001, 0.9975701688487354, 0.9151459283159364, 0.9216162272395041, 0.9286002655241478, 0.9590048189105784, 0.9980499272573111, 0.9661712215366424, 0.9426977977609207, 0.9677076144009825, 0.9984349596885368, 0.9213572771429385, 0.9731850121855805, 0.9987439693284839, 0.9776044552063593, 0.9989919665095947, 0.9811701854448782, 0.9540118404423639, 0.9335294439343896, 0.930876267884177, 0.9991909978467706, 0.9806066643767929, 0.940097262486004, 0.9436834088428679, 0.9993507314090659, 0.9756926994741724, 0.963091980118414, 0.9463509791164314, 0.9539740053973952, 0.9994789263520614, 0.9521595121608539, 0.9769021298179164, 0.9995818098235963, 0.9806514470941295, 0.9996643794512879, 0.9622425354179212, 0.9945830376778108, 0.9585719261987817, 0.9679043801375814, 0.9703792901328804, 0.9616757322058155, 0.9712065016420963, 0.9956525906883794, 0.9655928650928699, 0.37038531400709496, 0.483054230818674, 0.9762277560311541, 0.5380543113817591, 0.5825330271409003, 0.9965109656300641, 0.8981939504919121, 0.9757811849933443, 0.9971998585911719],"StateValue_V2_record" => [0.0, 0.0, 0.0, 0.0, 1.0, 0.044722491268939076, 0.0732701216033618, 0.12004051132768613, 0.0, 1.0, 0.0861942277096091, 0.13207341207803075, 0.12004051132768613, 0.19666576285784668, 1.0, 0.0, 0.19754833247020195, 0.3545008220427588, 1.0, 0.13511438239064374, 0.19666576285784668, 1.0, 0.08974732512544399, 0.19754833247020195, 0.3545008220427588, 1.0, 0.13511438239064374, 0.265039695193057, 0.23135560820026604, 0.481172112184457, 1.0, 0.17297116414361033, 0.34235710020644544, 0.5828327687522985, 1.0, 0.1926068570559406, 0.34235710020644544, 0.664421020377775, 1.0, 0.17297116414361033, 0.27179599735325377, 0.481172112184457, 1.0, 0.2546364991783454, 0.3799116921275513, 0.5828327687522985, 1.0, 0.3307902811025438, 0.43918329493510433, 0.664421020377775, 0.27858689019186966, 0.36939042714062953, 0.43918329493510433, 0.7299000663335709, 1.0, 0.3307902811025438, 0.5280907302993881, 0.7824505913645843, 1.0, 0.3307902811025438, 0.5280907302993881, 0.664421020377775, 0.33012167986811874, 0.36939042714062953, 0.664421020377775, 0.32346067224541875, 0.3316780935114821, 0.4685239550821782, 0.8246252693966903, 1.0, 0.3689232447857444, 0.858472761235489, 0.3529023131519648, 0.5572837131309104, 0.799098924442024, 1.0, 0.43410903660587885, 0.3631841469133221, 0.8379864696301401, 1.0, 0.43410903660587885, 0.4753279744614807, 0.664421020377775, 0.624925293228781, 0.664421020377775, 1.0, 0.43410903660587885, 0.4811474092023352, 0.3689232447857444, 0.8691958571062854, 1.0, 0.3839367650539918, 0.8942431019741316, 1.0, 0.44914578789692094, 0.4811474092023352, 0.4962670042078461, 0.9143448894875639, 1.0, 0.4862038588381479, 0.624925293228781, 0.7299000663335709, 1.0, 0.5031799571987898, 0.6771588693989061, 0.9304776762817677, 1.0, 0.5879489224611506, 0.7824505913645843, 1.0, 0.5719135707874964, 0.7343530677900164, 0.9434251223520899, 1.0, 0.6320331731920525, 0.9538161578180844, 1.0, 0.6514850015802142, 0.962155533589114, 1.0, 0.6999144362644019, 0.7161606347010149, 0.9688483399487906, 1.0, 0.7685760308832349, 0.9742196840635072, 1.0, 0.7345572133199183, 0.8110512858931149, 0.9785304822620814, 1.0, 0.770035845488473, 0.7812404901715524, 0.8246252693966903, 1.0, 0.7890857988758657, 0.8098236657189682, 0.9819901342061667, 1.0, 0.813865347546326, 0.4909235376595985, 0.8447464907980236, 0.858472761235489, 1.0, 0.813865347546326, 0.8633681840157283, 0.9847666946070158, 1.0, 0.8379587382459027, 0.8454682724631655, 0.9869950365859665, 1.0, 0.8560355091361097, 0.8879303366815716, 0.8856372295191685, 1.0, 0.8737343632668908, 0.9887834032188824, 1.0, 0.8690654625634058, 0.8965556344195523, 0.9902186655098315, 1.0, 0.9149802504995731, 0.9913705422032932, 1.0, 0.9298547301080651, 0.9074382049252451, 1.0, 0.8850404737234374, 0.9000941496805543, 0.9922949864148546, 1.0, 0.8982272598693419, 0.9354009082634535, 0.9930369035880557, 1.0, 0.9463703203876135, 0.9936323328038017, 1.0, 0.9115334559952617, 0.9179782138821, 0.924934683181067, 1.0, 0.9552192167934568, 0.9941101974007809, 1.0, 0.9623573305638043, 0.9389765664296081, 1.0, 0.9638876586285051, 0.9944937099443499, 1.0, 0.9177202859722997, 0.9693434347817611, 0.9948014997911071, 1.0, 0.9737454323710613, 0.9950485180212937, 1.0, 0.9772970871475243, 0.9502459477463914, 1.0, 0.9298444040162711, 0.9272017011864999, 0.9952467636966704, 1.0, 0.9767357905380718, 0.9363862965794821, 0.9399582868831405, 0.995405866722289, 1.0, 0.9718412231562686, 0.9592902442282223, 1.0, 0.9426153271161077, 0.9502082620525245, 0.9955335556250248, 1.0, 0.9484009313967151, 0.9730458793612602, 0.9956360329715017, 1.0, 0.9767803964788728, 0.9957182766615638, 0.9584441526492082, 0.9906569931169883, 1.0, 0.9547880328943104, 0.9640836476465992, 0.966548788113807, 1.0, 0.9578795868517613, 0.9673727342654577, 0.9917223241444538, 1.0, 0.9617812571402367, 0.9768964884828123, 0.5714920498042158, 0.9723741676162151, 1.0, 0.8946483948768416, 0.5802335201756037, 0.992577310713179, 1.0, 0.8946483948768416, 0.9719293593852576, 0.9932634843191797, 1.0],"final_QSA" => Dict{Int64,Any}(1 => [0.0 0.0; 0.5737569136968408 0.663914772996919; 0.9807679991789888 0.4529744512187552; 0.0 0.9977527329690427; 0.9795704429548396 0.5511254904577844; 0.9809214706247927 0.290728014420506; 0.9150655311268644 0.5960560427322943]),"trialByTrial_Vs" => [0.0, 0.0, 0.0, 0.0, 0.044899729702436025, 0.07356049633890632, 0.12051624046486566, 0.0, 0.08653582160257589, 0.13259682846202733, 0.12051624046486566, 0.197445163350583, 0.0, 0.19833123064947378, 0.3559057341706276, 0.1356498503576185, 0.197445163350583, 0.09010300019774978, 0.19833123064947378, 0.3559057341706276, 0.1356498503576185, 0.26609006647286876, 0.2322724870326988, 0.48307903170048183, 0.17365666124592066, 0.3437138858956025, 0.5851425767257217, 0.1933701718145054, 0.3437138858956025, 0.6670541684313135, 0.17365666124592066, 0.2728731443420461, 0.48307903170048183, 0.25564564184783845, 0.3814173093521138, 0.5851425767257217, 0.3321012266598041, 0.4409238097634092, 0.6670541684313135, 0.27969094997497673, 0.3708543478390868, 0.4409238097634092, 0.7327927125322885, 0.3321012266598041, 0.530183591656768, 0.785551499054817, 0.3321012266598041, 0.530183591656768, 0.6670541684313135, 0.3314299757108381, 0.3708543478390868, 0.6670541684313135, 0.32474257003822943, 0.332992557532856, 0.470380749046432, 0.8278933183542263, 0.37038531400709496, 0.8618749502255029, 0.3543008902747009, 0.559492268368469, 0.8022658106676929, 0.435829441785282, 0.3646234716790815, 0.8413074699804054, 0.435829441785282, 0.4772117332414693, 0.6670541684313135, 0.6274019168890871, 0.6670541684313135, 0.435829441785282, 0.483054230818674, 0.37038531400709496, 0.8726405424926416, 0.3854583339306191, 0.8977870513844236, 0.4509257847978067, 0.483054230818674, 0.4982337458612367, 0.9179685037203709, 0.48813071952626197, 0.6274019168890871, 0.7327927125322885, 0.5051740953796141, 0.6798424984597089, 0.934165225903195, 0.5902790061178633, 0.785551499054817, 0.5741801051979446, 0.7372633615521883, 0.9471639836288873, 0.6345379658893338, 0.9575961995120758, 0.6540668832654822, 0.9659686248260995, 0.7026882472652116, 0.7189988305489001, 0.9726879552563552, 0.7716219526973368, 0.9780805863922026, 0.737468316125435, 0.814265540182594, 0.9824084685925432, 0.7730875526523282, 0.7843366021441553, 0.8278933183542263, 0.7922130023683192, 0.8130330548618416, 0.9858818313848754, 0.8170907541635272, 0.4928691027726493, 0.8480942815959631, 0.8618749502255029, 0.8170907541635272, 0.8667897739165649, 0.9886693954932998, 0.8412796286947076, 0.8488189237334988, 0.990906568550986, 0.85942803912163, 0.8914492681512315, 0.8891470732410358, 0.877197035077963, 0.9927020226088539, 0.8725096311868566, 0.9001087485614236, 0.9941429729469776, 0.9186063827135408, 0.9952994146102104, 0.9335398109492243, 0.9110344474728497, 0.888547952459379, 0.9036612872116414, 0.9962275224603407, 0.9017869987825018, 0.9391079690055588, 0.9969723799043951, 0.950120853695001, 0.9975701688487354, 0.9151459283159364, 0.9216162272395041, 0.9286002655241478, 0.9590048189105784, 0.9980499272573111, 0.9661712215366424, 0.9426977977609207, 0.9677076144009825, 0.9984349596885368, 0.9213572771429385, 0.9731850121855805, 0.9987439693284839, 0.9776044552063593, 0.9989919665095947, 0.9811701854448782, 0.9540118404423639, 0.9335294439343896, 0.930876267884177, 0.9991909978467706, 0.9806066643767929, 0.940097262486004, 0.9436834088428679, 0.9993507314090659, 0.9756926994741724, 0.963091980118414, 0.9463509791164314, 0.9539740053973952, 0.9994789263520614, 0.9521595121608539, 0.9769021298179164, 0.9995818098235963, 0.9806514470941295, 0.9996643794512879, 0.9622425354179212, 0.9945830376778108, 0.9585719261987817, 0.9679043801375814, 0.9703792901328804, 0.9616757322058155, 0.9712065016420963, 0.9956525906883794, 0.9655928650928699, 0.9807679991789888, 0.5737569136968408, 0.9762277560311541, 0.8981939504919121, 0.5825330271409003, 0.9965109656300641, 0.8981939504919121, 0.9757811849933443, 0.9971998585911719],"RPE_QV" => [0.0, 0.0, 0.0, 1.0, 0.028370391900925773, 0.04648001498877981, 0.0, 1.0, 0.04553759047545486, -0.012556317134341202, 0.07614952239298102, 0.8025548366494171, 0.19754833247020195, 0.3545008220427588, 0.6440942658293725, 0.19666576285784668, 0.8025548366494171, 0.10744533227245218, 0.20688252990387657, 0.6440942658293725, 0.12938984483543847, 0.03302437755079227, 0.2488996251517582, 0.5169209682995182, 0.34235710020644544, 0.46231652828743286, 0.4148574232742783, 0.14898692839194005, 0.4026255604835652, 0.3329458315686865, 0.09813933610733311, 0.21508204571158823, 0.5169209682995182, 0.12426605027971288, 0.23911888285669602, 0.4148574232742783, 0.32924810870741605, 0.28300371102566113, 0.27858689019186966, 0.0896994771656528, 0.1663101505930582, 0.2889762565701616, 0.2672072874677115, 0.3785583412529189, 0.4234920633858685, 0.21444850094518297, 0.195989503639584, 0.13423742872100697, 0.24353566795793968, 0.03796045142979143, 0.2935666725386882, 0.18755068147383394, 0.0076305783973042995, 0.20915505826628306, 0.35620575467783666, 0.1721066816457737, 0.7229211658826723, -0.5089726370735381, 0.2029828228562095, 0.22324916276957918, 0.19773418933230713, 0.027133485376719724, 0.47336299795105863, 0.1586925300195946, 0.06519850731064353, 0.18720928713630564, 0.4378668489049291, 0.19116564104156852, 0.3329458315686865, 0.05457867846583481, 0.008730732876047809, 0.621872030907859, 0.12735945750735844, 0.5087847680435125, 0.1022129486155764, 0.03022162440452847, 0.07423832857462032, 0.4161111436263272, 0.08203149627962913, 0.189095851443499, 0.10249814944448377, 0.2672072874677115, 0.17198477401929202, 0.2506351778220588, 0.06583477409680505, 0.19217158524672096, 0.21444850094518297, 0.1601729625920718, 0.20616176079990156, 0.05283601637111268, 0.3192781919287506, 0.04240380048792425, 0.30808865032363175, 0.034031375173900535, 0.013472387435803257, 0.24984950939989048, 0.027312044743644792, 0.20259773136617043, 0.021919413607797367, 0.07358296976767997, 0.16426494207948739, 0.01759153140745684, 0.00815293751922419, 0.04028866725253499, 0.1721066816457737, 0.01761066335064909, 0.16895707934432502, 0.014118168615124604, 0.0027928181333365387, 0.35187738802537427, 0.010378479639525873, 0.13812504977449713, 0.04627742985220118, 0.11797692069045096, 0.011330604506700204, 0.004188643768457845, 0.13817611285246778, 0.009093431449013978, 0.028502297559941603, -0.005812038632063032, 0.11085292675896419, 0.11158636814091938, 0.0072979773911461265, 0.02404600323269568, 0.09010991694840786, 0.005857027053022379, 0.07276415948975246, 0.004700585389789569, -0.026101606023979262, 0.08896555252715033, 0.011546197221175336, 0.08863369920321318, 0.003772477539659258, 0.033613909480951665, 0.053928934582496924, 0.003027620095604866, 0.04351147910880071, 0.0024298311512646054, 0.0028322855661635504, 0.003318455941562881, 0.07139973447585224, 0.035105378490202455, 0.0019500727426888798, -0.027194655107034227, 0.057302202239079336, 0.026786095543367416, 0.001565040311463206, 0.047986157638822635, 0.02161648760552659, 0.0012560306715161396, 0.01744406281493438, 0.0010080334904053467, -0.030924237698486845, 0.04598815955763613, -0.00632774274788972, 0.06437049581249343, 0.0008090021532294323, -0.044220367797310756, -0.000138975602863467, 0.05172245787942109, 0.0006492685909340601, -0.016402455245950076, 0.036908019881585985, 0.0038572829360931093, 0.04155955022762958, 0.0005210736479386302, 0.020886367200406264, 0.018733903153585363, 0.0004181901764036544, 0.015066829567434215, -0.04122022680207971, 0.02536913389443818, 0.005416962322189245, 0.005511721447817419, -0.0013555920237744434, 0.02962070986711962, 0.005697002059642187, 0.020515822502357506, 0.004347409311620587, 0.011303623389942397, 0.2011067357971208, 0.4893199367975411, 0.02377224396884592, 0.042179208793844625, 0.41004428357227873, 0.0034890343699358617, 0.07373540889334551, 0.017482299325835338, 0.0028001414088281162],"StateValue_V3_record" => [0.0, 0.0, 0.0, 0.0, 0.197445163350583, 0.044899729702436025, 0.05050132636563437, 0.059036332123121, 0.12051624046486566, 0.197445163350583, 0.08653582160257589, 0.09552699859259403, 0.1301176443743556, 0.13555159535281666, 0.3559057341706276, 0.0, 0.0, 0.19833123064947378, 0.48307903170048183, 0.1356498503576185, 0.1356498503576185, 0.3559057341706276, 0.09010300019774978, 0.1013440626405932, 0.19833123064947378, 0.48307903170048183, 0.1356498503576185, 0.1478714062694907, 0.26609006647286876, 0.28141651417868657, 0.5851425767257217, 0.17365666124592066, 0.17365666124592066, 0.3437138858956025, 0.6670541684313135, 0.1933701718145054, 0.20667637048627563, 0.3437138858956025, 0.7327927125322885, 0.17365666124592066, 0.19169979931108486, 0.30855697612217087, 0.5851425767257217, 0.25564564184783845, 0.27276639990782087, 0.3909267527814517, 0.6670541684313135, 0.3321012266598041, 0.3321012266598041, 0.4409238097634092, 0.6670541684313135, 0.2781321297649355, 0.3708543478390868, 0.49798077394634477, 0.785551499054817, 0.3321012266598041, 0.3321012266598041, 0.530183591656768, 0.8278933183542263, 0.3321012266598041, 0.3707984062209215, 0.4684195147188537, 0.6670541684313135, 0.33892508324425513, 0.3601925119096966, 0.6670541684313135, 0.3112485171118778, 0.3342960496262823, 0.5387506181376368, 0.8618749502255029, 0.37038531400709496, 0.37038531400709496, 0.7613807647575411, 0.3943788668909076, 0.6035717357793895, 0.8413074699804054, 0.435829441785282, 0.435829441785282, 0.45808670613364993, 0.8726405424926416, 0.435829441785282, 0.435829441785282, 0.41977657627074494, 0.6670541684313135, 0.6274019168890871, 0.7327927125322885, 0.435829441785282, 0.435829441785282, 0.483054230818674, 0.37038531400709496, 0.8977870513844236, 0.3854583339306191, 0.4859154255672589, 0.9179685037203709, 0.4509257847978067, 0.444891261000709, 0.483054230818674, 0.5803928785865348, 0.934165225903195, 0.48813071952626197, 0.48813071952626197, 0.6476396807492857, 0.785551499054817, 0.5051740953796141, 0.5391316571796663, 0.7293292020861877, 0.9471639836288873, 0.5902790061178633, 0.6282223561582426, 0.8278933183542263, 0.5741801051979446, 0.605805481961283, 0.7779690040899687, 0.9575961995120758, 0.6345379658893338, 0.6975779006489847, 0.9659686248260995, 0.6540668832654822, 0.7148974971550923, 0.9726879552563552, 0.7026882472652116, 0.7053483050031961, 0.7683304077454245, 0.9780805863922026, 0.7716219526973368, 0.8116238948613879, 0.9824084685925432, 0.737468316125435, 0.7519969176110355, 0.8466988585042524, 0.9858818313848754, 0.7730875526523282, 0.7746973107325985, 0.7922914046310094, 0.8618749502255029, 0.7922130023683192, 0.7956901426703001, 0.8463928129922192, 0.9886693954932998, 0.8170907541635272, 0.8170907541635272, 0.5623455911306958, 0.8501434622037201, 0.8891470732410358, 0.8170907541635272, 0.8262280088601401, 0.8900837462938898, 0.990906568550986, 0.8412796286947076, 0.8421066561477882, 0.8761011289068028, 0.9927020226088539, 0.85942803912163, 0.8650556799192196, 0.8903017092341239, 0.9110344474728497, 0.877197035077963, 0.8992292237632451, 0.9941429729469776, 0.8725096311868566, 0.8772573982230649, 0.9179005158328095, 0.9952994146102104, 0.9186063827135408, 0.9329733140700628, 0.9962275224603407, 0.9335398109492243, 0.9283861750841071, 0.9286002655241478, 0.888547952459379, 0.890827693255792, 0.9211615824291862, 0.9969723799043951, 0.9017869987825018, 0.90842390263082, 0.9497559763035228, 0.9975701688487354, 0.950120853695001, 0.9587119847952636, 0.9980499272573111, 0.9151459283159364, 0.9157051494022032, 0.9222714403149577, 0.9426977977609207, 0.9590048189105784, 0.9659362061010605, 0.9984349596885368, 0.9661712215366424, 0.9608017684167712, 0.9540118404423639, 0.9677076144009825, 0.972996399411067, 0.9987439693284839, 0.9213572771429385, 0.9308319118765026, 0.9774530831119196, 0.9989919665095947, 0.9776044552063593, 0.9810487010383518, 0.9991909978467706, 0.9811701854448782, 0.9750643442810082, 0.963091980118414, 0.9335294439343896, 0.9322800617338921, 0.9435859109448328, 0.9993507314090659, 0.9806066643767929, 0.9718755666336301, 0.9400698224253948, 0.9538957579877639, 0.9994789263520614, 0.9756926994741724, 0.9724541140187851, 0.9703792901328804, 0.9463509791164314, 0.9471125809758377, 0.9621797375808663, 0.9995818098235963, 0.9521595121608539, 0.9562834243445384, 0.98060104838627, 0.9996643794512879, 0.9806514470941295, 0.983626319719247, 0.9915256450370032, 0.9672515482037713, 0.9956525906883794, 0.9585719261987817, 0.959660188940389, 0.9676367250490105, 0.9762277560311541, 0.9616757322058155, 0.9628005777080901, 0.9752572515673459, 0.9965109656300641, 0.9655928650928699, 0.8477833344449992, 0.9807679991789888, 0.5796680856703614, 0.9809214706247927, 0.8981939504919121, 0.8981939504919121, 0.6634942876918016, 0.9971998585911719, 0.8981939504919121, 0.9127526503455807, 0.9792329804394777, 0.9977527329690427],"StateValue_V1_record" => [0.0, 0.0, 0.0, 0.0, 0.0, 0.044899729702436025, 0.07356049633890632, 0.12051624046486566, 0.0, 0.0, 0.08653582160257589, 0.13259682846202733, 0.12051624046486566, 0.197445163350583, 0.0, 0.0, 0.19833123064947378, 0.3559057341706276, 0.0, 0.1356498503576185, 0.197445163350583, 0.0, 0.09010300019774978, 0.19833123064947378, 0.3559057341706276, 0.0, 0.1356498503576185, 0.26609006647286876, 0.2322724870326988, 0.48307903170048183, 0.0, 0.17365666124592066, 0.3437138858956025, 0.5851425767257217, 0.0, 0.1933701718145054, 0.3437138858956025, 0.6670541684313135, 0.0, 0.17365666124592066, 0.2728731443420461, 0.48307903170048183, 0.0, 0.25564564184783845, 0.3814173093521138, 0.5851425767257217, 0.0, 0.3321012266598041, 0.4409238097634092, 0.6670541684313135, 0.27969094997497673, 0.3708543478390868, 0.4409238097634092, 0.7327927125322885, 0.0, 0.3321012266598041, 0.530183591656768, 0.785551499054817, 0.0, 0.3321012266598041, 0.530183591656768, 0.6670541684313135, 0.3314299757108381, 0.3708543478390868, 0.6670541684313135, 0.32474257003822943, 0.332992557532856, 0.470380749046432, 0.8278933183542263, 0.0, 0.37038531400709496, 0.8618749502255029, 0.3543008902747009, 0.559492268368469, 0.8022658106676929, 0.0, 0.435829441785282, 0.3646234716790815, 0.8413074699804054, 0.0, 0.435829441785282, 0.4772117332414693, 0.6670541684313135, 0.6274019168890871, 0.6670541684313135, 0.0, 0.435829441785282, 0.483054230818674, 0.37038531400709496, 0.8726405424926416, 0.0, 0.3854583339306191, 0.8977870513844236, 0.0, 0.4509257847978067, 0.483054230818674, 0.4982337458612367, 0.9179685037203709, 0.0, 0.48813071952626197, 0.6274019168890871, 0.7327927125322885, 0.0, 0.5051740953796141, 0.6798424984597089, 0.934165225903195, 0.0, 0.5902790061178633, 0.785551499054817, 0.0, 0.5741801051979446, 0.7372633615521883, 0.9471639836288873, 0.0, 0.6345379658893338, 0.9575961995120758, 0.0, 0.6540668832654822, 0.9659686248260995, 0.0, 0.7026882472652116, 0.7189988305489001, 0.9726879552563552, 0.0, 0.7716219526973368, 0.9780805863922026, 0.0, 0.737468316125435, 0.814265540182594, 0.9824084685925432, 0.0, 0.7730875526523282, 0.7843366021441553, 0.8278933183542263, 0.0, 0.7922130023683192, 0.8130330548618416, 0.9858818313848754, 0.0, 0.8170907541635272, 0.4928691027726493, 0.8480942815959631, 0.8618749502255029, 0.0, 0.8170907541635272, 0.8667897739165649, 0.9886693954932998, 0.0, 0.8412796286947076, 0.8488189237334988, 0.990906568550986, 0.0, 0.85942803912163, 0.8914492681512315, 0.8891470732410358, 0.0, 0.877197035077963, 0.9927020226088539, 0.0, 0.8725096311868566, 0.9001087485614236, 0.9941429729469776, 0.0, 0.9186063827135408, 0.9952994146102104, 0.0, 0.9335398109492243, 0.9110344474728497, 0.0, 0.888547952459379, 0.9036612872116414, 0.9962275224603407, 0.0, 0.9017869987825018, 0.9391079690055588, 0.9969723799043951, 0.0, 0.950120853695001, 0.9975701688487354, 0.0, 0.9151459283159364, 0.9216162272395041, 0.9286002655241478, 0.0, 0.9590048189105784, 0.9980499272573111, 0.0, 0.9661712215366424, 0.9426977977609207, 0.0, 0.9677076144009825, 0.9984349596885368, 0.0, 0.9213572771429385, 0.9731850121855805, 0.9987439693284839, 0.0, 0.9776044552063593, 0.9989919665095947, 0.0, 0.9811701854448782, 0.9540118404423639, 0.0, 0.9335294439343896, 0.930876267884177, 0.9991909978467706, 0.0, 0.9806066643767929, 0.940097262486004, 0.9436834088428679, 0.9993507314090659, 0.0, 0.9756926994741724, 0.963091980118414, 0.0, 0.9463509791164314, 0.9539740053973952, 0.9994789263520614, 0.0, 0.9521595121608539, 0.9769021298179164, 0.9995818098235963, 0.0, 0.9806514470941295, 0.9996643794512879, 0.9622425354179212, 0.9945830376778108, 0.0, 0.9585719261987817, 0.9679043801375814, 0.9703792901328804, 0.0, 0.9616757322058155, 0.9712065016420963, 0.9956525906883794, 0.0, 0.9655928650928699, 0.9807679991789888, 0.5737569136968408, 0.9762277560311541, 0.0, 0.8981939504919121, 0.5825330271409003, 0.9965109656300641, 0.0, 0.8981939504919121, 0.9757811849933443, 0.9971998585911719, 0.0])