DateTime of fitting: 2021-01-04T22:09:05.818
DATA_STATS
nr_subjects: 1
all_subject_ids: [19]
nr_puzzles: 1
nr_episodes: 62
nr_actions: 180
max_state_id: 7
max_action_id: 2
SUBJECT_SIGNALS
subject_id: 19
algorithm_name: Actor-Critic (TD-Lambda, ReplTrc) modulated Actor
param_string: alpha(actor)=0.8489,
                surpriseprobability=0.0004,
                stochasticity=2.803,
                eta(critic)=0.0073,
                gamma=0.7964,
                lambda_actor=0.6555,
                lambda_critic=0.2536,
                temp=0.2134,
                nparticles=15,
                init_policy=nothing,
                init_Vs=nothing,
                use_replacing_trace=true
param_vector: [0.8488626484982041, 0.00044717474771844255, 2.802988436849238, 0.007251680741354058, 0.7964251675089383, 0.6555119862200279, 0.25356215498125306, 0.21342981707782216, 15.0]
LL: -59.08
RPE
[0.0, 0.0, 0.0, 0.0, 0.0, 0.0, 0.0, 0.0, 0.0, 0.0, 0.0, 0.0, 0.0, 1.0, 0.0, 0.001, 0.004, 0.993, 0.011, 0.986, 0.002, 0.014, 0.978, 0.021, 0.971, 0.0, 0.002, 0.025, 0.964, 0.0, -0.001, 1.0, -0.004, 0.001, 0.003, 0.993, -0.002, 0.008, 0.986, 0.029, 0.957, 0.01, 0.978, 0.031, 0.95, 0.003, 0.018, 0.971, 0.035, 0.943, 0.017, 0.964, 0.037, 0.937, 0.019, 0.957, 0.04, -0.069, 0.012, 0.039, 0.93, 0.043, 0.924, 0.02, 0.95, 0.003, 0.06, 0.917, 0.002, 0.066, 0.91, 0.004, 0.069, 0.904, 0.014, 0.061, 0.897, 0.064, 0.891, 0.004, 0.035, 0.943, 0.068, 0.884, 0.024, 0.937, 0.002, 0.049, 0.027, 0.878, 0.005, 0.091, 0.871, 0.079, 0.865, 0.002, 0.003, 0.099, 0.859, 0.088, 0.852, 0.091, 0.846, 0.094, -0.132, 0.092, 0.841, 0.002, 0.123, 0.835, 0.003, 0.047, 0.928, 0.026, 0.922, 0.007, 0.121, 0.829, 0.004, 0.056, 0.915, 0.008, 0.056, 0.908, 0.103, 0.823, 0.005, 0.064, 0.902, 0.008, 0.064, 0.895, 0.106, 0.817, 0.047, 0.889, 0.009, 0.13, -0.095, 0.882, 0.108, 0.81, 0.054, 0.876, 0.005, 0.088, 0.869, 0.062, 0.863, 0.006, 0.096, 0.857, 0.107, 0.804, 0.032, 0.11, 0.799, 0.112, 0.793, 0.064, 0.851, 0.006, 0.104, 0.845, 0.035, 0.113, 0.787, 0.116, 0.781, 0.038, 0.118, 0.776, -0.045, -0.013, 0.006, -0.004, 0.161, 0.77, 0.067, 0.838]
SPE
[0.857, 0.857, 0.857, 0.857, 0.816, 0.816, 0.816, 0.857, 0.857, 0.778, 0.778, 0.816, 0.857, 0.857, 0.743, 0.778, 0.816, 0.816, 0.857, 0.778, 0.857, 0.778, 0.743, 0.816, 0.712, 0.816, 0.876, 0.778, 0.683, 0.778, 0.778, 0.857, 0.876, 0.743, 0.743, 0.816, 0.712, 0.712, 0.778, 0.754, 0.656, 0.886, 0.743, 0.734, 0.632, 0.816, 0.876, 0.712, 0.707, 0.609, 0.862, 0.683, 0.692, 0.588, 0.838, 0.656, 0.68, 0.857, 0.881, 0.658, 0.568, 0.638, 0.549, 0.827, 0.632, 0.778, 0.754, 0.532, 0.724, 0.886, 0.516, 0.743, 0.724, 0.5, 0.881, 0.63, 0.486, 0.613, 0.472, 0.724, 0.852, 0.609, 0.596, 0.459, 0.819, 0.588, 0.695, 0.695, 0.905, 0.447, 0.695, 0.707, 0.435, 0.591, 0.424, 0.895, 0.754, 0.681, 0.414, 0.576, 0.404, 0.562, 0.395, 0.548, 0.936, 0.535, 0.399, 0.669, 0.857, 0.391, 0.645, 0.681, 0.582, 0.821, 0.563, 0.681, 0.657, 0.382, 0.867, 0.657, 0.546, 0.669, 0.838, 0.53, 0.534, 0.374, 0.843, 0.635, 0.515, 0.658, 0.81, 0.5, 0.522, 0.366, 0.811, 0.487, 0.638, 0.658, 0.944, 0.474, 0.521, 0.372, 0.798, 0.461, 0.623, 0.615, 0.45, 0.782, 0.439, 0.602, 0.595, 0.428, 0.53, 0.365, 0.876, 0.52, 0.358, 0.51, 0.351, 0.78, 0.418, 0.595, 0.577, 0.408, 0.887, 0.509, 0.345, 0.5, 0.338, 0.853, 0.491, 0.332, 0.683, 0.917, 0.589, 0.724, 0.638, 0.327, 0.778, 0.399]
action_selection_prob
[0.5, 0.5, 0.5, 0.5, 0.5, 0.5, 0.5, 0.5, 0.5, 0.5, 0.5, 0.5, 0.5, 0.5, 0.57, 0.631, 0.723, 0.879, 0.371, 0.922, 0.5, 0.823, 0.941, 0.687, 0.953, 0.366, 0.719, 0.809, 0.96, 0.454, 0.223, 0.463, 0.864, 0.601, 0.589, 0.879, 0.128, 0.771, 0.921, 0.727, 0.966, 0.826, 0.941, 0.872, 0.97, 0.301, 0.871, 0.953, 0.899, 0.973, 0.917, 0.96, 0.929, 0.975, 0.938, 0.966, 0.945, 0.022, 0.518, 0.945, 0.982, 0.951, 0.972, 0.955, 0.97, 0.35, 0.898, 0.974, 0.471, 0.844, 0.977, 0.381, 0.916, 0.978, 0.555, 0.959, 0.98, 0.962, 0.981, 0.676, 0.929, 0.973, 0.965, 0.983, 0.968, 0.975, 0.251, 0.883, 0.978, 0.984, 0.65, 0.938, 0.984, 0.97, 0.985, 0.736, 0.103, 0.946, 0.986, 0.971, 0.987, 0.973, 0.987, 0.974, 0.988, 0.975, 0.988, 0.234, 0.757, 0.988, 0.428, 0.842, 0.978, 0.976, 0.98, 0.413, 0.951, 0.989, 0.584, 0.882, 0.981, 0.692, 0.956, 0.983, 0.977, 0.989, 0.761, 0.905, 0.984, 0.806, 0.96, 0.985, 0.978, 0.989, 0.979, 0.985, 0.838, 0.963, 0.99, 0.986, 0.98, 0.99, 0.981, 0.987, 0.147, 0.921, 0.987, 0.981, 0.988, 0.314, 0.933, 0.988, 0.982, 0.99, 0.502, 0.983, 0.991, 0.983, 0.991, 0.984, 0.989, 0.649, 0.941, 0.989, 0.265, 0.984, 0.991, 0.985, 0.991, 0.53, 0.985, 0.992, 0.014, 0.948, 0.668, 0.052, 0.965, 0.992, 0.986, 0.99]
results_dict
Dict{String,Any}("Surprise" => [1.0000000000000002, 1.0000000000000002, 1.0000000000000002, 1.0000000000000002, 0.774613341224619, 0.774613341224619, 0.774613341224619, 1.0000000000000002, 1.0000000000000002, 0.6430793584399536, 0.6430793584399536, 0.774613341224619, 1.0000000000000002, 1.0000000000000002, 0.5568785636207919, 0.6430793584399536, 0.774613341224619, 0.774613341224619, 1.0000000000000002, 0.6430793584399536, 1.0000000000000002, 0.6430793584399536, 0.5568785636207919, 0.774613341224619, 0.49601980653088534, 0.774613341224619, 1.1528980365873989, 0.6430793584399536, 0.4507598825245972, 0.6430793584399536, 0.6430793584399536, 1.0000000000000002, 1.1528980365873989, 0.5568785636207919, 0.5568785636207919, 0.774613341224619, 0.49601980653088534, 0.49601980653088534, 0.6430793584399536, 0.5814964211974142, 0.41578281287645635, 1.254830060978997, 0.5568785636207919, 0.5380181559866449, 0.38794174463716397, 0.774613341224619, 1.1528980365873989, 0.49601980653088534, 0.48737589035629075, 0.36525500353652235, 1.0375644431292297, 0.4507598825245972, 0.464467578470085, 0.3464124992106649, 0.881026452813318, 0.41578281287645635, 0.4462330070526723, 1.0000000000000002, 1.2038640487831969, 0.41815041990847895, 0.3305134489727022, 0.39482638815802296, 0.31691811003765097, 0.8276749969636411, 0.38794174463716397, 0.6430793584399536, 0.5814964211974142, 0.3051596081700674, 0.517018981258765, 1.254830060978997, 0.29488924279192974, 0.5568785636207919, 0.5170189812587651, 0.2858413225064301, 1.2038640487831969, 0.38630399489164385, 0.27780985182629775, 0.36866673806510186, 0.27063265712544476, 0.517018981258765, 0.96243555687077, 0.36525500353652235, 0.3534124131582571, 0.26418032218237436, 0.7900082527212027, 0.3464124992106649, 0.4690678864404438, 0.4690678864404438, 1.5096601219579935, 0.2583483149352653, 0.4690678864404438, 0.48737589035629064, 0.2530512808881835, 0.3491285318079353, 0.24821883805569192, 1.3567620853705955, 0.5814964211974142, 0.44823932327220906, 0.24379243187236424, 0.33685265661311353, 0.23972295091960674, 0.3259558617045449, 0.23596889707039714, 0.3162181160551045, 2.223184292699186, 0.3074638326422347, 0.2378248613320353, 0.4320110680743325, 1.0000000000000002, 0.2344091235349779, 0.4025145602410409, 0.44823932327220867, 0.34167155815649025, 0.798611956925686, 0.3272678356431408, 0.44823932327220867, 0.4170873758449181, 0.23123056514064452, 1.0751288862584605, 0.4170873758449181, 0.3148101691677055, 0.4316601914487952, 0.881026452813318, 0.3039291242945973, 0.3064183315598316, 0.22826531142218737, 0.9107698396099885, 0.3917027117225007, 0.2943432115242106, 0.4181504199084791, 0.7538214242337735, 0.2858341868060057, 0.29891655311434767, 0.2254925879658206, 0.7565761720318566, 0.27823023361372146, 0.39482638815802296, 0.41815041990847907, 2.5289803658739816, 0.27139424059235123, 0.29833758218531253, 0.22738617409430817, 0.7085436879224591, 0.2652154601673463, 0.3784788576295116, 0.3706194436843439, 0.25960346263477846, 0.6561797935822832, 0.2544836810718946, 0.3585159714475044, 0.35282966734027893, 0.2497940792384564, 0.30380890553328777, 0.22480930426429568, 1.15025777251692, 0.2973196970620609, 0.2223848984588665, 0.29133346974645535, 0.22009981435621748, 0.6489993051316534, 0.24548262553385214, 0.3528296673402786, 0.3376175612486314, 0.2415053543380028, 1.262951101904611, 0.29112382207804666, 0.2179423779278221, 0.2857910615527644, 0.21590218395826122, 0.9702566132033296, 0.2808285931960867, 0.2139699282260684, 0.4507598825245972, 1.7135241707411917, 0.3479672868541212, 0.5170189812587651, 0.39482638815802296, 0.21213726563399357, 0.6429405061187745, 0.2378248613320351],"trialByTrial_Vs" => [0.0, 0.0, 0.0, 0.0, 0.0, 0.0, 0.0, 0.0, 0.0, 0.0, 0.0, 0.0, 0.0, 0.0, 5.972097711705598e-5, 0.0002957314380457978, 0.0014644282071476407, 0.007251680741354058, 0.0001228335651122126, 0.01445077460913359, 6.736293502017749e-12, 0.002949498792236907, 0.021597662946556948, 0.0016486682083627626, 0.028692724331463203, 0.00032724912084149566, 0.000601944605154998, 0.003224834929225543, 0.03573633459636581, 0.0003962821318923157, 0.000938324370130148, 1.206025010862589e-5, 0.004819936745667359, 0.0006931954674420455, 0.0023960001401656635, 0.007263653534379235, 0.004851056342341744, 0.0038743668776341084, 0.014462660579286166, 0.005140902682217226, 0.042728866848360816, 0.006752254543521394, 0.021609462723448675, 0.008260875795555456, 0.049670691488890736, 0.0010005527754657123, 0.004485645546162914, 0.02870443854014009, 0.009879528764255876, 0.05656217623336507, 0.011516152919800463, 0.03574796385734123, 0.013051178878910408, 0.06340368613063856, 0.014694296940595904, 0.04274041177764839, 0.016236420406849545, 0.0701955835823482, 0.001333355506556272, 0.01642632055501306, 0.06972301101207029, 0.018072138960245593, 0.0764690827372389, 0.019735171453655193, 0.049682152698036934, 0.0017508972633053731, 0.006041289912971267, 0.08316623410399832, 0.002132378241883738, 0.005373047839343943, 0.08981481986716947, 0.002514000154879926, 0.00782043765432306, 0.09641519220900459, 0.0029091514736031177, 0.021270665902701755, 0.10296770075784266, 0.023024739052491933, 0.10947269260662956, 0.0033651255757790335, 0.009643799747817596, 0.05657355432948163, 0.024794135197100286, 0.11593051233130396, 0.026578539860370995, 0.06341498171643464, 0.0037272801301950617, 0.007185703464506119, 0.07020679725616231, 0.1223415020090498, 0.003873578424020741, 0.01128218238582178, 0.12870600123641648, 0.0281236105141354, 0.13502434714730774, 0.004301905676672059, 0.007838495056164884, 0.013219646458295198, 0.14129687443083977, 0.029966184270589002, 0.1475239153490702, 0.03184928181946438, 0.15370579975459825, 0.03374537380553282, 0.15984285510803747, 0.03422989329458, 0.15901771649654928, 0.004400571988010052, 0.00825738370553453, 0.1651162515256512, 0.004843735657713345, 0.01037374698071682, 0.07168952152317665, 0.03613084076757131, 0.0784213327419442, 0.005211474200062863, 0.015197339824082966, 0.17117056192573213, 0.0056839463045487626, 0.01207200110080201, 0.08510432701494218, 0.0060645916771585925, 0.017289476841932574, 0.09173885834707608, 0.03767133345666696, 0.17718096839968261, 0.006470745095652499, 0.013815771154642565, 0.09832527817612084, 0.006864712078176953, 0.019024012844505587, 0.10486393539133684, 0.0396264070669966, 0.18314778932475823, 0.041593026029975805, 0.11135517635195094, 0.007283967228885255, 0.02080255265894215, 0.18907134076944437, 0.11779934490550348, 0.04323588625946088, 0.18967251610867294, 0.045204458482155284, 0.12419678240606218, 0.007565857783687868, 0.015603891370586695, 0.13054782773230406, 0.046876489828257324, 0.13685281730546617, 0.007987644111734638, 0.017517955890085545, 0.14311208510716614, 0.04859095621270742, 0.19554875231779756, 0.008425561439889834, 0.05054602758998874, 0.20138237593797284, 0.05251207012348499, 0.20717369598208937, 0.05448882188346036, 0.14932596269709353, 0.009053415631239339, 0.019472304648378794, 0.15549477923057292, 0.00950280958494059, 0.05620185770664956, 0.21292301922217496, 0.0581766375964028, 0.21863065020564462, 0.01015728116736557, 0.060161702569175655, 0.22429689127143268, 0.062156799609190815, 0.021465862799150404, 0.010833979414190734, 0.021381831644530884, 0.021865069110639877, 0.2299220425660081, 0.06181664647937504, 0.16161886147599952, 0.0, 0.0, 0.0, 0.0, 0.0, 0.0, 0.0, 0.0, 0.0, 0.0, 0.0, 0.0, 0.0, 0.0, 0.0, 0.0, 0.0, 0.0, 0.0, 0.0, 0.0, 0.0, 0.0, 0.0, 0.0, 0.0, 0.0, 0.0, 0.0, 0.0, 0.0, 0.0, 0.0, 0.0, 0.0, 0.0, 0.0, 0.0, 0.0, 0.0, 0.0, 0.0, 0.0, 0.0, 0.0, 0.0, 0.0, 0.0, 0.0, 0.0, 0.0, 0.0, 0.0, 0.0, 0.0, 0.0, 0.0, 0.0, 0.0, 0.0, 0.0, 0.0],"final_V" => Dict{Int64,Any}(1 => [0.0, 0.02181693364406818, 0.0635295378567094, 0.23550640205927345, 0.024162131096931112, 0.1676985338321485, 0.010966717525788506]),"nparticles" => 15,"trial_by_trial_p_sa_max" => [0.5, 0.5, 0.5, 0.5, 0.5, 0.5, 0.5, 0.5, 0.5, 0.5, 0.5, 0.5, 0.5, 0.5, 0.5702400029217207, 0.6308873019247077, 0.7232455617927361, 0.8794955225311496, 0.371152776529288, 0.9215251609315014, 0.4998936537034563, 0.8228276562539132, 0.9410731717923564, 0.6873269569365801, 0.9525709956248795, 0.36602498984792514, 0.718630458124862, 0.8091427267298094, 0.9601923240726644, 0.45434862996570985, 0.22293295633932533, 0.463152860554955, 0.8636135521631411, 0.6005608218669715, 0.5893273169022546, 0.8793682534276416, 0.12777724607973712, 0.7708158310214102, 0.9214742560595409, 0.7274108947018574, 0.9656324395940677, 0.8255671617935543, 0.9410449977486741, 0.8716957113575866, 0.969718068979791, 0.3010644753174927, 0.8705110550634719, 0.9525528707197378, 0.8989047896228279, 0.9729027490137571, 0.9166164116210062, 0.9601795820138503, 0.9288892073353445, 0.9754568551465376, 0.9381145924709373, 0.9656229372607281, 0.9451276084551475, 0.022448084355201115, 0.5181691438913256, 0.9452043360024277, 0.9816060565798072, 0.9508330015414957, 0.9715524790403115, 0.9554145716935872, 0.9697106769442679, 0.34975411916637245, 0.8980749278793702, 0.9743011110962168, 0.471233872297904, 0.8440564718488871, 0.9765449024466968, 0.38141570773921546, 0.9163990799631291, 0.9784119930055809, 0.5547701587298729, 0.9591521362313653, 0.9799903668365311, 0.9623886573726366, 0.981342485220394, 0.6756402432713344, 0.9291781679573775, 0.9728968128672921, 0.9651498481260655, 0.9825139411139431, 0.9675331481959046, 0.9754519683282956, 0.25070300910960125, 0.8833342932158047, 0.977547811659445, 0.9835388081973954, 0.6499705282493087, 0.9383583479518729, 0.9844430717259329, 0.9695494389203675, 0.9852468997520568, 0.7355296914555794, 0.10297857430757366, 0.9456607809101186, 0.9859661883242989, 0.97139094924342, 0.9866136381320424, 0.9730270358299389, 0.9871995206192463, 0.974485499665366, 0.9877322334098337, 0.9745471618292919, 0.9876824454070547, 0.2344507107943406, 0.7567950560805584, 0.9881732876234391, 0.4284540881708968, 0.8423589833526827, 0.9784792260186855, 0.9758472743796021, 0.9800893375854046, 0.41336105882564983, 0.9514295882710426, 0.9886231293685498, 0.5843140192639327, 0.8817349374814009, 0.9814638046505917, 0.6915268338929036, 0.9561400617526211, 0.982651051978037, 0.9769693063190611, 0.9890369056950834, 0.7606211339328695, 0.9054902290482033, 0.9836870411364184, 0.8063374265982197, 0.959856049183524, 0.9845990480006135, 0.9780420525012564, 0.9894187885529627, 0.9790186776560664, 0.9854081421061428, 0.8384275283570355, 0.9630018621275575, 0.9897723290343051, 0.9861308609634901, 0.9798764457961674, 0.9899215468947669, 0.9806969152058921, 0.9867803691065655, 0.14678332033094268, 0.9213556126472975, 0.9873672781229157, 0.9814251803360484, 0.9879002381407935, 0.31367055516838543, 0.932797984289014, 0.9883863718867429, 0.9821028155597792, 0.9902401622611828, 0.5020327833964982, 0.9827501109879602, 0.9905370491031418, 0.9833517955141639, 0.9908143547826991, 0.9839125031124225, 0.9888315981860912, 0.6492481692850913, 0.9413537701328579, 0.9892408764627689, 0.26467901225407536, 0.9844191447206172, 0.9910739522466374, 0.9849093419226145, 0.9913174825635304, 0.529555876124884, 0.9853692658536842, 0.9915463897776948, 0.014198380454822489, 0.9479915869624271, 0.6682370819991835, 0.05210636303861173, 0.9646455648924265, 0.9917619496532134, 0.9862755858140861, 0.9896183938933968],"final_Tsas" => Dict{Tuple{Int64,Int64},Float64}[Dict((1, 6) => 0.6094350795856551,(2, 3) => 0.1094023376175522,(2, 6) => 0.12391134196047629,(2, 2) => 0.08096227694469653,(2, 1) => 1.0,(2, 5) => 0.13592936517392157,(1, 7) => 0.08096227694469657,(1, 4) => 0.13592936517392157,(1, 3) => 0.04781549798082467,(2, 4) => 0.678989498569707,(1, 1) => 1.0,(1, 2) => 0.10940233761755216,(2, 7) => 0.08096227694469657,(1, 5) => 0.0833703692638018), Dict((1, 6) => 0.06144085859579171,(2, 3) => 0.34358597429468735,(2, 6) => 0.12391134196047629,(2, 2) => 0.08096227694469653,(2, 1) => 0.0,(2, 5) => 0.13592936517392157,(1, 7) => 0.16761508922212146,(1, 4) => 0.13592936517392157,(1, 3) => 0.04781549798082467,(2, 4) => 0.04781549798082465,(1, 1) => 0.0,(1, 2) => 0.10940233761755216,(2, 7) => 0.4275735260543961,(1, 5) => 0.0833703692638018), Dict((1, 6) => 0.06144085859579171,(2, 3) => 0.1094023376175522,(2, 6) => 0.25653194823714176,(2, 2) => 0.08096227694469653,(2, 1) => 0.0,(2, 5) => 0.13592936517392157,(1, 7) => 0.13873081846297977,(1, 4) => 0.13592936517392157,(1, 3) => 0.04781549798082467,(2, 4) => 0.06487425475349712,(1, 1) => 0.0,(1, 2) => 0.1484329437304079,(2, 7) => 0.16761508922212146,(1, 5) => 0.0833703692638018), Dict((1, 6) => 0.08336062743538629,(2, 3) => 0.1094023376175522,(2, 6) => 0.12391134196047629,(2, 2) => 0.13873081846297974,(2, 1) => 0.0,(2, 5) => 0.13592936517392157,(1, 7) => 0.08096227694469657,(1, 4) => 0.13592936517392157,(1, 3) => 0.5084019308429822,(2, 4) => 0.04781549798082465,(1, 1) => 0.0,(1, 2) => 0.10940233761755216,(2, 7) => 0.08096227694469657,(1, 5) => 0.38080423723050727), Dict((1, 6) => 0.06144085859579171,(2, 3) => 0.1094023376175522,(2, 6) => 0.12391134196047629,(2, 2) => 0.08096227694469653,(2, 1) => 0.0,(2, 5) => 0.13592936517392157,(1, 7) => 0.3698049845361127,(1, 4) => 0.13592936517392157,(1, 3) => 0.04781549798082467,(2, 4) => 0.04781549798082465,(1, 1) => 0.0,(1, 2) => 0.3045553681818313,(2, 7) => 0.08096227694469657,(1, 5) => 0.0833703692638018), Dict((1, 6) => 0.06144085859579171,(2, 3) => 0.1094023376175522,(2, 6) => 0.12391134196047629,(2, 2) => 0.42757352605439597,(2, 1) => 0.0,(2, 5) => 0.18442380895647106,(1, 7) => 0.08096227694469657,(1, 4) => 0.13592936517392157,(1, 3) => 0.23546182248022224,(2, 4) => 0.06487425475349712,(1, 1) => 0.0,(1, 2) => 0.10940233761755216,(2, 7) => 0.08096227694469657,(1, 5) => 0.2023439164504839), Dict((1, 6) => 0.06144085859579171,(2, 3) => 0.1094023376175522,(2, 6) => 0.12391134196047629,(2, 2) => 0.10984654770383814,(2, 1) => 0.0,(2, 5) => 0.13592936517392157,(1, 7) => 0.08096227694469657,(1, 4) => 0.18442380895647106,(1, 3) => 0.06487425475349717,(2, 4) => 0.04781549798082465,(1, 1) => 0.0,(1, 2) => 0.10940233761755216,(2, 7) => 0.08096227694469657,(1, 5) => 0.0833703692638018)],"gamma_surprise" => [0.0004471747477184426, 0.0004471747477184426, 0.0004471747477184426, 0.0004471747477184426, 0.00034642244039696085, 0.00034642244039696085, 0.00034642244039696085, 0.0004471747477184426, 0.0004471747477184426, 0.00028761475488451097, 0.00028761475488451097, 0.00034642244039696085, 0.0004471747477184426, 0.0004471747477184426, 0.00024907138536855484, 0.00028761475488451097, 0.00034642244039696085, 0.00034642244039696085, 0.0004471747477184426, 0.00028761475488451097, 0.0004471747477184426, 0.00028761475488451097, 0.00024907138536855484, 0.00034642244039696085, 0.00022185753126293976, 0.00034642244039696085, 0.0005155116420214145, 0.00028761475488451097, 0.00020161795539178044, 0.00028761475488451097, 0.00028761475488451097, 0.0004471747477184426, 0.0005155116420214145, 0.00024907138536855484, 0.00024907138536855484, 0.00034642244039696085, 0.00022185753126293976, 0.00022185753126293976, 0.00028761475488451097, 0.0002600791877680552, 0.00018597616019984059, 0.0005610643806596183, 0.00024907138536855484, 0.00024063784572915075, 0.00017352524512588539, 0.00034642244039696085, 0.0005155116420214145, 0.00022185753126293976, 0.00021799216171474058, 0.0001633791879239632, 0.00046396482447695744, 0.00020161795539178044, 0.00020774792298691884, 0.00015495220948641026, 0.00039399374301176944, 0.00018597616019984059, 0.0001995935578279688, 0.0004471747477184426, 0.0005382885303829096, 0.00018703497286859906, 0.00014784152858612234, 0.0001766041828509858, 0.00014176107781304218, 0.0003701438810216732, 0.00017352524512588539, 0.00028761475488451097, 0.0002600791877680552, 0.00013650208405285505, 0.00023124777669149304, 0.0005610643806596183, 0.00013190861455552292, 0.00024907138536855484, 0.0002312477766914931, 0.00012786185443900336, 0.0005382885303829096, 0.00017279281087815302, 0.0001242696827013228, 0.00016490501095769061, 0.00012105957431844678, 0.00023124777669149304, 0.000430384106875386, 0.0001633791879239632, 0.00015808281438664778, 0.00011817365278028501, 0.00035330491750009557, 0.00015495220948641026, 0.00020980512559598454, 0.00020980512559598454, 0.000674928063254947, 0.0001155651695010369, 0.00020980512559598454, 0.00021799216171474055, 0.0001131959520185983, 0.00015616691602637683, 0.00011103452360078749, 0.000606612967242532, 0.0002600791877680552, 0.00020049077408039668, 0.00010905469681950508, 0.00015067668381683031, 0.00010723450733346973, 0.00014580317756529543, 0.00010555539558941365, 0.00014144800682678024, 0.0009936083941540674, 0.000137532653550956, 0.00010638553126659088, 0.0001932335198188018, 0.0004471747477184426, 0.0001048577390314379, 0.00018004245074293594, 0.0002004907740803965, 0.00015283188467188417, 0.0003571512638514453, 0.00014638995015837266, 0.0002004907740803965, 0.00018655957139785922, 0.00010343602827750988, 0.0004807543371793566, 0.00018655957139785922, 0.00014081830464754105, 0.0001930766070923163, 0.00039399374301176944, 0.00013595174654437681, 0.00013706505113977052, 0.00010210972113987914, 0.0004072895247097316, 0.00017520722031983709, 0.00013166439830654414, 0.00018703497286859912, 0.0003371270177811537, 0.00012785866292272855, 0.0001337098531777769, 0.00010086952630352892, 0.0003383585902019805, 0.00012445770414560984, 0.0001766041828509858, 0.0001870349728685991, 0.0011301234674846346, 0.0001214002049672374, 0.0001334509053673432, 0.0001017164974130672, 0.0003168841450078142, 0.00011863663777271608, 0.00016929323910340992, 0.0001657783133901184, 0.00011612656086278907, 0.00029347215432596664, 0.00011383662628908849, 0.00016036529074409543, 0.00015782219094322248, 0.00011173908982871767, 0.00013589797831964508, 0.00010056390396441156, 0.000514331670529497, 0.00013299565053675533, 9.94795028560335e-5, 0.00013031826840535454, 9.845741614580031e-5, 0.00029026165961911274, 0.00010981068138887381, 0.00015782219094322234, 0.00015101877964490777, 0.00010803173806605219, 0.0005646934408443592, 0.0001302245017561169, 9.749242256801443e-5, 0.00012783937470398548, 9.657986832123205e-5, 0.0004338800270489556, 0.00012561985406828603, 9.571559201517502e-5, 0.00020161795539178044, 0.000766000331041882, 0.00015564756627324202, 0.0002312477766914931, 0.0001766041828509858, 9.48958612225374e-5, 0.0002875526715784611, 0.0001063855312665908],"final_PolicyParameters" => Dict{Int64,Any}(1 => [0.0 0.0; 0.7208387328463436 1.110119529299012; 1.2240458703163095 0.30565353376419446; 0.06640918206616483 1.0945332543834867; 0.7390845977480675 0.016452853997041314; 1.011766151378693 0.0315148780525707; 1.539079566225823 1.732920848033462]),"particlefilterseeds" => [1, 2, 3])
POPULATION_SIGNALS
subject_id: 19
algorithm_name: Actor-Critic (TD-Lambda, ReplTrc) modulated Actor
param_string: alpha(actor)=0.7972,
                surpriseprobability=0.0043,
                stochasticity=2.7816,
                eta(critic)=0.0,
                gamma=0.9966,
                lambda_actor=0.7939,
                lambda_critic=0.305,
                temp=0.392,
                nparticles=15,
                init_policy=nothing,
                init_Vs=nothing,
                use_replacing_trace=true
param_vector: [0.7972414808175023, 0.004336552046615557, 2.7816353998652787, 3.24411867293681e-5, 0.9966448663088217, 0.7939275473003868, 0.3049775441960644, 0.39196929107560724, 15.0]
LL: -62.647
RPE
[0.0, 0.0, 0.0, 0.0, 0.0, 0.0, 0.0, 0.0, 0.0, 0.0, 0.0, 0.0, 0.0, 1.0, 0.0, 0.0, 0.0, 1.0, 0.0, 1.0, 0.0, 0.0, 1.0, 0.0, 1.0, 0.0, 0.0, 0.0, 1.0, 0.0, -0.0, 1.0, -0.0, 0.0, 0.0, 1.0, -0.0, 0.0, 1.0, 0.0, 1.0, 0.0, 1.0, 0.0, 1.0, 0.0, 0.0, 1.0, 0.0, 1.0, 0.0, 1.0, 0.0, 1.0, 0.0, 1.0, 0.0, -0.0, 0.0, 0.0, 1.0, 0.0, 1.0, 0.0, 1.0, 0.0, 0.0, 1.0, 0.0, 0.0, 1.0, 0.0, 0.0, 1.0, 0.0, 0.0, 1.0, 0.0, 0.999, 0.0, 0.0, 1.0, 0.0, 0.999, 0.0, 1.0, 0.0, 0.0, 0.0, 0.999, 0.0, 0.001, 0.999, 0.0, 0.999, 0.0, 0.0, 0.001, 0.999, 0.001, 0.999, 0.001, 0.999, 0.001, -0.001, 0.001, 0.999, 0.0, 0.001, 0.999, 0.0, 0.0, 1.0, 0.0, 1.0, 0.0, 0.001, 0.999, 0.0, 0.0, 1.0, 0.0, 0.0, 1.0, 0.001, 0.999, 0.0, 0.0, 1.0, 0.0, 0.0, 1.0, 0.001, 0.999, 0.0, 0.999, 0.0, 0.001, -0.0, 0.999, 0.001, 0.999, 0.0, 0.999, 0.0, 0.001, 0.999, 0.0, 0.999, 0.0, 0.001, 0.999, 0.001, 0.999, 0.0, 0.001, 0.999, 0.001, 0.999, 0.0, 0.999, 0.0, 0.001, 0.999, 0.0, 0.001, 0.999, 0.001, 0.999, 0.0, 0.001, 0.999, -0.0, -0.0, 0.0, -0.0, 0.001, 0.999, 0.0, 0.999]
SPE
[0.857, 0.857, 0.857, 0.857, 0.815, 0.815, 0.815, 0.857, 0.857, 0.777, 0.777, 0.815, 0.857, 0.857, 0.743, 0.777, 0.815, 0.815, 0.857, 0.777, 0.857, 0.777, 0.743, 0.815, 0.711, 0.815, 0.876, 0.777, 0.682, 0.777, 0.777, 0.857, 0.876, 0.745, 0.743, 0.815, 0.711, 0.711, 0.777, 0.754, 0.655, 0.886, 0.743, 0.734, 0.63, 0.815, 0.876, 0.711, 0.706, 0.608, 0.862, 0.682, 0.692, 0.586, 0.838, 0.655, 0.679, 0.857, 0.881, 0.657, 0.566, 0.637, 0.548, 0.827, 0.63, 0.777, 0.754, 0.53, 0.725, 0.886, 0.514, 0.743, 0.723, 0.499, 0.881, 0.628, 0.484, 0.611, 0.471, 0.723, 0.852, 0.608, 0.594, 0.458, 0.821, 0.586, 0.696, 0.694, 0.906, 0.445, 0.694, 0.706, 0.434, 0.589, 0.423, 0.895, 0.754, 0.68, 0.412, 0.574, 0.402, 0.56, 0.393, 0.546, 0.936, 0.534, 0.397, 0.67, 0.857, 0.388, 0.645, 0.68, 0.58, 0.822, 0.561, 0.68, 0.656, 0.38, 0.869, 0.656, 0.544, 0.667, 0.838, 0.527, 0.533, 0.372, 0.845, 0.634, 0.512, 0.657, 0.81, 0.498, 0.522, 0.364, 0.812, 0.484, 0.637, 0.657, 0.944, 0.471, 0.52, 0.369, 0.8, 0.459, 0.622, 0.613, 0.447, 0.783, 0.436, 0.601, 0.594, 0.425, 0.529, 0.362, 0.876, 0.519, 0.355, 0.509, 0.349, 0.781, 0.415, 0.595, 0.576, 0.406, 0.887, 0.509, 0.342, 0.499, 0.336, 0.853, 0.49, 0.33, 0.682, 0.917, 0.589, 0.723, 0.637, 0.324, 0.779, 0.396]
action_selection_prob
[0.5, 0.5, 0.5, 0.5, 0.5, 0.5, 0.5, 0.5, 0.5, 0.5, 0.5, 0.5, 0.5, 0.5, 0.623, 0.625, 0.619, 0.734, 0.293, 0.825, 0.488, 0.75, 0.871, 0.563, 0.897, 0.354, 0.728, 0.722, 0.915, 0.512, 0.209, 0.402, 0.802, 0.661, 0.484, 0.693, 0.168, 0.682, 0.808, 0.633, 0.928, 0.757, 0.861, 0.821, 0.937, 0.25, 0.817, 0.892, 0.86, 0.944, 0.885, 0.911, 0.902, 0.95, 0.915, 0.925, 0.925, 0.046, 0.536, 0.925, 0.954, 0.933, 0.898, 0.94, 0.935, 0.324, 0.857, 0.915, 0.469, 0.781, 0.928, 0.366, 0.883, 0.937, 0.564, 0.945, 0.944, 0.949, 0.95, 0.692, 0.901, 0.942, 0.953, 0.954, 0.956, 0.948, 0.231, 0.835, 0.953, 0.958, 0.605, 0.914, 0.962, 0.959, 0.964, 0.717, 0.138, 0.925, 0.967, 0.962, 0.969, 0.964, 0.971, 0.966, 0.972, 0.966, 0.972, 0.229, 0.676, 0.974, 0.442, 0.779, 0.956, 0.968, 0.96, 0.383, 0.933, 0.975, 0.577, 0.834, 0.963, 0.7, 0.939, 0.966, 0.969, 0.976, 0.774, 0.868, 0.968, 0.82, 0.944, 0.97, 0.971, 0.977, 0.972, 0.972, 0.851, 0.949, 0.978, 0.973, 0.973, 0.979, 0.974, 0.975, 0.131, 0.89, 0.976, 0.975, 0.977, 0.312, 0.906, 0.978, 0.976, 0.98, 0.521, 0.977, 0.981, 0.978, 0.981, 0.979, 0.979, 0.667, 0.918, 0.98, 0.246, 0.979, 0.982, 0.98, 0.983, 0.54, 0.981, 0.983, 0.019, 0.928, 0.678, 0.072, 0.952, 0.984, 0.966, 0.981]
results_dict
Dict{String,Any}("Surprise" => [1.0000000000000002, 1.0000000000000002, 1.0000000000000002, 1.0000000000000002, 0.773340693506996, 0.773340693506996, 0.773340693506996, 1.0000000000000002, 1.0000000000000002, 0.6414854812363958, 0.6414854812363958, 0.773340693506996, 1.0000000000000002, 1.0000000000000002, 0.5552420044528426, 0.6414854812363958, 0.773340693506996, 0.773340693506996, 1.0000000000000002, 0.6414854812363958, 1.0000000000000002, 0.6414854812363958, 0.5552420044528426, 0.773340693506996, 0.4944329462714055, 0.773340693506996, 1.154071748077475, 0.6414854812363958, 0.44925275144753235, 0.6414854812363958, 0.6414854812363958, 1.0000000000000002, 1.154071748077475, 0.5602635864972367, 0.5552420044528426, 0.773340693506996, 0.4944329462714055, 0.4944329462714055, 0.6414854812363958, 0.5799507819832401, 0.4143622561537865, 1.256786246795791, 0.5552420044528426, 0.5365635340821221, 0.38660563855379065, 0.773340693506996, 1.154071748077475, 0.4944329462714055, 0.4859692346843635, 0.36399789059565696, 1.037776551082167, 0.44925275144753235, 0.4631654014743045, 0.34522793716957806, 0.8804951604121323, 0.4143622561537865, 0.44502414916771527, 1.0000000000000002, 1.2023125925129106, 0.41699806637935194, 0.3293950028085676, 0.39372957145331267, 0.31585975430291857, 0.8270385572872165, 0.38660563855379065, 0.6414854812363958, 0.5799507819832401, 0.30415586587881666, 0.5189974945570875, 1.2567862467957907, 0.29393520629983216, 0.5552420044528426, 0.5154982401767637, 0.2849326234261808, 1.2054289974366323, 0.3845129000338865, 0.2769426114068074, 0.36695915675038665, 0.26980343179358673, 0.5154982401767637, 0.9622234489178327, 0.36399789059565696, 0.3517805579715029, 0.2633860509061952, 0.7964826260570927, 0.34522793716957806, 0.4699819537532113, 0.46761099306594767, 1.5135724935915829, 0.25758627116172733, 0.46761099306594756, 0.4859692346843635, 0.2523190299193507, 0.34765555332768283, 0.24751419983841388, 1.3595007455141077, 0.5799507819832401, 0.44689768636746485, 0.24311344878737948, 0.335438343735626, 0.23906786001518812, 0.32459531492975824, 0.23533610616537037, 0.3149069681688261, 2.232573984619797, 0.306760737984531, 0.23685394501395923, 0.4323231119274739, 1.0000000000000002, 0.2334632113357322, 0.40246932962056187, 0.4468976863674649, 0.3398030922047749, 0.8030708098295367, 0.3254909252866922, 0.4457750301542799, 0.415814893860753, 0.2303081171170702, 1.0934864606619654, 0.41581489386075304, 0.3131153283081818, 0.4296113844325385, 0.8804951604121317, 0.3023081697657698, 0.30578510581698337, 0.22736492554280271, 0.9196476312596749, 0.3904979784875043, 0.29278906441380087, 0.4163730082625164, 0.7529122246960235, 0.28434069998890144, 0.29874754004882076, 0.22461298434040555, 0.7586810726682038, 0.276792046082118, 0.39314030720487675, 0.4169980663793521, 2.5368570152937004, 0.27000665595435175, 0.2977715206801489, 0.22652296281770198, 0.7137905259165499, 0.26387434580945957, 0.3782147820820335, 0.3694787543114455, 0.2583051661060819, 0.6596304531999525, 0.25322496064495653, 0.3581154308506125, 0.3517485027149484, 0.24857204607838718, 0.3034269548318998, 0.22396465798423681, 1.1496118471966947, 0.2968782251939422, 0.22155783232654294, 0.2908430985134883, 0.2192894203218062, 0.6520666707236463, 0.24429469535937207, 0.352417380155481, 0.3365912768997997, 0.24034920685189345, 1.2625463979277516, 0.2906818080265706, 0.2171478170317314, 0.2853109950153929, 0.21512267955449338, 0.9689621971107808, 0.28031688781680614, 0.21320476000756788, 0.44925275144753235, 1.7190014910282145, 0.34755151203088797, 0.5154982401767637, 0.3937295714533129, 0.21138576435018663, 0.6456954954397995, 0.23669840602629866],"trialByTrial_Vs" => [0.0, 0.0, 0.0, 0.0, 0.0, 0.0, 0.0, 0.0, 0.0, 0.0, 0.0, 0.0, 0.0, 0.0, 9.110068108896351e-7, 2.9971834568972844e-6, 9.860638325553667e-6, 3.24411867293681e-5, 1.8221861230946056e-6, 6.488132102813979e-5, 6.1320345663607535e-12, 1.972168576904001e-5, 9.732040293045717e-5, 1.1684223328601823e-5, 0.00012975843247046124, 2.998297503084112e-6, 5.994712852295524e-6, 2.1547398497155788e-5, 0.00016219540968229185, 3.909825671031483e-6, 8.993293895192576e-6, 2.7690444092683574e-7, 3.14109826067492e-5, 6.9070862745415525e-6, 1.8853646690134274e-5, 3.2718082187186263e-5, 3.232132232617538e-5, 2.871440861206974e-5, 6.51582075031407e-5, 3.531854755744534e-5, 0.0001946313346000878, 4.5182413805120604e-5, 9.759728042293224e-5, 5.5043779536736805e-5, 0.00022706620725798676, 9.904692807572132e-6, 2.9583871254979672e-5, 0.00013003530098070187, 6.490773474133207e-5, 0.0002595000276901253, 7.477209879072328e-5, 0.00016247226921058946, 8.463396244938119e-5, 0.0002919327959306388, 9.449841537609993e-5, 0.00019490818514673376, 0.00010436036797993618, 0.00032436451201366167, 1.2903107933838113e-5, 0.00010436467131179648, 0.0003243559609361845, 0.0001142292127334548, 0.00035678662517325707, 0.00012409416293117934, 0.00022734304882327243, 1.590443350689889e-5, 3.944647195942005e-5, 0.0003892162373210954, 1.8904645925878614e-5, 3.85755796240765e-5, 0.0004216447974138305, 2.1904962943072305e-5, 4.9314576946643464e-5, 0.0004540723054855922, 2.4905645441903517e-5, 0.00013395588428049486, 0.00048649876157050943, 0.00014382310937430362, 0.0005189241657027098, 2.7908354114157137e-5, 5.9183819227189286e-5, 0.000259776860274342, 0.00015369074301770064, 0.00055134851791632, 0.00016355878517379367, 0.000292209619534078, 3.090773652454892e-5, 4.844444158908062e-5, 0.00032464132663661464, 0.0005837718182454654, 3.1822258682423946e-5, 6.904837518809237e-5, 0.0006161940667242705, 0.00017342068390629886, 0.0006486152633868584, 3.482417025627691e-5, 5.145133607272488e-5, 7.892062043301647e-5, 0.0006810354082673514, 0.00018329027174919746, 0.0007134545013998706, 0.0001931609964591107, 0.0007458725428185359, 0.00020303212943962773, 0.000778289532557466, 0.00020304502782021743, 0.0007782764953720005, 3.573715649777599e-5, 5.445327559261066e-5, 0.0008106924338882552, 3.87399415869694e-5, 6.433036502959913e-5, 0.000334504551559707, 0.00021291656814049437, 0.00036693488656445615, 4.173959867732629e-5, 8.879400250601581e-5, 0.0008431073207929954, 4.474318214052553e-5, 7.419643328899941e-5, 0.0003993641694906517, 4.774330920125951e-5, 9.867070630681007e-5, 0.0004317924003724243, 0.00022277854485201924, 0.0008755211561203368, 5.074411040977869e-5, 8.406363898756526e-5, 0.0004642195792439036, 5.3744707512719803e-5, 0.00010853784674851678, 0.000496645706139218, 0.00023265163042936565, 0.0009079339399043937, 0.00024252512408257855, 0.0005290707810924949, 5.674597873235995e-5, 0.00011840612445276112, 0.0009403456721792795, 0.0005614948041378605, 0.00025238978372722233, 0.0009501884223202635, 0.0002622635865815351, 0.00059391777530944, 5.7665394064618716e-5, 9.393198199383189e-5, 0.0006263396946413574, 0.0002721290631094831, 0.0006587605621677356, 6.066709573193862e-5, 0.00010380364797456738, 0.0006911803779226965, 0.00028199567671757027, 0.000982598783809595, 6.366936473957875e-5, 0.0002918692474376264, 0.0010150080938683376, 0.0003017432261397499, 0.0010474163525306006, 0.0003116176127870787, 0.0007235991419403607, 6.667797436798675e-5, 0.00011367645078737787, 0.0007560168542548479, 6.968071309148671e-5, 0.00032148440237311706, 0.0010798235598304929, 0.00033135887683842757, 0.0011122297158021217, 7.269023592129866e-5, 0.00034123375918560916, 0.0011446348204795936, 0.0003511090493778053, 0.0001235503903008459, 7.570054760527902e-5, 0.00012354929748271934, 0.00012142443306184801, 0.0011770388738970136, 0.0003511856776237377, 0.0007884335149002766, 0.0, 0.0, 0.0, 0.0, 0.0, 0.0, 0.0, 0.0, 0.0, 0.0, 0.0, 0.0, 0.0, 0.0, 0.0, 0.0, 0.0, 0.0, 0.0, 0.0, 0.0, 0.0, 0.0, 0.0, 0.0, 0.0, 0.0, 0.0, 0.0, 0.0, 0.0, 0.0, 0.0, 0.0, 0.0, 0.0, 0.0, 0.0, 0.0, 0.0, 0.0, 0.0, 0.0, 0.0, 0.0, 0.0, 0.0, 0.0, 0.0, 0.0, 0.0, 0.0, 0.0, 0.0, 0.0, 0.0, 0.0, 0.0, 0.0, 0.0, 0.0, 0.0],"final_V" => Dict{Int64,Any}(1 => [0.0, 0.0001265532410800091, 0.00036105264051362694, 0.001209441876088486, 0.00013130758230373084, 0.000820849123910764, 7.661514799737801e-5]),"nparticles" => 15,"trial_by_trial_p_sa_max" => [0.5, 0.5, 0.5, 0.5, 0.5, 0.5, 0.5, 0.5, 0.5, 0.5, 0.5, 0.5, 0.5, 0.5, 0.6228400779802354, 0.6250023609672373, 0.6194279677049173, 0.7335160141443056, 0.2930995265848509, 0.825301781459475, 0.4879373029875506, 0.7497973354673562, 0.8706795814363371, 0.5631895171369949, 0.897461327054606, 0.3538273603061362, 0.728448006651927, 0.7222394270268827, 0.9150869853389549, 0.5118953952884139, 0.20884600177490273, 0.4020539440890753, 0.8024594850825196, 0.6607087925701656, 0.48395642081005497, 0.6929549757162915, 0.16796776479368702, 0.6821123103138709, 0.8078877087639641, 0.6326415808583528, 0.9275542959338352, 0.7565225417190349, 0.8612788792114412, 0.8212122837086533, 0.9368345732834324, 0.2502907426160435, 0.817457536692365, 0.8916178559836363, 0.8595814056656741, 0.9440097407019024, 0.8846711013440041, 0.9111124409817034, 0.9022649631933242, 0.9497223663967742, 0.9152649455791163, 0.9246786858894305, 0.9252409787971457, 0.04562210696985355, 0.5360367769641087, 0.9252412924601074, 0.9543864801579491, 0.933137243930438, 0.89785604161744, 0.9395366024894823, 0.9346586248309735, 0.32422395449068925, 0.8572149577966784, 0.9153670298894291, 0.46877681524025944, 0.7813664987052938, 0.9277630312493863, 0.3657228631483951, 0.8830707091305359, 0.9369959432881325, 0.5636943022471869, 0.9448238799011505, 0.9441380483346332, 0.949268323226082, 0.9498266849783159, 0.6923588145073594, 0.9011244180622741, 0.9423062948132792, 0.9530539311168276, 0.954464257788552, 0.9563165550045397, 0.9483528301853688, 0.23106302038636306, 0.8354927699884329, 0.9532529737352918, 0.9583172722039864, 0.6054528030649848, 0.9144045219828405, 0.9615692027989554, 0.9591559463235951, 0.9643504765765769, 0.7171105699468375, 0.1377210461512503, 0.9245780572601764, 0.9667563447011716, 0.961651474408546, 0.9688579879354275, 0.9638608576337264, 0.9707096659913861, 0.9658304563579925, 0.9723534622922034, 0.965830732761676, 0.9723532841503529, 0.22882551066389428, 0.6764178825768543, 0.973822326722723, 0.4418234911591538, 0.7786216815563577, 0.9564885070202452, 0.9675974090697884, 0.9600195353868608, 0.38319468450727107, 0.9326097768577832, 0.9751430853264335, 0.5765913979897481, 0.8338820653961256, 0.9630206513552405, 0.6999935718119442, 0.9391080983537374, 0.9656027602292216, 0.9691901681206467, 0.9763369295956789, 0.7736120145879348, 0.8676529170445387, 0.9678478503745116, 0.8200598325935446, 0.9444690617435947, 0.9698178373718901, 0.9706349151800712, 0.9774213117529107, 0.9719506267953284, 0.97156035050676, 0.8513993932168781, 0.9489681755022994, 0.9784106248105998, 0.9731126272899139, 0.9731534085539149, 0.9791305958807812, 0.9742578825437912, 0.9745042002043173, 0.13064962401179187, 0.8902284553342956, 0.9757587910694336, 0.9752750227179465, 0.9768956728257728, 0.31231112967296054, 0.9063222677432928, 0.9779306655678472, 0.9762150699984782, 0.9799785308096897, 0.5213702836386161, 0.9770865816527112, 0.9807602196377871, 0.9778966230950782, 0.9814831331576608, 0.9786514657690342, 0.9788768765001171, 0.6669887793701769, 0.9183491922444396, 0.9797452574559313, 0.246332941215432, 0.9793564106152773, 0.9821536596127669, 0.9800165029033863, 0.9827772939089451, 0.5397117812641791, 0.9806357668855895, 0.9833587884842622, 0.01878212843882584, 0.9276666315524358, 0.6780769261307502, 0.07233346982502083, 0.9520217771324546, 0.9839022746047965, 0.9657113722240438, 0.9805450303765915],"final_Tsas" => Dict{Tuple{Int64,Int64},Float64}[Dict((1, 6) => 0.6123048931404721,(2, 3) => 0.10920601851176534,(2, 6) => 0.12378532192224903,(2, 2) => 0.0806938953095372,(2, 1) => 1.0,(2, 5) => 0.13587878234940565,(1, 7) => 0.08081445829187617,(1, 4) => 0.13587878234940565,(1, 3) => 0.04777084863972689,(2, 4) => 0.6813810321426498,(1, 1) => 1.0,(1, 2) => 0.10920601851176535,(2, 7) => 0.0807836529863711,(1, 5) => 0.08310472306320885), Dict((1, 6) => 0.061307008811962306,(2, 3) => 0.3447638889294077,(2, 6) => 0.12378532192224903,(2, 2) => 0.0806938953095372,(2, 1) => 0.0,(2, 5) => 0.13587878234940565,(1, 7) => 0.1664789541977642,(1, 4) => 0.13587878234940565,(1, 3) => 0.04777084863972689,(2, 4) => 0.04764393370844568,(1, 1) => 0.0,(1, 2) => 0.10920601851176535,(2, 7) => 0.4281727316599129,(1, 5) => 0.08310472306320885), Dict((1, 6) => 0.061307008811962306,(2, 3) => 0.10920601851176534,(2, 6) => 0.2572880684665058,(2, 2) => 0.0806938953095372,(2, 1) => 0.0,(2, 5) => 0.13587878234940565,(1, 7) => 0.13892017430037257,(1, 4) => 0.13587878234940565,(1, 3) => 0.04777084863972689,(2, 4) => 0.06327126962771099,(1, 1) => 0.0,(1, 2) => 0.1484656635813724,(2, 7) => 0.16790900340823112,(1, 5) => 0.08310472306320885), Dict((1, 6) => 0.08116006279971608,(2, 3) => 0.10920601851176534,(2, 6) => 0.12378532192224903,(2, 2) => 0.1387129263539691,(2, 1) => 0.0,(2, 5) => 0.13587878234940565,(1, 7) => 0.08081445829187617,(1, 4) => 0.13587878234940565,(1, 3) => 0.5092495558532231,(2, 4) => 0.04764393370844568,(1, 1) => 0.0,(1, 2) => 0.10920601851176535,(2, 7) => 0.0807836529863711,(1, 5) => 0.3818668220328788), Dict((1, 6) => 0.061307008811962306,(2, 3) => 0.10920601851176534,(2, 6) => 0.12378532192224903,(2, 2) => 0.0806938953095372,(2, 1) => 0.0,(2, 5) => 0.13587878234940565,(1, 7) => 0.3713430383343584,(1, 4) => 0.13587878234940565,(1, 3) => 0.04777084863972689,(2, 4) => 0.04764393370844568,(1, 1) => 0.0,(1, 2) => 0.3055042438598007,(2, 7) => 0.0807836529863711,(1, 5) => 0.08310472306320885), Dict((1, 6) => 0.061307008811962306,(2, 3) => 0.10920601851176534,(2, 6) => 0.12378532192224903,(2, 2) => 0.4288080815761288,(2, 1) => 0.0,(2, 5) => 0.18472730590356617,(1, 7) => 0.08081445829187617,(1, 4) => 0.13587878234940565,(1, 3) => 0.2347225452483187,(2, 4) => 0.0647719633958566,(1, 1) => 0.0,(1, 2) => 0.10920601851176535,(2, 7) => 0.0807836529863711,(1, 5) => 0.20260956265107685), Dict((1, 6) => 0.061307008811962306,(2, 3) => 0.10920601851176534,(2, 6) => 0.12378532192224903,(2, 2) => 0.10970341083175315,(2, 1) => 0.0,(2, 5) => 0.13587878234940565,(1, 7) => 0.08081445829187617,(1, 4) => 0.18472730590356617,(1, 3) => 0.06494450433955029,(2, 4) => 0.04764393370844568,(1, 1) => 0.0,(1, 2) => 0.10920601851176535,(2, 7) => 0.0807836529863711,(1, 5) => 0.08310472306320885)],"gamma_surprise" => [0.004336552046615559, 0.004336552046615559, 0.004336552046615559, 0.004336552046615559, 0.0033569317621218275, 0.0033569317621218275, 0.0033569317621218275, 0.004336552046615559, 0.004336552046615559, 0.0027861668771766786, 0.0027861668771766786, 0.0033569317621218275, 0.004336552046615559, 0.004336552046615559, 0.0024124888571078833, 0.0027861668771766786, 0.0033569317621218275, 0.0033569317621218275, 0.004336552046615559, 0.0027861668771766786, 0.004336552046615559, 0.0027861668771766786, 0.0024124888571078833, 0.0033569317621218275, 0.002148845371999724, 0.0033569317621218275, 0.00500135059790562, 0.0027861668771766786, 0.0019528720692374697, 0.0027861668771766786, 0.0027861668771766786, 0.004336552046615559, 0.00500135059790562, 0.002434254178952904, 0.0024124888571078833, 0.0033569317621218275, 0.002148845371999724, 0.002148845371999724, 0.0027861668771766786, 0.002519576323337103, 0.0018014786125220737, 0.0054440566492830866, 0.0024124888571078833, 0.0023315213885290852, 0.0016810069795292926, 0.0033569317621218275, 0.00500135059790562, 0.002148845371999724, 0.002112139093223771, 0.001582861418252554, 0.004499634896426674, 0.0019528720692374697, 0.002013227686240185, 0.0015013619644094057, 0.003820292914534625, 0.0018014786125220737, 0.001934526173532617, 0.004336552046615559, 0.005209320792984497, 0.0018129172686774026, 0.0014326047507516348, 0.0017119296529822792, 0.0013738181210067933, 0.00358918784118021, 0.0016810069795292926, 0.0027861668771766786, 0.002519576323337103, 0.0013229799196472782, 0.0022553640940315175, 0.005444056649283085, 0.0012785801881583614, 0.0024124888571078833, 0.002240191741627144, 0.0012394686529482138, 0.005222752877997482, 0.0016719227188831704, 0.0012047536449041028, 0.0015957180707185982, 0.0011737332923750026, 0.002240191741627144, 0.004173415755591343, 0.001582861418252554, 0.0015298150659166852, 0.001145847573179261, 0.0034570394195691957, 0.0015013619644094057, 0.0020427964706914025, 0.0020325119356422285, 0.006549100172117213, 0.0011206442030766831, 0.002032511935642228, 0.002112139093223771, 0.0010977539161753308, 0.0015119034637823617, 0.0010768722527738938, 0.005886368928296463, 0.002519576323337103, 0.0019426546442822656, 0.0010577459400455318, 0.0014588501052185902, 0.0010401625687790177, 0.0014117594183621742, 0.0010239426716211475, 0.0013696796956779455, 0.009630198702635052, 0.0013342951551430302, 0.0010305399521934532, 0.0018794183534509494, 0.004336552046615559, 0.0010158020215284536, 0.0017498634813058911, 0.0019426546442822658, 0.0014778047177139398, 0.0034855349888046625, 0.0014156491739162746, 0.0019377839385360874, 0.0018077826736261778, 0.0010020879146061612, 0.004740039294802615, 0.001807782673626178, 0.0013618976173907752, 0.0018676518023436367, 0.0038202929145346224, 0.001314953605605158, 0.0013300571622388714, 0.0009892945359743631, 0.003989489964175326, 0.001697902597392258, 0.0012736009685944052, 0.0018102047204432805, 0.0032685453246521293, 0.0012368969464802613, 0.001299486016314058, 0.0009773321824114503, 0.003293506586993535, 0.0012040994454429522, 0.0017093719213945116, 0.0018129172686774033, 0.010928378549505043, 0.0011746163455643287, 0.0012952460459028942, 0.000985634656870644, 0.003099236421363059, 0.0011479694366030933, 0.0016445825461870627, 0.0016066569112215374, 0.0011237682830676382, 0.0028647502498754104, 0.0011016909691300078, 0.0015573211104279038, 0.0015296758780050062, 0.0010814696992701204, 0.0013198135761888113, 0.0009745139449307898, 0.004982119212010943, 0.0012913654085418796, 0.0009640514727751351, 0.0012651469351746337, 0.0009541904842268147, 0.0028319940558546733, 0.0010628798836729034, 0.0015325802190178264, 0.00146385697028109, 0.0010457317626319969, 0.00546887160333995, 0.0012644462200873876, 0.0009448805657805585, 0.001241112542165759, 0.0009360767846683687, 0.004202520645845449, 0.0012194144970344568, 0.0009277389637646345, 0.0019528720692374697, 0.007431368520734545, 0.00151145168717892, 0.002240191741627144, 0.00171192965298228, 0.0009198310686388525, 0.002804400971945183, 0.0010298639066038489],"final_PolicyParameters" => Dict{Int64,Any}(1 => [0.0 0.0; 1.463025877707087 2.0230402419135984; 2.3316259189249955 1.0014992898141593; 0.376202266097717 2.0013590773476486; 1.3245680676347515 0.12310593228197786; 1.7077830316755058 0.15558140037089616; 3.266221875372212 3.685285869027352]),"particlefilterseeds" => [1, 2, 3])