DateTime of fitting: 2020-12-27T19:54:36.532
DATA_STATS
nr_subjects: 1
all_subject_ids: [12]
nr_puzzles: 1
nr_episodes: 54
nr_actions: 187
max_state_id: 7
max_action_id: 2
SUBJECT_SIGNALS
subject_id: 12
algorithm_name: hybrid_actorcritic_FWD
param_string: alpha=0.6843,
                eta_critic=0.002,
                gamma=0.989,
                lambda_actor=0.9009,
                lambda_critic=0.475,
                eta_fwd=0.2312,
                w_MB=12.1308,
                w_MF=2.8481
param_vector: [0.6842625990430679, 0.00204700515939921, 0.9889563443005853, 0.9008895637996738, 0.4750323134948113, 0.23123107764565368, 12.130846145282717, 2.8481157768845593]
LL: -73.357
RPE
[0.0, 0.0, 0.0, 0.0, 0.0, 0.0, 0.0, 0.0, 0.0, 0.0, 0.0, 0.0, 0.0, 0.0, 0.0, 0.0, 0.0, 0.0, 1.0, -0.0, 1.0, 0.001, 0.998, 0.002, 0.996, 0.003, 0.994, 0.004, -0.007, 0.001, 0.002, 0.004, -0.007, -0.001, 0.008, 0.992, -0.002, 0.998, 0.005, 0.99, -0.002, 0.996, 0.005, 0.988, -0.002, 0.994, 0.005, 0.986, -0.002, 0.992, 0.001, 0.009, -0.01, 0.001, -0.0, 0.015, -0.016, 0.001, -0.0, 0.015, 0.984, 0.002, 0.0, 0.009, 0.007, 0.982, 0.008, 0.98, 0.002, 0.02, 0.978, 0.011, -0.011, 0.011, 0.976, 0.001, 0.012, 0.012, 0.974, 0.002, 0.007, 0.99, -0.003, 0.988, 0.012, -0.027, 0.003, 0.01, 0.986, 0.003, 0.023, -0.026, 0.003, 0.023, -0.026, 0.014, 0.012, 0.972, 0.013, 0.97, 0.003, 0.011, 0.001, 0.014, 0.968, 0.003, 0.011, 0.983, 0.004, 0.027, 0.966, -0.0, -0.0, 0.017, 0.964, -0.001, 0.0, 0.018, 0.962, 0.017, 0.019, 0.96, 0.02, 0.958, -0.003, 0.98, 0.004, 0.014, 0.978, -0.015, 0.035, -0.04, 0.004, 0.015, 0.976, 0.02, 0.956, 0.021, 0.954, 0.005, 0.038, 0.952, 0.005, 0.015, 0.974, 0.002, 0.972, 0.023, -0.044, 0.006, 0.038, 0.95, 0.003, 0.97, 0.024, 0.948, 0.025, 0.946, 0.002, 0.968, 0.006, 0.043, 0.944, 0.023, 0.027, 0.942, 0.028, 0.94, 0.025, 0.029, 0.938, 0.03, -0.056, 0.006, 0.049, 0.937, 0.031, 0.935, 0.026, 0.032, 0.933, 0.006, 0.019, 0.966, 0.033, 0.931, -0.001]
SPE
[0.857, 0.857, 0.857, 0.857, 0.857, 0.857, 0.857, 0.659, 0.659, 0.659, 0.857, 0.857, 0.659, 0.659, 0.659, 0.507, 0.507, 0.507, 0.857, 0.857, 0.857, 0.659, 0.659, 0.507, 0.507, 0.389, 0.389, 0.299, 0.95, 0.389, 0.389, 0.23, 0.73, 0.659, 0.507, 0.586, 0.971, 0.659, 0.367, 0.45, 0.805, 0.507, 0.448, 0.346, 0.707, 0.389, 0.496, 0.266, 0.649, 0.299, 0.507, 0.659, 0.962, 0.659, 0.507, 0.389, 0.99, 0.507, 0.389, 0.299, 0.389, 0.389, 0.299, 0.916, 0.524, 0.299, 0.403, 0.23, 0.389, 0.23, 0.177, 0.31, 0.997, 0.238, 0.336, 0.299, 0.962, 0.183, 0.258, 0.299, 0.621, 0.408, 0.865, 0.314, 0.339, 0.507, 0.23, 0.971, 0.241, 0.177, 0.367, 0.935, 0.408, 0.282, 0.531, 0.977, 0.261, 0.198, 0.201, 0.152, 0.336, 0.85, 0.299, 0.154, 0.117, 0.258, 0.653, 0.185, 0.198, 0.537, 0.09, 0.883, 0.23, 0.322, 0.069, 0.753, 0.177, 0.422, 0.053, 0.887, 0.324, 0.041, 0.249, 0.031, 0.809, 0.143, 0.349, 0.477, 0.11, 1.0, 0.413, 0.408, 0.268, 0.706, 0.084, 0.522, 0.024, 0.401, 0.019, 0.206, 0.962, 0.014, 0.158, 0.513, 0.065, 0.828, 0.05, 0.469, 0.314, 0.122, 0.475, 0.011, 0.721, 0.038, 0.508, 0.008, 0.391, 0.006, 0.736, 0.029, 0.094, 0.365, 0.005, 0.934, 0.462, 0.004, 0.355, 0.003, 0.718, 0.273, 0.002, 0.21, 1.0, 0.452, 0.281, 0.233, 0.161, 0.179, 0.656, 0.124, 0.137, 0.498, 0.792, 0.023, 0.095, 0.106, 0.931]
action_selection_prob
[0.5, 0.5, 0.5, 0.5, 0.5, 0.5, 0.5, 0.5, 0.5, 0.5, 0.5, 0.5, 0.5, 0.5, 0.5, 0.5, 0.5, 0.5, 0.5, 0.327, 0.432, 0.611, 0.727, 0.763, 0.828, 0.831, 0.875, 0.872, 0.9, 0.662, 0.395, 0.869, 0.893, 0.336, 0.543, 0.887, 0.883, 0.449, 0.905, 0.913, 0.917, 0.712, 0.928, 0.926, 0.935, 0.814, 0.942, 0.935, 0.947, 0.863, 0.468, 0.272, 0.893, 0.535, 0.498, 0.733, 0.944, 0.532, 0.487, 0.725, 0.941, 0.601, 0.679, 0.273, 0.952, 0.948, 0.955, 0.954, 0.296, 0.475, 0.958, 0.96, 0.961, 0.96, 0.959, 0.448, 0.77, 0.962, 0.963, 0.37, 0.307, 0.893, 0.965, 0.915, 0.966, 0.034, 0.599, 0.394, 0.928, 0.734, 0.648, 0.111, 0.82, 0.649, 0.111, 0.733, 0.967, 0.892, 0.969, 0.756, 0.808, 0.743, 0.064, 0.971, 0.832, 0.842, 0.804, 0.779, 0.871, 0.851, 0.872, 0.972, 0.155, 0.972, 0.897, 0.973, 0.398, 0.973, 0.913, 0.892, 0.975, 0.926, 0.976, 0.935, 0.977, 0.376, 0.907, 0.118, 0.667, 0.977, 0.618, 0.058, 0.918, 0.619, 0.796, 0.977, 0.828, 0.978, 0.869, 0.927, 0.243, 0.894, 0.934, 0.546, 0.851, 0.979, 0.883, 0.98, 0.089, 0.94, 0.274, 0.913, 0.98, 0.904, 0.981, 0.789, 0.982, 0.847, 0.982, 0.918, 0.945, 0.569, 0.88, 0.949, 0.983, 0.901, 0.983, 0.916, 0.953, 0.984, 0.927, 0.984, 0.936, 0.955, 0.727, 0.931, 0.984, 0.94, 0.958, 0.984, 0.947, 0.96, 0.813, 0.931, 0.985, 0.952, 0.985]
results_dict
Dict{String,Any}("finalQSA_Hybrid_record" => [0.0 0.0; 14.85585149384395 13.155821339531439; 16.835291626606168 12.631098287780572; 16.95189752728542 20.03103757529693; 20.336821067317686 18.535537535417873; 19.550788332624435 16.812691114917655; 17.395532227023914 14.13419182705494],"final_PolicyParameters_MF" => [0.0 0.0; 1.057944835599637 0.4206820190946342; 1.7134094411351848 0.27157523286206214; 1.824924546075843 2.7857175903199085; 2.9364471478639036 2.3095387978305517; 2.6073725245096573 1.747655182226678; 1.9525214806307403 0.8037022326260355],"final_Tsas" => [0.14285714285714285 0.14285714285714285; 0.02267110508446598 0.049898240771117736; 6.127811999769571e-7 0.0649066830359179; 0.02267110508446598 0.9187653658827729; 0.001256685760832646 0.02267110508446598; 0.9826062605313158 0.02267110508446598; 0.0003374471675130518 0.03836021678498989]

[0.14285714285714285 0.14285714285714285; 0.02267110508446598 0.049898240771117736; 6.127811999769571e-7 0.6105599017844927; 0.12773020093806714 4.413751545945249e-5; 0.001256685760832646 0.02267110508446598; 0.001256685760832646 0.02267110508446598; 0.0003374471675130518 0.7698386992900608]

[0.14285714285714285 0.14285714285714285; 0.20043437146094936 0.049898240771117736; 6.127811999769571e-7 0.0649066830359179; 0.02267110508446598 0.0003257745066968304; 0.001256685760832646 0.10343727298736093; 0.001256685760832646 0.8639733694932041; 0.38122034801771526 0.03836021678498989]

[0.14285714285714285 0.14285714285714285; 0.02267110508446598 0.049898240771117736; 0.7123923463782138 0.0649066830359179; 0.02267110508446598 2.9684553531287267e-6; 0.6027387556619359 0.20043437146094936; 0.001256685760832646 0.02267110508446598; 0.0003374471675130518 0.03836021678498989]

[0.14285714285714285 0.14285714285714285; 0.6862101031167208 0.049898240771117736; 0.0034423626165876026 0.0649066830359179; 0.02267110508446598 2.9684553531287267e-6; 0.001256685760832646 0.02267110508446598; 0.001256685760832646 0.02267110508446598; 0.6170924161447195 0.03836021678498989]

[0.14285714285714285 0.14285714285714285; 0.02267110508446598 0.7006105553732936; 0.2841628398803987 0.0649066830359179; 0.02267110508446598 2.9684553531287267e-6; 0.39097781553390104 0.6054439352138259; 0.001256685760832646 0.02267110508446598; 0.0003374471675130518 0.03836021678498989]

[0.14285714285714285 0.14285714285714285; 0.02267110508446598 0.049898240771117736; 6.127811999769571e-7 0.0649066830359179; 0.7589142736396031 0.0808558167290114; 0.001256685760832646 0.02267110508446598; 0.011110310664520898 0.02267110508446598; 0.0003374471675130518 0.03836021678498989],"finalQSA_MB_record" => [0.0 0.0; 0.9766122334351146 0.9857970335676183; 0.9868033418690592 0.9776939243483284; 0.9690762556836077 0.9972147623708036; 0.9870343106717261 0.9858636239122764; 0.999494883723778 0.9767201300099402; 0.9760584299304216 0.9765559672109816])
POPULATION_SIGNALS
subject_id: 12
algorithm_name: hybrid_actorcritic_FWD
param_string: alpha=0.644,
                eta_critic=0.0002,
                gamma=0.972,
                lambda_actor=0.8563,
                lambda_critic=0.4629,
                eta_fwd=0.24,
                w_MB=12.1269,
                w_MF=2.8638
param_vector: [0.644030167544776, 0.00020351207271904898, 0.9720012726758733, 0.856341395594059, 0.4628830908282809, 0.24003847973901876, 12.126880916735841, 2.863789486249355]
LL: -73.811
RPE
[0.0, 0.0, 0.0, 0.0, 0.0, 0.0, 0.0, 0.0, 0.0, 0.0, 0.0, 0.0, 0.0, 0.0, 0.0, 0.0, 0.0, 0.0, 1.0, -0.0, 1.0, 0.0, 1.0, 0.0, 1.0, 0.0, 0.999, 0.0, -0.001, 0.0, 0.0, 0.0, -0.001, -0.0, 0.001, 0.999, -0.0, 1.0, 0.0, 0.999, -0.0, 1.0, 0.0, 0.999, -0.0, 0.999, 0.001, 0.999, -0.0, 0.999, 0.0, 0.001, -0.001, 0.0, -0.0, 0.001, -0.002, 0.0, -0.0, 0.001, 0.998, 0.0, 0.0, 0.001, 0.001, 0.998, 0.001, 0.998, 0.0, 0.002, 0.998, 0.001, -0.001, 0.001, 0.998, 0.0, 0.001, 0.001, 0.997, 0.0, 0.001, 0.999, -0.0, 0.999, 0.001, -0.003, 0.0, 0.001, 0.999, 0.0, 0.002, -0.003, 0.0, 0.002, -0.003, 0.001, 0.001, 0.997, 0.001, 0.997, 0.0, 0.001, 0.0, 0.001, 0.997, 0.0, 0.001, 0.998, 0.0, 0.003, 0.997, 0.0, -0.0, 0.002, 0.996, -0.0, -0.0, 0.002, 0.996, 0.002, 0.002, 0.996, 0.002, 0.996, -0.0, 0.998, 0.0, 0.001, 0.998, -0.001, 0.004, -0.004, 0.0, 0.001, 0.998, 0.002, 0.995, 0.002, 0.995, 0.0, 0.004, 0.995, 0.0, 0.002, 0.997, 0.0, 0.997, 0.002, -0.005, 0.001, 0.004, 0.995, 0.0, 0.997, 0.003, 0.995, 0.003, 0.994, 0.0, 0.997, 0.001, 0.004, 0.994, 0.002, 0.003, 0.994, 0.003, 0.994, 0.002, 0.003, 0.994, 0.003, -0.006, 0.001, 0.005, 0.993, 0.003, 0.993, 0.002, 0.003, 0.993, 0.001, 0.002, 0.997, 0.004, 0.993, 0.0]
SPE
[0.857, 0.857, 0.857, 0.857, 0.857, 0.857, 0.857, 0.651, 0.651, 0.651, 0.857, 0.857, 0.651, 0.651, 0.651, 0.495, 0.495, 0.495, 0.857, 0.857, 0.857, 0.651, 0.651, 0.495, 0.495, 0.376, 0.376, 0.286, 0.952, 0.376, 0.376, 0.217, 0.724, 0.651, 0.495, 0.588, 0.972, 0.651, 0.366, 0.447, 0.802, 0.495, 0.451, 0.339, 0.703, 0.376, 0.501, 0.258, 0.646, 0.286, 0.495, 0.651, 0.964, 0.651, 0.495, 0.376, 0.991, 0.495, 0.376, 0.286, 0.389, 0.376, 0.286, 0.917, 0.529, 0.296, 0.402, 0.225, 0.376, 0.217, 0.171, 0.306, 0.998, 0.232, 0.339, 0.286, 0.964, 0.177, 0.257, 0.286, 0.616, 0.405, 0.871, 0.308, 0.342, 0.495, 0.217, 0.972, 0.234, 0.165, 0.366, 0.937, 0.405, 0.278, 0.526, 0.979, 0.26, 0.196, 0.198, 0.149, 0.335, 0.849, 0.286, 0.15, 0.113, 0.255, 0.645, 0.178, 0.194, 0.544, 0.086, 0.887, 0.217, 0.327, 0.065, 0.752, 0.165, 0.429, 0.05, 0.888, 0.326, 0.038, 0.248, 0.029, 0.812, 0.135, 0.352, 0.468, 0.103, 1.0, 0.414, 0.4, 0.267, 0.706, 0.078, 0.531, 0.022, 0.404, 0.017, 0.203, 0.964, 0.013, 0.154, 0.511, 0.059, 0.832, 0.045, 0.473, 0.304, 0.117, 0.479, 0.01, 0.721, 0.034, 0.513, 0.007, 0.39, 0.006, 0.739, 0.026, 0.089, 0.364, 0.004, 0.937, 0.465, 0.003, 0.354, 0.002, 0.712, 0.269, 0.002, 0.204, 1.0, 0.462, 0.277, 0.241, 0.155, 0.183, 0.651, 0.118, 0.139, 0.507, 0.796, 0.02, 0.09, 0.106, 0.936]
action_selection_prob
[0.5, 0.5, 0.5, 0.5, 0.5, 0.5, 0.5, 0.5, 0.5, 0.5, 0.5, 0.5, 0.5, 0.5, 0.5, 0.5, 0.5, 0.5, 0.5, 0.378, 0.496, 0.617, 0.777, 0.76, 0.861, 0.833, 0.898, 0.868, 0.918, 0.673, 0.319, 0.862, 0.904, 0.321, 0.53, 0.892, 0.877, 0.577, 0.888, 0.917, 0.909, 0.766, 0.917, 0.931, 0.926, 0.84, 0.935, 0.94, 0.941, 0.878, 0.468, 0.292, 0.903, 0.532, 0.469, 0.722, 0.951, 0.533, 0.443, 0.701, 0.943, 0.593, 0.626, 0.241, 0.945, 0.952, 0.95, 0.958, 0.342, 0.572, 0.962, 0.956, 0.965, 0.954, 0.961, 0.462, 0.721, 0.959, 0.965, 0.409, 0.279, 0.888, 0.963, 0.916, 0.963, 0.033, 0.57, 0.434, 0.93, 0.693, 0.641, 0.082, 0.767, 0.642, 0.083, 0.689, 0.963, 0.921, 0.965, 0.84, 0.773, 0.72, 0.062, 0.968, 0.877, 0.806, 0.775, 0.818, 0.84, 0.827, 0.9, 0.969, 0.133, 0.969, 0.916, 0.971, 0.315, 0.97, 0.927, 0.867, 0.972, 0.936, 0.973, 0.943, 0.975, 0.473, 0.886, 0.136, 0.707, 0.975, 0.624, 0.052, 0.897, 0.625, 0.818, 0.974, 0.874, 0.975, 0.897, 0.909, 0.255, 0.913, 0.918, 0.526, 0.859, 0.976, 0.888, 0.977, 0.076, 0.925, 0.299, 0.926, 0.978, 0.906, 0.979, 0.844, 0.979, 0.878, 0.98, 0.92, 0.932, 0.556, 0.9, 0.937, 0.981, 0.915, 0.981, 0.926, 0.942, 0.982, 0.935, 0.982, 0.942, 0.939, 0.691, 0.931, 0.98, 0.942, 0.945, 0.982, 0.949, 0.949, 0.791, 0.935, 0.983, 0.954, 0.983]
results_dict
Dict{String,Any}("finalQSA_Hybrid_record" => [0.0 0.0; 13.983198143985977 12.664912627017115; 16.136413355398233 12.083786061849036; 15.336170449470298 18.48609063658835; 18.93988586061369 17.260506117991138; 18.38072182949062 15.595376278905043; 16.08082847183657 13.057034639962703],"final_PolicyParameters_MF" => [0.0 0.0; 0.9001062660694539 0.33809747035106646; 1.5541278996429604 0.22310215185625684; 1.4485596472123499 2.249562559843662; 2.5168690777917857 1.9432480243093941; 2.188426502491838 1.469795190958789; 1.6391700805618454 0.573597431065897],"final_Tsas" => [0.14285714285714285 0.14285714285714285; 0.02091429261435137 0.047650599771949326; 3.5653920708050664e-7 0.0627013322405922; 0.02091429261435137 0.9195797278401794; 0.0010212940727809404 0.02091429261435137; 0.9849642377483435 0.02091429261435137; 0.00025888615520383996 0.03621262224403818]

[0.14285714285714285 0.14285714285714285; 0.02091429261435137 0.047650599771949326; 3.5653920708050664e-7 0.623792006556447; 0.1262694198948515 3.0262029084670706e-5; 0.0010212940727809404 0.02091429261435137; 0.0010212940727809404 0.02091429261435137; 0.00025888615520383996 0.7827242665357711]

[0.14285714285714285 0.14285714285714285; 0.20333430059795082 0.047650599771949326; 3.5653920708050664e-7 0.0627013322405922; 0.02091429261435137 0.0002530804686932135; 0.0010212940727809404 0.10098013530972942; 0.0010212940727809404 0.8745142443138919; 0.3837313106666664 0.03621262224403818]

[0.14285714285714285 0.14285714285714285; 0.02091429261435137 0.047650599771949326; 0.7081891873864345 0.0627013322405922; 0.02091429261435137 1.8507922708430973e-6; 0.600198326883567 0.20333430059795082; 0.0010212940727809404 0.02091429261435137; 0.00025888615520383996 0.03621262224403818]

[0.14285714285714285 0.14285714285714285; 0.6920942363302925 0.047650599771949326; 0.0029716566097610884 0.0627013322405922; 0.02091429261435137 1.8507922708430973e-6; 0.0010212940727809404 0.02091429261435137; 0.0010212940727809404 0.02091429261435137; 0.6149742585573145 0.03621262224403818]

[0.14285714285714285 0.14285714285714285; 0.02091429261435137 0.7140964013683042; 0.2888377298469761 0.0627013322405922; 0.02091429261435137 1.8507922708430973e-6; 0.3946952027525285 0.6120283936349145; 0.0010212940727809404 0.02091429261435137; 0.00025888615520383996 0.03621262224403818]

[0.14285714285714285 0.14285714285714285; 0.02091429261435137 0.047650599771949326; 3.5653920708050664e-7 0.0627013322405922; 0.7691591170333918 0.08013137728523033; 0.0010212940727809404 0.02091429261435137; 0.009929291887751737 0.02091429261435137; 0.00025888615520383996 0.03621262224403818],"finalQSA_MB_record" => [0.0 0.0; 0.9414200812392539 0.9646968365438865; 0.9668831220677758 0.9442838291060641; 0.9228310794119825 0.9931628197131681; 0.9674601398147273 0.9647564713729131; 0.9989038585611333 0.9417017016673007; 0.9401797918461562 0.9414978584284235])