DateTime of fitting: 2021-01-04T18:46:07.432
DATA_STATS
nr_subjects: 1
all_subject_ids: [1]
nr_puzzles: 1
nr_episodes: 53
nr_actions: 186
max_state_id: 7
max_action_id: 2
SUBJECT_SIGNALS
subject_id: 1
algorithm_name: Actor-Critic (TD-Lambda, ReplTrc) modulated Actor
param_string: alpha(actor)=0.8172,
                surpriseprobability=0.0041,
                stochasticity=2.7723,
                eta(critic)=0.0022,
                gamma=0.9541,
                lambda_actor=0.7266,
                lambda_critic=0.3187,
                temp=0.4087,
                nparticles=15,
                init_policy=nothing,
                init_Vs=nothing,
                use_replacing_trace=true
param_vector: [0.8172448395096664, 0.004075661846835716, 2.772304982935079, 0.002227643208973897, 0.9541462701230512, 0.7266224409195096, 0.31867240425106125, 0.40865195717622277, 15.0]
LL: -80.768
RPE
[0.0, 0.0, 0.0, 1.0, 0.002, -0.002, 0.0, 0.0, 0.0, 0.001, -0.002, 0.001, 0.999, 0.0, 0.003, 0.997, 0.001, 0.004, 0.995, 0.001, 0.005, 0.993, 0.002, 0.007, -0.009, -0.0, 0.002, -0.002, 0.008, -0.009, -0.0, 0.002, -0.002, 0.008, 0.99, 0.002, -0.002, 0.001, 0.001, -0.001, -0.001, 0.002, 0.0, -0.001, 0.01, 0.988, 0.002, -0.001, 0.011, 0.986, 0.002, -0.003, 0.002, 0.013, 0.984, 0.002, -0.0, 0.014, 0.982, 0.002, -0.002, 0.003, 0.016, 0.98, 0.002, -0.002, 0.004, 0.017, 0.977, 0.002, 0.021, 0.975, 0.002, 0.0, -0.003, 0.002, 0.002, -0.004, 0.004, 0.021, 0.973, 0.004, 0.022, 0.971, 0.002, -0.003, 0.005, 0.023, 0.969, 0.006, 0.025, 0.966, 0.006, 0.026, 0.964, 0.002, 0.032, 0.962, 0.002, 0.001, 0.034, 0.96, 0.007, 0.031, 0.958, 0.003, 0.037, 0.956, 0.007, -0.008, 0.007, 0.035, 0.954, 0.003, 0.04, 0.952, 0.008, 0.038, 0.949, 0.008, 0.039, 0.947, 0.001, 0.997, 0.002, 0.994, 0.049, 0.945, 0.009, 0.043, -0.046, 0.043, 0.943, 0.003, 0.992, 0.051, 0.941, 0.009, 0.046, 0.939, 0.054, 0.937, 0.01, 0.049, 0.935, 0.003, 0.99, 0.057, 0.933, 0.004, 0.988, 0.057, 0.931, 0.004, 0.985, 0.058, 0.929, 0.005, 0.983, 0.01, 0.056, 0.926, 0.006, 0.981, 0.002, 0.057, 0.924, 0.008, 0.979, 0.061, 0.922, 0.012, 0.061, 0.92, 0.008, 0.977, 0.011, 0.01, 0.975, 0.003, 0.02, 0.972, 0.013, 0.97, 0.062, 0.918]
SPE
[0.857, 0.857, 0.857, 0.857, 0.857, 0.857, 0.857, 0.815, 0.821, 0.815, 0.815, 0.857, 0.857, 0.777, 0.781, 0.818, 0.857, 0.745, 0.779, 0.742, 0.713, 0.744, 0.711, 0.684, 0.881, 0.815, 0.815, 0.777, 0.815, 0.845, 0.78, 0.78, 0.742, 0.777, 0.735, 0.815, 0.857, 0.857, 0.876, 0.711, 0.744, 0.682, 0.891, 0.682, 0.753, 0.707, 0.744, 0.891, 0.67, 0.681, 0.655, 0.815, 0.815, 0.723, 0.657, 0.712, 0.857, 0.645, 0.634, 0.777, 0.881, 0.777, 0.624, 0.613, 0.742, 0.724, 0.886, 0.602, 0.594, 0.711, 0.694, 0.575, 0.886, 0.68, 0.695, 0.695, 0.832, 0.777, 0.742, 0.582, 0.558, 0.891, 0.564, 0.543, 0.706, 0.669, 0.857, 0.546, 0.528, 0.711, 0.53, 0.513, 0.826, 0.514, 0.499, 0.68, 0.668, 0.486, 0.692, 0.864, 0.643, 0.474, 0.63, 0.499, 0.462, 0.899, 0.621, 0.451, 0.621, 0.876, 0.6, 0.486, 0.44, 0.876, 0.6, 0.43, 0.682, 0.473, 0.42, 0.867, 0.46, 0.411, 0.669, 0.824, 0.647, 0.787, 0.912, 0.402, 0.655, 0.449, 0.941, 0.437, 0.405, 0.637, 0.753, 0.887, 0.397, 0.63, 0.427, 0.389, 0.861, 0.382, 0.607, 0.417, 0.374, 0.64, 0.723, 0.841, 0.367, 0.632, 0.694, 0.824, 0.36, 0.626, 0.668, 0.807, 0.354, 0.62, 0.643, 0.838, 0.407, 0.348, 0.605, 0.621, 0.867, 0.398, 0.341, 0.6, 0.6, 0.807, 0.336, 0.586, 0.389, 0.33, 0.596, 0.58, 0.906, 0.583, 0.561, 0.679, 0.876, 0.544, 0.571, 0.528, 0.802, 0.324]
action_selection_prob
[0.5, 0.5, 0.5, 0.5, 0.418, 0.27, 0.5, 0.582, 0.617, 0.666, 0.269, 0.5, 0.334, 0.599, 0.658, 0.602, 0.5, 0.755, 0.769, 0.687, 0.812, 0.841, 0.748, 0.849, 0.878, 0.359, 0.252, 0.425, 0.641, 0.878, 0.359, 0.252, 0.425, 0.641, 0.878, 0.618, 0.15, 0.382, 0.686, 0.562, 0.314, 0.644, 0.85, 0.562, 0.686, 0.902, 0.319, 0.661, 0.855, 0.918, 0.575, 0.122, 0.393, 0.731, 0.929, 0.377, 0.73, 0.8, 0.938, 0.538, 0.202, 0.462, 0.841, 0.944, 0.462, 0.302, 0.479, 0.868, 0.95, 0.525, 0.592, 0.954, 0.636, 0.778, 0.281, 0.604, 0.778, 0.112, 0.364, 0.888, 0.958, 0.495, 0.837, 0.961, 0.616, 0.314, 0.634, 0.865, 0.964, 0.343, 0.886, 0.966, 0.712, 0.901, 0.968, 0.503, 0.58, 0.97, 0.766, 0.205, 0.713, 0.972, 0.207, 0.912, 0.973, 0.361, 0.788, 0.975, 0.513, 0.078, 0.514, 0.922, 0.976, 0.63, 0.833, 0.977, 0.379, 0.877, 0.978, 0.472, 0.894, 0.979, 0.291, 0.358, 0.521, 0.666, 0.678, 0.979, 0.4, 0.907, 0.98, 0.908, 0.98, 0.768, 0.795, 0.82, 0.981, 0.473, 0.918, 0.982, 0.854, 0.982, 0.602, 0.926, 0.983, 0.878, 0.853, 0.895, 0.983, 0.908, 0.886, 0.918, 0.984, 0.926, 0.907, 0.933, 0.984, 0.939, 0.921, 0.309, 0.933, 0.985, 0.943, 0.932, 0.947, 0.938, 0.985, 0.95, 0.94, 0.953, 0.986, 0.53, 0.943, 0.986, 0.956, 0.946, 0.643, 0.958, 0.951, 0.282, 0.863, 0.955, 0.961, 0.959, 0.963, 0.986]
results_dict
Dict{String,Any}("Surprise" => [1.0000000000000002, 1.0000000000000002, 1.0000000000000002, 1.0000000000000002, 1.0000000000000002, 1.0000000000000002, 1.0000000000000002, 0.77278007451138, 0.7969236659785485, 0.77278007451138, 0.77278007451138, 1.0000000000000002, 1.0000000000000002, 0.64078454323106, 0.652639270793339, 0.784666194122172, 1.0000000000000002, 0.5613128613842917, 0.6465667239574754, 0.554523092762666, 0.4980350182450289, 0.5578142637417356, 0.49373641068871305, 0.45151171998299955, 1.2040693867926575, 0.77278007451138, 0.77278007451138, 0.64078454323106, 0.77278007451138, 0.9226913114051097, 0.6481652473497111, 0.6481652473497111, 0.554523092762666, 0.64078454323106, 0.5384391714034418, 0.77278007451138, 1.0000000000000002, 1.0000000000000002, 1.154590289022852, 0.49373641068871305, 0.5587310072277883, 0.44859159604209725, 1.3057194379914818, 0.44859159604209725, 0.5792718098314068, 0.4870495094554772, 0.5587310072277883, 1.3091805780457053, 0.4323214473273728, 0.4475178623793424, 0.4137393589413915, 0.77278007451138, 0.77278007451138, 0.5148307269100167, 0.41615346412667825, 0.4963916821004084, 1.0000000000000002, 0.40234816488311426, 0.39065682616457503, 0.64078454323106, 1.2034993400311673, 0.64078454323106, 0.379670963161307, 0.3695192694201577, 0.554523092762666, 0.5177598381543876, 1.2553072032877, 0.359188972311963, 0.35170930481753476, 0.49373641068871305, 0.46697187617402736, 0.33649752355019913, 1.2576504817047545, 0.44630939455575874, 0.4689539055111755, 0.46895387728885163, 0.8503268930129412, 0.64078454323106, 0.554523092762666, 0.34198558694135595, 0.323353424220544, 1.3091805780457053, 0.3273286328578389, 0.3126544268661558, 0.4853521563059576, 0.4314383534730256, 0.9983722904160731, 0.3146896077213341, 0.3024433201693557, 0.49373641068871305, 0.3036772560935717, 0.2933936870320052, 0.8190592779076628, 0.29399561410190034, 0.28531758934077733, 0.44630939455575874, 0.43002437674857497, 0.278065639898366, 0.46428263459323005, 1.0515300963409502, 0.40063855279067606, 0.2715175826891268, 0.38601998090752176, 0.28541659320348073, 0.2655755107539416, 1.412240770727607, 0.37670853870901966, 0.2601588972458047, 0.37670853870901994, 1.154590289022852, 0.35684400103429376, 0.2777615343384007, 0.2552008975193494, 1.1514799503257462, 0.35684400103429376, 0.2506455579958098, 0.44859159604209725, 0.27088847906086816, 0.24644568228657368, 1.0757399751628731, 0.2646831884830751, 0.24256118063857182, 0.4311272734192642, 0.810650062092817, 0.4041900111953695, 0.6707191646284714, 1.6164486358139807, 0.23895777950510733, 0.4137393589413915, 0.2590526808260553, 2.4391631630306554, 0.25392049914056153, 0.24022581131237214, 0.39406513119721087, 0.5792718098314067, 1.2637206675609796, 0.23693679270504758, 0.38601998090752176, 0.2492231911302271, 0.23386249945965878, 1.0288212621514252, 0.23098255254061847, 0.3634470182560202, 0.24490765324026195, 0.22827907469737777, 0.39677459048401087, 0.5148307269100166, 0.9001066064765157, 0.22573631770364794, 0.3886708265526843, 0.46697187617402736, 0.8094013219557356, 0.2233403543629971, 0.38167023402108397, 0.43002437674857497, 0.7420348022043793, 0.2210788225132392, 0.37556173285490846, 0.40063855279067606, 0.8802615144103534, 0.24092910089163208, 0.21894071106146654, 0.3616394251559673, 0.37670853870901966, 1.0734276095150084, 0.23724949896046527, 0.2169161802085042, 0.3573529164020186, 0.35684400103429376, 0.7389077881630388, 0.21499640965092395, 0.3447089821858844, 0.23383633505663956, 0.21317346980666216, 0.3535247826372804, 0.3400900276157875, 1.5153009634095096, 0.34284136030160467, 0.325769049028468, 0.4444942684401386, 1.1514799503257462, 0.313386966043949, 0.333190164791656, 0.3025749874922211, 0.7218015785587659, 0.21144021208856228],"trialByTrial_Vs" => [0.0, 0.0, 0.0, 0.0, 6.262155890923813e-5, 0.002227643208973897, 0.0, 6.572095650414583e-5, 0.0002059512636207397, 0.000677337385491406, 0.002222805275731274, 3.6701398944358943e-7, 0.0006791810659048091, 7.226659566164116e-5, 0.0002265205306910012, 0.0029053113017895793, 0.0, 0.0009075606650889067, 0.005126482513772089, 0.00027966420205431967, 0.001590300296522018, 0.0073427057487882585, 0.0004905286795694487, 0.002274728473654619, 0.009553992029165374, 0.0006786868613453731, 0.0004970575814871593, 0.0024241045197442236, 0.0006790957549948125, 0.00953443630385734, 0.0006918410257408513, 0.0005010741904231734, 0.0024240451145858596, 0.0006922289465510102, 0.00951495788785441, 0.00020952288887340852, 0.0022840111995017557, 0.00021250200650882873, 0.0013818031356438488, 0.002629789296833711, 0.0013834279804945157, 0.0005676687980416628, 0.002280270501562431, 0.002626648570852079, 0.0013826066167213302, 0.011721405165505756, 0.0005905660042558085, 0.0028339122674339093, 0.002343794394645401, 0.013922937265863081, 0.0006588720763221427, 0.0030360732843248348, 0.0002156026964564768, 0.002073838518938504, 0.016119565138187707, 0.0006818705930244693, 0.0030430754297145228, 0.0030953151361574607, 0.018311299707349907, 0.00043117481499790953, 0.0027698998427722514, 0.0004345074130708192, 0.0037922749570365403, 0.02049815187388324, 0.0006540084739684751, 0.0028313979387426347, 0.0007511946287718574, 0.004490849112097966, 0.022680132514038765, 0.0006775479392101931, 0.002893814002319343, 0.024857252479839137, 0.0008971259098888983, 0.0032547932908662796, 0.0036007022832790577, 0.0009719626572089823, 0.003253824463076611, 0.005191026950431163, 0.0009017581878895239, 0.005184117754722152, 0.02702952259913257, 0.001125104116000763, 0.005889049850936992, 0.029196953675646703, 0.0013499335627119883, 0.003598179156759435, 0.0009832500621338074, 0.006595550397102017, 0.03135955648904232, 0.001373770481948118, 0.007303608907172473, 0.033517341794966966, 0.001210370888819382, 0.008013214934038674, 0.035670320325108446, 0.001601996883126368, 0.003661311970978194, 0.037818502787248194, 0.0014409369251410801, 0.003275325242031602, 0.004385260505498161, 0.03996189986531452, 0.001512373079273103, 0.008724358069404569, 0.04210052221943575, 0.0017461276074199933, 0.0051107003230517044, 0.04423438048599326, 0.001975067855864267, 0.009443228993242368, 0.001985629989683771, 0.009431171318400378, 0.04636348527767437, 0.0022212208595603173, 0.0058407113553718935, 0.0484878471835251, 0.0018263341685384234, 0.010154641167399853, 0.05060747676900285, 0.002065206429802989, 0.010882645362733392, 0.05272238457602898, 0.002452032861685466, 0.0034979271393064345, 0.003128973551247569, 0.00571777821464297, 0.0038076209581761446, 0.05483258112304117, 0.002305532087946356, 0.011612090549510394, 0.05693807690504582, 0.01167624455018252, 0.05686494613584923, 0.004555882677407937, 0.007932684253806598, 0.005234558978404304, 0.05896591453373493, 0.0023652070731366966, 0.012409859709664938, 0.06106220272363682, 0.0059856277172616055, 0.06315382113138843, 0.002610748340471388, 0.0131479801994351, 0.06524078015959824, 0.006741088102069654, 0.010142656272573568, 0.007418096938282727, 0.06732309018770144, 0.008176404061741601, 0.01234770526218091, 0.008853408790011277, 0.06940076157201157, 0.009611527351515534, 0.014547842189381098, 0.010288521287588942, 0.07147380464577195, 0.011046445028693955, 0.016743077996496596, 0.002858651489384978, 0.013890507669115674, 0.07354222971920717, 0.011723421532996178, 0.018933423601474278, 0.012402061946238286, 0.01464340288032547, 0.07560604707957427, 0.012634883267208286, 0.021118889897939724, 0.013314658173940494, 0.077665266991214, 0.003110733055162496, 0.015397609647531259, 0.07971989969560177, 0.014074806990326547, 0.023299487755251407, 0.0033671557971297907, 0.014754532115508862, 0.025475228018554747, 0.0035981906112767578, 0.006575255884218854, 0.02764612150883605, 0.015435893875811756, 0.02981217902297632, 0.016122018404501854, 0.08176995541139867, 0.0, 0.0, 0.0, 0.0, 0.0, 0.0, 0.0, 0.0, 0.0, 0.0, 0.0, 0.0, 0.0, 0.0, 0.0, 0.0, 0.0, 0.0, 0.0, 0.0, 0.0, 0.0, 0.0, 0.0, 0.0, 0.0, 0.0, 0.0, 0.0, 0.0, 0.0, 0.0, 0.0, 0.0, 0.0, 0.0, 0.0, 0.0, 0.0, 0.0, 0.0, 0.0, 0.0, 0.0, 0.0, 0.0, 0.0, 0.0, 0.0, 0.0, 0.0, 0.0, 0.0],"final_V" => Dict{Int64,Any}(1 => [0.0, 0.08381544433450226, 0.03197341133380497, 0.007277981954949182, 0.01615609382826078, 0.016881857669819488, 0.003817821765506744]),"nparticles" => 15,"trial_by_trial_p_sa_max" => [0.5, 0.5, 0.5, 0.5, 0.417787662892997, 0.2697622842803061, 0.5, 0.5820575998711659, 0.6174330493861324, 0.6660589231050601, 0.2692925239180901, 0.4999171394155796, 0.3339094385773001, 0.5993734887349452, 0.6581449957205412, 0.6019691724077505, 0.5, 0.7554429269899245, 0.7693786260721692, 0.687215680653166, 0.8124848929317753, 0.840562537870892, 0.7480096283599758, 0.8488674355860031, 0.8784880051304136, 0.3589897790336173, 0.25179258584260733, 0.4251307535814331, 0.6409512540534513, 0.8783118945698976, 0.35889709758463806, 0.25221449748967784, 0.4251718595219875, 0.6410610745787579, 0.8781357561448517, 0.6178701433177328, 0.15039912940411013, 0.3820346997037269, 0.6860009944249787, 0.5619698057696924, 0.3139697323710961, 0.6442023442561805, 0.8498483448081856, 0.5617450651715915, 0.686042695234577, 0.901653633641704, 0.31888084493681307, 0.6611787841061215, 0.8545243705183132, 0.9175641097962314, 0.5750957835363715, 0.1221493928215777, 0.3932982811239456, 0.730528313960415, 0.9290343106518945, 0.3774892208150556, 0.7298473192137692, 0.8004702349473575, 0.937691636919325, 0.5380885798920321, 0.20238985764975936, 0.4617777915706687, 0.8410551572269329, 0.944456157721977, 0.46182823883354823, 0.3015959896858037, 0.47942953234544944, 0.8683702681660507, 0.9498866621898008, 0.5245479759965052, 0.5923101394911235, 0.9543419286147443, 0.6362221299620904, 0.7779388218306386, 0.28071627794370424, 0.603970945381677, 0.7778892264514182, 0.1121237066222257, 0.36353405596472177, 0.8881452499606574, 0.9580627786773662, 0.49537496149782945, 0.8368160673610187, 0.9612168338078416, 0.6157784034236896, 0.3138410275776681, 0.6343930584116674, 0.8654416405733796, 0.9639243366944165, 0.3426478462152549, 0.8857443191455975, 0.9662737992207878, 0.712341213474268, 0.9008344393566533, 0.9683317951884078, 0.5029361450742095, 0.5800735552498901, 0.9701493641801333, 0.7662349882870194, 0.2048171780916281, 0.7129627952236005, 0.9717662909286539, 0.20665332675190437, 0.912464616832509, 0.9732140444077098, 0.3611953760199707, 0.7876459402098914, 0.9745178419193111, 0.5132134491114987, 0.07829628680356622, 0.5136557706233764, 0.9220562906805878, 0.9756981276359956, 0.6295404390215609, 0.8330802559960937, 0.9767716505905735, 0.3786838864709142, 0.8768629210033544, 0.9777522632125522, 0.47156301134607, 0.8941968700069656, 0.9786515214100564, 0.29070979624496257, 0.357812745120844, 0.5214989247912378, 0.6661137944809928, 0.678329041736916, 0.9794791414372827, 0.4002468952918635, 0.9073323630178091, 0.9802433518902364, 0.9075075344769614, 0.9802312314380031, 0.7682085845658552, 0.7945752755676302, 0.820196853083314, 0.9809399410287909, 0.47340410243763403, 0.9177570057699908, 0.9815981797055159, 0.8544941518669308, 0.9822111509179672, 0.6015074307669475, 0.9259952552153852, 0.9827833667200221, 0.8781291530158664, 0.8531225668296969, 0.8949604318682458, 0.983318758894588, 0.9080478130696022, 0.8858897976535174, 0.9180659673847043, 0.9838207693162477, 0.9263092744605033, 0.9067315274092761, 0.9329213726860599, 0.9842924239400732, 0.9385703924414458, 0.9211322749337953, 0.30906758031942017, 0.9327556519159215, 0.9847363937761775, 0.9432495099769153, 0.9316707339747217, 0.9472724246231844, 0.9384083188903514, 0.9851550454443107, 0.949770345099254, 0.9397140611293961, 0.9529534528119774, 0.9855504833281897, 0.5303491140913418, 0.9431918846638087, 0.9859245849139594, 0.9558170839982261, 0.9460532849101634, 0.6426705519516297, 0.9583009680287751, 0.9511774377818254, 0.2821964588296748, 0.8630747110526176, 0.955404959720419, 0.9605220290323885, 0.9589520509923308, 0.9625213668794806, 0.9862790305646371],"final_Tsas" => Dict{Tuple{Int64,Int64},Float64}[Dict((1, 6) => 0.08827272102981307,(2, 3) => 0.09427641525133505,(2, 6) => 0.05503328376475982,(2, 2) => 0.12993294188447752,(2, 1) => 1.0,(2, 5) => 0.059846089450349214,(1, 7) => 0.08827272102981308,(1, 4) => 0.10130299019200827,(1, 3) => 0.487480068341496,(2, 4) => 0.08827272102981307,(1, 1) => 1.0,(1, 2) => 0.6809524938242906,(2, 7) => 0.09117584309306127,(1, 5) => 0.11844351906385589), Dict((1, 6) => 0.08827272102981307,(2, 3) => 0.09427641525133505,(2, 6) => 0.21384202696874977,(2, 2) => 0.12993294188447752,(2, 1) => 0.0,(2, 5) => 0.6193363400128649,(1, 7) => 0.08827272102981308,(1, 4) => 0.10130299019200827,(1, 3) => 0.08057589126358504,(2, 4) => 0.4066818483559035,(1, 1) => 0.0,(1, 2) => 0.045260217344284134,(2, 7) => 0.09117584309306127,(1, 5) => 0.11844351906385589), Dict((1, 6) => 0.08827272102981307,(2, 3) => 0.09427641525133505,(2, 6) => 0.43158718260545553,(2, 2) => 0.22040234869313466,(2, 1) => 0.0,(2, 5) => 0.08143321273538882,(1, 7) => 0.1201136337624221,(1, 4) => 0.10130299019200827,(1, 3) => 0.08057589126358504,(2, 4) => 0.15195454649503112,(1, 1) => 0.0,(1, 2) => 0.045260217344284134,(2, 7) => 0.09117584309306127,(1, 5) => 0.11844351906385589), Dict((1, 6) => 0.15195454649503112,(2, 3) => 0.3323219805197937,(2, 6) => 0.05503328376475982,(2, 2) => 0.12993294188447752,(2, 1) => 0.0,(2, 5) => 0.059846089450349214,(1, 7) => 0.3430000228906856,(1, 4) => 0.10130299019200827,(1, 3) => 0.10964047534057873,(2, 4) => 0.08827272102981307,(1, 1) => 0.0,(1, 2) => 0.07791190438657086,(2, 7) => 0.09117584309306127,(1, 5) => 0.11844351906385589), Dict((1, 6) => 0.4066818483559035,(2, 3) => 0.19629594322353155,(2, 6) => 0.13443765536675478,(2, 2) => 0.12993294188447752,(2, 1) => 0.0,(2, 5) => 0.059846089450349214,(1, 7) => 0.18379545922764026,(1, 4) => 0.10130299019200827,(1, 3) => 0.08057589126358504,(2, 4) => 0.08827272102981307,(1, 1) => 0.0,(1, 2) => 0.06009473241200188,(2, 7) => 0.4200568415917621,(1, 5) => 0.11844351906385589), Dict((1, 6) => 0.08827272102981307,(2, 3) => 0.09427641525133505,(2, 6) => 0.05503328376475982,(2, 2) => 0.12993294188447752,(2, 1) => 0.0,(2, 5) => 0.059846089450349214,(1, 7) => 0.08827272102981308,(1, 4) => 0.3556409889384059,(1, 3) => 0.08057589126358504,(2, 4) => 0.08827272102981307,(1, 1) => 0.0,(1, 2) => 0.045260217344284134,(2, 7) => 0.12406394294293141,(1, 5) => 0.16116736070210802), Dict((1, 6) => 0.08827272102981307,(2, 3) => 0.09427641525133505,(2, 6) => 0.05503328376475982,(2, 2) => 0.12993294188447752,(2, 1) => 0.0,(2, 5) => 0.059846089450349214,(1, 7) => 0.08827272102981308,(1, 4) => 0.13784406010155237,(1, 3) => 0.08057589126358504,(2, 4) => 0.08827272102981307,(1, 1) => 0.0,(1, 2) => 0.045260217344284134,(2, 7) => 0.09117584309306127,(1, 5) => 0.24661504397861256)],"gamma_surprise" => [0.0040756618468357165, 0.0040756618468357165, 0.0040756618468357165, 0.0040756618468357165, 0.0040756618468357165, 0.0040756618468357165, 0.0040756618468357165, 0.0031525097153375817, 0.0032506818736522452, 0.0031525097153375817, 0.0031525097153375817, 0.0040756618468357165, 0.0040756618468357165, 0.0026154502405734623, 0.002663708053459772, 0.0032008432188040084, 0.0040756618468357165, 0.002291819049226643, 0.0026389887242791567, 0.002264159450224927, 0.002033983526139528, 0.0022775669424363594, 0.0020164633396115685, 0.001844332007603816, 0.004903301497491531, 0.0031525097153375817, 0.0031525097153375817, 0.0026154502405734623, 0.0031525097153375817, 0.0037617630459210395, 0.002645495902991542, 0.002645495902991542, 0.002264159450224927, 0.0026154502405734623, 0.0021986319791467506, 0.0031525097153375817, 0.0040756618468357165, 0.0040756618468357165, 0.004702756581500492, 0.0020164633396115685, 0.0022813014855678, 0.00183242576252258, 0.0053150482978173335, 0.00183242576252258, 0.0023649713390250524, 0.001989207766313719, 0.0022813014855678, 0.005329062098884023, 0.0017660821523493378, 0.0018280477481080147, 0.0016903005240586591, 0.0031525097153375817, 0.0031525097153375817, 0.002102433273146592, 0.0017001463983194896, 0.002027285719191123, 0.0040756618468357165, 0.0016438391722396438, 0.0015961491207963868, 0.0026154502405734623, 0.00490099148749222, 0.0026154502405734623, 0.0015513326177518764, 0.0015099155065806072, 0.002264159450224927, 0.0021143697015284972, 0.005110889559690747, 0.0014677661978832752, 0.0014372457050451078, 0.0020164633396115685, 0.0019073630957053686, 0.0013751688660645946, 0.005120381191911347, 0.0018231203261063914, 0.0019154432576339105, 0.0019154431425805678, 0.0034677602678081574, 0.0026154502405734623, 0.002264159450224927, 0.0013975656622831835, 0.0013215236892181778, 0.005329062098884023, 0.0013377483658536724, 0.0012778534823976073, 0.0019822891779068797, 0.0017624809719994083, 0.004069054847071603, 0.0012861607950380004, 0.001236171141761917, 0.0020164633396115685, 0.0012412083259024142, 0.0011992270965316733, 0.0033406722386895298, 0.0012016844766716823, 0.0011662550853911793, 0.0018231203261063914, 0.0017567148431186887, 0.0011366459413739123, 0.001896399624260492, 0.004284781207930787, 0.001636865790867227, 0.0011099092262732847, 0.0015772337384804226, 0.00116665929829565, 0.001085645602563035, 0.00574616139186257, 0.0015392468060875823, 0.0010635265881740942, 0.0015392468060875834, 0.004702756581500492, 0.0014581978343906942, 0.0011354042637384653, 0.0010432794876010475, 0.004690147292859365, 0.0014581978343906942, 0.001024676016511197, 0.00183242576252258, 0.0011073404249594672, 0.001007523603932541, 0.004382999383497564, 0.0010820018269678481, 0.000991658663706304, 0.0017612124082602828, 0.0033064872324228634, 0.0016513518182132271, 0.0027372980654257746, 0.006571587338531045, 0.0009769413334393378, 0.0016903005240586591, 0.0010590091771887132, 0.00988323371541435, 0.0010380505611524906, 0.0009821203907759114, 0.0016100523826107051, 0.002364971339025052, 0.005144968111537785, 0.0009686868502327667, 0.0015772337384804226, 0.0010188670954908692, 0.0009561299989931305, 0.004192635074472381, 0.0009443666626751056, 0.0014851401556999252, 0.0010012421019480057, 0.0009333238740525876, 0.0016211046152877985, 0.0021024332731465916, 0.0036700243373219365, 0.0009229373527221066, 0.001588047592066957, 0.0019073630957053686, 0.0033014106745161156, 0.0009131502488382659, 0.0015594888835425572, 0.0017567148431186887, 0.0030274659462288076, 0.0009039120988775687, 0.0015345681003483811, 0.001636865790867227, 0.0035893999454278897, 0.0009849928326808068, 0.0008951779527973294, 0.0014777647698503108, 0.0015392468060875823, 0.004373619077487295, 0.0009699640711237588, 0.0008869076406238208, 0.0014602744157998077, 0.0014581978343906942, 0.0030147463431760245, 0.000879065153144195, 0.0014086794700441626, 0.0009560231299813392, 0.00087161811650369, 0.0014446538632763234, 0.0013898299949590717, 0.0061629110236780865, 0.0014010579843107436, 0.001331383041208456, 0.0018157192164944668, 0.004690147292859365, 0.0012808436168393585, 0.0013616710440744312, 0.0012367086376931008, 0.002945158501161426, 0.0008645373444972092],"final_PolicyParameters" => Dict{Int64,Any}(1 => [0.0 0.0; 2.1302931525741218 0.37271893611446216; 2.281593984205609 0.9612895250702225; 0.9171488823806222 1.7470750563102326; 0.7538772812291377 1.9344990381389138; 1.5358195883818726 2.883693309062005; 1.9082742234782928 2.0063894047217063]),"particlefilterseeds" => [1, 2, 3])
POPULATION_SIGNALS
subject_id: 1
algorithm_name: Actor-Critic (TD-Lambda, ReplTrc) modulated Actor
param_string: alpha(actor)=0.7972,
                surpriseprobability=0.0043,
                stochasticity=2.7816,
                eta(critic)=0.0,
                gamma=0.9966,
                lambda_actor=0.7939,
                lambda_critic=0.305,
                temp=0.392,
                nparticles=15,
                init_policy=nothing,
                init_Vs=nothing,
                use_replacing_trace=true
param_vector: [0.7972414808175023, 0.004336552046615557, 2.7816353998652787, 3.24411867293681e-5, 0.9966448663088217, 0.7939275473003868, 0.3049775441960644, 0.39196929107560724, 15.0]
LL: -81.213
RPE
[0.0, 0.0, 0.0, 1.0, 0.0, -0.0, 0.0, 0.0, 0.0, 0.0, -0.0, 0.0, 1.0, 0.0, 0.0, 1.0, 0.0, 0.0, 1.0, 0.0, 0.0, 1.0, 0.0, 0.0, -0.0, -0.0, 0.0, -0.0, 0.0, -0.0, -0.0, 0.0, -0.0, 0.0, 1.0, 0.0, -0.0, 0.0, 0.0, -0.0, -0.0, 0.0, 0.0, -0.0, 0.0, 1.0, 0.0, -0.0, 0.0, 1.0, 0.0, -0.0, 0.0, 0.0, 1.0, 0.0, -0.0, 0.0, 1.0, 0.0, -0.0, 0.0, 0.0, 1.0, 0.0, -0.0, 0.0, 0.0, 1.0, 0.0, 0.0, 1.0, 0.0, 0.0, -0.0, 0.0, 0.0, -0.0, 0.0, 0.0, 1.0, 0.0, 0.0, 1.0, 0.0, -0.0, 0.0, 0.0, 1.0, 0.0, 0.0, 1.0, 0.0, 0.0, 0.999, 0.0, 0.001, 0.999, 0.0, 0.0, 0.001, 0.999, 0.0, 0.001, 0.999, 0.0, 0.001, 0.999, 0.0, -0.0, 0.0, 0.001, 0.999, 0.0, 0.001, 0.999, 0.0, 0.001, 0.999, 0.0, 0.001, 0.999, 0.0, 1.0, 0.0, 1.0, 0.001, 0.999, 0.0, 0.001, -0.001, 0.001, 0.999, 0.0, 1.0, 0.001, 0.999, 0.0, 0.001, 0.999, 0.001, 0.999, 0.0, 0.001, 0.999, 0.0, 1.0, 0.001, 0.999, 0.0, 1.0, 0.001, 0.999, 0.0, 1.0, 0.001, 0.999, 0.0, 1.0, 0.0, 0.001, 0.999, 0.0, 1.0, 0.0, 0.001, 0.999, 0.0, 1.0, 0.001, 0.999, 0.0, 0.001, 0.999, 0.0, 1.0, 0.0, 0.0, 1.0, 0.0, 0.0, 1.0, 0.0, 1.0, 0.001, 0.999]
SPE
[0.857, 0.857, 0.857, 0.857, 0.857, 0.857, 0.857, 0.815, 0.821, 0.815, 0.815, 0.857, 0.857, 0.777, 0.781, 0.818, 0.857, 0.746, 0.779, 0.743, 0.714, 0.744, 0.711, 0.684, 0.881, 0.815, 0.815, 0.777, 0.815, 0.845, 0.78, 0.78, 0.743, 0.777, 0.735, 0.815, 0.857, 0.857, 0.876, 0.711, 0.745, 0.682, 0.891, 0.682, 0.754, 0.707, 0.745, 0.891, 0.67, 0.681, 0.655, 0.815, 0.815, 0.723, 0.657, 0.713, 0.857, 0.645, 0.635, 0.777, 0.881, 0.777, 0.624, 0.614, 0.743, 0.724, 0.886, 0.603, 0.594, 0.711, 0.694, 0.576, 0.886, 0.68, 0.696, 0.696, 0.832, 0.777, 0.743, 0.583, 0.559, 0.891, 0.564, 0.544, 0.706, 0.669, 0.857, 0.547, 0.528, 0.711, 0.53, 0.514, 0.826, 0.515, 0.5, 0.68, 0.668, 0.487, 0.693, 0.864, 0.644, 0.474, 0.63, 0.5, 0.463, 0.899, 0.621, 0.452, 0.621, 0.876, 0.6, 0.486, 0.441, 0.876, 0.6, 0.431, 0.682, 0.473, 0.421, 0.867, 0.461, 0.412, 0.669, 0.824, 0.647, 0.787, 0.912, 0.403, 0.655, 0.449, 0.941, 0.438, 0.406, 0.638, 0.754, 0.887, 0.398, 0.63, 0.427, 0.39, 0.861, 0.382, 0.608, 0.417, 0.375, 0.64, 0.723, 0.841, 0.368, 0.633, 0.694, 0.824, 0.361, 0.626, 0.668, 0.808, 0.354, 0.62, 0.644, 0.838, 0.408, 0.348, 0.605, 0.621, 0.867, 0.399, 0.342, 0.601, 0.6, 0.807, 0.336, 0.586, 0.39, 0.33, 0.596, 0.581, 0.906, 0.584, 0.562, 0.679, 0.876, 0.545, 0.572, 0.529, 0.802, 0.325]
action_selection_prob
[0.5, 0.5, 0.5, 0.5, 0.377, 0.266, 0.5, 0.623, 0.653, 0.69, 0.266, 0.5, 0.31, 0.633, 0.713, 0.571, 0.5, 0.797, 0.76, 0.733, 0.845, 0.838, 0.794, 0.875, 0.878, 0.365, 0.206, 0.479, 0.635, 0.878, 0.365, 0.206, 0.479, 0.635, 0.878, 0.654, 0.123, 0.346, 0.653, 0.641, 0.347, 0.64, 0.877, 0.641, 0.653, 0.902, 0.297, 0.738, 0.867, 0.918, 0.539, 0.111, 0.378, 0.686, 0.93, 0.372, 0.797, 0.767, 0.939, 0.573, 0.217, 0.427, 0.827, 0.945, 0.476, 0.378, 0.527, 0.863, 0.951, 0.58, 0.468, 0.955, 0.702, 0.836, 0.326, 0.67, 0.836, 0.113, 0.298, 0.887, 0.959, 0.514, 0.794, 0.962, 0.663, 0.404, 0.715, 0.843, 0.965, 0.28, 0.874, 0.967, 0.783, 0.894, 0.969, 0.507, 0.448, 0.971, 0.826, 0.147, 0.663, 0.973, 0.15, 0.909, 0.974, 0.343, 0.772, 0.975, 0.546, 0.079, 0.546, 0.921, 0.977, 0.682, 0.83, 0.978, 0.342, 0.839, 0.979, 0.455, 0.871, 0.979, 0.237, 0.338, 0.514, 0.661, 0.698, 0.98, 0.375, 0.893, 0.981, 0.893, 0.981, 0.79, 0.795, 0.84, 0.982, 0.497, 0.908, 0.982, 0.872, 0.983, 0.652, 0.92, 0.984, 0.893, 0.855, 0.908, 0.984, 0.92, 0.888, 0.929, 0.985, 0.936, 0.908, 0.942, 0.985, 0.947, 0.923, 0.255, 0.929, 0.986, 0.951, 0.933, 0.955, 0.936, 0.986, 0.957, 0.941, 0.96, 0.986, 0.531, 0.942, 0.987, 0.962, 0.947, 0.673, 0.964, 0.953, 0.243, 0.865, 0.957, 0.966, 0.96, 0.968, 0.987]
results_dict
Dict{String,Any}("Surprise" => [1.0000000000000002, 1.0000000000000002, 1.0000000000000002, 1.0000000000000002, 1.0000000000000002, 1.0000000000000002, 1.0000000000000002, 0.773340693506996, 0.7974403297896184, 0.773340693506996, 0.773340693506996, 1.0000000000000002, 1.0000000000000002, 0.6414854812363958, 0.6533400096612024, 0.785205637862483, 1.0000000000000002, 0.5620390341449141, 0.647267870951337, 0.5552420044528426, 0.4987392264771713, 0.558536880436043, 0.4944329462714055, 0.45217954609470373, 1.2033823553830338, 0.773340693506996, 0.773340693506996, 0.6414854812363958, 0.773340693506996, 0.9228803168687073, 0.6488609017247907, 0.6488609017247907, 0.5552420044528426, 0.6414854812363958, 0.5390807879215871, 0.773340693506996, 1.0000000000000002, 1.0000000000000002, 1.154071748077475, 0.4944329462714055, 0.5594514612088201, 0.44925275144753235, 1.3046891068160955, 0.44925275144753235, 0.5799507819832401, 0.48766957196105265, 0.5594514612088201, 1.308143496154949, 0.4329324400136419, 0.4481087334352761, 0.4143622561537865, 0.773340693506996, 0.773340693506996, 0.5154982401767637, 0.4167134004362236, 0.497091077968736, 0.9999999999999998, 0.4029243731199205, 0.39118655608322994, 0.6414854812363958, 1.20281549732416, 0.6414854812363958, 0.38021619394041684, 0.3700205210076522, 0.5552420044528426, 0.5184295905458182, 1.2544493946894333, 0.3597033301196803, 0.3521841444908104, 0.4944329462714055, 0.46761099306594756, 0.3369480545987826, 1.2567862467957907, 0.446897686367465, 0.4695955356280201, 0.4695955056567229, 0.8506189505151646, 0.6414854812363958, 0.5552420044528426, 0.3424716191499768, 0.32378165257113883, 1.308143496154949, 0.3277888125891731, 0.31306354507949313, 0.4859692346843633, 0.4320462594415816, 0.9983753461453897, 0.3151262264732406, 0.3028335255016882, 0.4944329462714055, 0.30409239043878206, 0.29376652200309417, 0.8194116889684615, 0.29439112565542247, 0.28567443985390767, 0.446897686367465, 0.43062997126062574, 0.27840774930430445, 0.4648555241356439, 1.0513572493591576, 0.4012102662072718, 0.27184606660565175, 0.38660563855379065, 0.2857941427887223, 0.26589137131143503, 1.4108579948732656, 0.3772479345415808, 0.2604630361785806, 0.37724793454158057, 1.154071748077475, 0.35735334574051164, 0.27812260131840266, 0.2554941279057396, 1.1511062043286686, 0.35735334574051164, 0.25092861464161964, 0.44925275144753235, 0.27123438158650975, 0.24671923083689148, 1.0755531021643345, 0.26501510273997747, 0.24282582554004686, 0.43167286693823187, 0.8111172445891635, 0.4047080215780768, 0.6713616911333633, 1.6143798434037417, 0.23921407095036193, 0.4143622561537865, 0.2593716585059019, 2.4343354284471586, 0.25422748292007824, 0.24047276476967072, 0.3945469493611208, 0.5799507819832401, 1.2630693170124625, 0.2371764637011458, 0.38660563855379065, 0.24951902820403152, 0.2340952983488228, 1.0287645467373001, 0.23120885668715893, 0.3639978905956569, 0.24519310706803044, 0.22849923181879775, 0.3972165396142339, 0.5154982401767637, 0.9002674676807727, 0.2259506488175998, 0.3890860526875545, 0.46761099306594756, 0.8096632945101578, 0.22354915638972175, 0.38206167598418567, 0.43062997126062574, 0.7423439119138031, 0.22128237057826233, 0.37593189201270805, 0.4012102662072718, 0.8804951604121323, 0.24120486135964203, 0.21913926053723, 0.3619951975801415, 0.3772479345415808, 1.0733088844285628, 0.23751619116076017, 0.217109968528308, 0.3576908678003578, 0.35735334574051164, 0.7391850680129557, 0.215185657923961, 0.345227937169578, 0.23409452687353494, 0.2133583842589774, 0.35384659059877416, 0.34057175276175783, 1.5135724935915826, 0.34315189822969466, 0.3262255156013591, 0.4450241491677154, 1.1511062043286686, 0.31382036774161076, 0.33349005759396005, 0.3029873190395781, 0.7220668516122614, 0.21162098535138027],"trialByTrial_Vs" => [0.0, 0.0, 0.0, 0.0, 9.110068108896351e-7, 3.24411867293681e-5, 0.0, 9.11708988872302e-7, 2.9971834568972844e-6, 9.860638325553667e-6, 3.244016192376948e-5, 8.190256498269707e-11, 9.861076877109727e-6, 9.960496533085213e-7, 3.2744400522255987e-6, 4.230194370144151e-5, 0.0, 1.3135922747810724e-5, 7.474175810555497e-5, 3.993563317394359e-6, 2.2997814503097676e-5, 0.00010718052012359189, 6.991866101163947e-6, 3.286011528116716e-5, 0.0001396182297896929, 9.860941819708824e-6, 6.9933581659625695e-6, 3.5436360339972315e-5, 9.861050571749483e-6, 0.00013961408809109945, 9.863964984085606e-6, 6.994292975529387e-6, 3.543642063106388e-5, 9.86407366836382e-6, 0.00013960994664341363, 2.9979891574087174e-6, 3.286236765461721e-5, 2.9986598448657187e-6, 1.9727529263884685e-5, 3.843362974084059e-5, 1.9727946827863904e-5, 7.906226422782662e-6, 3.286160021658387e-5, 3.843298335718094e-5, 1.972780665652029e-5, 0.00017204660426043338, 8.184024870563127e-6, 4.143053846262608e-5, 3.377289655055004e-5, 0.00020448220959378653, 9.096352407929795e-6, 4.363703430692411e-5, 3.001687700243453e-6, 2.959167116895985e-5, 0.00023691676267761035, 9.37417379475769e-6, 4.4428533487596095e-5, 4.454738692356239e-5, 0.0002693502635460411, 6.001056983512511e-6, 3.945667342891983e-5, 6.001807947122915e-6, 5.441263283838238e-5, 0.0003017827122332139, 9.002080730739405e-6, 4.036753329583181e-5, 1.028673836001432e-5, 6.427828752530068e-5, 0.00033421410877326274, 9.280014876878991e-6, 4.127859460996012e-5, 0.00036664445320032054, 1.2280329197116016e-5, 4.742711644808847e-5, 5.1146132934501604e-5, 1.3287315351947866e-5, 4.7426959624268195e-5, 7.414435094741272e-5, 1.2281418690186188e-5, 7.414295023916982e-5, 0.0003990737455485191, 1.5282595643848227e-5, 8.401015114646845e-5, 0.00043150198585198906, 1.8284118485143988e-5, 5.117087810303725e-5, 1.3372771617696064e-5, 9.387776066787356e-5, 0.00046392917414486007, 1.856215866751002e-5, 0.00010374577876648877, 0.0004963553104612605, 1.637479964767895e-5, 0.00011361420540541964, 0.0005287803948353178, 2.1564461581343926e-5, 5.208212977178276e-5, 0.0005612044273011583, 1.9377616757756013e-5, 4.770448127665741e-5, 6.195368971094863e-5, 0.000593627407892907, 2.0290722545578108e-5, 0.00012348304054777369, 0.000626049336644688, 2.3294298770980152e-5, 7.182565800461415e-5, 0.0006584702135906242, 2.6296838174022227e-5, 0.00013335374133226167, 2.629924022677287e-5, 0.00013335131670854633, 0.0006908900387648375, 2.9303286137781926e-5, 8.169876316824158e-5, 0.0007233088122014485, 2.456594907022064e-5, 0.00014322315443550244, 0.0007557265339345771, 2.7570715939576475e-5, 0.00015309612889484787, 0.0007881432039983415, 3.2306295339329136e-5, 5.070556404403582e-5, 4.21670250507437e-5, 8.314510582473255e-5, 5.202816384016147e-5, 0.0008205588224268592, 3.057582861117438e-5, 0.00016296951152099592, 0.0008529733892542466, 0.00016298499417290673, 0.0008529577629783034, 6.19055536652148e-5, 0.00011558359522819697, 7.17667810614684e-5, 0.0008853712787456104, 3.0862106109474055e-5, 0.00017285951226704574, 0.0009177837429799999, 8.164498698868114e-5, 0.0009501951557155849, 3.386844161435976e-5, 0.00018273516698938695, 0.0009826055169864772, 9.152432915813881e-5, 0.0001480210322885694, 0.00010138532461064635, 0.0010150148268267874, 0.00011126548298858028, 0.00018045741703998915, 0.0001211265669154634, 0.0010474230852706254, 0.00013100681313285665, 0.00021289274951659436, 0.0001408679855047491, 0.0010798302923520997, 0.00015074831953225686, 0.00024532702975252205, 3.6875344269714965e-5, 0.00019261195798948, 0.0011122364481053176, 0.00016060958031979507, 0.0002777602577819082, 0.00017047125002622702, 0.00020249134160265042, 0.0011446415525643854, 0.00017347527184552862, 0.0003101924336388876, 0.0001833372529799116, 0.0011770456057634084, 3.988325675326907e-5, 0.00021237113291480402, 0.001209448607736491, 0.00019321839384771902, 0.00034262355735759396, 4.289217967402713e-5, 0.00020308046327440336, 0.0003750536289721599, 4.589509697722154e-5, 9.157300507040913e-5, 0.000407482648516717, 0.0002129429415228182, 0.00043991061602539563, 0.0002228065572677425, 0.001241850558517736, 0.0, 0.0, 0.0, 0.0, 0.0, 0.0, 0.0, 0.0, 0.0, 0.0, 0.0, 0.0, 0.0, 0.0, 0.0, 0.0, 0.0, 0.0, 0.0, 0.0, 0.0, 0.0, 0.0, 0.0, 0.0, 0.0, 0.0, 0.0, 0.0, 0.0, 0.0, 0.0, 0.0, 0.0, 0.0, 0.0, 0.0, 0.0, 0.0, 0.0, 0.0, 0.0, 0.0, 0.0, 0.0, 0.0, 0.0, 0.0, 0.0, 0.0, 0.0, 0.0, 0.0],"final_V" => Dict{Int64,Any}(1 => [0.0, 0.0012742514581412453, 0.000472337531532325, 0.00010143982948842177, 0.00022225206003975633, 0.00023268787398218803, 4.889563260187141e-5]),"nparticles" => 15,"trial_by_trial_p_sa_max" => [0.5, 0.5, 0.5, 0.5, 0.37715992201976456, 0.2664839858556945, 0.5, 0.6228382052082194, 0.6533841547117566, 0.6902276159023754, 0.2664786963566879, 0.4999986718413068, 0.30977198814175216, 0.6329059189125843, 0.7128167447827529, 0.5709653347298513, 0.5, 0.7973322141961746, 0.7604935360491532, 0.733133101563005, 0.8448728920251216, 0.8376848065724161, 0.794062713313677, 0.874788536163068, 0.877652333311183, 0.36524388754449605, 0.2059354116881867, 0.47936632298478576, 0.634755074855586, 0.8776503063590992, 0.3652442889203828, 0.20594099347641548, 0.4793676784709476, 0.6347550466023538, 0.8776482761449991, 0.6536074795977131, 0.12310788403670715, 0.3463915443847237, 0.6534425305184961, 0.640801036066301, 0.346556884828407, 0.6402588619817856, 0.8768942847639578, 0.6407993750628042, 0.6534427315862391, 0.901904206440197, 0.2967727464888322, 0.7379365612577735, 0.8665430841853984, 0.9181601139068732, 0.538789455989762, 0.11055502072166404, 0.3778431406462625, 0.6855505119663049, 0.9298042129199374, 0.3722568694567677, 0.7971105260436093, 0.766837376434684, 0.9385519933299936, 0.5725274491578578, 0.2167771808250208, 0.4274710866395692, 0.8270892821324682, 0.945363212066355, 0.4761471139211038, 0.3783341480929277, 0.527210812602702, 0.8632979032202436, 0.9508162249305441, 0.5797099501395206, 0.4678365165184672, 0.9552801358045249, 0.7018352250862132, 0.8356556383318291, 0.3259883799024647, 0.6704324623825462, 0.8356554015495747, 0.1127843916343966, 0.29816199503909585, 0.887217973221016, 0.9590015082462873, 0.5141365052057058, 0.7943248160167302, 0.9621512892119601, 0.6625093457827245, 0.4036196702999795, 0.7145921902329196, 0.843134744938273, 0.964851708536619, 0.2802435326470825, 0.873674700603976, 0.9671924955148183, 0.7825859869862003, 0.894436133289701, 0.9692409813493549, 0.5069379937445353, 0.44775288690542553, 0.9710486820766281, 0.8259727740280297, 0.1471541671421555, 0.6632916570335482, 0.9726556831029455, 0.1502660835674763, 0.9094173886182612, 0.9740936421093014, 0.3426439699433988, 0.7719357176359605, 0.9753878927828126, 0.5460536007198293, 0.0792821704359126, 0.5460586542746644, 0.9207208892125397, 0.9765589484890931, 0.6818478798813311, 0.8300404182379884, 0.9776235964670408, 0.341875449788326, 0.8392926051333536, 0.978595706966799, 0.4545281460013319, 0.8711678348667099, 0.9794868403503519, 0.23739053088252032, 0.33798981761114144, 0.5139728541217322, 0.661365637498075, 0.6975770584942443, 0.98030670864985, 0.3748103408189462, 0.8926817771529953, 0.9810635307205499, 0.8926848238227528, 0.9810634304505821, 0.7895220107366084, 0.7951186576186625, 0.8402246488292151, 0.9817642017488113, 0.4966550374968784, 0.9081273054828142, 0.9824149326885079, 0.8717804378581044, 0.9830207977377123, 0.6518300374869466, 0.9197293512435056, 0.9835862817847862, 0.8931141630197523, 0.8546636854132342, 0.908425397165085, 0.9841152912952299, 0.9199594326066832, 0.8876078802521626, 0.9289269634069981, 0.9846112446404789, 0.9361112968112155, 0.9084295424332911, 0.9419798457648468, 0.9850771460135013, 0.9468726872833039, 0.9227597800779749, 0.2553781804979547, 0.9287549988164009, 0.9855156463080629, 0.9510049376605879, 0.9332187686857973, 0.9545443039132222, 0.9359717366641355, 0.9859290935672471, 0.9569883137284602, 0.9411862650118589, 0.9597440360118892, 0.9863195750282041, 0.5305982504291923, 0.9418706679342922, 0.9866889523521263, 0.962171271300592, 0.9474568104966767, 0.6725908319082654, 0.9643219287626359, 0.9525198980990363, 0.24300039232569298, 0.8651980960882476, 0.9566934183750272, 0.9662421670261545, 0.9601927455848918, 0.9679671211190342, 0.9870388912941296],"final_Tsas" => Dict{Tuple{Int64,Int64},Float64}[Dict((1, 6) => 0.08838600046702111,(2, 3) => 0.09438407705081557,(2, 6) => 0.05514700889446968,(2, 2) => 0.12997232471104297,(2, 1) => 1.0,(2, 5) => 0.05996300153254191,(1, 7) => 0.08838600046702111,(1, 4) => 0.10140202248209414,(1, 3) => 0.4868271126205605,(2, 4) => 0.08838600046702108,(1, 1) => 1.0,(1, 2) => 0.6803790667649388,(2, 7) => 0.09128661749873818,(1, 5) => 0.1185114537321826), Dict((1, 6) => 0.08838600046702111,(2, 3) => 0.09438407705081557,(2, 6) => 0.21375013537794935,(2, 2) => 0.12997232471104297,(2, 1) => 0.0,(2, 5) => 0.6186652470505358,(1, 7) => 0.08838600046702111,(1, 4) => 0.10140202248209414,(1, 3) => 0.0806938953095372,(2, 4) => 0.4061343310760645,(1, 1) => 0.0,(1, 2) => 0.04536415016054228,(2, 7) => 0.09128661749873818,(1, 5) => 0.1185114537321826), Dict((1, 6) => 0.08838600046702111,(2, 3) => 0.09438407705081557,(2, 6) => 0.4312132569079624,(2, 2) => 0.22016605173374207,(2, 1) => 0.0,(2, 5) => 0.0815197452867543,(1, 7) => 0.12016083352792543,(1, 4) => 0.10140202248209414,(1, 3) => 0.0806938953095372,(2, 4) => 0.1519356665888297,(1, 1) => 0.0,(1, 2) => 0.04536415016054228,(2, 7) => 0.09128661749873818,(1, 5) => 0.1185114537321826), Dict((1, 6) => 0.1519356665888298,(2, 3) => 0.33190209950181937,(2, 6) => 0.05514700889446968,(2, 2) => 0.12997232471104297,(2, 1) => 0.0,(2, 5) => 0.05996300153254191,(1, 7) => 0.342584664954256,(1, 4) => 0.10140202248209414,(1, 3) => 0.10970341083175315,(2, 4) => 0.08838600046702108,(1, 1) => 0.0,(1, 2) => 0.07798104176519999,(2, 7) => 0.09128661749873818,(1, 5) => 0.1185114537321826), Dict((1, 6) => 0.4061343310760645,(2, 3) => 0.19617751524410293,(2, 6) => 0.1344485721362095,(2, 2) => 0.12997232471104297,(2, 1) => 0.0,(2, 5) => 0.05996300153254191,(1, 7) => 0.18371049964973413,(1, 4) => 0.10140202248209414,(1, 3) => 0.0806938953095372,(2, 4) => 0.08838600046702108,(1, 1) => 0.0,(1, 2) => 0.060183290827691784,(2, 7) => 0.4194626879613134,(1, 5) => 0.1185114537321826), Dict((1, 6) => 0.08838600046702111,(2, 3) => 0.09438407705081557,(2, 6) => 0.05514700889446968,(2, 2) => 0.12997232471104297,(2, 1) => 0.0,(2, 5) => 0.05996300153254191,(1, 7) => 0.08838600046702111,(1, 4) => 0.35513376242848377,(1, 3) => 0.0806938953095372,(2, 4) => 0.08838600046702108,(1, 1) => 0.0,(1, 2) => 0.04536415016054228,(2, 7) => 0.12410422454499576,(1, 5) => 0.16111640970086288), Dict((1, 6) => 0.08838600046702111,(2, 3) => 0.09438407705081557,(2, 6) => 0.05514700889446968,(2, 2) => 0.12997232471104297,(2, 1) => 0.0,(2, 5) => 0.05996300153254191,(1, 7) => 0.08838600046702111,(1, 4) => 0.13785612516104523,(1, 3) => 0.0806938953095372,(2, 4) => 0.08838600046702108,(1, 1) => 0.0,(1, 2) => 0.04536415016054228,(2, 7) => 0.09128661749873818,(1, 5) => 0.2463263216382235)],"gamma_surprise" => [0.004336552046615559, 0.004336552046615559, 0.004336552046615559, 0.004336552046615559, 0.004336552046615559, 0.004336552046615559, 0.004336552046615559, 0.0033569317621218275, 0.0034611818328487485, 0.0033569317621218275, 0.0033569317621218275, 0.004336552046615559, 0.004336552046615559, 0.0027861668771766786, 0.002837508608517909, 0.00340825979717903, 0.004336552046615559, 0.002441949373002832, 0.002811210954682266, 0.0024124888571078833, 0.002167520246208797, 0.0024267701281497486, 0.002148845371999724, 0.0019655696453379687, 0.005213931642211745, 0.0033569317621218275, 0.0033569317621218275, 0.0027861668771766786, 0.0033569317621218275, 0.004003457417253297, 0.00281811030082648, 0.00281811030082648, 0.0024124888571078833, 0.0027861668771766786, 0.002342433951491862, 0.0033569317621218275, 0.004336552046615559, 0.004336552046615559, 0.00500135059790562, 0.002148845371999724, 0.002430734203607114, 0.0019528720692374697, 0.005650386359903898, 0.0019528720692374697, 0.002519576323337103, 0.002119513504329727, 0.002430734203607114, 0.005665261977492279, 0.0018820622719746517, 0.0019479087853130487, 0.0018014786125220737, 0.0033569317621218275, 0.0033569317621218275, 0.002240191741627144, 0.0018116819132155074, 0.0021603728686500397, 0.004336552046615557, 0.0017518384618013699, 0.0017008914710260907, 0.0027861668771766786, 0.005211488398554126, 0.0027861668771766786, 0.0016532708509445068, 0.0016090089616757495, 0.0024124888571078833, 0.002252901760890411, 0.0054339890468448875, 0.0015642155381460604, 0.001531567485470279, 0.002148845371999724, 0.002032511935642228, 0.00146540634549455, 0.005444056649283085, 0.0019426546442822662, 0.002041120316171841, 0.0020411201861660097, 0.0036911444693200047, 0.0027861668771766786, 0.0024124888571078833, 0.0014893928647515254, 0.001408225547652891, 0.005665261977492279, 0.0014256290671623582, 0.0013616726925163257, 0.0021121390932237706, 0.0018782170659142293, 0.004329537153921044, 0.0013706320468751887, 0.0013172357419066443, 0.002148845371999724, 0.0013227041871509198, 0.0012778473708784795, 0.0035562064109120398, 0.001280560838881192, 0.0012426915748951573, 0.0019426546442822662, 0.001872071620415537, 0.0012111195574287497, 0.0020205592497933617, 0.004558250248090963, 0.001744398851618148, 0.001182608913979451, 0.0016810069795292926, 0.0012432116385598289, 0.001156734234192035, 0.006107377567308616, 0.0016403853218769466, 0.0011331455563380324, 0.0016403853218769457, 0.00500135059790562, 0.0015540122138859667, 0.0012098806175173014, 0.0011115523282914212, 0.004988563061051599, 0.0015540122138859667, 0.0010917112982211697, 0.0019528720692374697, 0.0011799510473150035, 0.0010734172545192242, 0.004662664331280307, 0.0011529265091339174, 0.0010564958615185915, 0.0018765968780835376, 0.0035203356536485843, 0.0017595797802320086, 0.0029155500326231917, 0.006982239501876732, 0.0010407980571883156, 0.0018014786125220737, 0.0011284028707964269, 0.010491365255601392, 0.0011060477597787857, 0.0010462687864652691, 0.0017154775018685924, 0.002519576323337103, 0.005471124297688952, 0.0010319417671711556, 0.0016810069795292926, 0.0010855852895290635, 0.0010185494406040627, 0.004460734573274318, 0.0010060031574116346, 0.0015828614182525538, 0.0010667845327462448, 0.0009942251439633298, 0.0017270647482586043, 0.002240191741627144, 0.003905745946304187, 0.0009831468829147184, 0.0016917738671444874, 0.002032511935642228, 0.0035140475293830107, 0.0009727077749730348, 0.0016612821166665788, 0.001872071620415537, 0.0032228139863755114, 0.0009628540264628474, 0.0016346721351574423, 0.001744398851618148, 0.003820292914534625, 0.0010494507100562245, 0.0009535377194309923, 0.0015741663254946075, 0.0016403853218769466, 0.004652980620620285, 0.0010334183751567532, 0.000944716030255475, 0.0015554777032700596, 0.0015540122138859667, 0.0032091441820189695, 0.0009363505697914716, 0.0015013619644094055, 0.0010185460873314018, 0.0009284068235454938, 0.0015387859547502478, 0.0014811426735735554, 0.006549100172117212, 0.0014923469511653488, 0.001418839575272249, 0.0019345261735326175, 0.004988563061051599, 0.0013649600062770205, 0.0014503891313422741, 0.0013179038164225093, 0.003135059080712164, 0.0009208536746140303],"final_PolicyParameters" => Dict{Int64,Any}(1 => [0.0 0.0; 2.1447799505971847 0.4358632089646838; 2.3650887459120002 1.0856426007749702; 1.3775434283912198 2.191218355092376; 1.1486140530611975 2.277026497521207; 2.0075108071827743 3.363820507218516; 2.547031919439418 2.6150725954098517]),"particlefilterseeds" => [1, 2, 3])