DateTime of fitting: 2020-02-09T16:05:01.105
DATA_STATS
nr_subjects: 1
all_subject_ids: [2]
nr_puzzles: 1
nr_episodes: 57
nr_actions: 174
max_state_id: 7
max_action_id: 2
SUBJECT_SIGNALS
subject_id: 2
algorithm_name: Forward Learner
param_string: eta=0.11, gamma=0.9818,
                temp=0.0101,
                initTsas=nothing, initR=nothing
param_vector: [0.10995713219796255, 0.9817599889990302, 0.010096362650155299]
LL: -83.465
RPE
Float64[]
SPE
[0.857, 0.857, 0.857, 0.857, 0.857, 0.857, 0.763, 0.763, 0.763, 0.679, 0.679, 0.763, 0.604, 0.604, 0.763, 0.763, 0.857, 0.857, 0.679, 0.679, 0.763, 0.763, 0.899, 0.679, 0.679, 0.604, 0.679, 0.91, 0.538, 0.679, 0.589, 0.91, 0.857, 0.589, 0.604, 0.524, 0.524, 0.899, 0.466, 0.538, 0.466, 0.415, 0.648, 0.763, 0.369, 0.604, 0.866, 0.857, 0.604, 0.538, 0.771, 0.763, 0.679, 0.329, 0.648, 0.887, 0.577, 0.479, 0.513, 0.426, 0.479, 0.537, 0.293, 0.859, 0.26, 0.426, 0.857, 0.92, 0.517, 0.379, 0.479, 0.721, 0.338, 0.46, 0.3, 0.814, 0.232, 0.426, 0.763, 0.937, 0.604, 0.206, 0.623, 0.91, 0.267, 0.474, 0.238, 0.944, 0.379, 0.535, 0.184, 0.755, 0.163, 0.486, 0.212, 0.708, 0.145, 0.495, 0.189, 0.671, 0.129, 0.502, 0.168, 0.852, 0.538, 0.447, 0.149, 0.681, 0.115, 0.555, 0.479, 0.606, 0.103, 0.562, 0.476, 0.091, 0.873, 0.523, 0.133, 0.555, 0.972, 0.494, 0.487, 0.081, 0.944, 0.072, 0.494, 0.589, 0.064, 0.95, 0.524, 0.057, 0.44, 0.679, 0.865, 0.466, 0.051, 0.465, 0.118, 0.635, 0.045, 0.439, 0.426, 0.858, 0.04, 0.459, 0.434, 0.036, 0.533, 0.8, 0.105, 0.408, 0.453, 0.032, 0.889, 0.479, 0.094, 0.426, 0.083, 0.886, 0.379, 0.074, 0.337, 0.066, 0.727, 0.028, 0.474, 0.404, 0.025, 0.838, 0.415, 0.023, 0.377, 0.0]
action_selection_prob
[0.5, 0.5, 0.5, 0.5, 0.5, 0.559, 0.493, 0.737, 0.509, 0.508, 0.857, 0.455, 0.548, 0.915, 0.514, 0.45, 0.567, 0.497, 0.479, 0.404, 0.545, 0.682, 0.447, 0.8, 0.582, 0.868, 0.386, 0.547, 0.904, 0.518, 0.553, 0.894, 0.604, 0.852, 0.482, 0.557, 0.893, 0.645, 0.919, 0.478, 0.612, 0.932, 0.531, 0.637, 0.943, 0.366, 0.656, 0.106, 0.335, 0.345, 0.646, 0.093, 0.689, 0.949, 0.672, 0.086, 0.673, 0.922, 0.691, 0.937, 0.289, 0.652, 0.945, 0.712, 0.95, 0.275, 0.328, 0.508, 0.735, 0.937, 0.513, 0.723, 0.946, 0.758, 0.952, 0.77, 0.944, 0.495, 0.272, 0.479, 0.673, 0.946, 0.546, 0.697, 0.95, 0.777, 0.954, 0.472, 0.216, 0.772, 0.944, 0.787, 0.947, 0.792, 0.953, 0.798, 0.947, 0.801, 0.954, 0.806, 0.947, 0.809, 0.955, 0.466, 0.312, 0.812, 0.957, 0.816, 0.945, 0.552, 0.302, 0.818, 0.947, 0.471, 0.787, 0.948, 0.468, 0.817, 0.956, 0.465, 0.793, 0.421, 0.736, 0.951, 0.155, 0.952, 0.576, 0.709, 0.953, 0.186, 0.725, 0.953, 0.428, 0.25, 0.42, 0.739, 0.953, 0.82, 0.953, 0.822, 0.952, 0.59, 0.252, 0.175, 0.952, 0.424, 0.787, 0.953, 0.21, 0.797, 0.953, 0.43, 0.801, 0.952, 0.433, 0.798, 0.954, 0.799, 0.955, 0.565, 0.801, 0.956, 0.803, 0.957, 0.805, 0.95, 0.194, 0.809, 0.95, 0.445, 0.75, 0.95, 0.811, 0.0]
results_dict
Dict{String,Any}("QSA_record" => [0.0, 0.0, 0.0, 0.0, 0.0, 0.8982950809010644, 0.9002064139300985, 0.9126075360782436, 0.9085560042176024, 0.9116972070323175, 0.9303411110124338, 0.9138179625864147, 0.9191946607357584, 0.9422437699325706, 0.9199145107417747, 0.9208390617236227, 0.9244799466993742, 0.9248490087243375, 0.9232592787497563, 0.9236696782661616, 0.9277961993708651, 0.9369435922018408, 0.9258995102177169, 0.945722343390466, 0.9341237062909205, 0.9539853011038559, 0.9339374467945006, 0.9402670409493559, 0.9617425085769558, 0.9379089335556744, 0.9438403681324438, 0.9636146369261399, 0.941879790288354, 0.9590040345448545, 0.9377092523475564, 0.9447981388317814, 0.9642508987940828, 0.946143014587414, 0.9690986499622314, 0.9417889659247684, 0.9516569952124073, 0.9739066841816274, 0.9450107572217256, 0.9503355570221194, 0.9776281526010807, 0.9472881800574628, 0.9575425483821935, 0.951304023797939, 0.9469365298836513, 0.9472704029680896, 0.9576184683876056, 0.9498898585879485, 0.9539054195600264, 0.9809651847655897, 0.9545817139046979, 0.949726062589323, 0.9552730749355479, 0.9738035072098499, 0.9569498898890667, 0.9772024457141572, 0.9502146935750477, 0.961999656384828, 0.9845342233508674, 0.9605003809899565, 0.9865218846028039, 0.9524929793226364, 0.9579881972354529, 0.953900691572063, 0.9626948199302223, 0.9814989031838273, 0.954138525564046, 0.9661735031432338, 0.9838405763755597, 0.9652103637099481, 0.9858416527646616, 0.9667546627998018, 0.9889433238870915, 0.956069685032136, 0.9588390707533192, 0.9557223254615081, 0.9646577933221789, 0.9904140053087436, 0.9573801158183005, 0.9663788635654589, 0.988172716010901, 0.9694514566558858, 0.9896250777517359, 0.956711711637452, 0.9576610000116677, 0.9709272905852083, 0.9919131585777637, 0.9710199410168274, 0.992877465209121, 0.9718385030426204, 0.9911731007680757, 0.9726269792896888, 0.9938153477243785, 0.9733594153213905, 0.9923390906029361, 0.9739999533685477, 0.9946161927841962, 0.9746134658803882, 0.9933279335045297, 0.9597112391742608, 0.9629336779570262, 0.975198126601322, 0.9941285981648369, 0.9756792128678827, 0.9953384974797942, 0.9617374811979116, 0.9630689819745719, 0.9761135058071368, 0.9958746538544709, 0.9598363134005844, 0.9752856373365915, 0.9963530695685245, 0.9599939068400494, 0.9767558219345603, 0.9949149554591435, 0.9601004301470177, 0.9760957020505254, 0.9581782399768997, 0.9724185208604137, 0.9967442659290099, 0.9600332054456275, 0.9971195075253483, 0.9614951749150269, 0.9722959686618357, 0.9974436851521766, 0.9625138124504417, 0.9732834443332317, 0.9977520929583308, 0.9589958981336143, 0.962860988085835, 0.9587258912744815, 0.9742591907295548, 0.9980243597205168, 0.977732450956309, 0.9955819190471393, 0.9779926798779222, 0.9982675403116013, 0.9627950832453004, 0.9643741392952428, 0.9626757934544738, 0.9984615572102524, 0.9591688144546732, 0.9745390764574744, 0.998634068019661, 0.9651196933648399, 0.9753203176175628, 0.9961282615963647, 0.959721676852735, 0.9757686079913512, 0.9987977134481036, 0.9599753305804256, 0.9788098022196736, 0.9965933340009021, 0.9789788003472747, 0.9969786341886334, 0.9629358570847785, 0.9791807020917761, 0.9973197589475583, 0.9793651942604535, 0.997621456539043, 0.9795595759037032, 0.9989471707040836, 0.9653494417628224, 0.976868842518775, 0.9990656713385812, 0.9609381263346612, 0.9763257583812399, 0.9991714779217832, 0.9798291731412572, 0.0],"final_Tsas" => Dict{Int64,Any}(1 => [0.14285714285714285 0.14285714285714285; 0.9799176131545254 0.14285714285714285; 0.9411827829985457 0.10072441023779738; 0.06320892885363298 0.050072615798689865; 0.10072441023779738 0.013903381765153685; 0.031422734588988324 0.004337402165615875; 0.039666339841465274 0.013903381765153685]

[0.14285714285714285 0.14285714285714285; 0.0027219076711270376 0.14285714285714285; 0.009802869500242358 0.10072441023779738; 0.06320892885363298 0.6305614435416387; 0.10072441023779738 0.6407626275032301; 0.18753103111590375 0.314054721792264; 0.039666339841465274 0.013903381765153685]

[0.14285714285714285 0.14285714285714285; 0.0027219076711270376 0.14285714285714285; 0.009802869500242358 0.10072441023779738; 0.06320892885363298 0.11907547746491189; 0.10072441023779738 0.22830495878704993; 0.031422734588988324 0.6642582673796567; 0.08831824766381899 0.013903381765153685]

[0.14285714285714285 0.14285714285714285; 0.006472848489839406 0.14285714285714285; 0.009802869500242358 0.2856964063752531; 0.06320892885363298 0.050072615798689865; 0.10072441023779738 0.013903381765153685; 0.10895030563354342 0.004337402165615875; 0.5419774160469406 0.2543404766368275]

[0.14285714285714285 0.14285714285714285; 0.0027219076711270376 0.14285714285714285; 0.009802869500242358 0.10072441023779738; 0.06320892885363298 0.050072615798689865; 0.10072441023779738 0.013903381765153685; 0.5778277248945995 0.004337402165615875; 0.039666339841465274 0.5044425908820924]

[0.14285714285714285 0.14285714285714285; 0.0027219076711270376 0.14285714285714285; 0.009802869500242358 0.21068154243575993; 0.6207464268782021 0.050072615798689865; 0.10072441023779738 0.013903381765153685; 0.031422734588988324 0.004337402165615875; 0.21103897692337936 0.18560340542046525]

[0.14285714285714285 0.14285714285714285; 0.0027219076711270376 0.14285714285714285; 0.009802869500242358 0.10072441023779738; 0.06320892885363298 0.050072615798689865; 0.39565353857321567 0.07531888664910522; 0.031422734588988324 0.004337402165615875; 0.039666339841465274 0.013903381765153685]),"final_Reward" => Dict{Int64,Any}(1 => [1.0, 0.0, 0.0, 0.0, 0.0, 0.0, 0.0]),"final_Qsa" => [0.0 0.0; 0.9992680301651209 0.9696320867962017; 0.9979161511690792 0.9668431861280671; 0.9653531680840449 0.9769508872130641; 0.9626484882996068 0.9774913273901907; 0.9651521738053134 0.979819224281987; 0.9635316934054685 0.960897443003288])
POPULATION_SIGNALS
subject_id: 2
algorithm_name: Forward Learner
param_string: eta=0.1692, gamma=0.9856,
                temp=0.0118,
                initTsas=nothing, initR=nothing
param_vector: [0.16921432907904174, 0.9855564353951695, 0.011831814925089175]
LL: -85.459
RPE
Float64[]
SPE
[0.857, 0.857, 0.857, 0.857, 0.857, 0.857, 0.712, 0.712, 0.712, 0.592, 0.592, 0.712, 0.491, 0.491, 0.712, 0.712, 0.857, 0.857, 0.592, 0.592, 0.712, 0.712, 0.918, 0.592, 0.592, 0.491, 0.592, 0.932, 0.408, 0.592, 0.508, 0.932, 0.857, 0.508, 0.491, 0.422, 0.422, 0.918, 0.351, 0.408, 0.351, 0.292, 0.578, 0.712, 0.242, 0.491, 0.871, 0.857, 0.491, 0.408, 0.723, 0.712, 0.592, 0.201, 0.578, 0.901, 0.48, 0.339, 0.399, 0.282, 0.339, 0.511, 0.167, 0.864, 0.139, 0.282, 0.857, 0.943, 0.444, 0.234, 0.339, 0.668, 0.195, 0.369, 0.162, 0.805, 0.115, 0.282, 0.712, 0.961, 0.491, 0.096, 0.568, 0.932, 0.134, 0.424, 0.112, 0.968, 0.234, 0.522, 0.08, 0.725, 0.066, 0.462, 0.093, 0.67, 0.055, 0.488, 0.077, 0.631, 0.046, 0.506, 0.064, 0.832, 0.408, 0.42, 0.053, 0.672, 0.038, 0.472, 0.339, 0.558, 0.032, 0.561, 0.434, 0.026, 0.865, 0.551, 0.044, 0.556, 0.989, 0.462, 0.468, 0.022, 0.968, 0.018, 0.392, 0.508, 0.015, 0.973, 0.422, 0.012, 0.384, 0.592, 0.878, 0.351, 0.01, 0.458, 0.037, 0.63, 0.009, 0.326, 0.282, 0.837, 0.007, 0.434, 0.389, 0.006, 0.538, 0.824, 0.03, 0.361, 0.438, 0.005, 0.907, 0.485, 0.025, 0.403, 0.021, 0.897, 0.335, 0.017, 0.278, 0.015, 0.773, 0.004, 0.447, 0.364, 0.003, 0.845, 0.292, 0.003, 0.361, 0.0]
action_selection_prob
[0.5, 0.5, 0.5, 0.5, 0.5, 0.568, 0.506, 0.749, 0.516, 0.542, 0.848, 0.463, 0.6, 0.894, 0.487, 0.447, 0.545, 0.498, 0.459, 0.399, 0.531, 0.666, 0.43, 0.768, 0.588, 0.826, 0.371, 0.576, 0.855, 0.511, 0.583, 0.843, 0.585, 0.781, 0.475, 0.575, 0.826, 0.65, 0.854, 0.482, 0.618, 0.867, 0.519, 0.625, 0.879, 0.366, 0.648, 0.163, 0.346, 0.351, 0.64, 0.142, 0.674, 0.886, 0.661, 0.136, 0.665, 0.875, 0.679, 0.888, 0.306, 0.639, 0.876, 0.693, 0.881, 0.297, 0.352, 0.508, 0.709, 0.887, 0.508, 0.706, 0.894, 0.724, 0.9, 0.731, 0.873, 0.495, 0.292, 0.486, 0.652, 0.876, 0.536, 0.672, 0.896, 0.734, 0.898, 0.479, 0.262, 0.752, 0.872, 0.74, 0.875, 0.743, 0.897, 0.745, 0.874, 0.747, 0.898, 0.749, 0.874, 0.75, 0.898, 0.477, 0.331, 0.751, 0.9, 0.753, 0.873, 0.536, 0.323, 0.754, 0.875, 0.481, 0.761, 0.876, 0.482, 0.753, 0.899, 0.482, 0.763, 0.433, 0.694, 0.882, 0.203, 0.881, 0.562, 0.684, 0.883, 0.245, 0.696, 0.882, 0.438, 0.292, 0.432, 0.706, 0.881, 0.76, 0.897, 0.76, 0.879, 0.569, 0.288, 0.238, 0.88, 0.439, 0.745, 0.88, 0.283, 0.757, 0.897, 0.45, 0.764, 0.878, 0.454, 0.726, 0.897, 0.726, 0.898, 0.54, 0.727, 0.898, 0.727, 0.899, 0.728, 0.876, 0.272, 0.772, 0.876, 0.467, 0.715, 0.876, 0.737, 0.0]
results_dict
Dict{String,Any}("QSA_record" => [0.0, 0.0, 0.0, 0.0, 0.0, 0.9158520126656137, 0.919089667950096, 0.9340007796606988, 0.9295130072258162, 0.9348036052611582, 0.9542098243234811, 0.9360389573915548, 0.9443212126147086, 0.9658383728708122, 0.9418317078704299, 0.9428211548279152, 0.9470438120984095, 0.9474034438971954, 0.9450338023965821, 0.9452649873838632, 0.9502127299455438, 0.9596656787976459, 0.9471452177021991, 0.9679864960827812, 0.9569695364822562, 0.9750167254702289, 0.9551829843134615, 0.9629685591105084, 0.9808341284724506, 0.9581869252150907, 0.9657121309748442, 0.9818694517060733, 0.9613874671962773, 0.97552357864207, 0.9566529098184985, 0.9649657341721937, 0.9800867082561717, 0.9662452202023978, 0.9840237703674102, 0.9603012035397251, 0.9707151997704999, 0.9874832942673758, 0.9627384983613615, 0.9679937109556531, 0.9899797879202995, 0.9644970918144379, 0.9749693045760128, 0.9679210232592919, 0.963411392921889, 0.9641068966272704, 0.9747242291273367, 0.966054253972865, 0.9709265024380587, 0.9920777644117353, 0.9720006994493129, 0.9657243335925861, 0.9725172372652309, 0.9877441395175831, 0.9740059777873669, 0.9900725745026713, 0.9660552063778561, 0.9774923037595672, 0.9940058768223269, 0.9762840960639664, 0.995107654911668, 0.9672723675504701, 0.9720177339325672, 0.9682694189652431, 0.9775928461656798, 0.9923610279697314, 0.9682554075187748, 0.9797747335118567, 0.9937593134677978, 0.9792489585786504, 0.9948855559343224, 0.9801623869768604, 0.9961705354876226, 0.9691329755930383, 0.9706216211264505, 0.9688083842719643, 0.9774816907569435, 0.9968738510085707, 0.9701093390937948, 0.9788408437849467, 0.9959450144491655, 0.9814774192667803, 0.9966770386119375, 0.9690475730808265, 0.9697910999714214, 0.9821102981388514, 0.9975260014224979, 0.9821904334812636, 0.9979592689181805, 0.98258527540311, 0.9973178202128099, 0.9829346050127592, 0.9983291809556541, 0.9832480684587546, 0.9978047128632831, 0.9835014508185388, 0.9986284894047307, 0.9837443394749316, 0.9981978217090683, 0.9703017504016602, 0.9726978896543168, 0.9839395954887205, 0.9985111096718323, 0.9841275078875308, 0.9988759551732677, 0.9716393826019097, 0.9724790217774745, 0.9842686075259404, 0.9990667499931011, 0.9700093442850888, 0.9838567831482541, 0.9992271415194739, 0.9701170291576637, 0.9844913535906844, 0.9987758841229057, 0.9702150711456549, 0.984173851115294, 0.9677408031690632, 0.9795032454339658, 0.9993471002311397, 0.9684391027005481, 0.9994605094731245, 0.9708824902990176, 0.9813215603006421, 0.9995517232954045, 0.9713625713502494, 0.9820382063432164, 0.9996323570035605, 0.9682198803757938, 0.9701973204544594, 0.9679414750993243, 0.9826639070475238, 0.9996981554193025, 0.9847467538643462, 0.9989819278667363, 0.9848201961153615, 0.9997520310317773, 0.9716138038456437, 0.9725396905034797, 0.971166922187113, 0.9997938601684195, 0.968283998009297, 0.9808108740725319, 0.9998288621715782, 0.9739728156200085, 0.9816180712075295, 0.999160186254622, 0.9689114450369578, 0.9821998219085295, 0.9998589909429579, 0.9691615482524999, 0.9850474909049265, 0.9993089544086855, 0.98508714066062, 0.9994266660793317, 0.9713945750340068, 0.9851357129934314, 0.9995240992545984, 0.9851846004184609, 0.9996050348286589, 0.9852326949241825, 0.9998836087502516, 0.9736030357173725, 0.982878497427915, 0.999903373231932, 0.9698411331505981, 0.9834829054790359, 0.9999199151237228, 0.98528836351766, 0.0],"final_Tsas" => Dict{Int64,Any}(1 => [0.14285714285714285 0.14285714285714285; 0.9976480560709999 0.14285714285714285; 0.9879413094594691 0.0819160405145035; 0.03902338527006356 0.02693412903566817; 0.0819160405145035 0.0035049506510951914; 0.012830953347731586 0.0005489994146182081; 0.018590065979399887 0.0035049506510951914]

[0.14285714285714285 0.14285714285714285; 0.0002615338282359064 0.14285714285714285; 0.0020097817567551438 0.0819160405145035; 0.03902338527006356 0.7577844453406443; 0.0819160405145035 0.697791071168147; 0.2102342811991404 0.2973323474698268; 0.018590065979399887 0.0035049506510951914]

[0.14285714285714285 0.14285714285714285; 0.0002615338282359064 0.14285714285714285; 0.0020097817567551438 0.0819160405145035; 0.03902338527006356 0.10754490948101486; 0.0819160405145035 0.2177138942606275; 0.012830953347731586 0.6999226554570821; 0.06481327767746727 0.0035049506510951914]

[0.14285714285714285 0.14285714285714285; 0.0010442747878205553 0.14285714285714285; 0.0020097817567551438 0.3392894278339372; 0.03902338527006356 0.02693412903566817; 0.0819160405145035 0.0035049506510951914; 0.10986052820304476 0.0005489994146182081; 0.6060517820307422 0.29812886717667236]

[0.14285714285714285 0.14285714285714285; 0.0002615338282359064 0.14285714285714285; 0.0020097817567551438 0.0819160405145035; 0.03902338527006356 0.02693412903566817; 0.0819160405145035 0.0035049506510951914; 0.6285813772068883 0.0005489994146182081; 0.018590065979399887 0.4833440189161048]

[0.14285714285714285 0.14285714285714285; 0.0002615338282359064 0.14285714285714285; 0.0020097817567551438 0.2511303695935453; 0.7658596883796185 0.02693412903566817; 0.0819160405145035 0.0035049506510951914; 0.012830953347731586 0.0005489994146182081; 0.25477467637419104 0.20450731130284194]

[0.14285714285714285 0.14285714285714285; 0.0002615338282359064 0.14285714285714285; 0.0020097817567551438 0.0819160405145035; 0.03902338527006356 0.02693412903566817; 0.508503756912979 0.07047523196684459; 0.012830953347731586 0.0005489994146182081; 0.018590065979399887 0.0035049506510951914]),"final_Reward" => Dict{Int64,Any}(1 => [1.0, 0.0, 0.0, 0.0, 0.0, 0.0, 0.0]),"final_Qsa" => [0.0 0.0; 0.9999339090733633 0.9768818973984262; 0.9996747636139839 0.9740312010688434; 0.9726483652194041 0.9838475077420099; 0.9686570641195158 0.9833575446329254; 0.973120287782892 0.9852795934635287; 0.9716342733391119 0.9698669560466541])